0,0.032708151279451196,0.33817938834428785,2,200
1,0.27092549209257577,1.2490601615300254,2,189
2,0.574683267282741,0.32364100217819214,2,28,1.0509072382899498,1.4794818592625996,2,200
3,0.8703086003485822,1.1588922316829364,2,96
4,1.1161479428165222,1.2813796699047089,2,32
5,0.10092180358316785,0.865801275074482,2,200
6,0.6590245791590733,1.0832488250732422,2,200
7,0.3139811353071514,0.40506925340741873,2,32,0.9038679369106866,1.1462161938349407,2,86,0.21904774896809712,0.42422900649539214,2,200
8,0.08969464112009119,1.0395596313476563,2,200
9,0.19666036008292265,0.3299212284386158,2,40,1.162307450087701,1.4653747990727424,2,120,0.39475177974414294,0.2445867824203828,2,137,1.4448443169352594,1.530334478332883,2,200
10,0.8074710625208052,0.9783216256361741,2,91,0.7041001764525512,0.20504016395008892,2,200
11,0.23086288363181226,0.780692714591359,2,43
12,0.030121997553716428,0.49603025063872336,2,200
13,0.27665967887604537,0.9680750767389933,2,27
14,0.5938767630470035,0.37414122104644776,2,200
15,0.41916962588911344,0.9069661590456962,2,200
16,0.0721023298951245,0.6709662720561027,2,200
17,0.10263037704949934,0.6585249179601669,2,200
18,0.0853525904796696,0.6238187855482101,2,200
19,0.11798895992925607,0.8093691501021385,2,200
20,0.5080011784460094,0.16549778006970883,2,200
21,0.036210942464318156,0.08557289011776448,2,200
22,0.5306307838978048,1.2434670896757216,2,42
23,0.7879033516022415,0.7375600722432136,2,200
24,0.6654836492124719,0.9507759553194046,2,200
25,0.12750099379564803,1.097320820604052,2,42
26,0.11795411322524352,1.0217686692873638,2,24
27,0.5282250136492589,1.0362808212637902,2,200
28,0.43409340952734166,0.8354119357466697,2,200
29,0.015241516019760894,0.03807866111397743,2,200
30,0.13158076151170048,0.579294884800911,2,200
31,0.2548212563360109,0.7591012540459633,2,200
32,0.5255192701583499,0.3141539618372917,2,200
33,0.8581731310811357,1.1350693740342792,2,95
34,1.01058393614564,1.2342713996767998,2,32
35,0.5160642877907425,0.9169713398814201,2,200
