0,0.14543156083421113,0.3852099442481995,2,25,0.49609459319824484,1.1409633657229798,2,137
1,0.3822592228814457,0.690003941655159,2,200
2,0.136461825449964,0.7995911820294106,2,73,0.9352764673309554,1.0201505018970158,2,200
3,0.20809517614264106,1.148984091622489,2,28,1.088214182843339,1.2183246745003595,2,109
4,0.982604801363332,1.234582366662867,2,85
5,0.6138046002381856,0.9056888762116432,2,200
6,0.03601351339882277,0.6560411620140075,2,200
7,0.3549531127320806,0.8288139510154724,2,25
8,0.41950785948008673,1.1364950771489855,2,181
9,0.5213475534386508,0.9095456138253212,2,200
10,0.179376725103144,0.9459752973757292,2,133
11,0.1566736274996396,0.9195886339460101,2,35
12,0.6842915741994525,0.8153368271887302,2,64
13,0.17322836285833945,1.022819185256958,2,200
14,0.16447284229350492,1.2112978768348694,2,200
15,0.13224078730754293,0.8476300290226937,2,200
16,0.4983681887634042,1.0270123341679573,2,200
17,0.07108830740076133,0.48976354757624285,2,124,0.8502260952774991,1.1747462122063888,2,200
18,0.5477504889157802,0.25024043656885625,2,200
19,0.3298819538098535,0.4308110201358795,2,200
20,0.13716459412991996,0.576814159154892,2,200
21,0.139168959148534,0.6448676159977913,2,200
22,0.14388690911129057,0.9071021202206612,2,200
23,0.7835414209134784,1.0800910323858262,2,200
24,0.3076306852182801,0.7134736543893814,2,200
25,0.4804335353264988,1.1136394557306322,2,177
26,0.3370172399897763,0.3463104045391083,2,200
27,0.3817264206866257,0.8607595028548405,2,29
28,0.3666069355967407,0.8164216403691273,2,53
29,0.3804590105236978,0.7293518334627151,2,20
30,0.5823015360708537,1.3195704573392868,2,200
31,0.18568550144563387,0.7684616845846176,2,200
32,0.21521432876827684,0.9971829091801363,2,34,1.1313164503325066,1.2853399642308554,2,109
33,0.559442979295459,1.1188102757388896,2,88
34,0.8244534825223978,1.3803754063213574,2,51
35,0.8113318146538528,1.237528681755066,2,21
36,0.775887837671714,1.5093530047507513,2,42
37,0.4931846377003839,0.8992458206415176,2,200
38,0.3210885317968929,0.9681854742765427,2,200
39,0.06028396339879424,0.5308242601156234,2,200
40,0.5484199639981898,1.3042113300826814,2,72
41,0.5509486225225388,1.0749604737758636,2,200
42,0.4419323423281039,0.3026555573940277,2,75,0.905769673999835,1.0536639213562011,2,200
43,0.6557848913666765,1.202033314704895,2,200
44,0.6659962035783371,0.933505901319538,2,167
45,0.06102322884223774,0.268721641600132,2,200
46,0.38822510399805393,0.6940402819050683,2,72
47,1.5139625255488216,1.2274127494205127,2,22
48,0.30496463406521335,0.15278260196958268,2,21,0.6326097583811966,1.2142810489820397,2,136
