0,0.4221327251779895,0.7978360840678215,2,200
1,0.08871317682554104,0.7405920004844666,2,200
2,0.4195066899039651,0.6002739310264588,2,200
3,0.5026803017014299,1.020206965971738,2,64,0.038436914732886095,0.0669008815804353,2,168,1.2945649826569088,1.1663930043578148,2,200
4,0.468878902765338,0.7589964181184768,2,200
5,1.1592718082491325,0.9861213538957678,2,92
6,0.562527044044592,0.8819095272766916,2,38
7,0.7139065855041836,0.6490774908486534,2,34
8,0.3108162844701374,0.10035661092171302,2,52,0.6790014947093304,1.0761136097066544,2,69
9,1.0496970413779236,1.0220599834735578,2,130
10,0.05201100347996154,0.5338869182765484,2,200
11,0.15305724616111732,1.1250830401073804,2,22
12,0.2351405067049768,1.0630171445699839,2,65
13,0.44325015241184923,0.27349118065478195,2,67,0.8082530944013525,1.1229445253099715,2,102,0.5325026740876043,0.1593073444707053,2,137,0.9395759324227747,1.2502011145864214,2,200
14,0.6636712634808554,0.70385074198246,2,200
15,0.0727243203057452,0.512071985118794,2,53,0.8620440457548576,0.9921097829937935,2,69
16,1.0705102197991017,1.0090633850831252,2,130
17,0.04806908355839503,0.5735271345078945,2,200
18,0.21388257533432523,0.3503786813881662,2,36
19,0.2212561066346524,0.252671977058053,2,200
20,0.07680467568907476,0.8450624164938927,2,200
21,0.2772897251433455,0.8038293582201004,2,200
22,0.20962435062668533,0.9616222330927848,2,200
23,0.11328563927975371,1.3054219694204734,2,142
24,0.1793122163856838,1.4405351408890315,2,28
25,0.057904854129265375,0.3938083052635193,2,200
26,0.295240755007702,0.6115498787164688,2,200
27,0.13724766206619016,0.6004441380500793,2,200
28,0.24118117451896512,0.9117358496785164,2,200
29,0.35606900902048366,0.9348261159658432,2,200
30,0.38516174905578177,0.7109373959898949,2,200
31,0.3701210181823437,0.887254545222158,2,46
32,0.15858902248009354,0.6123363146185875,2,200
33,0.23173624078448588,1.0002759873867035,2,200
34,0.03957564098796874,0.7213893595337868,2,200
35,0.13481632573841723,0.4121457847952843,2,200
36,0.0208319323331339,0.2915098366886377,2,200
37,0.02186792429029267,0.5742061930894852,2,200
38,0.3920888460765299,0.8027439830678232,2,178
39,0.10302455325931098,0.9746069675683975,2,200
40,0.23751491803023334,0.7568818211555481,2,200
41,0.12487725542133288,0.3351184260100126,2,64,0.9381815774862615,1.1469523476229773,2,100,0.12681180888745683,0.34992294758558273,2,136,1.0472247003786406,1.2371857520192862,2,200
42,0.4919696420502845,0.4799527026712894,2,200
