0,0.04652098823138849,0.9910178977251053,2,200
1,0.22145546310300573,1.097026263795248,2,41
2,0.47211004360685477,1.0158132445812225,2,200
3,0.8470398871796725,1.0018568804860115,2,200
4,0.24251347440016216,0.8425146621465683,2,200
5,0.47274989166053677,0.6599768453174167,2,90
6,0.4173845780965322,0.7873671033552715,2,84
7,0.30345263757842955,0.5544239494108385,2,93,1.1532605883719491,1.2680079469056886,2,200
8,0.5358690167923785,1.0369327918077127,2,195
9,0.46792986998149055,1.1520397639274598,2,200
10,0.20270515148189497,0.39122282922267915,2,200
11,0.35379327044068737,0.586545683145523,2,200
12,0.17773399411881602,0.518511387705803,2,200
13,0.4746761565879729,1.1149734306335448,2,200
14,0.5222302308725564,0.6192968618869782,2,200
15,0.483716673763692,0.48142616257071497,2,200
16,0.8474904538923552,0.774046219587326,2,200
17,0.2088939900686278,0.9393711072206498,2,200
18,0.16429797881666197,0.17890360347926618,2,200
19,0.8068490573509844,0.9507377764582634,2,200
20,0.9790686639075165,1.2184821477457255,2,119
21,0.6124217234258185,1.095652762055397,2,200
22,0.2905556155074386,1.0941915741333594,2,52
23,0.39677530112080167,0.8947051664193472,2,24
24,0.6886686548214727,1.2108586353640403,2,186
25,0.5845514657675047,0.4972565993666649,2,200
26,0.2675878189749059,0.7312621280550957,2,200
27,0.752853808358553,0.7144019959701432,2,72
28,0.7283662839975662,0.7013735771179199,2,73
29,0.2280703730812926,0.6763397604227066,2,200
30,0.3575146158475179,0.5121729570627213,2,200
31,0.6974167103106382,1.114803433418274,2,12,0.019409339798355567,0.5065010754125459,2,40,0.6036704451108896,1.2075946768124899,2,70,0.02192461226227555,0.31125008147590016,2,119
32,0.06358353150781636,0.38413831785321234,2,200
33,0.5365486243127128,1.0778800815343856,2,200
34,0.252158263736462,0.3567637870869329,2,124,0.7214478810538035,1.3245001858786534,2,200
35,0.12731581227840447,0.22838255517184736,2,200
36,0.7521937124589442,1.13019879758358,2,200
37,0.5096390822994519,1.004148027896881,2,200
38,0.33214815016983174,0.9730901688337326,2,200
39,0.7056427066393735,1.3300545414288838,2,78,0.1596126341407584,1.1235486855272387,2,200
40,0.07407850131939919,0.7117848019850882,2,38,1.1019775529638642,0.9834380889761036,2,125,0.07178701788422148,0.8924401592124592,2,147,0.6450432946358116,0.9892024903927209,2,200
41,0.020837546509013923,0.7237002837657929,2,200
42,0.38508854847651247,0.4417793416976929,2,200
43,0.868741948505412,1.0070217841863631,2,200
