0,0.6306240430517953,1.3041637145079576,2,77
1,0.4685494565611476,0.4167137946933508,2,32
2,0.5455478701239506,0.2529923970500628,2,30
3,0.9914632861236007,1.1969364248216152,2,96
4,0.45172065035365383,1.0596432457951939,2,68
5,0.25570420707917907,0.6316502648591995,2,200
6,0.5097066143236229,0.7155463829636574,2,200
7,0.41904685748457127,0.43907273590564727,2,200
8,0.20018628201438532,0.3179196920990944,2,200
9,0.1703778861919901,0.4656325125694275,2,200
10,0.6089224755015599,0.8763512715697288,2,200
11,0.4287155934848103,0.5103461060084795,2,76,0.7811122433038312,1.3768725588041193,2,144
12,1.087741524610341,1.4245501732339665,2,49
13,0.4826729127392766,0.3908670946955681,2,200
14,0.5987352808945917,0.25128153491188104,2,71,0.8030116266192664,1.3979260890107406,2,147
15,1.202344321018625,1.4394753611817652,2,49
16,0.8082423789766702,0.9478796401194164,2,56
17,0.34060934879758414,0.9653485955261603,2,41
18,0.8008970071003806,1.0687082815170288,2,200
19,0.9676866411451226,1.4469754582359677,2,42
20,1.2607648524939736,1.1204981605211894,2,18,0.19250594747737185,0.22980573473216817,2,157
21,0.06250783012368258,0.5149823407828807,2,200
22,0.555361807513164,0.8913676673173905,2,200
23,0.16156080700008932,0.224269049971,2,46,0.9642276517731823,1.1631711759156995,2,200
24,0.0786348468754474,0.12494213551282883,2,200
25,0.49794690095899713,0.5141666036844253,2,200
26,0.598244346116024,0.8827633821964264,2,200
27,0.38636629422798224,0.8753141686320305,2,200
28,0.05594504737014039,0.2724212130904198,2,200
29,0.03293520631703747,0.11168569825589657,2,200
30,0.40444050147098776,0.842606612320604,2,58
31,0.3906197590360261,0.9002379913662755,2,43
32,0.2189188714583055,1.0967344456705554,2,29
33,0.19793328602437768,0.9164593922786224,2,39
34,1.2191787797349178,1.6405568664724177,2,33,0.194000678989445,0.41557845391076187,2,178
35,0.04908732713847188,0.6116155475378037,2,200
36,0.14723434467205102,0.047636562883853914,2,200
37,0.8580009652278814,1.648535664876302,2,30,0.5620483987842968,0.15736342956488197,2,178
38,0.4010469984456503,0.4252736513316631,2,200
39,0.5765145652749091,0.6836666876077652,2,200
40,1.2218838405770205,1.5805715322494507,2,23,0.619296728482116,0.6888524489860012,2,96
41,0.8250002733053179,1.1908697855623462,2,79
42,1.444485179087444,1.4429350626177904,2,41
43,0.4441781482514373,0.7404539304174436,2,157
44,0.7992409139134892,1.0427666570319505,2,61
45,0.4456912341037528,0.4373609857261181,2,200
46,0.5572955280937102,0.4725479978322983,2,200
