2,1.1748421679373813,0.4796770168202264,2,105,0.601208799681423,0.9009908702638414,2,132,1.2535434777847987,0.4745214168439832,2,189,0.1664018837843771,1.0697207071564414,2,200
132,1.1761735210002175,0.400990723669529,2,200
134,1.3722343164302657,0.3301906647533178,2,200
135,1.0446836062461695,0.1538916788995266,2,14,0.5767959697213166,1.0615110880923722,2,67,0.7472986470804728,0.7960827823947457,2,135
136,0.09822029440176952,0.30614407603130783,2,43,0.6953750476311722,0.9207929789203487,2,116,1.0471311882400904,0.3813873330752055,2,158,1.4623095513965116,1.5424862504005432,2,170,1.1533212018130108,0.5258193478502077,2,199
137,0.07018144726230309,1.1621734301249187,2,3,0.008896835777575211,1.0000497032614315,2,20
138,1.2038856533962792,0.3675416425007199,2,109,2.716923391098708,0.3626164470295437,2,170,0.17905137295755078,0.9955107967058817,2,173,6.947581073679996,0.35274790633808484,2,184,0.26456094840239164,0.5986193673951286,2,191,9.263884433720968,0.7253383927875094,2,200
139,0.7527444167940389,1.26828067779541,2,25
140,0.9733028189151147,0.6229810976400608,2,41
141,0.9162305483275933,0.4752912223339081,2,6,0.06833089529329489,0.382035655900836,2,22,0.672111816766799,0.982489250600338,2,54,1.156592374797065,0.17644707005470991,2,154,0.1676458298669788,0.7021892241069249,2,161,1.4404362474808292,0.10712609512190666,2,192,0.10425163680092184,0.8923080638051033,2,200
