1,0.49859305097658757,0.6555842730132017,2,22,0.8839002705356486,0.4390347942709923,2,32,1.2178046644558629,0.2251450706534325,2,189,0.5618617963818153,1.0216562206094915,2,200
142,0.00742959138772964,0.8944430947303772,2,20
143,1.1036733012708617,0.3223332424055446,2,44
144,0.6317653796417205,0.8705773621566536,2,129
145,1.1827889520659591,0.3769380626709838,2,38,0.37499067452811685,1.0410645604133606,2,49,1.1637384017040384,0.4084779497803442,2,200
147,0.5841034847777112,0.8932909744509151,2,89
149,1.1827889520659591,0.3769380626709838,2,38,0.37499067452811685,1.0410645604133606,2,49,1.1637384017040384,0.4084779497803442,2,200
150,0.7014572700886996,0.8203167455536978,2,70
155,0.5937036109825443,0.8596487683507631,2,106
156,0.7469275393060968,1.0982219091168157,2,54
