0,0.3131052697922029,0.8894079471788099,2,62,1.164263713699057,0.39945432867692865,2,131,0.6423616247496945,0.49861663579940796,2,138,0.2581081815625881,1.3337125033140182,2,146,0.5602135364646149,0.7232992053031921,2,199
103,1.0523832723278475,0.5588454570817319,2,152,0.47816599574689994,0.8177730292081833,2,172
104,0.797255204295498,0.8884974564275434,2,31,0.04629746844820126,1.6422381930881076,2,40,1.1106715053384901,0.7884068548679352,2,50,0.16355321170295103,0.6885675862431526,2,58,0.030205556148466425,0.3313536169854077,2,69,0.04584288094607247,0.9665286540985107,2,72,0.7731165793742476,1.0055613263975829,2,200
105,0.32290985538241074,1.1889519691467285,2,14,0.013200557063641273,1.0897566278775532,2,20
110,0.4881189005678143,0.9538563951640062,2,71,0.033857046628386775,0.2951698833041721,2,89,0.9435589120480679,1.2352939673832484,2,96,0.019943113215530408,0.17572982981801033,2,136,0.7891839293230389,0.9995632460340858,2,200
111,0.7564408964848862,1.0124214802469527,2,28,1.3269179327618397,0.19333494887236627,2,59,7.887870371034967,1.6331171739485957,2,90,3.1155113569360773,0.33306463887648924,2,104,8.033598111786766,1.0516730215814378,2,122,10.33065877096942,1.6568268425762653,2,154,5.631021353764414,0.19080991881049197,2,200
113,0.00742959138772964,0.8944430947303772,2,20
114,0.6937409535083678,0.5906343868485203,2,27,0.01861836073022141,0.15698357519728165,2,135,0.8577494288679016,0.6905753873288631,2,151,0.47217870314073984,0.2783129879019477,2,184,0.1986205411782082,0.21588304570468608,2,200
117,0.5844040693829139,1.1507096841283466,2,92
119,0.03603302806618823,1.3818942546844482,2,5,1.2159102878864674,0.878598506634052,2,18,1.7446741743687508,1.6013350941632922,2,56,1.3129514634579706,0.31556109032210183,2,73,0.02277061800942716,0.6347951022061434,2,84,1.8989374213134285,1.12954474308274,2,128,1.3805670768736706,0.16162269703683355,2,190,0.9879425409146522,1.251675009727478,2,200
