1,0.8436264046119412,1.014511689543724,2,4,0.013966547076068122,0.9652152322232723,2,20
133,0.7456643280718799,1.000861314364842,2,35
134,0.5434352415025406,1.053862402605456,2,43
135,0.3156816076205232,0.5999573270479838,2,3,0.03456067305352092,0.20676455477421934,2,47,0.8641575241400412,0.48571516000307524,2,60
136,0.42044241018703915,0.9797815130307124,2,26
141,0.785987311110014,0.8551226160565361,2,61
142,0.8454304541473974,1.2258735969662666,2,16,1.25842260237854,0.12465007578222347,2,30,0.05898360476674529,1.0801161924997966,2,39,0.7392183503147045,1.1533011372747093,2,97
144,0.2306463105203023,0.4246342453886481,2,34,0.9208944012370343,0.5264589969928448,2,47,0.12264966283295242,0.46307788164384905,2,78,0.6120963975430552,0.6635843057323385,2,132,1.041220763187279,0.28689188155389966,2,174,0.3725325946039487,1.1288185666004817,2,186,1.1957610815594193,0.5584952937705177,2,200
145,0.8507092577717816,0.8392326745901022,2,111
148,0.5368305162638515,0.42623280442279315,2,46,0.088841363884468,0.8171568296172402,2,57,0.7347655443669613,0.43560216948390007,2,65,0.09002434535009267,0.7824419438838959,2,77,0.8570794558771084,0.33519101994378225,2,98,0.17874106729895683,0.4981100956598918,2,116,0.03744799204933498,0.9923583354268756,2,123,0.6709278710614359,0.4741435170173645,2,128,0.04169673233463574,0.8590231917121194,2,139,1.1684690320667648,0.4655879378318787,2,144,0.10818046774709364,0.946811705827713,2,150,1.2505124395130345,0.4735010814666748,2,200
