96,0.7453141488389154,0.627805796953348,2,13,0.013875522194660489,0.8813609821455819,2,20
113,0.7689900646354003,1.1055192266191756,2,14,0.01544311587998016,1.1744850377241771,2,20
114,0.4650892698938265,0.9720826024810473,2,24
118,0.7430971701260726,0.7884712838908521,2,164
120,0.00742959138772964,0.8944430947303772,2,20
121,0.36912480870522113,1.4642064094543457,2,20,0.8019657009055635,1.4806567132472992,2,28,1.033171881086848,0.3184695384741105,2,82,0.022660298602938993,0.27287810459369566,2,123,1.0018095823704614,0.9023562322060267,2,135
122,1.215998525815702,0.15563736421366534,2,42,0.044901848990716337,0.16148599570288377,2,127,0.8301569169593009,0.4638207501007451,2,163,0.08211051149805151,0.8458482772111893,2,169,0.8734649613368531,0.3256007500233189,2,200
126,0.734689597197101,1.1449543779546565,2,11,0.013836513167810502,1.333988971180386,2,20
127,0.3176587908679226,1.136019217967987,2,65
135,0.3662678284194804,1.0940280854701996,2,8,0.011061977795498876,1.0655129353205364,2,20
