0,1.244313255362294,0.47457676950623007,2,17,0.4249920895565889,1.1133926543924544,2,35,0.95594160741618,0.3798332531343807,2,90,0.125112873858947,0.7903955399990081,2,95,0.9669361380983392,0.2988598033271987,2,124,2.043796276316912,0.9043988386789957,2,142,1.4812287327094436,0.2851221977636732,2,200
110,0.4925193018284172,1.026585857073466,2,9,0.012923448139606775,1.0637414184483616,2,20
113,0.3930252854524167,1.0144004884519076,2,57
118,2.1177472421768027,1.6384712968553816,2,7,12.863975252206982,1.8997203685619213,3,34,0.5404511434872575,0.7778116349469532,2,78
119,0.9904149762892253,0.860723653744007,2,29
120,0.766610578514433,0.9859651840966324,2,29
121,0.7443237579965826,0.7199133563041688,2,50,1.0367838664933247,0.4007327594927379,2,85,0.04305785411244368,0.22862155246930044,2,146,0.5529335093197035,0.804733001050495,2,167,0.14700447388288368,0.21609724604565164,2,190,0.9079466964468388,0.790044367313385,2,200
123,0.27235291947736906,0.9155222858701434,2,7,3.5443796551892457,1.853797884091087,2,53,11.071565715362015,1.9832903716875159,3,76,0.49604661370908243,0.859642618894577,2,116
124,0.8195424153609441,0.8717463263925517,2,53
129,0.7691885152231049,0.7934892401099205,2,48,0.0800717129764184,0.20023101878662905,2,72,0.8639536518460602,0.5712825308243433,2,96
