0,0.51434380830029,0.8803119460741679,2,3,0.01128126041041373,0.8651585315956789,2,20
118,1.0564519120488478,0.264845162940522,2,48,0.04861843175969277,0.4195840621695799,2,65,1.1165351085948454,0.2860121307047931,2,76,0.9040716337823769,0.8537600809022,2,152,0.044599593418500984,1.162405714392662,2,160,0.5539175207234661,0.7702932317148555,2,182,1.6534849686442314,0.387136975924174,2,200
119,0.6200437842895918,0.7440772564972148,2,34,0.11742815769652586,0.4533133924007416,2,49,0.6260671260063762,1.619852066040039,2,56
120,0.9905735225460323,0.22722233604225847,2,36,1.8624806813912909,1.3155989095016762,2,63,1.5167978748955722,0.253153671890917,2,134,3.594536578839612,1.2987724372318812,2,148,0.219987705556376,0.25247021506612116,2,200
121,0.6184843733834082,1.0906227072079977,2,30
123,0.7481719470850033,1.074034904992139,2,27
125,0.5621388410490219,0.7924915908396929,2,87,0.03263463251924969,0.8050061193379489,2,98,0.8616342408560738,0.6165456179943349,2,170,0.041986068415765895,0.08447661213576793,2,200
127,0.33964654791570287,0.6157892405986786,2,10,0.023575059314584784,0.2191827069310581,2,78,1.0402264088612312,0.437296728293101,2,81,0.7226431399787137,0.69818583317101,2,113
131,1.0874624890914617,1.4206538796424866,2,8,11.598415900615532,1.9856011019303248,3,60,0.20162622657316234,1.1941122114658356,2,64,12.181143803360758,1.9834514225230497,3,81,0.47296223561978507,0.8424693478478326,2,90
132,0.8514138666831171,1.1192129999399185,2,8,0.014558928168645522,0.9755447208881378,2,20
