2,0.7010802199589166,0.8049536222411741,2,62,0.05072982588354345,0.16088239913401398,2,85,1.429724620658968,0.4145554006099701,2,90,0.061254946785540124,0.28383712843060493,2,106,1.3423648043384946,0.2724191384746673,2,200
120,0.9600044611202276,0.40905145555734634,2,8,0.09156859916138661,0.8238728145758311,2,14,1.169428356047065,0.4752213368492742,2,107,0.029723306090345753,0.5338162894432361,2,120,1.888129873168328,0.38022746571472715,2,148,1.0751747842704722,0.7295620331638738,2,186,0.06576342023603454,1.242120047410329,2,192,0.520487858072428,0.9781333804130554,2,200
122,0.3634729000228267,0.6103768689291817,2,7,0.013209301380092934,1.1496849747804494,2,20
127,0.2017154390433615,0.42068511871404424,2,43,0.7389217669638631,0.7943873925642534,2,98,0.026338464340959034,0.2742099300507576,2,129,0.9455342137311432,0.5055180830614907,2,157,0.5166818379000602,0.7889407851866314,2,185,0.026559520944252357,1.0978348195552825,2,195,0.9640718526075549,1.1566933155059815,2,200
132,0.3747582163881373,0.8185252547264099,2,8,0.03777429504401871,0.10491844704922508,2,59,0.9438752591863396,0.5883297426359994,2,94,0.444874798625284,1.140951536099116,2,124
134,0.7704069119023879,0.940439502398173,2,9,0.018269243218773327,0.6740000609840665,2,23,0.7717778562811554,0.8564522516083073,2,97
138,0.01595676070536451,1.126607170701027,2,20
139,0.394928134740815,0.7242063482602438,2,6,0.013339859694910946,0.9889212761606488,2,20
144,0.9347364791119807,1.0481293201446533,2,4,0.013388117259518769,0.9047770798206329,2,20
145,0.8653142272286705,0.928591237618373,2,13,0.0127094022103946,1.2602614675249373,2,20
