0,0.8935416852118179,0.5053418854872386,2,15,0.023290522920580845,1.401609182357788,2,20
136,0.81541665955987,0.8152714584554944,2,70
137,0.5493585780826452,0.8100124086652484,2,7,0.013295391285985853,1.107808007643773,2,20
138,0.8791068480728534,0.809425725178285,2,44,1.007027264262109,0.30722481863839285,2,107
141,0.47653825450304405,1.1454185440733626,2,37
143,0.3914441429703205,1.1769038836161296,2,3,0.012415633351355553,1.0234724739018608,2,20
148,0.5171040578679044,0.8995098975300789,2,200
151,0.653960222086027,0.868550878146599,2,29
152,0.8791068480728534,0.809425725178285,2,44,1.007027264262109,0.30722481863839285,2,107
153,0.1103642507952074,0.9156434198220571,2,15,1.171185541835272,0.27304830452935264,2,81,0.770402047410204,0.8943200181512272,2,200
