0,0.6970575592880075,0.2496029202427183,2,7,0.09031900549804636,1.445050835609436,2,16,1.2248062820891974,0.1218062594640427,2,107,0.20008393042974418,0.29070534904797873,2,122,1.3894433588974076,0.17120990743437273,2,166,0.807952246017959,0.5364939140922883,2,200
147,0.00742959138772964,0.8944430947303772,2,20
149,0.49874192332968276,0.8063902606566747,2,12,0.013846461798557239,0.9971790760755539,2,20
150,0.7254476182607738,0.9591473920477761,2,36
153,0.8805294639725944,0.869723293516371,2,9,0.01307477889766235,0.9982445781881158,2,20
158,0.49691681315755976,0.3561512463622623,2,9,0.1213795242478298,0.4383053943514824,2,29,0.9976696778920474,0.27626068168032314,2,110,0.2587354739509685,0.5531066826411656,2,117,1.6656444704722564,0.18397628426192755,2,200
159,0.5429659445843265,0.7594367921352386,2,20
160,0.1481558684788049,0.5594667315483093,2,10,0.5781228908236516,0.5179514335958582,2,48,1.3783223970353773,0.5373584531968639,2,79,1.2959738675042485,0.7994835578106545,2,116,0.5854590225492637,0.9097815091351429,2,199
162,0.85283117913636,0.9855972507170269,2,28
166,1.0451607506473575,0.2801314244667689,2,18,0.7129426507971922,1.087979382084262,2,49,0.04328510368168775,0.45679992708292877,2,126,1.327800997835593,0.9841039975484213,2,129
