0,0.4991818217504754,1.010021069916812,2,55,1.351438134299302,0.1833638347685337,2,125,3.8790320609763658,0.14940734436878791,2,151,0.40212746970997204,0.25792293921113013,2,156,4.436850883678535,0.14969084987586195,2,200
141,0.10161093233933176,1.2660859823226929,2,11,0.6380634428832357,1.3161228461699053,2,22,0.023496400942283197,0.3324753040075302,2,47,0.7106875573571637,0.30059794640099563,2,74,0.046761608315812345,0.33036449551582336,2,87,0.9420930535923304,0.43300864353243795,2,199
143,0.6075314845946,0.8763726671536763,2,30
146,0.9098164724498312,1.2009182532628377,2,15,0.08716183639946513,0.3017003277562699,2,68,0.6594427837221253,0.6768345924524161,2,81
149,0.028244139406226106,0.24280638315460898,2,11,0.02285610223996015,0.9481178257200453,2,20
150,0.3978278964359729,1.3895512769619625,2,24,1.3170072910498485,0.5667894548839993,2,42,1.1243194105824141,1.003249755129218,2,74,1.3177440415037378,0.33741799677195755,2,120,0.11274649072792191,0.9124758740266165,2,126,9.642425763260027,1.664064186590689,2,180,8.893068659820429,1.167880716919899,2,200
151,0.7974947627180728,0.43294020172427683,2,68,0.09999197219330712,0.15055777940978396,2,115,0.8364628336689142,0.4178802132606506,2,200
152,0.7657408909133309,0.960920912878854,2,21,1.3306559724573783,0.2177129281418664,2,28,1.2188526816987488,1.3476327566000132,2,80,1.2137985162064717,0.18054769818360608,2,200
153,1.1648002033989595,0.3081100841363271,2,30,0.8697284793967315,0.9090880254904429,2,36,0.4351282453044768,0.9288853966828549,2,102
155,0.5563313192008288,0.8996207118034363,2,34,0.04078982872217141,0.1962054412473332,2,67,1.0969255184054203,0.5684203448749724,2,88,0.5525828669613364,1.1514608800411223,2,98,1.3545559500422402,0.4452340714633465,2,134
