0,0.3723270683101027,0.9536384107315377,2,73
109,0.5152706030919021,0.8951943933963775,2,30,1.3806419744024563,0.20106369302128302,2,63,0.032271856986195106,0.2252573112889034,2,104,0.5735756027934686,0.9900738820433617,2,200
111,0.3157458996321975,0.862155329097401,2,11,1.457449785950674,0.9993290273766768,2,30,0.8222752188850057,0.3917436923669732,2,53,0.9418453971614389,0.9256206495421273,2,67
115,0.4361556486732527,1.046272793938132,2,85
116,0.6013036789133535,0.7947395200079138,2,22
118,0.5152706030919021,0.8951943933963775,2,30,1.3806419744024563,0.20106369302128302,2,63,0.032271856986195106,0.2252573112889034,2,104,0.5735756027934686,0.9900738820433617,2,200
119,0.3487937182256068,0.9336197550098101,2,24
120,1.0687957953868652,0.22895973548293114,2,100,8.30535181246078,1.7412123106144093,2,127,0.11741243283046368,0.8143677413463593,2,143,0.5680699768366793,0.8771775603294373,2,168
121,0.7497742740865133,0.9377513215655372,2,21,0.0695822017732298,0.21812772750854492,2,48,0.8067243680628359,0.9887872667689073,2,86
122,0.7773146533639254,0.6174706384921685,2,39,2.856052585966208,1.8248666066389818,2,65,0.33492720857558705,0.746864611452276,2,76
