0,0.03927750964230238,0.7919529049824445,2,39,3.555757769298478,0.4736668507878979,2,87,108.78869699122954,0.14516448718495667,2,199
33,0.25713510041132165,0.8950660272342402,2,41
34,0.3543175351915742,0.7310403182948988,2,194
35,0.12038440488516346,0.2485444248467684,2,200
36,0.21155853637515262,1.0228096842765808,2,20
37,0.5061019821316369,1.0352268335223198,2,200
38,0.3279167076207917,0.9416529163718224,2,200
39,1.501453114853924,0.8914429072349791,2,126
40,0.06330811895026622,0.7858343061647917,2,38,1.2533303791395671,0.854347942204311,2,96
41,0.005931194095357329,1.104363707602024,2,200
