18,0.07071049761072137,0.38735124193131926,2,200
22,0.6477760258098231,0.05334375917038415,2,200
23,0.09297148284792522,1.010143373310566,2,200
24,0.2884174017043285,0.8666511058807373,2,10,5.685999024094405e-05,0.9981303334236145,2,20
25,0.0712966954011621,0.45820893719792366,2,200
31,0.03706162153595501,0.7571849513210749,2,152
35,0.27730123454329997,0.3702783380448818,2,200
38,0.16127180213377634,0.8978268842601297,2,199
40,0.2733287796096307,0.6601672145606434,2,177,18.357566611093034,0.41830783693686774,2,200
41,0.10292634125590276,0.599783660620451,2,200
