0,0.13388585650118978,0.39025881460734774,2,35,22.107376206320236,0.13121733087199655,2,200
21,0.3768913640372612,0.3271230005472898,2,200
22,0.11552955164671218,0.7780189554193127,2,134,10.666968876994666,0.2610980989411473,2,166,0.14055583069288932,0.7738712881550645,2,199
25,0.2617978357647085,1.1362541073560715,2,200
26,0.2784777283733647,0.6935043128637167,2,52
28,0.43338241903744845,1.1204517861207326,2,90,2.2793472062130817,0.3865563369849149,2,107,14.73556698612843,0.12945191040434825,2,200
29,0.5584460030156463,0.26836941748857496,2,200
30,0.31588130142420906,0.26394410878419877,2,200
31,0.06765975136038656,1.1736581367254257,2,200
34,0.34292521574407125,0.7773182134532449,2,199
