5,0.22984233983005203,0.6902966824173927,2,200
25,0.4970365834500474,0.5294040752947331,2,200
26,0.6008101646790284,1.1073014587163925,2,20
27,0.6408532419626713,0.7040925613000765,2,199
28,0.04041890581737866,0.34885463438928127,2,200
29,0.03194447161938457,0.07570211268379352,2,200
35,0.05018595367809599,0.6643998672564825,2,24,7.452379784917582,0.2673954769517436,2,57,0.07818658186165924,0.6162723935810865,2,170,5.884477474856335,0.16014132959147295,2,200
36,0.13727024669045462,0.0691972974440958,2,83,11.71858555359985,0.15871848556257429,2,167,0.18511422512904,0.14218245220906806,2,200
38,0.43762146141077923,0.40071448594331743,2,200
39,0.6828091813140537,0.6746331520226537,2,98
