0,0.39463091426205105,1.1469727662893443,2,13,9.579966219844156e-05,1.0515694192477636,2,20
20,0.5849954793290121,1.1467812457440063,2,161
21,0.18166554584469852,0.9181457726100019,2,131,5.197830465195828,0.7907383435446284,2,200
22,0.2625995129308048,0.5350156234204769,2,200
25,0.1401529607950398,0.5655123111605644,2,200
26,1.1240082716153512,0.8929143664240837,2,200
27,0.1183028188511056,0.6224523803591728,2,200
29,0.3853042669809641,0.10515539638698101,2,200
30,0.13024591409403402,0.07172758478671312,2,200
31,0.6590960753662711,0.6363969922065735,2,20
