0,0.17693545435953253,0.5675070270513877,2,39,10.015486389608593,0.4543171053902703,2,200
23,0.059441090701569416,0.6408652639389039,2,200
24,0.4221924859728669,0.6125485874712467,2,200
25,0.7041184877337782,1.0757217556238174,2,200
26,0.48098716329887237,0.7007245308160782,2,200
27,0.03168360426314257,0.08165989631634353,2,177,38.504751752286694,0.617360229725423,2,200
28,0.09752769690073755,0.8719791221618652,2,200
30,0.03331860797542005,0.16798847332596778,2,200
31,0.43901442956146813,0.8868115875124931,2,200
35,0.3317591043209335,0.4676588134250449,2,199
