0,0.05857748078478064,0.831183731853962,2,200
25,0.09373255341821733,0.9135750442743301,2,200
26,0.0795818580841153,0.7366124475002289,2,200
28,0.7181073585194215,0.6279937440156936,2,200
29,0.2949655547422434,0.6074505336582661,2,8,7.986011324790762e-05,1.1006272534529369,2,20
30,0.05302110499261843,0.39672804713249205,2,200
32,0.290281758738231,0.8018298065662384,2,200
33,0.22667796363446235,0.19717825994347082,2,33,3.5767914621308883,0.43377293774601583,2,200
35,0.30584678652495656,0.616713844537735,2,200
36,0.4871220730611725,0.3781823265552521,2,200
