0,0.398631272074812,0.9809742510318756,2,200
1,0.29626568219655675,0.9692754608392715,2,200
2,0.6524235960710828,1.0162548832595348,2,96,0.02969198861012455,0.5676160968583206,2,125,0.2931883397929464,1.0848833107948304,2,200
3,0.28350564488714997,1.1988531947135925,2,28
4,0.4197106905263114,0.9437510160575235,2,133
5,0.9412408024115037,0.6940049767494202,2,20
6,0.5648829340833872,1.1118037008944852,2,81
7,0.33185760348174187,1.0092689142570839,2,111
8,0.3866130348712503,1.0857946902513504,2,200
9,0.44160979999797934,0.9888370072841645,2,200
10,0.4868786268574841,1.0112196618318559,2,200
11,0.283231834657552,0.8480129063129425,2,200
12,0.39093172478567406,1.157832755446434,2,200
13,0.2683077182104614,1.0854438161849975,2,200
14,0.5437836708684364,0.9784556552767754,2,64
15,0.6935223886869865,1.1357262317589887,2,127,0.08904469753419882,1.048517055707435,2,200
16,0.36326765741543815,0.9214412066340446,2,200
17,0.39797615083753685,1.154755727648735,2,200
18,0.5198861903620506,1.0657015860080719,2,200
19,0.35162155069833056,0.8179060382436413,2,129,0.07186841767992529,0.5780972897166937,2,200
20,0.3556745346994135,1.0715410512685777,2,200
21,0.39374321356794734,0.8732813534140587,2,200
22,0.2719831355999987,0.9646059799194336,2,200
23,0.42683206566025617,1.0859850031137466,2,200
24,0.5480557855912397,0.9887308597564697,2,145
25,0.4642044396166363,1.0442917555570603,2,40
26,0.4026955746943797,0.888011371716857,2,32
27,0.4755167772314327,1.0759077167510986,2,200
28,0.29652042819300556,0.9219080442190171,2,200
29,0.41524273143075896,1.0226725241541863,2,200
30,0.57180817573191,1.0013710510730744,2,200
31,0.44856290955131634,1.0815182733535766,2,200
32,0.35523180340103067,0.9750684788732817,2,165
33,0.17366333389034472,0.8533123450619834,2,70,0.8462799405626825,0.9310606591629259,2,136,0.16868978177939847,0.9759217798709869,2,200
34,0.3476619994961971,1.0070822092890739,2,200
35,0.5970898191535853,0.7115847443540891,2,24
36,0.5001496263736406,0.928605009680209,2,184
