0,0.39727895132966734,1.0267584721247356,2,117
1,0.24891531633828803,0.9657632783055305,2,200
2,0.5372213968359928,1.0856771296262742,2,200
3,0.4430358860045371,1.000355254650116,2,125,0.07757430277107362,0.8689844621552362,2,170,0.5363331552488804,0.9497760017712911,2,200
4,0.5382068027650998,1.19771344602108,2,200
5,0.1760376720372411,0.7173097167909145,2,200
6,0.47358031769971115,1.14070376932621,2,200
7,0.3277559800251327,0.980592640546652,2,104
8,0.2750232048477761,1.047326955795288,2,200
9,0.45039218838114375,1.0237842328846454,2,200
10,0.43382451527793664,0.9802293062210083,2,200
11,0.24674896026351872,0.6637889633053228,2,38
12,0.5054571362259227,0.935139434396728,2,121
13,0.39197581114932983,1.1032801382243633,2,32
14,0.33109175280546677,0.901251508295536,2,200
15,0.332604216377015,0.9144798547029496,2,200
16,0.27227731766272245,0.5844998629320235,2,42
17,0.5254048648617723,1.1485528759209507,2,83
18,0.28183897346961795,0.9253856631798473,2,123,0.060742610316915316,0.6220641827041452,2,167,1.1886006219178977,0.9629678310769977,2,200
19,0.5305690153905479,1.1447327226400374,2,200
20,0.45816668745724326,0.9656013417243957,2,200
21,0.4778616160287564,0.801505080291203,2,21
22,0.45542413332986,0.9708738076686859,2,200
23,0.43375743799764227,1.1802221643924713,2,200
24,0.2953807631272759,0.8908914641581754,2,187
25,0.3666337678006349,0.8294756379723549,2,200
26,0.34024862941040024,1.0175154769420625,2,200
27,0.3134901790900528,1.1236474531888963,2,200
28,0.39729203060605645,1.1370111912488938,2,200
29,0.2718450024500471,0.9024348474211163,2,180
30,0.2812463232335499,0.8400988367296034,2,155,0.06463893935371086,0.8521553370687697,2,200
31,0.4257574321417568,1.050559813976288,2,200
32,0.1448938037196593,0.9180906252427534,2,55,0.46959779256513995,0.9637694958982796,2,200
33,0.1798252018473362,1.0719001690546672,2,42
34,0.40321887593105177,1.0204148998065872,2,49
35,0.4420204686340218,1.0681604886054992,2,200
36,0.8057250733898444,1.0323001220822334,2,16,0.027660546063909785,0.8134659175810061,2,92,0.33901142108398097,0.9418265501658122,2,107
37,0.37991853614931953,0.8591700559854507,2,200
38,0.25244001344383643,0.9635727071762085,2,200
39,0.3810334625033645,1.040195676088333,2,200
40,0.7220910884152534,1.027925323217343,2,78,0.22306303473644098,1.049878266991162,2,200
41,0.45388369145910995,1.0107172857631337,2,55
42,0.43017351094955497,0.5726712970506578,2,21
43,0.3696309167716589,0.8768405413627625,2,200
