0,0.43223273362572373,0.9423074412345886,2,200
1,0.3623116181418742,1.0043581500649452,2,200
2,0.3768756592048465,1.2828378975391388,2,20
3,0.39747286443642543,0.8903762698173523,2,98
4,0.4444420144777729,1.0468665450366574,2,67
5,0.5406071825193723,1.271713923662901,2,32
6,0.6250206956703355,1.161315831271085,2,55
7,0.21231837384247332,1.064266842344533,2,138
8,0.06407933858196634,1.0026788325376914,2,71,0.5510149977239319,0.8951780166424496,2,142,0.09116438281699922,0.7383600493957256,2,200
9,0.6162165278556665,1.024513172692266,2,58
10,0.3488062337458101,0.953741985123332,2,82
11,0.405413785598406,0.9405001163482666,2,200
12,0.44667241738812835,0.9715570798516273,2,200
13,0.5807966847378363,1.0905014741420747,2,200
14,0.27872855503358274,0.9209159187972545,2,200
15,0.5500477563822229,1.0298367476463317,2,200
16,0.505872504624362,1.0786961472034455,2,200
17,0.4010713841301907,1.0769178533554078,2,200
18,0.40511023792751377,0.9179860100150108,2,200
19,0.3272623708320208,0.8171138604482014,2,45
20,0.43068323781364043,1.1361612689495086,2,200
21,0.09412729665356083,0.8278322898108383,2,58,0.3503243520496143,1.0619241284652494,2,200
22,0.29606073579237785,1.099338652741196,2,117
23,0.28542140131688065,1.065465005238851,2,30
24,0.31569628679892703,0.9377603816986084,2,200
25,0.5346946644615925,1.1100802266597747,2,200
26,0.381253282477006,0.8284478332433436,2,144
27,0.29674878332119925,1.3435662984848022,2,35
28,0.22632428167960655,1.0625255005491292,2,163
29,0.19660956958473155,1.0150641486758278,2,42
30,0.4676433173070625,0.9656808359035547,2,69
31,0.8226799809524118,0.9271385104491793,2,116,0.10236895935575471,0.20844030380249023,2,130
32,0.5828585435347219,1.0376832163333893,2,200
33,0.44985095530625524,1.1790813046693802,2,200
34,0.4388892588956952,0.9370748353004456,2,200
35,0.38008626644090504,1.0905742633342743,2,200
36,0.4168247240688899,0.9760171592235565,2,200
37,0.4198442755615024,1.0935391272817339,2,56
38,0.06594429433001785,0.9169985540211201,2,64,0.3337686009917772,1.1183824661900015,2,200
