0,0.5450104490369305,1.0737693011760712,2,12,0.017594773475436417,1.2400565296411514,2,20
1,0.30818661943251874,1.1486818845455462,2,65
2,0.3071915672649453,1.7077354192733765,2,15,0.4100429379071488,1.1663594245910645,2,30,1.4116755973253985,0.6912120909262927,2,69,0.8013711821113203,0.18136235574881235,2,75,0.12796037829441662,0.368535510131291,2,82,0.02246408269061535,0.3219365473927521,2,123,0.8116300667316475,0.7434646189212799,2,135
3,0.6616527440198572,0.7206125548481941,2,100,0.03506966765037539,0.9294444024562836,2,106,0.7725830329730606,0.7429840249173781,2,140,0.0860219001818054,0.8582074165344238,2,155,0.703437607843384,0.7598558531867133,2,164
4,0.657046732930426,0.5301817770187671,2,13,0.016446424796326735,1.0500870602471488,2,20
5,0.3877644922081334,0.9872650603453318,2,24
6,1.2497314335262342,0.1240438006463505,2,42,0.040191584270349925,0.10380092109071798,2,129,0.980773786855847,0.19676133493582407,2,138,0.5293345869282187,0.899250672923194,2,147,0.057228617371493845,0.5733990609645844,2,152,1.03501039887471,0.12369935349984602,2,163,0.0316605866485234,0.4019343803326289,2,169,1.4495463787805947,0.046659404039382936,2,179,0.04599920896922065,0.2942780752976735,2,182,1.5381056218609341,0.08269702270627022,2,186,0.04659573072983558,0.337146391471227,2,189,0.9849187143068657,0.16337978839874268,2,200
7,0.5733089870993655,1.0066037813822428,2,15,0.02132594459432836,1.1890038013458253,2,20
8,0.007264840368014031,0.7172331541776658,2,20
9,0.4024168810918276,0.936102032661438,2,8,0.017023385405241193,1.2216809491316478,2,20
10,0.6319577265329774,0.8204812392210349,2,78
11,0.5557002277689653,0.7112213044750447,2,98
12,0.5125770296128951,0.3215795874595642,2,5,0.01253848361421082,1.0495517571767172,2,20
13,0.5717957927748354,0.6105630338191986,2,20
14,0.5145885723247884,0.799649474521478,2,48,0.03916241636830476,0.8327504992485046,2,54,0.7750253738679306,0.5984805141176496,2,61,0.04268353774465918,0.7951909899711609,2,65,0.7691946030145185,0.6148088127374649,2,69,0.024869785501306065,0.41035920923406427,2,80,0.6612048556467267,0.762633981804053,2,152,0.8645675744888643,0.3032836068508237,2,195
15,1.4147372276424752,0.23369107785679044,2,21,0.5277538101480908,0.9012631442811754,2,39,1.118185314921868,0.1998913234472275,2,114,0.023576077688288895,1.1795978546142578,2,121,0.9137549818178342,0.39253328539229726,2,158,0.02961857389886737,0.7468103468418121,2,162,0.7997976343980966,0.430103724822402,2,178,0.03513626749569422,0.11739408902146599,2,200
16,0.5734630015373072,0.9208004673322042,2,15,0.025134818306162002,0.2488620960712433,2,40,0.47827501088488794,0.7749616596847773,2,72
17,0.6810319985519454,1.249088143601137,2,34
18,0.5519159481162929,1.0756365458170574,2,21
19,0.634671905087857,1.012184372488058,2,53
20,0.7890438220812956,0.686283371100823,2,24,1.0019696091894865,0.2598242188493411,2,48,0.05845996324773935,0.4507172803084056,2,51,1.0467202429073363,0.2586565946585664,2,158,0.027735247210212425,0.40143523178994656,2,166,1.3984329782154636,0.2549156262539327,2,198
21,0.6371392380894974,0.8711461527594204,2,29
22,0.8800677399529723,0.5226947168509165,2,18,0.02013493418580245,0.9380425930023193,2,23,0.4102251434665374,0.905811159841476,2,54
23,0.33176829058106805,0.9142327427864074,2,10,0.019177608641608567,1.1091466069221496,2,20
24,0.6669335892326539,0.8917726367712021,2,20
25,0.8381494944262392,0.35038475319743156,2,8,0.015929944797488514,1.1835536360740662,2,20
26,0.7027911510207967,0.8754012518458896,2,27
27,0.532373999962674,0.5650187700986862,2,15,0.5067727763876233,0.9817549696675053,2,69
28,0.5557742843175268,0.6891856754527372,2,34
29,0.38120258245200994,1.2066624661286671,2,12,0.018614186893363315,1.261989802122116,2,20
30,0.6684415894370065,0.8245364806868813,2,110
31,0.3575484619103342,0.9667212441563606,2,16,1.0311979557891087,0.09359716971715291,2,76,0.40192727283481033,0.7943023600999046,2,110
32,0.551127193354576,1.0623603347809083,2,31,0.6796145308077376,0.36570584774017334,2,40,1.0992902968997575,0.22267655441537498,2,200
33,0.019962784435619833,0.13544859799994044,2,83,0.703235451859076,0.530469571168606,2,96,0.021154866865547673,0.3527917042374611,2,108,1.0421092908169054,0.1690499112010002,2,200
34,0.07669629311035339,1.0152159418378557,2,14,0.6422286385965031,0.6118827442969045,2,45,0.13724983233338528,0.9235156059265137,2,65,0.4260699993310657,0.9194001416365306,2,95,0.08968763311941658,0.6347469226880507,2,117,1.1582310809668186,0.22057329211384058,2,133,0.3022515077859179,0.6240823390808973,2,144,1.7035960888293809,0.13049498652773245,2,200
35,0.5702381574202471,0.6813200928948142,2,22
36,0.6424622098064109,0.684850642314324,2,143
37,0.5829404136976711,0.7445914363488555,2,64
38,0.537071771750332,0.7352408220370611,2,12,0.11743907780460201,0.8694182104534574,2,21
39,1.0601099043079152,0.1215779728749219,2,34,0.023009974887391288,0.6354897369941076,2,40,0.8544955970760257,0.2392884462236244,2,147,1.5853493751046246,0.06905719272370608,2,200
40,0.6957338242380814,1.1984584660365665,2,29
41,0.7320966896834097,0.7035451048896426,2,63,0.5232011931052837,1.0733399228616194,2,107
42,0.566329536790463,1.0039451179050265,2,21
43,0.6065114062687694,1.0153518726951198,2,19,0.04941311449954582,0.2106213241815567,2,34,1.0227311117412818,0.9610808425479465,2,43,0.3027200271057701,1.087136759596356,2,102,0.743362862004437,0.8294982161927731,2,149,0.061955344585140584,0.18938901478594,2,160,0.610402362014693,1.0135281844572588,2,171
44,0.7541748248711113,0.6328329682350159,2,5,0.060838538997808535,0.20490515114445434,2,43,0.5794024089253365,0.7964516019119936,2,77,0.09843065937258663,0.6515942130770002,2,84,0.7461844179740643,0.8516287472512987,2,138,1.3617929766073915,0.34770304235545074,2,160,12.62341794767736,0.15347554024897123,2,179,0.7002397988030459,0.471730833252271,2,185,13.396103451930216,0.14693586826324462,2,190,0.8169897170070608,0.9264220654964447,2,200
45,0.697384923587601,0.8137324502070745,2,24,0.018934710193452067,0.27492875009775164,2,54,1.2057823069779943,0.22202964065826103,2,200
46,0.6121727786248586,0.7544528643290201,2,21,1.013409612359425,0.3302344628742763,2,56,0.05407031664048897,0.5826220711072286,2,59,0.6748403640467723,0.38503901846706867,2,91,0.023027563839083744,0.3304960033723286,2,161,0.5841120183644893,1.0316553360376604,2,200
47,0.7549711665791923,0.6368658734906104,2,31,0.049255748257462546,0.6585351228713989,2,34,0.9171267701911017,0.5393428785933388,2,52,1.098379321438394,0.24376059429986136,2,66,0.13150137807226397,0.4183995366096497,2,71,1.345971645576078,0.1192580637081649,2,200
48,0.5351560638875562,0.6996861547231674,2,4,0.05517460811073755,0.4609098434448242,2,19,0.9316077388924151,0.7368062138557434,2,22,0.41824994400397736,1.0767347868098769,2,65
49,0.4047567550872985,1.096427458524704,2,80,0.9920682694961726,0.16289806325693387,2,154,0.5431746747269223,1.118755950647242,2,171,0.8953574471548648,0.1651647573915021,2,200
50,0.5520724197128044,0.9445106643896837,2,130,0.10168835188203507,0.8014970205046914,2,141,0.7127257040979059,0.8561760544776916,2,146
51,0.7172825936556362,0.9349464288464299,2,27
52,0.7742775265955556,0.8171786963939667,2,6,0.04389750976437105,0.19039375999489347,2,43,0.6177142482026765,0.3586250681143541,2,56,1.6849827948179072,0.20096869735668102,2,200
53,0.23988621940864316,1.3857898371560233,2,7,0.015037008843947399,1.2229125866523156,2,20
54,0.47486017258457264,0.7194827903400768,2,22
55,0.5419371944313844,1.301446512893394,2,27
56,0.32900048266786375,0.8386525511741638,2,23,0.798173111429627,0.3724030872186025,2,113,0.11013886575857144,1.461019903421402,2,129,0.022981666003699802,0.3358645941372271,2,183,0.23498019748628454,0.44245750705401105,2,186
57,0.3908229857107487,0.9229059451963844,2,41,0.04426144943037672,0.09954453660891606,2,80,0.7455869306940145,0.186294698604831,2,107,0.04434990832254873,0.4701669439673424,2,111,1.3005590012148371,0.132154232173255,2,144,0.04006517007670033,0.3942871391773224,2,147,1.3644149154179221,0.10474115858475368,2,159,0.5280932613654697,0.9601974487304688,2,200
58,0.360000490640015,1.1478058637357225,2,51
59,0.46732243739193613,0.8786558469136556,2,15,0.022390708195158836,1.2061091899871825,2,20
60,0.5622201080600979,1.0801166832447051,2,200
61,0.599107820456194,0.6100358258594166,2,11,0.05739438066046486,0.8251076698303222,2,21,0.39089586427428935,0.8107996225357056,2,31
62,0.21088102662312405,1.3988192081451416,2,4,0.015422626222499708,1.2177941799163818,2,20
63,0.33070847447448476,0.9163233518600464,2,5,0.014313375248427608,1.0528562704722086,2,20
64,0.5618605273503647,1.2515901586283809,2,23
65,0.4135679124714428,0.9624497493108114,2,3,0.013116661571213273,1.0739718745736515,2,20
66,0.8764080214881548,0.3286633314564824,2,48,0.01720475802659641,0.2857795015853994,2,65,0.4203531276235407,0.39434895600591385,2,100,1.7410640138901117,0.19621587080368097,2,169,4.404275411914658,0.2170253655602855,2,200
67,0.0566877783169561,0.2616793441195642,2,31,0.7768665604837234,0.3575031349346751,2,73,0.04793461908182985,0.43466391166051227,2,76,0.8023580834044542,0.3372575256385301,2,114,0.6091929978300223,0.8576363430303686,2,182,1.51514676083549,0.430997033329571,2,199
68,0.2783491649935431,0.756799062093099,2,3,0.013110776472022972,1.0024912918315214,2,20
69,0.8428609962521123,0.9631163477897644,2,14,0.017881231178666863,1.2615668773651123,2,20
70,0.6750070443993728,1.1956292539834976,2,32
71,0.5916718574413333,0.758205806431563,2,46
72,0.3136112416837763,1.0549928843975067,2,20
73,0.48067898096428086,0.7597268372774124,2,52
74,0.8270141231387635,0.5792307420036732,2,78
75,0.6319006459597873,0.930040434623758,2,96,1.1251858950866962,0.38506411347124314,2,114,0.6809394006624556,0.8491477307151346,2,199
76,0.04247905601092583,0.1976396127750999,2,19,1.0215454954601348,0.2935182069029127,2,33,0.034010232027368276,0.5952624827623367,2,37,0.8253429676823029,0.3927488509151671,2,136,0.025441106623217847,0.17144899762102536,2,192,0.8624549112272527,0.5746497251093388,2,200
77,0.9440022067989239,0.2835701937550929,2,67,0.04237080990762994,0.6145467375005994,2,81,0.8149012679026708,0.3355874240398407,2,86,0.040392518278863136,0.4904704838991165,2,92,1.3395441791214195,0.27809297541777295,2,95,0.06008598755406345,0.4767322614789009,2,99,0.8304156675974668,0.31437693536281586,2,105,0.06359351273895972,0.5515197167793909,2,111,1.540912404739092,0.19255642890930175,2,116,0.03592534995255426,0.4185811405380567,2,122,1.2035434945106178,0.2453968282788992,2,138,0.22882288897523417,0.31528544425964355,2,144,2.978161547743589,0.2799384212771127,2,187,0.12115160748010981,0.589056928952535,2,190,7.450970059584912,0.2674622178077698,2,200
78,0.6808514576597903,1.077525545810831,2,29
79,0.6775105043141864,1.0326326677092799,2,54
80,1.1808272267432427,1.1610570748647053,2,3,0.013081892211909859,1.333197740947499,2,20
81,0.2576834695117917,0.7916270047426224,2,4,0.015518166267612462,1.0945975929498672,2,20
82,0.5499331818366175,1.0700108939654207,2,73,0.04541969581866166,0.2696226944526037,2,88,0.7820335965263183,0.6136360615491867,2,92,0.721897953687924,1.0451651811599731,2,121
83,0.6366100188821323,0.8753452463583513,2,44
84,0.9189979407589076,0.25968215999932126,2,29,0.0784989634040437,0.5418269446917943,2,64,0.28344784120760447,0.3441726466019948,2,70,0.8133498650315134,0.11661790476904975,2,124,0.1603589313434786,0.27725029402765733,2,153,1.0396372611910019,0.09746378343156044,2,200
85,0.08356667047449702,0.5215774866250845,2,13,0.6604695742453847,0.48002885019077973,2,30,0.40857830014069974,1.5679987606249357,2,49,0.8158836190120374,0.5976338786322896,2,90
86,0.5287599953088769,0.5595931283065251,2,14,0.018600232608429957,0.988779882589976,2,20
87,0.22632255610344834,0.8507226208845774,2,3,0.022557301619186933,0.2690906043236072,2,16,0.6598317361780215,1.3651803599463568,2,43
88,0.7005291777497819,0.45018319342587443,2,37,0.031145735769081872,1.0929086208343506,2,47,0.9840170029741021,0.14987283543144403,2,199
89,0.6128516465130764,0.973227302233378,2,108,0.28843116239583166,0.45533287211468343,2,127,1.1880729676930841,0.2927062226568951,2,161,0.3488211448318801,0.23525558769702912,2,186,0.06447668554270937,0.31283735082699704,2,199
90,0.6137204526800484,0.7238604326139797,2,110
91,1.3581587262817547,0.17086207347178678,2,109,3.7127788625466587,0.12160814168124363,2,138,1.2203424978716853,0.16485555363552912,2,180,5.224224608830682,0.09248704388737679,2,200
92,0.4042775407949093,0.7660356032293897,2,43
93,0.6631998699990186,0.6208229471336711,2,11,1.142071629489225,0.1784370020850674,2,102,0.053621309291392284,0.38778456052144367,2,105,1.0551255523644476,0.1641303441103767,2,122,0.06595902794218202,0.3965630829334259,2,126,0.8490951731813452,0.16556355899030512,2,137,0.05502473865190238,0.24975411593914032,2,140,1.1804517291999115,0.15974098369479178,2,200
94,0.5411150097374353,1.118944743504891,2,52
95,0.4857655159633417,1.039348952313687,2,47,0.032436228624045556,0.2967563952718462,2,96,0.864689851584375,0.4330453663258939,2,133,0.03530076991048212,0.2137698660294215,2,148,1.2010138159656263,0.07774652421474457,2,173,0.05061701257302682,0.3000049293041229,2,176,0.5333656974737886,0.231548727179567,2,200
96,0.045160435006665514,0.16982127279043197,2,40,0.7710901153110663,0.5324219247469535,2,66,0.054178186231249426,0.8950084745883942,2,70,0.973864172186287,0.8755327633449009,2,77,1.0486699323439785,0.24045572140637567,2,162,0.034110981353688084,0.5625980595747629,2,168,1.103260532529585,0.2313519213348627,2,200
97,0.44716461575082594,1.0304711899336647,2,34
98,0.6696721015026195,0.689811410339734,2,131,0.021550167257748085,1.2567763030529022,2,139,0.8301612449488429,0.6715531051158905,2,143,1.3156357327668295,0.2728290696415985,2,200
99,0.40260680521395925,1.0634635715949825,2,41
100,0.8574392156661633,0.32294024126743204,2,67,2.2785381288448594,0.1849335999715896,2,88,0.038539892514201285,0.45122186342875165,2,94,6.127031841660516,0.14223636984825133,2,99,0.1514535988903104,0.378051221370697,2,103,7.937339615849547,0.11812303085175771,2,166,0.27432332794626624,0.43763434390227,2,169,9.528612925680415,0.0970194697380066,2,179,0.07080446761479456,0.4343098799387614,2,182,8.654866699899882,0.09448484778404236,2,192,0.05876144949809933,0.37611550092697144,2,196,2.5963553568683357,0.35892875492572784,2,200
101,0.5481978277634012,0.846678710463059,2,199
102,1.0486825529084514,0.21658659478028616,2,12,1.462210352855038,1.3148352457926824,2,25,0.31829952563101965,0.8921808815002441,2,50
103,0.6584326271239166,0.6562451370831194,2,29,1.0474888549721446,0.32511388951981507,2,83,0.041760430856397183,0.4891655047734578,2,86,1.208282543934432,0.29228692449498594,2,200
104,0.4788375495645937,0.7255675227214129,2,39
105,0.5959863400487919,1.0084139650518245,2,11,1.0750126539215301,0.21467345901604357,2,69,0.04717878958411668,0.5332719162106514,2,73,1.1624976939882945,0.19747252017259598,2,83,0.06687786416730386,0.24084726638264126,2,101,1.1124087156310685,0.14120228513322694,2,200
106,0.5023133876519806,1.1478008151054382,2,20
107,0.44498101610828705,1.1558537846026213,2,23
108,0.45026144770618715,0.6918944321248842,2,46
109,0.3254079071119816,0.9531522748016176,2,84,0.7861055246815889,0.8014742536978288,2,139,0.35272233761231947,0.866294135649999,2,169,0.02852981215111173,0.2556441383015725,2,200
110,0.5017071814102346,0.9418512230188074,2,71
111,0.6583174475496051,0.948422106107076,2,30
112,0.7185523851037487,0.9461825757191099,2,29
113,0.01566219638044119,1.1130238473415375,2,20
114,0.46680541075433285,1.2366975205285209,2,14,0.016288326711805287,1.1410212715466816,2,20
115,0.5320022330919283,0.9789158311383478,2,87
116,0.5845695286710615,1.0355171155929566,2,25
117,0.43206967358999937,1.0443360852260215,2,51
118,0.4078366263307459,1.0925853778334225,2,34
119,0.4329567430982957,1.0414051413536072,2,28
