0,0.5840995454408642,0.5855408549308777,2,5,0.01471998357580736,1.035859759648641,2,20
1,0.7019342713926237,1.448815604050954,2,6,0.015799153699503295,0.9665437681334359,2,20
2,0.36345071710243965,0.8423738905361721,2,7,1.0850647026769922,0.11188339962149565,2,60,0.0483150076816652,0.3692579215223139,2,71,5.634860527284086,0.19870758354663848,2,76,0.35709286887784647,0.13332764766155145,2,115,0.038032257789386764,0.22809422933138335,2,128,1.5413546245151093,0.4058903157711029,2,131,0.0322152202992903,0.32961071214892645,2,142,1.0271177668522573,0.12708008571945387,2,200
3,0.9507097057679276,0.14275237906258553,2,128,0.09519950418227151,0.2729086267655013,2,189,0.8189166411768415,0.27091463045640424,2,200
4,0.44219433540859476,0.7187804743647576,2,20
5,0.5086777026640521,0.717289365530014,2,25
6,0.05185902871819609,0.3874661512672901,2,8,0.9939837066513467,0.07939408114179969,2,40,8.087074679688971,0.5188354380428791,2,60,0.5807756045689355,0.5103038549423218,2,65,3.787311951327269,0.1885519976296076,2,106,0.07013837980758292,0.39915842811266583,2,109,9.37007457180817,0.23715230325857797,2,112,0.21123910345559088,0.849173080176115,2,128,0.6038634778420887,0.9556487997372946,2,158
7,0.25847760755231824,1.3207087516784668,2,3,0.013932344475784775,1.1437694886151482,2,20
8,1.1356123034959835,0.25326061543123224,2,81,0.05538057995503886,0.4753963351249695,2,84,1.3625203152331533,0.20738694965839385,2,89,0.0471343259322244,0.5056788921356201,2,92,1.3026296167880718,0.20531849775995528,2,106,0.7975172579804566,0.7508953988552094,2,116,0.3676009018796332,0.7846197128295899,2,166
9,0.5744161943844232,0.9042419823440345,2,37,0.03040123662354072,0.9478668928146362,2,42,0.6041355389964219,0.9304105043411255,2,66
10,0.8695128120154797,1.27090405093299,2,9,0.01719341389176415,1.1246265389702537,2,20
11,0.3373776340389653,0.9482570191224416,2,12,0.04145350758519115,0.25855040725539713,2,29,0.9069647506517653,0.4212111167609692,2,149
12,0.6284948419321884,0.6013013314117085,2,22
13,0.4119039701953919,0.9571634309236393,2,43
14,0.4422127465156483,1.2025312423706054,2,10,0.016095493855029445,1.357286775112152,2,20
15,0.671582725012401,0.7884312842203223,2,23
16,0.6645404069009953,0.8518289618632373,2,85
17,0.6787660975123918,0.7912173192752036,2,38
18,0.48872519882400506,0.772703386270083,2,13,0.018350473157695252,1.0920049462999617,2,20
19,0.6127722177865446,0.8554259481884184,2,21
20,0.5104847351235765,1.0341598843083237,2,33
21,0.3643869369235633,0.7212822589219785,2,51
22,1.0263086616437145,0.44417352404664545,2,34,0.4711191440986163,1.42415365907881,2,43,1.1640186817984834,0.15290732387524503,2,200
23,0.3497770118047487,1.0690075026618109,2,27
24,0.40550808031084656,1.5980846405029296,2,10,1.0903030139340297,0.8395634459124671,2,28,0.04456799211119344,0.24681646834340012,2,85,0.6939124496304144,0.7991557992421664,2,98
25,1.2287787563868315,0.24386085099295565,2,57,0.3501863590113291,1.0789447329765143,2,100
26,0.3772094643194616,0.8076765068939754,2,14,0.7849211075912664,0.4864213094115257,2,18,1.1168441018317536,0.11976804268789722,2,129
27,0.35730517859317656,0.9720752524657988,2,71,0.9641774304848696,0.15681074651671045,2,152,0.03754352837588994,0.27415545055499446,2,165,0.7949476338703633,0.3354355705635888,2,200
28,1.0297341515779965,0.11871012841692623,2,161,0.03496977413139534,0.3807781934738159,2,165,1.413715128447779,0.092740664879481,2,168,0.04705530299417395,0.30926358699798584,2,171,1.4330721559092803,0.049273387625299654,2,200
29,0.50052915714465,1.3531110470111554,2,13,0.019055539180368578,1.0898541041782923,2,20
30,0.859727445188993,0.15054138377308846,2,8,0.053713118322640474,0.3657001405954361,2,12,1.0421905547558223,0.1118464893291867,2,75,0.42113169406326567,0.9932395447702969,2,92,0.06362381150561662,1.195353239774704,2,96,1.4530113911367595,0.14507076420165874,2,123,0.6121345482976359,1.1913382195411844,2,170
31,0.31415078604544877,0.6549815102057024,2,11,0.8512910802483014,1.5066489662442888,2,25
32,0.7579596613493622,0.337446424890967,2,51
33,0.3183683142529022,0.8297892817945192,2,66,0.598247178673841,0.21875406056642532,2,84,0.02913790313918195,0.3547269361359732,2,91,1.0459692166585433,0.10286249410598836,2,138,0.10799534436629112,0.46903516973058385,2,150,0.8783999293797172,0.35446857081519234,2,159,0.015930099369758345,0.6864826411008835,2,169,1.097868832251405,0.12619735348609187,2,200
34,0.4970880918487023,0.525259131193161,2,5,0.061483796807877106,0.988451576895184,2,41,0.6721831463779555,0.7656028866767883,2,46,0.7793851763243553,0.5538513414692461,2,160,0.028637821581712335,0.4119123640385541,2,182,0.7076202003037867,0.4278068261014091,2,200
35,0.4410015193257026,1.3052397529284159,2,30
36,0.9686521622868666,0.3393621612678875,2,55,0.7600155906840199,1.2853694796562194,2,65
37,0.21780327329582097,1.6401615738868713,2,4,0.014267628763174077,1.2662385329604149,2,20
38,0.9892041054044045,0.28024924223153097,2,53,0.7489317319061326,0.9981275126338005,2,77,1.1150724440120257,0.11060687750577927,2,87,0.0468072321685777,0.39315832654635113,2,90,1.5232194020705951,0.10926201369832544,2,158,0.1470213535858452,0.24682649185782984,2,177,0.7918784998945407,0.4280715029348027,2,199
39,0.43266830538903056,1.060688092158391,2,13,0.8930240829421996,0.2803875555594762,2,34,0.06454550620358142,0.47714241594076157,2,38,0.8059461577944295,0.2754972851084125,2,69,0.05117488484981648,0.3067677567402522,2,81,0.7450742901144111,0.20013424823450487,2,124,13.81367912340953,0.25606744363904,2,128,0.06298552611265561,0.5755818022622002,2,137,0.7743437777412806,0.44521882678523206,2,170,1.0114476327959674,0.8256450017293294,2,200
40,0.4708555051109418,0.8283450183543292,2,44,0.035529551442259985,0.1095881407198153,2,82,0.781898927956114,0.8001944541931152,2,97,0.02296444690990816,1.002469499905904,2,103,0.8127816985269583,0.7126003070311113,2,114,0.02072782511372434,0.9666477918624878,2,119,0.7139478810879388,0.7379723649758559,2,132
41,0.6695743388192612,0.5661838054656982,2,75
42,0.5248033280726125,0.5885879695415497,2,5,0.015252098665632749,1.1082592487335206,2,20
43,0.33797775378379213,1.0540517687797546,2,10,0.017353674456489818,1.1338799238204955,2,20
44,0.36253119171813797,0.8830015448535361,2,82
45,0.20788410242544555,0.9198873023832997,2,31,0.4747775866509365,0.8436367263396581,2,67,0.9798554356340541,0.1437340068656045,2,104,0.047913562854230464,0.2974747121334076,2,107,1.3112224688290635,0.12566296932517843,2,200
46,0.6962689893213544,0.9132281185852157,2,72
47,0.9189968851818102,0.18090197856609638,2,65,0.050619081639675975,0.3265981823205948,2,69,1.2074808487982185,0.06586989343166351,2,144,0.07384179679836748,0.24990303069353104,2,148,1.3226695411255298,0.07191009372472763,2,188,0.07575566447700523,0.7048064044543675,2,195,1.0135242571681116,0.7003537058830261,2,200
48,0.22756545094572694,1.5072489976882935,2,4,0.015400758498529989,1.1231894567608833,2,20
49,0.7226801224976339,1.2909394651651382,2,24,1.10113402767844,0.11575486491887997,2,63,0.07962758084859559,0.3520896037419637,2,66,1.208571216972028,0.11258585818028183,2,155,0.022462999485289924,0.14439686669243706,2,200
50,0.4936316353052112,0.7276234117647012,2,48
51,0.6627038076980549,1.01347894434418,2,56,0.021636961175995777,0.37653687596321106,2,69,0.25253142879488816,0.8377414336428046,2,133
52,0.5158338110274748,1.1385898859270158,2,31
53,0.6729881549318356,0.9589808940887451,2,15,0.017127063919472708,1.781577730178833,2,20
54,0.40062495781249263,0.9318395907228644,2,22
55,1.026913498626001,0.4335863828659058,2,5,0.015161714402385756,1.026458207766215,2,20
56,0.5737214180744321,0.9916721224784851,2,60,0.9467490785111767,0.5777233477149691,2,88
57,0.960158470042857,0.11979368701577187,2,16,0.35339391935343534,0.888698399066925,2,29,0.030886816441081714,0.10965471595525741,2,79,0.8736420843808446,0.22008992518697465,2,100,0.6080579868544193,1.3192350566387177,2,124
58,0.6897872373793215,0.7064130827784538,2,8,0.05596279199147561,0.288930996424622,2,44,0.9948831338951855,0.18913657017625296,2,200
59,0.283184193293496,0.9895246982574463,2,5,0.013747943498825906,1.0582954247792562,2,20
60,0.4695278314860136,0.9874394265088168,2,22,1.1201225600262608,0.24560503443566764,2,63
61,0.6165378891989699,0.8175103273548063,2,61
62,0.6231108250959821,0.9516394788568671,2,55,0.9987991705439282,0.5112603707560177,2,113
63,0.5513690854681904,0.6680468811708338,2,34
64,0.903305818064407,0.2544461207545322,2,115,0.027047151945966418,0.31508862546512056,2,129,1.014282589944887,0.1948798062170253,2,146,0.3820195879273425,1.120327651500702,2,154,1.2404487503892392,0.14206260768696666,2,186,0.45600933164743324,0.7207520433834621,2,200
65,0.34559087256324694,0.6468489255223956,2,7,0.014852031721308976,1.335151690703172,2,20
66,0.21238538371263313,1.2844898303349812,2,6,0.015359000259643488,1.043276114123208,2,20
67,0.6642764124831559,0.9549974923332533,2,24
68,0.83707920071706,0.32231981351095085,2,119,0.6878704310136161,0.7355988717079163,2,144
69,0.49507430587213597,1.3072882294654846,2,12,0.018977876872836537,1.1895731389522552,2,20
70,0.557170550146868,0.9321404034548467,2,101
71,0.7807083442968834,0.7315928429365158,2,40,0.5911359979478676,1.034579686820507,2,88
72,0.8884257531242281,0.29499111270904543,2,125,0.05029970081907911,0.44567663754735676,2,146,0.7002085630191918,0.31113243875680147,2,200
73,0.6180855719388482,0.9411856835005713,2,61
74,0.5648011306141968,0.8109445680271495,2,66
75,0.5138826729727762,0.9405429556563094,2,37
76,0.44818093483703736,0.9925418496131897,2,64
77,0.5210523725338966,1.0619943843168371,2,51
78,0.631567863654028,1.114720751841863,2,36,0.5102798165122885,0.4403342634439468,2,71
79,0.8001764561456662,0.8779042909542719,2,72,0.12169876358713486,0.885037226336343,2,79,0.7834702265261207,0.627016027768453,2,82,1.050056533509615,0.32388703790256534,2,200
80,0.5080389367552455,1.0728197230233087,2,9,0.016420992220134354,1.118069822138006,2,20
81,0.33025722720847706,0.9653736493166756,2,51
82,0.46590304584218295,0.8277638737971966,2,26,0.7817849275375022,0.26623635047889616,2,109,0.027945509378684192,0.4166182080904643,2,115,0.2085166582269717,0.27166039049625396,2,120,1.7563986868512866,0.08399038016796112,2,125,0.1256755500820164,0.2872438376600092,2,136,1.4207461823883245,0.17819078677687153,2,165,5.230750834070689,0.12523365701947894,2,200
83,0.439711801192759,0.9708833779607501,2,28
84,0.33547443031311885,0.4911625638604164,2,20,0.030174574272243737,0.4195161432027817,2,30,0.6295685871533874,0.9400540590286255,2,35
85,0.4584886227678497,1.2526771414036653,2,49
86,0.4820852299885063,1.0012558124683522,2,27,0.043023936703646244,0.12822731236616772,2,42,0.6139457041608705,0.7244382085544723,2,70
87,0.5402809507107117,0.8256289850581776,2,11,0.017845087698668247,1.1793339782290988,2,20
88,0.9368532436531403,0.17152662812608532,2,113,0.8429883911408654,1.3374448352389865,2,122,0.6037311417567752,0.3169122368097305,2,127,0.10655595295467857,0.25236744433641434,2,153,1.3693480106136724,0.08528016209602356,2,158,0.05499213876314622,0.8834973573684692,2,166,0.8871956391143782,0.1786655481114532,2,199
89,0.3174101642771317,1.1012789100408553,2,40,0.9479343555631726,0.1423005882812583,2,86,2.340442555195178,0.12828759442676196,2,130,0.7182869700190739,0.240031425105898,2,149,4.125917729921232,0.12510579507401648,2,196,0.42717458402607045,0.47594231367111206,2,200
90,0.5937273311075729,0.701123130209041,2,53,1.1516803322268034,0.13685468091803082,2,112,2.616413276969497,0.11241357401013374,2,148,0.06963756427181508,0.3670256237188975,2,151,4.4825484337871355,0.06889895598093669,2,154,0.1290352524338447,0.5481127897898356,2,157,4.9182339419904855,0.16163735617609584,2,191,0.08004187852535768,0.48511314392089844,2,194,8.58093362653064,0.03579917550086975,2,200
91,0.4415065704812261,0.9322364372866494,2,126
92,0.2578708068573164,1.1765408118565877,2,9,1.1188711159950164,0.4793827434380849,2,12,0.052957768089609725,0.4103505238890648,2,16,0.9455631739701068,0.13606317374077473,2,107,0.2940960573795108,0.8457337342282777,2,200
93,0.20274602188855,1.2617007054780658,2,19,0.7282142314638856,1.1955342834646052,2,41
94,0.3427020868175565,0.9529207136895922,2,135,0.6769624455805489,0.6927271476563286,2,169
95,0.6949079568243804,0.39048324066859025,2,26,0.5001202563799816,0.8347926623112446,2,63
96,0.512305304850598,0.8720909453727104,2,37
97,0.43356140033656576,1.1020985314479241,2,52
98,0.46341247710726513,0.9487022732694944,2,48,1.4012038481110916,0.08220744654536247,2,88,0.04041066583524508,0.31188131123781204,2,92,1.4735150496014164,0.02854607750972112,2,104,0.07328637079967483,0.2261724372704824,2,107,1.341845556609482,0.08279472589492798,2,138,0.6936872698673844,1.0868566061588043,2,185
99,0.6492510034486494,0.8466682781775793,2,12,0.017326346328929133,1.1874117255210876,2,20
100,0.6328623799200623,1.0513431869802021,2,84,0.9427520767837491,0.5683091233174006,2,126,0.7203993285431403,0.14685500909884772,2,144,0.049810247189270976,0.3200670838356018,2,149,0.9671158277337197,0.10636036736624581,2,163,0.07713276671506107,0.30263088237155567,2,174,0.8044669716675121,0.10204920631188613,2,200
101,0.3320784927187398,1.2613299001346936,2,11,0.01876360824048094,1.2247023979822795,2,20
102,0.856428170395611,0.2835893929004669,2,8,0.6188910968887956,0.9009110643750146,2,29
103,0.6092499413490726,0.9828696142543446,2,33,1.150728304831686,0.18819661205634475,2,65,0.04966444623491007,0.14971876392761865,2,83,0.9244699467882174,0.5606321096420288,2,104,0.04784576307217364,0.787451833486557,2,108,1.1832509438938201,0.5389616296937069,2,156,8.953780999109663,0.17219492154461996,2,163,1.6975769268806422,0.23173339624662656,2,200
104,0.17441153539525103,0.7605285763740539,2,5,0.013598765079472023,1.04051011800766,2,20
105,0.5928276249932724,0.747968719930065,2,49,0.8114373977710192,0.15864222407341003,2,74,1.6173136006364839,0.07920360628594743,2,121,5.0426401771250315,0.0972689036812101,2,156,0.13639477135060196,0.38340364396572113,2,160,9.43365119315832,0.10308481529355049,2,200
106,0.4225952846515516,1.0625832818322263,2,59
107,0.28641656164665646,1.4564553499221802,2,14,0.4672150599758453,0.678790108724074,2,25,0.7400683776584384,0.13694624848225537,2,110,3.67130781221566,0.11667474536668687,2,131,0.337609558273437,0.41086702048778534,2,135,5.862524659866086,0.09429107544322808,2,159,0.27312965085075624,0.1794837994707955,2,168,13.370427435630369,0.13411567807197572,2,173,0.2886050596120465,1.5004558996720747,2,184,0.4759375916683226,0.19320788635657385,2,197,9.143970812217455,0.27374674876530963,2,200
108,0.3153750987970684,1.465070598265704,2,17,0.5085868445659515,0.7470627610500042,2,30
109,0.49282839727459854,0.9036307692527771,2,25
110,0.46625373825824895,1.585137963294983,2,5,0.024377874230883834,0.44972643322414824,2,50,0.8629253733226067,0.13753558520008535,2,67,0.040446024151202506,0.503813162446022,2,75,0.9008929009897517,0.08435334807092493,2,86,0.020650540937150692,0.3930005778868993,2,92,0.4090098723408369,0.1862899214029312,2,105,0.07174534573058688,0.30099763141738045,2,123,2.133379138901211,0.049915155921226896,2,162,0.05445275901635064,0.3036545664072037,2,165,1.6490225804917897,0.07660642266273499,2,186,0.05578560003024307,0.3513990292946498,2,189,1.4104636097372316,0.0968613014979796,2,200
111,0.5552358830378639,1.0027269840240478,2,5,0.015413448935744695,1.0912713527679443,2,20
112,0.49019383244523107,0.8414042592048645,2,6,0.9089128882904188,0.1589215642366654,2,45,0.06502215165396204,0.521439770857493,2,51,0.9791468259996648,0.19186766019889287,2,149,0.38384369410621116,0.5980806276202202,2,165,0.04986125490183628,0.13802807720807883,2,178,0.42739785853195283,0.3725772301355998,2,181
113,0.2723494433448361,1.5363049847739083,2,7,0.016396854462598424,1.3535902683551495,2,20
114,0.2646471607325463,1.371303247368854,2,23,0.7081426351304663,0.4099769053550867,2,49
115,0.12313676883353439,0.8267602655622694,2,9,1.1235678926640436,0.38970735902879755,2,60
116,0.7183025761199169,0.15634196890251978,2,28,4.8733477390889295,0.19845261341995662,2,37,0.08418433223017742,0.22223086655139923,2,46,1.9136288468221794,0.33995752533276874,2,49,0.06398681855966236,0.29468507726084103,2,71,1.211169794106836,0.1612812802195549,2,75,0.08905419697116915,0.2732922009059361,2,82,1.071123986171997,0.07237773502277116,2,200
117,0.5682141220073266,0.9151453524827957,2,12,0.01669396550057205,1.273416057229042,2,20
118,0.39403379724437554,1.1971117908304387,2,11,0.01698608450988406,1.3401129245758057,2,20
119,0.3613935817483412,0.891337925195694,2,10,0.016227484396149416,1.169095480442047,2,20
120,0.40955859433961145,0.9381534037766633,2,54
121,0.5548703502311046,0.9393089490908163,2,108,1.0788218365284115,0.2089944591988688,2,200
122,0.014993426041361101,1.1887764185667038,2,20
123,0.01584791886552528,1.2131817787885666,2,20
124,0.8122210377018263,0.3458100025142942,2,14,0.01899643557011792,1.0725980003674824,2,20
125,0.11114790434848822,1.584672172864278,2,3,0.013931332202426273,1.163627638536341,2,20
126,0.01766386965948312,1.1475543200969696,2,20
127,0.37432920085431065,1.1721387598249646,2,45,1.1749499563912456,0.3402837738394737,2,53,0.051388392384470766,0.6145912137898532,2,64,0.8442217190948964,0.15135111080275643,2,73,0.0658263639175648,0.3337878982226054,2,79,1.459893294597568,0.09097567081451416,2,104,0.1488162358655573,0.9604723850886027,2,119,0.6573499176266806,1.127976120334782,2,192
128,0.46409260946857483,0.2462598564369338,2,28,0.020706088079913667,0.27906441865932374,2,70
129,0.6615145719442422,0.8944929657560406,2,33
130,0.48280454191290684,0.8175383345647291,2,66
