0,0.8146654614729636,0.5275441591556256,2,91
1,0.36905076291707567,1.3315400985571055,2,13,0.018814851537268102,0.9842804670333862,2,20
2,0.6794914744167482,1.1375389798827793,2,46
3,0.8969003525349161,0.24980841777645624,2,52,0.07821165502595298,0.30369289964437485,2,56,0.9667653474652459,0.20770736629592962,2,114,0.055540387939364624,0.5915778130292892,2,118,1.0323709514094614,0.20214815437793732,2,130,0.06125127548292306,0.402924378712972,2,133,1.225317457970579,0.2037399543656243,2,151,0.07201870692828947,0.4628381331761678,2,154,1.1898601791504595,0.21005437749883402,2,200
4,1.0821658731249943,0.055401455800412065,2,59,0.0923295591162556,0.26518097206165914,2,78,1.1738668363069935,0.5560830160975456,2,82,0.06043520956784483,0.13593488171392556,2,131,0.6735157021190536,0.5271007791161537,2,143
5,0.9313987500865835,0.3417723230340264,2,110,0.05422518890503881,1.008861556649208,2,118,0.5318398125377266,1.0425792677061898,2,132
6,0.401407632517286,0.9569822396987524,2,39,0.5788178923497787,0.5253807485103608,2,49,0.07530861060663308,0.3838275168091059,2,73,0.7217507531014893,0.5570499517700889,2,95,0.039432087812790506,0.2341327832804786,2,113,1.0809232395784405,0.5088173913605073,2,147,0.6932494020342463,0.8305270011935916,2,175
7,0.007264840368014031,0.7172331541776658,2,20
8,0.03979387847589629,0.7747031648953756,2,9,1.1108342910339954,0.42551944851875306,2,14,0.03321283530938689,0.23648128394157655,2,45,0.6031737296045688,1.2486088016758794,2,114
9,0.42421443179899243,0.9851737641371213,2,52
10,0.4060211978799329,0.926884410443244,2,77,0.8303827273964165,0.2586546906748334,2,151,0.11916007514736156,0.32667968020989346,2,164,1.2725526027469651,0.1542274398463113,2,185,0.0461108243060017,0.4434791594743729,2,190,1.0080718170031455,0.24988627880811692,2,200
11,0.4601843337261257,1.0240339311686428,2,22
12,0.6453252366841185,1.1005304540906633,2,14,0.01610944442415937,1.294292688369751,2,20
13,0.2747045394807373,0.6869207876069205,2,7,0.014398868587900696,1.2102573743233314,2,20
14,0.11251176498242052,0.12220796410526548,2,14,0.8397802538542786,0.34271916151046755,2,19,0.021702294445798954,0.2784137136262396,2,42,1.4809874599675257,0.10301172506960132,2,200
15,0.9314728391223701,0.4182039876778921,2,15,0.2846104188205024,0.6380626066871311,2,38
16,0.6664953385581264,0.5920167565345764,2,14,0.04947255150483431,0.7703839391469955,2,18,1.215768459922928,0.07087061496881339,2,44,0.06878010248826542,0.4621018648147583,2,54,3.104854289547912,0.08615962460816624,2,137,0.0594658182713698,0.11589238544305165,2,167,0.016102029248532178,1.1367061853408813,2,187,0.09426953889969482,0.20657126032389128,2,200
17,0.5228813318563332,1.2816503047943115,2,10,0.6512060495134021,0.5066128805989311,2,52,0.05670449996859545,0.500704824924469,2,55,1.0911614720209903,0.27963974381365425,2,96,0.07084089703727972,0.48227283358573914,2,101,1.148188975076404,0.25371889024972916,2,107,0.38524758576192675,0.8300351641680065,2,145,0.7292958722418904,1.6229613477533513,2,156
18,0.644661500898464,1.0199356873830159,2,6,0.01930238866484575,0.33604595348948524,2,27,0.9521316423195354,0.6489375829696655,2,30,0.020166743586280827,0.713053564230601,2,39,0.6066152737436437,0.3112937318427222,2,46,0.019994695937765584,0.5215093791484833,2,58,1.4010532521605346,0.0480317417028788,2,95,0.6185161592927186,0.5788641755397503,2,121,0.46219771485432704,1.0832402090557287,2,182,0.04996767050958799,0.993528683980306,2,188,1.2583142296139302,0.8278988599777222,2,191,0.05778006113462061,0.7966246406237284,2,194,1.251575884810727,0.8991196751594543,2,200
19,0.5401150266363772,1.2076832748228503,2,31,0.04455609383243467,0.08501099783982803,2,98,1.143782028479696,0.13901762388370656,2,179,0.7224638762557596,0.7402273019154867,2,188
20,0.5335967662978641,0.7171850204467773,2,20
21,0.6334067723222037,0.9490284762292538,2,53,0.809925091709431,0.322856478082637,2,101,1.3360660258638064,0.2559268439959998,2,200
22,0.6980351632984831,0.5852358318292178,2,26
23,0.40902580895588214,0.9479525983333588,2,40,0.02214477081749936,1.0526483058929443,2,46,0.4603272137898417,0.9497116936577691,2,55
24,0.8275864674792944,0.7072255611419678,2,3,0.01645724281402715,1.1835733441745533,2,20
25,0.410784065817546,0.8737114369869232,2,20
26,0.7954636521332019,0.34985952228307726,2,20
27,0.43070192893479,1.0145504921674728,2,8,0.015829857196966158,1.2278498113155365,2,20
28,0.6913747294967216,0.7737964034080506,2,20,1.1905120631543469,1.812623839378357,2,45,0.7473826720136951,0.19226808845996857,2,75,0.6084282165823307,0.6272701144218444,2,95
29,0.771594164924841,1.0661752621332805,2,3,0.016595282532421443,1.0262676547555363,2,20
30,0.5331985737153214,1.1562947685068303,2,22
31,0.381682418010563,1.0269284963607788,2,5,0.014407627728370521,1.0108900666236877,2,20
32,0.01728191942390254,1.1607946693897246,2,20
33,0.40303801366813585,1.0434403289919314,2,92
34,0.7525423180305093,0.6686272949744494,2,78,1.3489422337193033,1.4124566912651062,2,86,0.5719873698180359,0.6618306374549866,2,136
35,0.3316842196505285,1.0351447264353435,2,9,0.01564901622009505,1.081327655098655,2,20
36,0.1843044985684453,0.8496288657188416,2,4,0.013163169366929774,0.9692132323980331,2,20
37,0.8058601662968726,0.8127655307451884,2,15,0.016677001674853725,1.149109125137329,2,20
38,0.30645208517359734,1.420229366847447,2,7,0.015291506326726916,0.9826863820736225,2,20
39,0.44240895576809697,0.9282061278820037,2,200
40,0.9215578408337484,0.3381829157130409,2,131,0.04943919291301291,0.2834249548614025,2,143,1.001841584417379,0.22129167190619878,2,150,0.5575245552666549,0.8689983308315277,2,200
41,0.5435900544824867,1.1841350495815277,2,4,0.048112470093297305,0.384685090277344,2,36,0.7937413130585352,0.6881720225016276,2,39,0.048824216764204696,0.24603478954388544,2,52,0.6933040409772034,0.6494096517562866,2,55,1.203566899745979,1.6922436356544495,2,69,0.9375485825566582,0.14827231857283363,2,98
42,0.01636981756022742,1.1951574593782426,2,20
43,0.36007895289036973,0.9439177308231592,2,32
44,0.4359949084028411,0.9693741577642935,2,27
45,0.9113165442503648,0.6845847189426422,2,20,0.054199258734354244,0.30454385395233446,2,33,0.9416315805690384,0.2828275006264448,2,73,0.5761298728381155,1.3654730021953583,2,101,0.04905815724759493,0.19831945619197808,2,200
46,0.367203099081827,0.995304814974467,2,30,0.49171001241577006,0.5272621056612801,2,64,0.04465231000164942,0.782220014504024,2,71,0.7308113257320462,0.5538926124572754,2,74
47,0.5537182161445378,0.6999676215405367,2,98,0.7329047305040823,0.2846864912038048,2,146,0.07507548230733944,0.4020261615514755,2,150,1.3564675741862737,0.16289058834314346,2,200
48,0.7352886518344088,0.37793556126681244,2,11,0.030267011512986938,0.42968149247922394,2,30,0.7283598928046653,0.308285432557265,2,42,0.04369638832453503,0.5408865213394165,2,47,0.284891114140177,0.4110684817035993,2,59,0.7999708138220123,0.4372913972327584,2,154
49,0.6234393353251083,1.1223471403121947,2,25
50,0.17107042525936772,1.5108542144298553,2,4,0.013075719584623025,1.096123605966568,2,20
51,0.2767380338032953,1.361647081375122,2,5,0.01529351111652109,1.1434091965357462,2,20
52,0.3504768736895408,0.820088267326355,2,15,0.017767506927880816,1.0440678119659423,2,20
53,0.4656043263212441,1.023432970046997,2,21
54,0.6050009005189254,0.7176429480314255,2,4,0.059096357778167304,0.19778022501203749,2,22,0.6714362807716145,0.4621283153692881,2,52,0.031050909748241862,0.11077020328113998,2,121,1.1749297767414224,0.293256581893989,2,135,0.046010450907542605,0.46435265988111496,2,139,0.7496591681701865,0.3588903620839119,2,199
55,0.3055891175256268,1.264013981819153,2,10,1.2670299049084006,0.1884450876712799,2,60,0.06542665716167134,0.4888216058413188,2,63,1.159625414052501,0.21389159928892076,2,160,2.8218243868669965,0.18726094654112152,2,193,0.04312202686652577,0.6237630546092987,2,197,2.462293246566436,0.645056943098704,2,200
56,0.45736251273220835,1.0611279730749603,2,101
57,0.5203498657082579,0.9186578783495672,2,29,0.023285083843747036,0.2984582564005485,2,68,0.9777302910146355,0.3346589961603506,2,135,0.02855302677453489,0.16609506607055663,2,200
58,0.3049579187357984,1.1660012364387513,2,10,0.3127692038401834,0.5025676830161002,2,41,0.3016187778647898,1.3446793345844044,2,58,0.3210574477111534,0.3599355846643448,2,63,1.266522919021634,0.053221386997667076,2,136,0.7472406257174004,0.7915275692939758,2,183,0.05535282708750748,0.2051670533769271,2,200
59,0.09862626958700978,0.9181003570556641,2,3,0.8980182694323289,0.9515691995620728,2,11,0.017883512551495742,1.1637600925233629,2,20
60,0.5774105067825278,1.1567601164182026,2,42,1.1156696514767537,0.180362289881005,2,76,0.4043571986877687,0.7206337120797899,2,85
61,0.49643145317003473,0.9059136207215488,2,128,1.1400637552381214,0.14300460980009677,2,195,0.04780904043701993,0.6416637450456619,2,199
62,0.2978859412130378,1.1510859673673457,2,22,0.020181812185424905,0.18201073706150056,2,47,0.7301787583221646,0.9836416173922388,2,123
63,0.4868118634133991,0.8750383120316726,2,13,1.2775233047732233,0.0827083742740203,2,111,0.5511112676289432,0.973743335873473,2,162
64,0.5095698169443699,1.1734844255447388,2,25
65,0.016520866847598122,1.0938200652599335,2,20
66,0.5268493478836058,0.7632283452484343,2,36
67,0.34121346249383816,1.300730868180593,2,30,0.038765973917021496,0.16166646426750553,2,174,0.7399052150067505,0.5866789336387928,2,200
68,0.5991555713021393,0.5853222784507706,2,83
69,0.6070906778851105,0.8762959064321315,2,47,0.06523644661121487,0.186037573744269,2,64,1.010090596162567,0.52156683853988,2,122,0.6630875188996352,1.0169544661486591,2,149,0.01830864015279855,0.1921487906947732,2,181,0.7272694386977749,0.3974265679717064,2,193
70,0.7506726439408102,0.9007719626297822,2,37
71,0.5742611106994956,0.8680415550867716,2,21,0.9488194513683146,0.2956315960202898,2,35,0.0690911283831842,0.3668499946594238,2,40,0.48647654326002393,0.221091715618968,2,48,0.046238601851036586,0.251337842299388,2,61,0.9956910462044439,0.19396699219942093,2,83,0.3455881072045146,0.9143544087807337,2,95,0.04724461587736736,0.874635364328112,2,102,1.1317428545044095,0.2634176164865494,2,111,0.02618091607273696,0.38585233449935913,2,136,0.9029684163176023,0.18249988768781936,2,143,0.03336843210070928,0.12769523721474868,2,169,0.8560964503097098,0.4832198406968798,2,176,0.027563067583648126,0.1677527135858933,2,200
72,0.018229734289510302,1.1966087460517882,2,20
73,0.2413862501152629,0.983876089255015,2,6,0.014388461716623583,1.0853405169078283,2,20
74,0.39800753127904626,1.216562807559967,2,10,0.016586600711108835,1.305271279811859,2,20
75,0.4906209833877345,0.8564479152361552,2,12,0.018501850926038326,1.1770385950803757,2,20
76,0.3792277098955788,0.95571094378829,2,32
77,1.186264817636448,0.13592954162432222,2,196,0.048954187457944366,1.011887475848198,2,200
78,0.35003912390705005,1.3768914517234354,2,17,1.1200995022398428,0.19841438646499926,2,30,0.39438648419868033,1.288225284436854,2,71,0.02258745334705342,0.4512825235724449,2,91,0.8920675312992912,0.5003720603205941,2,102,1.200049084575976,0.06359532594680786,2,127,0.061012451632301866,0.25996194566999165,2,134,0.9149995413559906,0.04078255593776703,2,156,0.09686170948385356,0.19732274966580526,2,163,1.0253245541444125,0.05627707102232509,2,199
79,0.36350778720764104,1.082350786526998,2,45
80,0.06501291304742916,0.5949651896953583,2,6,0.9766846666859971,0.2643641263246536,2,31,1.459767365193606,1.721738996959868,2,52,0.8752855437459102,0.5341801748921474,2,76
81,0.5433658421809979,0.961176941629316,2,61
82,0.6573482599729971,0.8957701008370582,2,94,0.9331693496078461,0.3116328353152692,2,197
83,0.45155357698163057,0.8324542525526765,2,77,1.0209593108113508,0.291135158051144,2,99,0.3228288915351484,1.4197255877348094,2,125,1.0545123222667319,0.2508051113949882,2,134,0.35257666286221756,1.3298344887219942,2,147,0.8215893982542481,0.35680333338677883,2,163,0.5048563927719064,1.194692577634539,2,184,0.023292380446764998,1.407872051000595,2,188,0.4807817793273347,1.2959790925184886,2,200
84,0.24622762427687198,0.7062703609466553,2,5,0.013324610036278505,1.0399521112442016,2,20
85,0.6829459029788963,0.8679804300720041,2,44
86,0.9898769985422398,0.13746407579991124,2,31,0.07709370248601999,0.5982264569029212,2,63,0.4854355106763668,1.2136205236117046,2,81
87,0.45714436217368953,0.9442782473564147,2,75
88,0.7618378955714514,0.22697990967167747,2,9,0.024885649250720274,0.1569918765156877,2,111,1.111297558247977,0.16339756062861238,2,200
89,0.2704319690780515,1.2591438293457031,2,10,0.8014264655371378,0.16179335510955667,2,63,0.06393574558292756,0.37436643242836,2,66,1.1367634829439308,0.2189842282391306,2,200
90,0.40425326859361127,0.8686136917935477,2,36
91,0.4686461794927663,0.98040446549654,2,200
92,0.3967321351378288,0.7219278812408447,2,16,0.019774661157301223,1.1825042366981506,2,20
93,0.32343564108435535,0.9882392644882202,2,5,0.015246308940684893,1.0435825347900392,2,20
94,0.6887022361932522,0.6146183874871995,2,36
95,0.6185622562250953,1.1129312594731648,2,30,0.023786744869632167,0.08907721612764441,2,99,0.5460426445990413,0.28300990865511055,2,116,0.027444326135089674,0.6597194224596024,2,120,1.0293012330070275,0.36926737427711487,2,123,0.02005007000786279,0.5730682730674743,2,128,0.5532938119316059,0.16254504024982452,2,144,0.01912810513794538,0.18735760636627674,2,184,0.7951256484141831,0.6098200061491558,2,198
96,0.017124850032535832,1.082329112291336,2,20
97,0.4298381871557436,0.8436497747898102,2,38,0.8626578615506566,0.5374126554220572,2,125,1.8447012843302104,0.32736458439452976,2,176,0.11940253037800588,0.4966100926200549,2,188,0.9036705028322748,0.4211690028508504,2,200
98,0.6671537596590386,1.057975254275582,2,22
99,0.253329751593095,1.236789130502277,2,36,0.7346897322386866,0.9076294634077284,2,54
100,0.5362189818363664,0.722785934060812,2,60
101,0.33481169252408066,0.7072105649858713,2,32
102,0.2997950171733304,0.9440887570381165,2,4,0.015772983999685873,1.1218293383717537,2,20
103,0.7385998266441902,0.6461094365400426,2,170
104,0.5274954344151154,1.4633128018606276,2,21
105,0.5151298443479895,1.2662163887705122,2,14,0.019348767236196867,1.197206695874532,2,20
106,0.6866537451027965,0.8261061297810596,2,46,0.048702687714744106,1.0122987270355224,2,51,0.6756360885425188,0.832665924515043,2,79
107,0.7602569471349033,0.5675778966397047,2,32
108,0.22365574048257905,0.9101835687955221,2,3,0.012666416861701094,1.0943871210603153,2,20
109,0.44768522993812254,0.9134253674083286,2,90,0.9938142418135752,1.6159585018952687,2,102,8.846554787082598,1.9131264951494005,3,111,0.39125495889386996,0.7807044982910156,2,123
110,0.4472590584587669,0.8409199992815654,2,15,1.0021401351064956,0.1756191040788378,2,85,0.10422053186329805,0.383429970060076,2,92,1.244238642470511,0.17314388354619345,2,98,0.09899629460070043,0.3885989010334015,2,103,1.2372418196762334,0.20020990302929512,2,116,0.13822214417866716,0.37870971858501434,2,133,1.125464234815186,0.223532535135746,2,143,0.07062550914789495,0.4713626131415367,2,147,1.2167062301286675,0.2100216569203251,2,200
111,0.7062237608865548,1.2077904625942832,2,19,0.06334599552510291,0.13176453743989652,2,45,0.8656186932969816,0.22908312750273738,2,74,0.04328060452694438,0.4436794693271319,2,86,1.1021531663121111,0.19168399912970407,2,93,0.021565400087958625,0.4887833476066589,2,98,1.1510248390870839,0.187064134485119,2,189,0.06561561202408656,0.43337207039197284,2,192,1.2439148256653116,0.1950495634227991,2,200
112,0.7683108630657556,1.041577935218811,2,12,0.016318365611332833,1.1557535380125046,2,20
113,0.6753710888526149,1.3134771406650543,2,20
114,0.05465694276960069,0.21301524276318756,2,23,0.8098642703352918,0.2092820523927609,2,47,0.046413384860904676,0.4651918212572734,2,53,0.9854654083893021,0.22818092332127388,2,142,0.038717029496976106,0.5083680550257365,2,145,1.1257772461644546,0.31668194631735486,2,148,0.024005635400798492,0.5566037118434906,2,153,1.123884749134045,0.2760310709476471,2,158,0.03765182524107526,0.4861231942971547,2,161,0.9552083131324497,0.24327614862057897,2,197,0.06769495025837859,0.5920019547144572,2,200
115,0.6454953862299488,1.239894187450409,2,10,0.015713578199432775,1.078018879890442,2,20
116,0.4510718994024853,0.9381378846509116,2,14,0.02147249997546639,0.5414037294685841,2,22,0.8037651519783328,0.6239178916987251,2,73,6.396094470671776,1.7828198396242583,2,86,0.7680721917867872,0.9762196063995361,2,101
117,0.5463832656831981,0.7964846759006895,2,87,0.868761304182405,0.26120697387627195,2,94,0.03296448005663484,0.3986926004290581,2,98,0.9186768901959392,0.1209615059196949,2,146,0.022616820420396318,1.075718879699707,2,155,0.8782490955555734,0.1576291799545288,2,165,0.03214488089361462,0.6856731507513258,2,183,0.9595186568608435,0.1021662780216762,2,197,0.06035158539344125,0.46015698711077374,2,200
118,0.05146130195332235,0.1308114815503359,2,40,0.8184585117570587,0.5342689553896586,2,43,0.0539455165587684,0.20968634469641578,2,61,0.9833507501793961,0.09378867489950997,2,75,0.09901573852315937,0.2923584981606557,2,101,1.1608589685605766,0.13559904197851816,2,119,0.06188803086469984,0.4413095533847809,2,124,1.0969162282277627,0.19147619754076003,2,134,0.07244877862387673,0.44700027257204056,2,138,1.1580948301480982,0.2702872152290037,2,200
119,0.7265247095063206,1.2388943343451528,2,66
120,0.4047847701007392,1.0414008281978906,2,102
121,0.39617425341982476,0.7085595975319544,2,12,0.04677084338387174,0.3625339657068253,2,42,1.0384043636535745,0.2725495249032974,2,46,0.06962568786854789,0.2615031999349594,2,71,0.9777178201207942,0.29489732450909084,2,98,0.8213655852590291,0.7410076946020127,2,118,0.41821274164592764,1.0495430445059752,2,157,0.029472530599170283,0.19807418506769908,2,199
122,0.6695096776300662,0.6042949706315994,2,4,0.046877296567225925,0.33172897100448606,2,29,0.46885474938823046,0.6279493272304535,2,35
123,0.3095901841672296,1.2969992331096105,2,7,0.03149008406413314,0.5440093319158297,2,44,0.8522637244065242,1.0534908374150593,2,47
124,0.35715481476350164,0.7455493807792664,2,7,0.01652791112791254,1.0301726964803843,2,20
125,0.5803711349483675,1.062021557490031,2,30,0.06547823945083744,0.09824860965212186,2,54,0.6514791615915044,0.9738505708760229,2,199
126,0.4183325146114518,1.1561394945995227,2,74
127,0.47179882843344295,0.9697025979266447,2,34,0.011998683477993922,0.8417310139228558,2,63,0.34270782079745266,1.1237356066703796,2,67
128,0.22835731163035528,0.376390665769577,2,6,0.014613485743349851,0.9266120663711003,2,20
129,0.3584649110298472,1.476559111050197,2,7,0.012120262561382811,1.40013354520003,2,31,0.2294221665127284,1.4997750255796645,2,40
130,0.6312675851499848,0.7533675254810424,2,42
