0,0.15169543832442012,0.41233607940375805,2,16,0.6569293939510601,0.3215401957432429,2,46,0.06176533835273975,0.3362276635386727,2,57,0.7495410325162433,0.2561936303973198,2,65,0.04177474652729912,0.7357959796984991,2,77,0.7122374792876658,0.19511836456755796,2,101,0.05099024128487083,0.4689207530539969,2,124,0.9954649613529595,0.2704453319311142,2,128,0.03216867843205202,0.37405407428741455,2,139,1.0720679315460835,0.22573760747909546,2,144,0.049760383431031875,0.4757547229528427,2,150,1.1682236769913394,0.21334417253732682,2,200
1,0.4298675625061986,0.9939469736675883,2,43
2,0.5819162646013066,0.7469788670539856,2,5,0.015076520128191653,1.0428546746571858,2,20
3,0.3679482382401874,0.6706437298229763,2,7,0.06601996977453979,0.5261037595894026,2,30,0.6548528887231365,0.3082456045291003,2,47,0.05460639741099655,0.5066958742756997,2,78,0.4046999950855013,0.6911083506910425,2,97,0.8899827018816632,0.24525521774041026,2,116,0.10373857846047638,0.3780511561781168,2,132,0.9147708013713872,0.2267827033996582,2,147,0.063125467987022,0.44579088091850283,2,152,1.076198280715262,0.22590058718038641,2,175,0.6632546052627576,0.7634073722362519,2,200
4,0.03860630466782576,0.1674435148213772,2,47,0.801329261854109,0.3955568808775682,2,60
5,0.3598914712266816,1.002895135145921,2,26
6,0.6958329441967361,1.222008503973484,2,16,1.191975366224102,0.18107641807624272,2,30,0.050375101760481676,1.4701085223091974,2,39,1.0293609338743683,0.2770541672195707,2,60,0.37104113314441306,0.9881729419166977,2,97
7,0.6344276061465937,0.9464949710028512,2,35
8,0.7432322117139379,0.9215289945001001,2,111
9,0.5844225473515579,1.153100801838769,2,18,0.7182628836738013,0.46170452514360116,2,61
10,0.6650577995012971,0.8887571493784586,2,42,0.026823455155096057,0.9030732572078705,2,52,1.0036930341886527,0.6360974567277091,2,59,0.04309521063791728,0.8631490916013718,2,63,0.9260379789129676,0.8706809222698212,2,73,0.8115811670435445,0.3557342336366051,2,168,6.362742841738216,0.10532401502132416,2,173,0.5024252061448812,1.0756451068101105,2,200
11,0.3914395050408112,0.7460767355832186,2,11,0.018116863507686567,1.116996659172906,2,20
12,0.4465363924880642,1.302718186378479,2,5,0.014459789015133203,1.122458291053772,2,20
13,0.25963093857114977,1.094086322231569,2,69,0.7766142459257193,0.7776448672468012,2,80,0.9185076799004147,0.21555186005739066,2,106,0.2976328003343098,1.0048401653766632,2,114,1.082816925746116,0.20694725817822396,2,161,0.047033096697393924,0.4767077565193176,2,164,0.8521857854596748,0.2807839031402881,2,190,0.05123299970365167,0.5207082231839498,2,193,1.3116366057329971,0.3889226849590029,2,200
14,0.6658274380228671,0.5880646875593811,2,64,0.043972563789869266,0.8456138107511733,2,73,0.5008253364039981,0.29801077796862674,2,86,0.056070523439627325,0.3930326657635825,2,93,0.9866656245160565,0.28278895558040834,2,200
15,0.358258571199161,1.2542308833864,2,9,0.021076866444754826,0.260532017677061,2,40,0.6454980777982561,1.218195656935374,2,58,0.05631812521345764,0.1379612684249878,2,71,0.7379432622317322,1.142417550086975,2,79,0.05171847334397124,0.11542131620294907,2,96,0.5177743971125964,1.1270307302474976,2,100
16,0.8375124953511521,0.3322367253335747,2,37,0.04772125008124195,0.5284984012444814,2,40,0.8758469507864534,0.35910661934929733,2,108
17,0.7212140420956966,1.264584681083416,2,58,0.046180617889477076,0.6196147799491882,2,65,0.6137480023502082,1.0938443740208943,2,74,1.2661150682433604,0.20836148832766516,2,180,0.3560562557639035,0.9484287410974502,2,200
18,0.6114047578245069,1.286285623908043,2,40,0.9937371624992953,0.14817273219426472,2,70,0.5112352673390652,1.0931565809894253,2,107,1.2754812858236784,0.0833020832227624,2,130,0.771090997169862,1.717503011226654,2,140,0.10845976283692169,0.5365155418713887,2,155,1.2316565102945947,0.4247809188233482,2,200
19,0.5620730095923797,0.7864731539572988,2,56
20,0.6059371505693059,0.9633493079588964,2,52
21,0.43677751861873615,0.9526251157124838,2,12,0.017406404287715123,1.0864902287721634,2,20
22,0.552648148641393,0.9843172799973261,2,21
23,0.8777098962249056,0.19411174321304198,2,184,0.22004244065808531,0.8035362586379051,2,200
24,0.7297396710206654,0.761727856265174,2,45
25,0.5705083129337043,1.2017174337221228,2,69
26,0.44021350738624326,1.0023389614545382,2,65,0.7476893924752681,0.3458429555098216,2,110,0.020137290805543693,0.30212139657565523,2,145,0.9711410230797991,0.1261001550837567,2,164,0.02965485463074757,0.5117141544818878,2,169,1.0584640928059963,0.19729539415528696,2,200
27,0.5061080993238026,0.5868633588155111,2,6,0.014909992613468767,1.1260995013373238,2,20
28,0.6092668638555787,0.9815745586302222,2,41,0.035722722417534235,0.33424702485402424,2,56,0.7634382506978462,0.3853379677908093,2,158,0.048708628984291714,0.5570110619068146,2,168,0.8735000978129008,0.3853113860995681,2,195,0.04296222259844335,0.6862872838973999,2,200
29,0.38600035650651443,1.2982939737183707,2,14,0.017224548264865865,1.2709358930587769,2,20
30,0.5903863568318309,1.1875376894667342,2,37,3.1482029021549973,1.2548833290735881,2,43,0.28152712053976303,0.7725912519863674,2,113,0.027016583993158604,0.366544561950784,2,170,1.0334424465133865,0.44195082783699036,2,175,0.020818007267787295,0.3778096189101537,2,187,0.4879027207284427,0.563075466797902,2,200
31,0.35573274529648374,1.0229613130742854,2,11,0.017892162377210325,1.0864980220794678,2,20
32,0.6646476112898217,0.3995342482538784,2,68,1.7285706152472067,0.14985166963572813,2,175,0.08057651270226307,0.37747249007225037,2,180,0.9537250942149094,0.3195269204676151,2,200
33,0.6678486792478624,0.83674751440684,2,75,0.03753165163432647,0.26044600665569306,2,100,0.8276154802785946,0.6033786237239838,2,118,0.02206786162084207,0.21890999004244804,2,130,1.0771107446947417,0.4157088030661855,2,200
34,0.7461404155398582,0.7338516541889736,2,21,0.114532808152082,0.6600476764142513,2,37
35,0.5575720357161149,0.6232408558328947,2,24
36,0.5535196529633445,0.9193960325585471,2,180
37,0.5019869837956451,1.0982121087737002,2,59
38,0.5551887842200003,1.0763990056925807,2,29
39,0.581658814469262,1.3780097365379333,2,8,0.019928964717524682,0.5260015768664223,2,22,0.9505348207401607,0.5259183963460307,2,177,11.370602108333108,0.33932445049285886,2,182,0.9711339863778076,0.9935053449410659,2,195,7.643340020908852,0.7726147770881653,2,200
40,0.3448243367733889,1.0105662186940512,2,30
41,0.31934395656151804,0.8453792469068007,2,22
42,0.44008529254218326,0.6045282970775258,2,11,0.01777030426708174,1.0275224579705133,2,20
43,0.37318248366116225,0.7432001127916223,2,17,0.03352705165562732,0.6480070650577545,2,21,0.5945875109928938,0.5559352603223588,2,57,0.7982988745374818,0.20683845811906984,2,125,2.4912922999931317,0.13459192315737406,2,200
44,0.5916565798910728,1.132839621641697,2,39
45,0.43173945959260035,0.8405010133981705,2,20
46,0.2759188758239669,1.0464636281780575,2,46,0.7497558168242384,1.0655697913005435,2,75
47,0.5780058224930416,0.7308850777149201,2,50
48,0.3478249506375268,0.6863356679677963,2,8,0.016745061547505907,1.1736369679371517,2,20
49,0.7043204583321558,1.0635638236999512,2,5,0.01570994919380223,1.012010963757833,2,20
50,0.6453838838069288,0.5991394167043724,2,49,0.9069165517253363,0.15836558677256107,2,73,0.0631623623358362,0.33663115249230313,2,86,0.847649852720128,0.15176974795758724,2,94,0.10034968410249857,0.36702994381388027,2,106,1.178676495016517,0.1378057096549805,2,200
51,0.5525363916607635,1.0655251253734936,2,22
52,0.3990117787538526,1.0265119121624873,2,26
53,0.19762111226576493,1.4045382738113403,2,3,0.014782871086829947,1.1216601554085226,2,20
54,0.6971045339471975,1.0106993205845356,2,32
55,0.2843433638310216,1.0688565307193332,2,9,1.206605401481977,0.7514492699078151,2,16,1.0301147885927984,0.18366396861771742,2,40,0.06908699982958172,0.37539399809697094,2,57,1.2919398510630928,0.19388837841424075,2,79,0.4492968432667363,0.34763044118881226,2,97,0.06631494963266481,0.4174619557765814,2,110,0.9884564604255788,0.14154560818816675,2,143,0.05645216850355302,0.3116887425765013,2,182,0.883023186258198,0.30873214619027245,2,200
56,0.6802995939613865,0.7440206649010641,2,57,0.5127742582298171,1.231407094942896,2,133,0.029644296100727056,0.25110520059015695,2,174,0.12372369133021262,0.27049383769432706,2,180,0.940976453397523,0.26136803776025774,2,200
57,0.05424203018266208,0.33438878792982835,2,13,1.2093767748258994,0.1467166244983673,2,18,0.07591311174787461,0.3126625418663025,2,32,0.9649034500900059,0.2364036145487002,2,200
58,0.6608462233323903,0.93834221859773,2,24
59,0.6662710264144198,0.9517430071319852,2,140
60,0.5624666052056503,0.5938186177185604,2,7,0.020334112577577276,1.2999435663223267,2,20
61,0.8169576978908272,1.0986269481720463,2,31,0.10585173807420371,0.5656973166125161,2,45,1.2952100020180926,0.3598690927028656,2,53,0.09600394521545669,0.46919145033909726,2,66,2.7419991198405076,0.17501044571399688,2,71,0.055541720644741506,0.45721907913684845,2,77,0.31363680586770487,0.3618311605283192,2,98,6.533809401461781,0.08893930315971374,2,103,0.09594436747121482,0.5203032692273458,2,106,6.02418636950112,0.08490908145904541,2,111,0.24415597002804668,0.48450886209805805,2,117,6.352566062756219,0.1191930890083313,2,122,0.06642424402795417,0.5323756535847982,2,125,7.3534268637763445,0.10899416543543339,2,133,0.14302814803023572,0.5544579823811849,2,136,8.205041814149736,0.06587611436843872,2,141,0.1990151235631896,0.5135481158892313,2,144,8.42059997875516,0.0702433168888092,2,149,0.07930665547340855,0.5302156805992126,2,152,7.82118557546348,0.05423323512077331,2,157,0.14065173685779445,0.5006489753723145,2,160,6.891180853379691,0.06809470653533936,2,165,0.08672184544720518,0.5136841138203939,2,168,5.745573412195258,0.0583513617515564,2,173,0.10671110735884905,0.4689441740512848,2,178,2.91992668092945,0.2805222322543462,2,181,0.09667127917860832,0.5123456001281739,2,186,3.8898176871332617,0.17160124438149588,2,200
62,0.40574026510151595,1.0107506942749023,2,25,0.5735983805809342,0.45444758371873334,2,36,0.0819818632700478,0.3660391081463207,2,47,0.8817467719616159,0.327670025058312,2,148,0.04378468061511997,0.13665832187000074,2,167,0.8164744606065535,0.22130302753713396,2,176,0.055490302346886705,0.33438286516401505,2,185,1.123731517900909,0.5396608273188274,2,200
63,0.7563580305857208,0.525172380056787,2,47,0.02630785001588244,0.2533939493801987,2,150,0.6368281189204442,0.5471915262086051,2,157
64,0.6533039732637113,1.1853887372546725,2,9,0.017673808957524684,0.9774815982038324,2,20
65,0.3522724143352259,0.6425556540489197,2,16,0.021007028677665185,1.1135343313217163,2,20
66,0.38696682609756344,0.8989462895052773,2,42,0.8113580236749797,0.6844005048274994,2,92
67,0.23492032798149728,0.44961092301777433,2,7,0.013785819153368769,1.1423693528542151,2,20
68,0.47645654146815963,0.9672581517798269,2,117,0.04160912155491037,0.3969720584841875,2,143
69,0.3721219067788054,1.1727829217910766,2,5,0.014224608480490643,1.0051556507746378,2,20
70,0.6923604917183128,0.9010472332055752,2,52
71,0.3681696948392944,0.5909257806264437,2,26
72,0.5087541380124468,0.6459351200045962,2,33
73,0.622577390615299,0.7064757250249386,2,40
74,0.37893623992730113,0.8480479381978512,2,32,0.3614762842999442,0.5052437372505665,2,40,0.03638400477574546,0.2674247737114246,2,53,0.8295905801781907,0.535134220123291,2,58,0.07958120336761952,0.3579428025654384,2,79,0.9420600897012074,0.3074949800204008,2,157,0.08194452061769261,0.5268883928656578,2,161,1.1450394330290172,0.2812650818377733,2,177,0.05713080117996699,0.4316743883219632,2,188,0.8974618714501521,0.3597665826479594,2,200
75,0.565125099368595,1.2474870000566756,2,7,0.015644648615581846,1.2907997644864595,2,20
76,0.6773800410455066,1.41570260849866,2,22
77,0.613465511300049,0.3178670822896741,2,44,0.049234020476703645,0.43335313349962234,2,48,0.9095422559517687,0.2055260153436983,2,196,1.0840607945183665,0.9636648297309875,2,200
78,0.6791237042487671,0.7538503706455231,2,8,0.10956708850525933,0.21426080763339997,2,28
79,0.7440850441011118,0.7102063699410512,2,52
80,0.566099618416929,1.065320311448513,2,39
81,0.5063117126389868,0.9531284429525074,2,38
82,0.5792774989938686,1.3589782953262328,2,10,0.017596400636562894,1.195007073879242,2,20
83,0.754645967079827,0.8722430444970916,2,79,0.041410220695168254,0.133890117077451,2,117,0.8648937187684823,0.6376504200260814,2,158,0.05302807011729781,0.17861035565535227,2,173,0.591211300653715,0.5707033035846857,2,186
84,0.24034524427609982,0.9529571086168289,2,4,0.014612503414354553,1.087134227156639,2,20
85,0.30515825289469456,1.1173465847969055,2,21
86,0.6666100500132597,0.5803713798522949,2,10,0.07467260015882513,0.3552077377730228,2,57
87,0.679617290414588,1.0868749459584555,2,30,0.31566098777142226,0.99165158363489,2,160
88,0.7032896566669478,0.8887449020431155,2,21,0.04337787990451044,0.2143994533179099,2,78,1.5283667739163316,0.08434011426664167,2,109,4.535463707891885,0.06531188989940442,2,128,0.7032937942334183,0.9171972498297691,2,144
89,0.4819829962686243,0.9576771831512452,2,200
90,0.6627718295442151,0.899936957018716,2,28,0.27091001651991237,0.347339158708399,2,50,0.4772254640360705,0.9675961981217066,2,86,0.5855561156743863,0.3748915731906891,2,101,1.0759608322052068,0.2036171459188365,2,200
91,0.44944932403197313,0.952209799520431,2,31
92,0.22936979562968385,0.7476029296716055,2,6,0.013488464738379304,1.0145783509526933,2,20
93,0.6410435194392333,1.0057151427581197,2,168,0.023539715154326936,0.27771730961338165,2,199
94,0.32120704713734355,0.7753369882702827,2,8,0.019423002041383506,0.36331261859999764,2,17,0.6302292426722492,0.1583082601428032,2,21
95,0.39425258836487875,1.1742932382895022,2,49,0.0425247137128586,0.2612212611471905,2,83,0.9942759765424197,0.450548144967057,2,126,0.6630701164580328,0.9225818884783777,2,155
96,0.6459253428426056,1.0388529484088604,2,52
97,0.6934857599016662,0.9226823250452677,2,21
98,0.6327545344451718,0.7768834149333793,2,71
99,0.6856734227886825,1.1034829219182332,2,42
100,0.7363830942476352,0.2708533048629761,2,20,0.0728984862511817,0.3395989311152491,2,49,0.8506851145776578,0.22277434170246124,2,54,0.03773356384736521,0.2030161687651196,2,128,0.45561802441720856,0.6489632924397787,2,131,0.5419526734040763,1.2090098834954774,2,183
101,0.2941843283372389,0.7574974367251763,2,26,1.231931296097423,0.19720782204107803,2,70,0.07594983083496437,0.4329823926091194,2,74,1.1084116983820547,0.21061980215514578,2,115,6.214470235136744,0.08157762388388316,2,121,0.05582277996405307,0.27379352918692995,2,170,0.7302560422157932,1.035528337955475,2,200
102,0.3790205786875145,0.9095239788293839,2,8,0.01683029555013058,1.2500965595245361,2,20
103,0.6939379329326061,1.0258200346533932,2,67
104,0.6052425906557776,0.9599795054785812,2,79
105,0.08829589831903635,1.1314348781362493,2,94,0.49241457915485354,0.63303142786026,2,99,0.01981219319364259,0.32056912779808044,2,119,0.773339940971422,0.604151489213109,2,151,0.7338415152149792,0.9204270348829382,2,168,0.0775288600969016,0.9956031367182732,2,200
106,0.7315235714329498,0.9029449629333784,2,53
107,0.6335432543967467,1.022404523744975,2,73
108,0.4934846339443089,0.9818874418735504,2,60
109,0.49964772192924123,0.8522986258779254,2,14,0.9268358270899509,0.22770981111309746,2,69,0.11193132325097682,0.5591518011960116,2,80,1.6566816166584382,0.1667628139257431,2,85,0.07785029833693377,0.3205741874196313,2,96,1.5224537029201128,0.11799784749746323,2,102,0.3709533192420846,1.1864737272262573,2,111,0.12396375657504258,0.385455958545208,2,115,1.446308678342608,0.14465441554784775,2,123,0.04383234657013241,0.43779850999514264,2,126,0.39835595133515167,0.3042788402392314,2,139,0.07847732394465265,0.3538149217000374,2,152,2.508264939197432,0.15469402323166528,2,170,0.05323446785909846,0.46936002373695374,2,177,4.738888780426243,0.10211442198072161,2,191,0.04749451216115995,0.5204831659793854,2,195,6.4323475563261265,0.16420113146305085,2,200
110,0.6084605616405758,1.3351970533045328,2,41,0.04243461759958036,0.1464693603270194,2,75,0.7162203000324668,0.702367140488191,2,97
111,0.7193579610164806,0.6002967596054077,2,10,0.01800238519405366,1.0645306825637817,2,20
112,0.5815391888882228,1.101649331195014,2,28,0.05667671028592188,0.9711087090628487,2,35,1.2556530853290901,0.11607419451077779,2,44,0.04761580171124717,0.5266655821066636,2,57,1.0373540617684531,0.19631666193405786,2,63,0.07006021517545738,0.4346623569726944,2,93,1.1746885458400538,0.17316192388534546,2,97,0.020722643320930798,0.5731186866760254,2,103,0.2740689554735049,0.6315165294541253,2,112,0.22310301835839041,1.2104106289999825,2,119,0.367767100051495,0.39576225479443866,2,122,1.1630091661348236,0.23094526761107975,2,131,0.6532824029270095,1.2609535853068035,2,167,0.057266719352680545,0.6971856753031412,2,173,1.397432546222171,0.2626381761261395,2,187,0.06561094199017911,0.5050824105739593,2,192,1.4107471181202407,0.3640827792031424,2,199
113,0.6626905079147258,1.0080106808589056,2,26,1.2391692346289116,0.24431584030389786,2,40,0.07390002382043022,0.5041658990085125,2,48,1.5727261117495575,0.22992290962826123,2,103,0.028767568357478835,0.4873237709204356,2,106,1.2222629095342084,0.3490905165672302,2,111,0.1261329294002928,0.31401748657226564,2,116,0.014786950789980614,1.2781860445226942,2,130,0.04666175248411942,0.40505150084694225,2,142,1.2360266559832302,0.05342897027730942,2,154,0.6362666564006869,1.2450524257576985,2,200
114,0.851979401495055,0.31539109524558573,2,17,0.26874257760048526,1.0637824535369873,2,23,0.9050055414535073,0.2111900962061352,2,50,0.0794802122009561,0.3883862594763438,2,53,1.4202773428615174,0.09906577720091893,2,92,5.0405850265781105,0.08629744052886963,2,112,1.0439515299144306,0.3977383658770592,2,143,0.07488935780370093,0.5836018025875092,2,147,1.0138742642104872,0.35651021301746366,2,157,0.035888190131842614,0.33750319480895996,2,171,0.7338242864852512,0.5198374359772123,2,200
115,0.40642126892794056,1.3713413526614506,2,24,1.0632269310113764,0.18507811143284753,2,45,0.056223405744101694,0.47550104061762494,2,48,1.1589156987831033,0.30946991076836217,2,87,0.06302731371469086,0.31153684357802075,2,90,1.1906899604453438,0.18553440855152306,2,177,0.05424947971012861,0.35137152442565334,2,190,1.3573025724279153,0.181309312582016,2,194,0.04744943077295292,0.6285383303960165,2,200
116,0.01603670320912653,1.0169523417949677,2,20
117,0.36983509248427354,0.6627920344471931,2,16,0.055144007086234695,0.9990846216678619,2,20
118,0.39943806359388884,0.9951214446859845,2,59
119,0.5320467929094266,1.0922836229718964,2,87
120,0.5338031924817158,0.9692664816975594,2,40
121,0.5422322794098352,1.0803150728524449,2,83
122,0.5110296098856001,0.9075580596923828,2,50
123,0.701775124209835,1.0756686925888062,2,47
124,0.253692806956751,1.0785243809223175,2,20
125,0.556952638437634,1.0808214159572826,2,34
