0,0.02247458222631826,1.2484766721725464,2,5,1.0191875377661543,0.1276735592456091,2,26,1.1097016338900287,1.4567894861102104,2,42,0.8600287875216807,0.22980532338542323,2,73,0.021235078560134207,0.6629016263918444,2,84,0.8022638209893972,1.363695703446865,2,100,1.5099922617269013,0.038824197920885956,2,188,0.8335118201118659,0.7064027140537897,2,200
1,0.5367578362255851,0.7462484159985104,2,37,0.4096667996112033,1.0995164025913586,2,92
2,0.875105005822333,0.4798235467502049,2,21,0.32188165764768206,0.1188221663236618,2,26,0.020653394900916704,0.0936290409860261,2,135,0.7082635915576537,0.42923644019497764,2,153,0.14737033229808688,0.23230903409421444,2,169,0.8858923183538954,0.19897539913654327,2,184,0.08693800048205512,0.13568030018359423,2,200
3,0.3152426219453689,1.0600722602435522,2,14,0.021522165205181607,1.0795480211575825,2,20
4,0.8754071306279001,0.5016795344824014,2,172
5,0.31838476029233265,0.8524263849798238,2,53,0.052859661165795574,0.8142832782533433,2,62,1.0075949829688404,0.31747035335188045,2,135,0.49960295943967037,0.7602563267573714,2,199
6,0.6741279804897778,0.8742112094356168,2,31,0.03138364144113692,1.1203708383772109,2,40,0.945008091348626,0.843475592136383,2,50,0.14433000737773857,0.6499601602554321,2,53,0.030472459259642228,0.17932108907323135,2,72,0.6911954207292043,0.9632027465850115,2,200
7,0.41196470411284664,0.9575605608414912,2,69,0.031109092052960512,0.17555420324206353,2,89,0.8277294618799489,1.1949813876833235,2,96,0.02226006072038632,0.13721719421446324,2,136,0.67215600430762,0.9949312787503004,2,200
8,0.007264840368014031,0.7172331541776658,2,20
9,0.5592434304989562,0.9050470810187491,2,19,0.5542741982065167,0.5383099681801267,2,28,1.2862493253916367,0.23476218916475772,2,68,6.732348808034376,1.798601903297283,2,122,14.592623100624179,1.8910082028462336,3,200
10,0.5509968349839204,0.6618689112365246,2,16,0.01912566343395444,1.031651884317398,2,20
11,0.5761836519705773,1.1551475950649805,2,14,0.01601690788145288,1.1807258327802022,2,20
12,0.5809261613290558,1.1408763352562399,2,68
13,0.6494515119818484,1.517019326488177,2,24,0.06707548586580826,0.33855607906977336,2,39,1.265153340865842,0.05075984889147233,2,186,0.04686275093062305,1.326277190988714,2,197,0.8503229746777565,1.0135198036829631,2,200
14,0.1845413922035425,0.4242787169558661,2,14,1.0728035799249949,0.2535804758469264,2,26,0.04515677511297707,0.3215920689205329,2,38,0.9803386839806527,0.08917785622179508,2,46,0.05687415266390763,0.26390383020043373,2,50,1.211108545694293,0.05753298454424914,2,101,4.128037517130154,1.2330918028241111,2,122,2.3391929890603222,0.24878402650356293,2,132,6.501759241901276,0.5798484808765352,2,164,15.737672575305586,1.1331629872322082,2,174,10.303916235150375,0.16459148873885474,2,192,2.2492028641950395,0.23388482071459293,2,200
15,0.4710110196076107,1.3188109278678894,2,10,0.015285546819609449,1.209350621700287,2,20
16,0.7850705025762302,0.8525629490613937,2,12,1.562262846163221,1.8515139176295354,2,25,12.297602603542861,1.9690582295681567,3,72,0.4587185757354088,1.3810524940490723,2,75
17,0.49837012967614724,0.9353745706153639,2,33
18,0.3816160050600874,1.010401897960239,2,9,0.016476836005535695,1.0838074142282659,2,20
19,0.6414910817164274,0.8180325673520565,2,200
20,0.7300636140045973,1.013819864977186,2,107
21,0.3491747577869864,1.0381027539571126,2,15,0.021485798987567886,1.1928868532180785,2,20
22,0.3413997500934645,0.8239575079146851,2,47,1.2319071074041041,0.11917597010731697,2,147,0.6210777214306182,0.918195681751899,2,200
23,0.24697354893542428,0.8868328894887652,2,35
24,0.057659177777703546,0.5325709506869316,2,8,0.9056651102560133,0.382197924140023,2,90,0.6615566896377287,1.1314913343500208,2,117,0.028078298358879927,0.14861380184690157,2,141,0.24453883627012535,0.16284925829280505,2,152,0.9269137746241817,0.1697728544473648,2,167,0.06196994126886173,0.20690786466002464,2,179,0.3844757498605762,1.2468210756778717,2,187
25,0.603441105431505,1.0084486722946167,2,35
26,0.36739803366901486,0.9158704354521934,2,89,0.03289188264379936,0.16623711585998535,2,132,0.41617218276921003,0.9506202538808187,2,150
27,1.210874793937328,0.08393014869037664,2,106,0.3387364299078272,0.16547243998331182,2,123,1.0326098765472056,0.042386626088342004,2,166,0.2000341628726333,0.18075495461622873,2,178,0.6507625215289938,0.1401554440910166,2,200
28,0.38660614497379375,0.9306426559175763,2,7,0.016585329184344962,1.0856327735460722,2,20
29,0.7083126059827288,0.3589732985604893,2,22,0.05952652986154698,0.20672231540083885,2,34,0.9540663758409744,0.09955729378594293,2,43,0.035990449607478284,0.3509183768182993,2,51,1.2848938168270956,0.12728513093555674,2,136,0.4881200542430382,0.8327832789648146,2,199
30,0.7892665638519742,0.36258490290492773,2,32,1.798194664355577,0.5222247065724553,2,69,6.380675120204735,0.2952169136089437,2,103,0.8949268973981366,0.31697650389237836,2,114,0.44006708651209736,1.0741697445858356,2,200
31,0.6326931859349435,1.0587605689022992,2,37
32,0.7071728276451384,0.8745278431610628,2,88
33,0.8358029236439907,0.8057766689194573,2,9,0.015678487575966286,1.0155674002387307,2,20
34,0.3247047293265057,0.4354185267136647,2,13,0.9540512121313435,0.28940539291271794,2,26,1.5293681867411697,1.4569873809814453,2,31,0.026988093864766527,1.17261799176534,2,34,7.2695035369353445,1.850636546810468,2,58,4.625428304980989,0.4831700325012207,2,62,1.7370328980777363,0.11317072489431926,2,90,7.972835871749296,1.6428180262446404,2,106,3.678760561418018,0.5787841863930225,2,114,0.9183641184933409,0.0464296855032444,2,134,0.04869564215107272,0.28930293964712245,2,191,0.6491185585847408,0.3835708598295848,2,200
35,0.2991635456698727,1.004347950220108,2,12,0.01670067364432607,1.141854152083397,2,20
36,0.5881544219017734,1.118252762726375,2,28
37,0.504664674234937,0.9139140322804451,2,180,0.05472391680940479,0.10414920825707286,2,199
38,0.5148932105241923,1.0007251103719075,2,9,0.01702696117107442,1.113715952092951,2,20
39,0.4882149621085107,1.1271481698956982,2,58,0.061357218360318794,0.47189911603927615,2,68,1.0824751058619555,0.8366174399852753,2,76,0.05725838227899786,0.2964966992537181,2,100,0.8414047686394867,0.9305539131164551,2,103,0.028990272591906896,0.14354815634719112,2,160,0.41202112815512953,1.010171853005886,2,176,0.03368037898083269,0.5072054796748691,2,185,0.6326107545075561,0.9524556159973144,2,200
40,0.7353583168284843,0.6216070502996445,2,32,0.030856628283358282,0.4081739521026611,2,57,1.064537651577411,0.11981009728425032,2,200
41,0.6043430793767189,0.8852684029511043,2,14,0.01958921723469644,1.2560348908106487,2,20
42,0.5855641869334729,1.3199479579925537,2,37
43,0.35359130133682715,1.5842066151755196,2,7,8.27204531584844,1.9259735308780572,3,200
44,0.4479762507561378,0.9326793760061264,2,20
45,0.41496049868117296,0.7354853123426437,2,20
46,0.6144025471394219,1.160696530342102,2,20
47,0.6666054943469844,0.737046115398407,2,50
48,0.7193691346577207,1.2524745225906373,2,5,0.014111031931937164,1.0061971505482992,2,20
49,0.5537647019852455,1.3107756627233405,2,19,0.9529244479982997,0.37180762986342114,2,55,0.7569531586923431,0.6990320456439051,2,113
50,0.019587572620362526,0.2582622542977333,2,26,0.9509033224506264,0.10336656951242024,2,62,0.036776210525163264,0.30118846893310547,2,65,1.0463619154627393,0.0440192312002182,2,75,0.043735667786765846,0.30837322274843854,2,78,1.4654393721381858,0.5684351623058319,2,82,4.515207590742548,1.7150290575292375,2,118,1.1792647554101658,0.2097508685617912,2,200
51,0.6543815767139587,0.7763034674254331,2,22
52,0.596503842122688,1.0660409293276198,2,47
53,0.3924649171275101,0.9471271372912975,2,89
54,0.8068631619263913,1.1288025104082549,2,13,0.020692181859182483,1.1741447278431483,2,20
55,0.530246379757292,1.0597494691610336,2,8,0.016398164612594756,1.1623425384362538,2,20
56,0.15454786066384305,1.4468961358070374,2,4,0.01316961952016281,1.1048802062869072,2,20
57,0.690933913764381,1.2674502575839008,2,27
58,0.7221066188196137,1.0165642182032266,2,15,0.01887870185761098,1.193029022216797,2,20
59,0.8089849814120849,0.423661998162667,2,36,16.048976918399273,1.9435207740120266,3,59,0.33861091030706275,0.5353289445241293,2,71
60,0.48771396841807274,0.6477283409663609,2,7,0.056222516439700505,0.27255274013926584,2,55,1.1383915615960154,0.11419450069766447,2,138,2.104183132200536,1.3611490726470947,2,141,7.7345614791496615,1.5371745143617903,2,162,5.186859180024777,0.5281405672430992,2,168,1.3940923838273922,0.15640064096078277,2,200
61,0.639812309527627,1.0607936307787895,2,48
62,0.8173769784717306,1.1759657911632373,2,23,0.020885342524019013,0.1462759362368644,2,102,1.163868498964857,0.09315473540705077,2,200
63,0.3754020766135082,0.9186805188655853,2,34,0.8393406789053703,0.3823855050453326,2,75,0.316288177292329,1.1252543032169342,2,91
64,0.29142540694735164,0.4707750545607673,2,9,1.002794426681836,0.23651548567389655,2,130,0.4945664725673327,0.7975744485855103,2,145
65,0.32810685965714,0.5735860602422194,2,22,0.0761812943440792,0.431084343791008,2,72,0.7469304778929909,0.4408232292463613,2,115,0.05716171593919463,0.2586238861900486,2,188,0.7365801039588159,1.0398784756660462,2,198
66,0.2945260745672341,0.676008469918195,2,17,0.03584435658362886,0.8013203740119934,2,20
67,0.6981986500327917,0.7310641535690853,2,14,0.016491228508796953,1.2078957160313923,2,20
68,0.6455568456508313,0.9406756505053094,2,94,0.13539540357441238,0.8443704673222133,2,101,0.0557243506132116,0.16895114524023874,2,122,0.8632197509193046,0.19176670541236926,2,199
69,0.5587326612335566,1.0815444904215195,2,17,0.04408809787814531,0.9855414231618246,2,20
70,0.6392058464546942,1.0340458407546536,2,33
71,0.019390749881424318,1.256152057647705,2,20
72,0.5742559086459885,0.8096756742281073,2,34,0.05798056063749688,0.21370573694768705,2,72,0.6274317410922634,0.2910822555422783,2,82,0.04980763468634462,0.2662566165591395,2,125,1.0609175130345667,0.20645205611767975,2,148,0.3420908536375085,0.5227834326215088,2,180,1.482574141903189,0.2425302043557167,2,200
73,0.44570225777345596,0.6794275149055149,2,46
74,0.3261626436186081,0.9727497611727033,2,7,0.01699641820308805,1.0923804961718047,2,20
75,0.5149740110111504,1.0213302625873224,2,123
76,0.4504982309334177,0.5769487222035726,2,15,0.023841402801893372,0.8585048198699952,2,20,0.6327381925101397,0.918859583636125,2,44,1.3754179252917003,0.14483982439224535,2,57,0.12661056618994546,1.3980737725893657,2,63,2.113320677876303,1.2801003456115723,2,74,1.6101125426300582,0.1351552807859012,2,116,8.811597367047389,0.07888568565249443,2,148,0.4932416699752903,1.0941870169980186,2,176
77,0.570153602491342,0.7773003822023218,2,22
78,0.7832683996445859,0.910690408685933,2,23
79,0.7182187844859087,1.1315970931734358,2,7,0.016720173474293498,1.1573699070857122,2,20
80,0.6682158197436472,1.0297842741012573,2,10,0.0166790113897323,1.379345440864563,2,20
81,0.6454888692974444,0.8792710602283478,2,8,0.016037456980079412,1.24492609500885,2,20
82,0.6316239733067628,0.8513051572736803,2,91
83,0.3393327248441978,1.286648676945613,2,13,0.019314128480696982,1.0890346595219202,2,20
84,0.35563664527978567,0.6831095099449158,2,10,0.0172484681543145,1.153578507900238,2,20
85,1.469512414893398,1.9036821722984314,3,18,0.4790212543056208,1.0811205705006917,2,87
86,0.8660755633310084,1.0764361222585042,2,3,0.014005247890009722,1.151585389586056,2,20
87,0.2917400611639831,0.8375329673290253,2,4,0.015378288854681213,1.157544493675232,2,20
88,0.4280468424932473,0.8985089820784491,2,37,5.565955266239082,1.8764148813027601,2,89,0.11066812708084697,1.3159826795260112,2,95,8.307832173455695,1.8956242799758911,3,98,0.32839629676609927,1.6154614686965942,2,101,9.447397595036353,1.9303113727858572,3,200
89,0.7046125900722913,0.8009270578622818,2,4,0.02087850917745676,0.09683194316801477,2,65,0.826490261868048,0.16722864428391823,2,117,0.0978554042699004,0.09794785901904106,2,157,1.7005560504116581,0.06822471786290407,2,189,0.07431545938137026,0.38259371121724445,2,192,5.633587177640769,0.14236417785286903,2,200
90,0.34173804333972874,1.229392445087433,2,10,0.015750886853118783,1.224092698097229,2,20
91,0.522339467829113,0.9995030527872755,2,151
92,0.5388274894309659,1.0025897923336233,2,93
93,0.4667426978339875,1.2813224527570937,2,9,0.01716004703106934,1.1744358214465054,2,20
94,0.5609968745621908,0.9668206265478423,2,33
95,0.6385981123487114,0.5850826327999433,2,24
96,0.3422535448662064,0.7140067456716515,2,83,0.05900371099406922,0.23595097450152883,2,189,0.09744583671634405,0.7054659182375128,2,200
97,0.34086712331602825,1.3659558196862538,2,12,1.0278815958003327,0.2064721786043271,2,159,0.06797627961980247,0.29850975175698596,2,174,0.41873989932230615,0.2756640389561653,2,186,0.022526829630777987,1.0440225534968905,2,195,0.7231454220360464,0.821050488948822,2,200
98,0.7798341530072148,0.8418077128008008,2,64,0.052836304905065336,0.2011601942575584,2,123,0.3343710387271931,0.2178545594215393,2,147,0.050420240902828824,0.30468838579124874,2,156,1.2793981559592835,0.15682882206006485,2,200
99,0.6863431040402999,0.9055424187634442,2,37,0.2695050298237566,0.6749903504495267,2,64,1.2674913241848207,0.9906978199356481,2,83,0.034101747013109696,0.13848544373398736,2,125,0.5427630876957416,1.0350279855728148,2,200
100,0.3830138271966733,0.6845582101656043,2,23
101,0.5557284106692595,0.7358540627691481,2,72
102,0.3331179821718456,1.004075595310756,2,14,0.7901530353017603,0.5229011550545692,2,22,0.020684402621750874,0.14215845614671707,2,38,0.34777387264978055,1.0072652995586395,2,42
103,0.6216015359739163,0.7719659842550755,2,32,0.03590739526397964,0.6045173853635788,2,40,0.8579843093001771,0.2089870721101761,2,82,0.30442035696567243,0.3477062553167343,2,102,0.02802249703684094,0.2945163715176466,2,143,0.9385474901593519,0.09784930364953147,2,161,0.030013616334581883,0.1548440373606152,2,179,0.8639721461185936,0.16902214950985378,2,188,0.01870150128272798,0.7886056729725429,2,195,1.304519425755764,0.834026837348938,2,200
104,0.33063872500239655,1.3786699260984148,2,7,0.5994943223665186,0.63880455493927,2,16,0.023848898497382583,0.24850887712091208,2,48,0.962694183650719,0.37308319454843347,2,114,0.5234940513993043,0.4265152854578836,2,128,0.48429497741663463,1.119291616603732,2,160
105,0.4642190591853599,1.027366308065561,2,39
106,0.7336741845861038,0.6682246252894402,2,16,1.1547662822190008,0.12308412360457274,2,68,0.050281707279558954,0.2684816966454188,2,71,1.3236978839026854,0.08659516052996859,2,118,2.8415255883557093,1.3838475857462202,2,132,1.706270896579092,0.7677520513534546,2,154,1.5855073160167348,0.20748675283458498,2,172,0.03141384095632191,0.11487676088626568,2,185,1.1781993912933015,0.22511531313260397,2,200
107,0.748621099456832,0.8775819717226802,2,74
108,0.5489165080130999,0.9683688624251273,2,124,0.793475135759815,0.6767465507806237,2,191
109,0.7035229541515187,0.8321488052606583,2,32
110,0.8129241566655143,0.28817601036280394,2,32,9.097247160219798,1.8356964942954836,2,116,10.785809185892546,0.8919868304541236,2,154,12.004948401312232,0.4219335580155963,2,175,15.57275238499893,1.5145982305208843,2,187,8.010028515790175,0.18235208781865928,2,200
111,0.19018580660738063,1.0818472703297932,2,3,0.013274661235801885,1.0564608223298018,2,20
112,0.6145180993938254,0.3318145715672037,2,23,4.313175521732695,1.7715428721520208,2,54,1.071567421100474,0.35182738997215446,2,97,7.885977027040315,0.5660676083394459,2,111,0.04412400821755922,0.20811283141374587,2,121,15.162758755611936,1.702391763528188,2,127,0.3368100147729292,1.2537186940511067,2,130,15.343629612682895,1.7449614644050597,2,140,0.3875969018917664,1.3673503398895264,2,143,13.967439729684454,1.8102556765079498,2,147,0.028820689022330637,1.1546025806003146,2,156,12.369447570675913,0.6268259286880493,2,160,0.5187942117417034,0.6963349223136902,2,165,0.03951831150149472,0.8250428040822347,2,168,15.01145108544787,1.0217898984750111,2,174,5.269732638978045,0.14408475217910913,2,200
113,0.2135241644177231,1.5505903959274292,2,4,0.015596828454041789,1.1528664454817772,2,20
114,0.05423602070476952,0.2754151471351322,2,95,0.7389942447091202,1.3658246099948883,2,99
115,0.324280421585095,1.179235884121486,2,7,0.016791691147709786,1.1936265963774462,2,20
116,0.8537384753801103,0.1560027515888214,2,50,0.03984999062947002,0.4302173137664795,2,55,0.7655094645608835,0.19496911618055082,2,106,0.033767835173477104,0.36904697492718697,2,130,0.8816796140279816,0.16159682090465838,2,143,0.29630771577386245,1.0687330094250767,2,165
117,0.8207091026205406,0.2083260338557394,2,19,1.358050365648586,0.910494844118754,2,22,2.6162063808591083,1.3601085948092597,2,78,8.207835256508083,1.81792056844348,2,120,9.452182204660419,1.369056830039391,2,146,6.841075275272872,0.7367965621607644,2,160,13.792454852806454,1.6531808892885844,2,190,5.372642227886118,0.28260027468204496,2,200
118,0.016681691233679203,1.1199354588985444,2,20
119,0.018938640036865233,1.254084289073944,2,20
120,0.6412422496271935,1.1079467236995697,2,56
121,0.3229606849594846,0.6659684133529663,2,25
122,0.027228988666646622,0.3590722729762395,2,27,0.7544519303056922,0.40291061004002887,2,54,0.012782001472240005,0.9026524905975049,2,80
123,0.4714460781569952,0.8984918370842934,2,24
124,0.29269474766769926,1.0229351535821571,2,78
125,0.5030247509802807,1.0383545620874925,2,44
