0,0.8944808366267162,0.5026527121663094,2,4,0.0160204586105593,1.0905213952064514,2,20
1,0.47661957984471726,1.079518233026777,2,7,0.7668877294415173,0.44037602676285637,2,52,0.591471401642523,1.3273655295372009,2,62,1.2984800666337941,0.5848518684506416,2,70,4.631434941770854,1.8541529219258914,2,158,0.3611201139063657,1.459856669108073,2,161,10.330037513704898,1.8463553837367466,2,196,0.6083500617216335,1.3760829269886017,2,200
2,0.6976524133521829,0.9837443083524704,2,16,0.02024028657172453,1.2473672926425934,2,20
3,0.47679195642055133,0.6985224410891533,2,48
4,1.111830924493799,1.2069867253303528,2,10,1.9429674562234966,1.8541765366831133,2,72,1.3898872936935396,0.5381298877976157,2,83,2.2526547412825066,1.796990656852722,2,108,0.0821196541666231,1.3039850848061698,2,115,5.988086542502119,1.7771636525789896,2,145,0.4420057736171536,1.5251179536183674,2,148,18.347621053235592,1.8889615329412313,3,200
5,0.48889268491712295,0.9499306367503272,2,90
6,0.8716287984211621,1.128749042749405,2,8,0.016728580279097686,1.0398697257041931,2,20
7,0.39918787667173544,0.9843005842092086,2,49,1.003060694989799,0.3077682353556156,2,69,0.7600255411126308,1.016899082905207,2,108,8.874578306436469,1.868556318283081,2,158,0.5231760987443087,1.0855664669013605,2,199
8,0.01922071727331166,0.5702051392623356,2,7,1.0415433978292223,0.1234619989991188,2,11,0.05533992103642541,0.4046929031610489,2,15,1.096610994233093,0.13777516120009953,2,24,0.07497441820813784,0.21681171754995981,2,39,0.5995171072782112,0.8359287554217923,2,70,0.7721051352139261,0.25650568306446075,2,80,0.023069074576091756,0.6067167270568109,2,111,0.7998445800656718,0.3376749892319952,2,139,0.549844882349102,1.373435283962049,2,158,1.0878504223006515,0.18542631680057162,2,200
9,0.5594119144688802,0.587327888466063,2,105,0.7932053302139717,0.34132897357145947,2,153,0.1264055576963128,0.5017953872680664,2,163,0.8133617209178312,0.3009506139685126,2,180
10,0.7600292421373642,1.2471795558929444,2,20
11,0.1839601680514345,1.420061707496643,2,3,0.013340214902995999,1.1669994943282183,2,20
12,0.3358884149137992,0.7824966907501221,2,11,0.018109737101520338,1.0067598289913602,2,20
13,0.2794613519103085,0.786049447953701,2,8,0.016544372937205825,1.1579416294892628,2,20
14,0.3639633349115387,0.8122145405837468,2,14,0.01653798273054699,1.086673508087794,2,20
15,0.3485993113642413,0.9663389722506205,2,6,0.015872430925495985,1.227324800831931,2,20
16,0.5052681694732413,1.1056488856025364,2,23
17,0.6358020763942676,0.7344361569019074,2,47,0.08515883374380089,0.3597347690508916,2,60,0.6469146371603499,0.8189294238885244,2,102
18,0.8517023468599901,1.4256236553192139,2,5,0.02896492675506122,1.1432356595993043,2,10,0.8038670960931056,1.3832036256790161,2,23,1.1828701499390641,0.19574413980756486,2,30,0.042461536165302474,0.2279575100311866,2,43,1.1594654505395796,0.06532756818665399,2,61,0.12439701644429789,0.2537409480322491,2,83,1.3453049122406475,0.07301061068262372,2,90,0.05589361720960652,0.2817857563495636,2,93,0.9152313091756926,0.24265041095869883,2,107,0.04784925880960135,0.2683184329006407,2,116,0.5982076932639172,0.1165165239945054,2,132,0.109594024476838,0.2146397829055786,2,137,2.4626132865311883,0.06654789547125499,2,167,0.9045196138972715,0.22396156372446002,2,200
19,0.5712857244662946,0.99572843975491,2,9,0.015069551458713174,1.077154354615645,2,20
20,0.31682518778849944,0.8429251670837402,2,5,0.015612371921701255,1.0481492598851523,2,20
21,0.7424407263999011,0.7672757321879977,2,42
22,0.3624312192678485,0.8604551156361898,2,27
23,0.4676462507175916,1.079543799161911,2,12,0.019069915245578026,1.2165619730949402,2,20
24,0.6334618588478491,1.0570309135648939,2,45,1.0881878285877316,0.1433991461992264,2,70,0.8289483530870901,0.7307561651993824,2,163
25,0.34545629064565775,0.7152442909204043,2,26
26,0.5475771698929233,0.6624069792382857,2,34
27,1.1134273527022627,0.772235373655955,2,3,0.01521125723972877,1.1182388137368595,2,20
28,0.531778654413006,0.6458863283091403,2,47,3.761522399799706,1.505325623587066,2,98,4.597279770221986,1.8293898423512778,2,113,0.034673275919332176,1.1298071146011353,2,116,9.280211356380702,1.8686089317003887,2,122,0.26180628906270237,1.4251062472661336,2,125,8.68891699447951,1.8670689761638641,2,129,0.3074888324511313,1.4563719828923543,2,132,8.74793341423032,1.888412614663442,3,138,0.24507439956645075,1.3451082110404968,2,142,12.88699863077041,1.883262837755269,3,200
29,0.8075922651281889,1.0007332662741344,2,12,0.05709933685302883,0.44821799993515016,2,22,0.5124161077093811,0.8947333194992759,2,77,1.4579707228435406,0.26800338610222463,2,96,0.5871859433236314,1.3677346876689367,2,117,0.02222360080482584,0.35872905373573305,2,142,1.0450156379699047,0.05399798704632398,2,200
30,0.5450070586244533,0.9705019920103012,2,62,0.0837509730496995,0.09522413056005131,2,106,0.015192064443661262,0.7866588180715387,2,117,0.023743634074226395,0.3160143395264943,2,123,0.13875597785239754,0.10565458624451249,2,150,1.0180192415098666,0.06975815362400478,2,159,0.043599232318644474,0.28127498428026837,2,162,0.5527319821180082,0.1979140717732279,2,181,0.04737030429807533,0.468132808804512,2,187,0.44531215089219073,0.24756581164323366,2,200
31,0.6475253884490045,0.5400453011194865,2,3,0.037140435873788034,0.39662455261818,2,59,0.956648588785394,0.34572896361351013,2,79,0.025180977017118276,1.0327232629060745,2,87,0.8324120393247005,0.22458373465471798,2,123,0.40228470382658144,0.6892651468515396,2,155
32,0.5131373381798958,0.7766005787693087,2,61
33,0.6261007541607743,0.7526594305038452,2,25
34,0.44482842387437854,0.9935693400246757,2,28
35,0.9105082266509905,0.12265717493636268,2,70,0.05068338756287085,0.2940777502954006,2,74,0.8596340817437153,0.11997651195887363,2,107,0.4675047740121588,1.0417931611473497,2,181,0.040527431725608305,0.41401448304002936,2,192,0.8388314599521368,0.2912796863487789,2,199
36,0.7571594780941198,0.5954999864471625,2,161
37,0.9244999326838274,0.126375260807219,2,42,4.562049241357807,1.676611766219139,2,74,0.8827539096307939,0.3896198545893033,2,86,0.03014391992026667,0.2284077157576879,2,89,2.0112094364373583,0.11813230275570809,2,200
38,0.2907204239338373,1.0420395930608113,2,30,0.2826143497842873,0.6524715577402422,2,61
39,0.23844851198414557,1.189481258392334,2,4,0.015171140602188547,0.9948256090283394,2,20
40,0.37205578524086985,0.9964035308879354,2,46
41,0.6082380615125934,1.0790995018822807,2,7,0.015873284956252825,1.174010918690608,2,20
42,0.5512138571913054,0.8735563416372646,2,88
43,0.6144943679459997,1.0033984607265842,2,31
44,0.42952618976006135,1.0969769358634949,2,20
45,0.32445533375715724,1.1609893107818345,2,59,0.7686951722687971,1.0480852001591732,2,78
46,0.6282455980006508,0.9111589988072714,2,3,0.015741439431851398,1.106342357747695,2,20
47,0.2888692386073048,0.8054936329523722,2,3,0.039025520817406026,0.12786972293486962,2,29,0.8209147323380263,0.155731072028478,2,38,0.0226276266131936,0.19827234372496605,2,50,1.1139896483120626,0.19669337596809655,2,107,0.6822170923609817,1.160409433686215,2,153
48,0.6427097271048412,0.9054135220949767,2,61,0.06771711846674075,0.21262376096386176,2,113,0.6516073487666361,0.8649008671442667,2,119
49,0.5448469340235389,1.1867782413959502,2,20
50,0.6066970000966456,1.087090859046349,2,13,0.018875678769292303,1.066564406667437,2,20
51,0.42706645872229226,0.9575503244996071,2,24
52,0.39997707402644295,0.9199448108673096,2,35,0.9153664472999967,0.10909363059770494,2,56,0.05050307142368543,0.9739400893449783,2,64,0.7939338981716191,0.6439912840723991,2,72,1.282967400753469,0.08128252394240477,2,130,2.469854523320933,1.318588387966156,2,140,5.946958636033742,1.6975351903173659,2,158,1.500103864171441,0.1074261674657464,2,190,0.03907525661323819,0.6516253501176834,2,194,1.0879583655366212,0.7950133085250854,2,200
53,0.6915269483408246,0.6169048768502695,2,27,0.01980755009588447,0.13293594057145325,2,73,0.5440270466534752,1.028898928357267,2,160,0.03548266324342715,0.48903602734208107,2,168,0.5884991018458537,0.9323765238126119,2,192
54,0.33870327920772797,0.9684374213218689,2,40,0.03268611383508531,0.1619589477777481,2,111,0.8093277843792995,0.3173423388174602,2,118,0.3447981805792239,1.2961907815933227,2,143
55,0.7127796647807598,0.8732277330230264,2,17,0.056190024360446414,1.398246169090271,2,20
56,0.6390327355471537,0.769179908213792,2,54
57,0.3105957959868417,1.2457058562172785,2,9,0.07633009709525669,0.11093603138298912,2,196,0.8030257273503888,0.965944230556488,2,200
58,0.6609070124186819,0.9357597448263958,2,157
59,0.7631668036604372,0.5798158711194992,2,50,0.415990726710492,1.0835546175638835,2,65,0.02989442669142835,0.9601686477661133,2,70,0.8244640560829926,0.7096967577934266,2,75,1.184282940917867,0.19715258982032538,2,155,0.06260785043738788,0.3220033297936122,2,161,1.246887403146978,0.11640541713971359,2,200
60,0.6452709133701501,1.089014920321378,2,22,0.057230614404991,0.20503427359190854,2,33,0.8502444050279887,0.10954700112342834,2,38
61,1.4280443407378307,0.33318434000015257,2,75,1.1907195134945145,1.4762849866366776,2,136,4.337071124317235,1.9054455161094666,3,162,0.9357998623674896,0.2478777500135558,2,176,0.7400815298487857,0.8360175438549208,2,199
62,0.3317359042106836,0.9439187924067179,2,15,0.023355252979620825,1.1751416206359864,2,20
63,0.300596012085617,0.537034506147558,2,11,0.01854787168422776,1.1542276806301541,2,20
64,0.41474805952272087,1.102539757023687,2,23
65,0.3345615388139757,1.1053867169788905,2,7,0.01615702190933648,1.2305413209475005,2,20
66,0.42551383471655935,0.9238050613138411,2,36
67,0.22606194942019806,1.3670255541801453,2,4,0.016116258682893833,1.2366158440709114,2,20
68,0.5537934602290947,0.9086926424503327,2,100
69,0.6673924521664845,1.3054069739121656,2,13,9.26644020265377,1.9565147757530212,3,39,0.6121001247938717,1.486993948618571,2,42,9.960782017588874,1.9604852818235565,3,200
70,0.747808709888618,0.72114330300918,2,26
71,0.46220068378995494,0.9599651736230707,2,199
72,0.3877588790365857,1.0576417357833297,2,27
73,0.33904484889452063,1.222262332836787,2,6,0.015389625729531866,0.8478642957551139,2,20
74,0.30276293087638817,1.081937517438616,2,7,0.033055267297580376,0.1859617720047633,2,22,0.5208003802059923,0.8622588324947518,2,141,0.755326783249003,0.49568929970264436,2,151,0.06612103280994233,0.8373334237507412,2,158,1.146649012880913,0.45708548799157145,2,198
75,0.9523068105474185,0.2936608296903697,2,22,2.4722994229745,1.8115339554273164,2,35,0.040819609447452436,0.12679543266597304,2,138,0.625605249698818,0.42582971254984536,2,153
76,0.6598959042589541,1.2091263309121132,2,16,0.02043114008794509,1.3080899119377136,2,20
77,0.459532365012031,0.9547911966056154,2,57
78,0.5304482219628108,0.8232479424312197,2,87,0.03389564685746496,0.1089095733193464,2,130,0.8478478004798441,0.5536376440525055,2,155,0.03155175629746022,0.4233678685294257,2,200
79,0.6881248332080458,0.8509778891290937,2,14,0.9833129821680108,0.3035289560045515,2,49,0.4435625506654465,1.0018792785704136,2,113,4.818838306349267,0.16989640063709682,2,122,1.1478654760682756,0.30741328075528146,2,162,0.016820698467775817,0.2544955909252167,2,182,0.7898185817733262,0.7357351183891296,2,185,0.052853716747346915,0.8339439511299134,2,190,0.8630739098693789,0.5431043714284897,2,200
80,0.4911509457814756,1.0430047668394495,2,61,0.7639134794269747,0.2802170484016339,2,85,1.5070283260566442,1.905577268600464,3,110,0.29627134184328824,0.9709326684474945,2,120
81,0.533765953511816,1.168271165145071,2,38
82,0.8363142804391585,0.39740878569357324,2,33,0.4092926966025485,1.1049178140919382,2,74,0.06947088087459037,0.9470470100641251,2,78,0.04729244409544591,0.2604057208872309,2,180,1.1306009875527296,0.295925677606934,2,199
83,0.6937189822693285,0.7430278969307741,2,48
84,0.8392143714830931,1.0694516897201538,2,9,0.05090512371589204,0.13878538459539413,2,29,1.032848312569113,0.3322960446987833,2,57,1.8511931209256138,1.6405646204948425,2,65,5.8630866073503,1.8168623955161483,2,119,0.05821873028624901,1.1299094756444295,2,122,11.271173811096954,1.800252165645361,2,154,0.07642264758021824,0.2419738640387853,2,169,1.0788103430216756,0.12308705958627886,2,200
85,0.8666494657997642,0.2503215126693249,2,200
86,0.6029661031582529,0.9432917515436808,2,45
87,0.5231697508172662,1.0177537732654147,2,9,0.0295355525318084,0.18614631284166266,2,36,0.9285609256468597,0.33242918904555047,2,95,0.6842413972033502,0.61384322607156,2,128,0.6970370476251874,1.166234620979854,2,142,0.7047276293346734,0.5970294972260793,2,145,0.056012316152115604,0.15906799733638763,2,200
88,0.39110395695118105,0.9383714258670807,2,20
89,0.19953185075866747,1.3837493658065796,2,3,0.04796608198091769,0.1878994299719731,2,27,1.0023122677529424,0.052460409023545006,2,49,0.04680448918060586,0.6411452194054922,2,55,1.1411628624761976,0.11755230756742614,2,83,0.04672205088079695,0.349480576813221,2,87,1.5605336098754508,0.11988901542989831,2,106,0.4244575456182769,1.4196524540583293,2,121
90,0.37358185201785804,0.8805034596186417,2,26,0.016011246517372322,0.5742671370506287,2,31,0.21773559256579214,0.24810625426471233,2,39
91,0.5768207466094334,1.4856101989746093,2,5,0.015542819035488991,0.9991803328196208,2,20
92,0.4973298797093058,0.898964386237295,2,19,0.0547933308911387,0.1800801952679952,2,28,0.2730877946378679,0.3884267686378388,2,49,1.4666257449696125,1.7068137185914176,2,63,0.711710941469416,0.6597534395181216,2,89,1.029392526476457,0.1985921001256402,2,156,0.5366838806440122,0.8741703934785796,2,197
93,0.8177070045844904,0.37009576567121455,2,37,0.055078934797605644,0.5012051512797674,2,43,1.1932591037761315,0.2628597170114517,2,46,0.38125268722258526,1.00225952538577,2,57,1.1984240214521675,0.23139584216536307,2,106,0.6500145953677995,0.696904046194894,2,134
94,0.461816566902705,1.2697429209947586,2,16,0.04250398386268598,1.0021994643741183,2,25,0.2177907655708397,0.18185011354776529,2,38,0.07516074672193408,1.198985795180003,2,44,0.6059580177191308,0.6086314737796783,2,54,1.1270219176588736,0.121481814118753,2,137,0.26465770995168236,0.23748075713713965,2,143,1.7374010739000278,0.09394898043389906,2,200
95,0.6703060588890166,0.47420653530529566,2,35
96,0.6300903878699025,0.7814504919630109,2,33,1.3194196869670647,0.27090112323110754,2,44,3.7374484852027745,1.8526216583736872,2,103,8.037337400577965,1.8985628098556675,3,200
97,0.319934435812201,0.84053675216787,2,34,0.784626396680232,0.8441428078545464,2,61
98,0.5000473386287296,1.0592388272285462,2,20
99,0.4233777751524735,0.6697220355272293,2,20
100,0.4804886321175693,0.9913495063781739,2,15,0.020092415928228757,1.3153803825378418,2,20
101,0.7559854898379504,1.4056857313428606,2,35,0.7888432907485999,0.24530153455478804,2,119,0.019811365708601734,0.4854096228426153,2,130,1.4041679506946165,0.1259426712989807,2,135,0.04187830075277505,0.34790298342704773,2,138,1.3523517716489464,0.11259075626730919,2,142,0.055738115575439735,0.33111557364463806,2,145,1.294224357558637,0.0712643638253212,2,153,0.047036918240094226,0.29123886426289874,2,156,1.1261622761954375,0.05719874302546183,2,174,0.2907438830035321,0.17890127301216124,2,184,0.18439389161022005,1.2594189941883087,2,200
102,0.6732953622816145,0.6587483974603506,2,26,0.055801305042160715,0.6216018416664817,2,37,0.5174197444352212,0.6801684752658561,2,64,0.08008268660526068,0.7770012418429056,2,70,0.8890082102096594,0.28845666183365715,2,79,0.057728515999179865,0.40330390496687457,2,90,1.0597507882889416,0.09982794956727462,2,200
103,0.545865358859922,0.8553596847462204,2,53
104,0.3912140701038701,0.7611871379263261,2,34
105,1.2039485101395688,0.04249882008880377,2,80,0.36873400763067415,0.7260243675925515,2,91,1.404652613656221,0.07952345744387744,2,164,0.47866917335328985,1.0589077042208777,2,200
106,0.5743934099158082,0.7214790918457676,2,71
107,0.5671703015894572,1.0168111008756302,2,68
108,0.5606442153678134,1.0733114719390868,2,20
109,0.7104149974586569,0.5187744770664722,2,64,0.521068007037928,1.021365414743554,2,137,0.7443841576791068,0.25972553123446074,2,171,0.04376478055207185,0.5547497197985649,2,175,1.045191853220486,0.25862228782737956,2,192,0.0409593219527433,0.5319927781820297,2,200
110,0.7251947999963236,0.8823281675577164,2,32,0.04744536215767339,0.10037018275923199,2,86,0.7503712088521561,0.6816227180617196,2,93,0.056265071926357706,0.9534446682248797,2,100,0.9881713998905134,0.23413375725871638,2,138,2.9965733575940092,1.7164346669849597,2,157,0.03231633219687582,1.0590056975682576,2,160,7.402916720013686,1.723503297025507,2,171,0.35433589641718294,0.6928644180297852,2,174,2.8661250182536557,0.3611728526078738,2,200
111,0.38825395052019374,1.1117922425270081,2,20
112,0.602788922542487,1.4115994132083396,2,23,0.052826546111841885,0.2845672943194707,2,98,2.258615816304476,1.7784223815669185,2,144,1.6393795864395393,0.220577364618128,2,155,0.06831231942699797,0.32349805533885956,2,159,2.5071903225711396,0.04370590753671599,2,200
113,0.3488497061196616,1.0170566082000732,2,5,0.014903277796964442,1.0186298767725626,2,20
114,0.20297642608091981,0.9090925954282284,2,80,0.7901668890218843,0.8801619172096252,2,100
115,0.014941865176025915,1.124755522608757,2,20
116,0.01811731804929375,1.2144641757011414,2,20
117,0.10445550886502383,1.538017749786377,2,3,0.01354281277175483,1.1817346180186552,2,20
118,0.01630225375161509,1.2071060627698897,2,20
119,0.015540781262356447,1.0963571935892105,2,20
120,0.5038619268265713,0.9288608219431734,2,174,0.8855058566798895,0.5679030480484167,2,198
121,0.7314751947622152,1.434193185397557,2,7,0.01714581996293324,1.0937537046579213,2,20
122,0.4981909277283765,0.5605710819363594,2,16,0.020814556101525567,0.8535915911197662,2,20
123,0.6827173149724349,0.9019250664217718,2,29
124,0.07053003624956068,0.09251342820269721,2,28,0.01740633580496358,0.2653040960431099,2,34,0.7852981980495903,0.38626453826824825,2,64,0.04326778126175781,0.5383717815081278,2,67,0.8059132554732622,0.422639986500144,2,147
125,0.8014951919944896,0.6174137417007896,2,34
126,0.4884650088903387,0.9330584693838049,2,27,1.0733667292460138,0.4291671674985152,2,79,0.6823040324114548,0.764458142220974,2,135
127,0.42900202607934046,1.1754156288347746,2,38
