0,0.3317047762745494,0.7108077625839078,2,49
1,0.43265199734905224,0.9505106102336537,2,44
2,0.5574294674778685,0.9746408618631817,2,42,0.05057791189178369,1.0300050377845764,2,46,0.7135997833100721,1.0630607149180245,2,80,1.1730124395959207,0.15023756325244902,2,95,0.07634245334490088,0.3281736834482713,2,106,1.259594291400518,0.06674671254970216,2,197,0.0895170183458377,0.4537799259026845,2,200
3,0.21328050877073182,1.078494381904602,2,5,0.014607809534470337,1.0906902551651,2,20
4,0.38470371668145115,0.8568957328796387,2,5,1.0855058538870133,0.06864157915115357,2,70,0.05703846886457233,0.28408728167414665,2,74,0.9815421208698297,0.11871681182548918,2,132,0.021333239026904243,0.4226292123397191,2,138,1.1348326368802484,0.33347034454345703,2,144,3.922939667021379,1.688435137271881,2,164,1.4363553613319955,0.10038225228587787,2,200
5,0.6610623222740681,0.3992508790072273,2,17,5.809302523578925,1.9184132530575706,3,59,1.6657372366136183,1.7485591874403112,2,76,7.975840944409086,1.8937043580744002,3,148,0.5573502876838399,0.3266557587517632,2,157,8.320026429551401,1.8944984248706274,3,185,0.02835471941906195,1.0774324735005696,2,188,6.539355403756252,1.8391412595907848,2,200
6,0.5913098543510317,1.018470224738121,2,20
7,0.6606932104346375,0.6176029220223427,2,16,0.02212450118469071,0.831093892455101,2,20
8,0.7512797857341161,0.91853450353329,2,13,0.9207215978439364,0.2691465532534743,2,86,0.04906892435453558,0.3955075740814209,2,90,1.1505226675249258,0.20891462372882025,2,118,0.04973614604599274,0.6884138822555542,2,123,2.886367569467085,1.704285904765129,2,163,12.50420952126656,1.6246067652335534,2,176,10.373458517159518,0.1995308741927147,2,196,0.41603850616536414,0.44598817825317383,2,200
9,0.4893128044020069,0.6123053949130209,2,19,0.0372571435469841,0.2914166638384695,2,42,0.43578321079351895,0.6006599466005961,2,45
10,0.29454200858241203,0.9739667773246765,2,10,0.014979860190755586,1.1301409125328064,2,20
11,0.48002338572943903,0.9014836195149,2,79,0.044458627532530055,0.15339440310543234,2,101,1.1307032211671173,0.3473924610650901,2,134,0.47502630419350933,1.0628874190151691,2,166
12,0.30812296462892297,1.2396928519010544,2,8,0.0167450554190482,1.1889197727044423,2,20
13,0.3587269725638826,0.8749844202628503,2,13,1.0504667828352758,0.6705029931138543,2,47
14,0.26004551871043347,1.112287425994873,2,5,0.01409270775119676,1.0490664879480998,2,20
15,0.26982327392390476,0.6761344075202942,2,6,0.013465188548213214,1.2012188008853368,2,20
16,0.39499227464161957,1.1850188838111029,2,9,0.016368290920922412,1.2507888945666226,2,20
17,0.3853992544898602,1.119706703349948,2,64
18,0.6331093217545992,1.0528040803395784,2,26,0.8661999144155078,0.22627499770550502,2,68,0.8554007044920895,1.4086618423461914,2,77,1.5205937276621697,1.7246069266245916,2,116,1.218163622990895,0.6375365763902664,2,126,1.3159424765765846,1.6610446870326996,2,146,0.050168732811604645,0.28164639981353984,2,163,0.5361903135439855,0.13932621749964627,2,185,0.023183495997101355,0.3965895255406698,2,200
19,0.34534127015397525,0.6703904376310461,2,34
20,0.528905206463248,0.6460601916679969,2,39
21,0.8727358020425825,0.13483227710974843,2,57,4.306125975037113,1.7708243161439896,2,97,0.1197743126909923,1.0440803575515747,2,122,1.1782854000296856,0.43151926196047236,2,150,1.4224067740332165,0.16248414597728036,2,161,5.727373393352791,0.034707170648452565,2,200
22,0.01682944738724496,1.1048636436462402,2,20
23,0.715609409307883,0.7349122223945764,2,26,0.6719388598072267,1.295640330761671,2,58,1.1692016858797656,0.14913267657464865,2,107,4.1438678811768765,0.09112689793109893,2,117,0.3983833905749435,0.3697223762671153,2,123
24,1.1029359737531172,0.09555229286734875,2,104,2.1083180910218755,1.3424590637809353,2,123,1.4911450016666008,0.22877971331278482,2,129,0.06732586505992945,0.26290256281693775,2,132,1.2612959604546632,0.09999626349000369,2,200
25,0.4373855559249628,1.011481980716481,2,85
26,0.33011330266464556,0.4412097964021895,2,9,0.014959261912756325,1.1947238553654065,2,20
27,0.39604034081308087,1.2222714532505383,2,11,1.0565964145803015,0.09620314588149388,2,41,0.0694737294884775,0.3427529737353325,2,51,1.1027120080516066,0.1290177000420434,2,86,3.7570270601431517,1.4476318103926522,2,100,1.3184855921056224,0.1785308670353245,2,174,0.05060533614736064,0.6355401476224264,2,180,0.5993920532863108,0.6928845047950745,2,197
28,0.5799723473087014,1.0660903938114643,2,32,0.0490957269383123,0.23978746268484327,2,41,0.7637465531511981,0.6282964184095985,2,60,0.05153819316484453,0.22027992208798727,2,78,0.5467594207914883,0.9935690296323676,2,173,0.7322754554945171,0.5744726279607186,2,199
29,0.37007927844843325,1.0595217193875994,2,70
30,0.3675847597651793,0.9412728410959244,2,200
31,0.36752084469284957,0.6676040552556515,2,16,0.9906383829444714,0.13909949575151717,2,72,0.06416668694262362,0.1270116399973631,2,104,0.8825921668964233,0.1605826886370778,2,120,0.6411621528946503,0.6874304413795471,2,138
32,0.6364324984621162,0.9279200836103789,2,49
33,0.4278997654672961,0.612884004910787,2,24
34,0.3261706923428437,1.0302985471028547,2,52,0.05232086292237982,0.2933215394064232,2,79,0.9033017572578704,0.2516223523637344,2,137,0.01957311408068843,1.1329456329345704,2,142,0.5959184545887511,0.8594145889465625,2,168
35,0.36684027760456545,1.1749987751245499,2,16,0.020159596446110005,1.1942655146121979,2,20
36,0.7707201594614975,1.2510009833744593,2,7,0.017849637785090747,1.2428581714630127,2,20
37,0.6282885858295371,1.0492876353471174,2,46
38,0.5677357271478253,0.9739419693170592,2,43
39,0.794512828597213,0.2724005969034301,2,18,0.6038441993514821,0.8533883603180156,2,52
40,0.7775775926799972,0.7947370184792413,2,45,0.37671380563910634,0.832052098541725,2,86
41,0.03737875974162618,0.17214012145996094,2,21,0.41581080372841867,1.4233905375003815,2,25
42,0.12926984360289717,1.2034419377644856,2,3,0.01252995663553807,1.0881440709618961,2,20
43,0.6294744365122776,1.1903624222828793,2,65
44,0.8007083284912465,0.46819210300842923,2,36,0.03045702742383194,0.18575208527701242,2,57,1.222514496030997,0.11944363130764528,2,79,0.7336769905386249,0.7915849573910236,2,103
45,0.6896872732726165,0.89407703683183,2,37,0.058005987583129276,0.9380866289138794,2,41,0.5756250420547031,0.851816713809967,2,48,0.02554505085019056,0.2662875456245322,2,86,0.6067102439051947,0.8752457232851731,2,124,0.04275892843257569,1.034239377294268,2,131,0.8110069759080146,0.8469090376581464,2,138,0.049291221471864974,0.6670060157775879,2,147,0.6895769148821731,0.8160662464797497,2,163
46,0.6407632928474258,0.5575177539949832,2,23,0.06721530652931888,0.22891004794630512,2,52,0.4665642787921999,0.4730540778149258,2,74
47,0.5377474988988823,0.9523693578583854,2,21,0.03989846275805094,0.23349820706579422,2,66,0.5541208485637762,0.6918781218321427,2,89
48,0.5551122799356905,1.272658904393514,2,15,0.018932542836898675,1.2540518760681152,2,20
49,0.6811796406075804,0.42096775864797925,2,63
50,0.6021413865587649,0.8320785086284312,2,129,0.4249805982903633,0.49151971510478426,2,143,0.06421390902631675,0.6370037538664681,2,150,0.8439479557323397,0.3545949840545654,2,200
51,0.5830319378782148,0.9926606722367115,2,39
52,0.6865384396951513,0.8827275368902419,2,45,0.0388330516284385,0.28615286818572455,2,80,0.440885038759597,1.2329778571923573,2,98
53,0.37605810240487697,1.419393433464898,2,9,0.016986598381937158,1.2117577466097744,2,20
54,0.7367166586766469,0.8870668826681195,2,66
55,0.6022050264957666,1.0460035859561356,2,61
56,0.5806774251078128,0.827626795081769,2,59
57,1.1028631713993182,0.2822181372081532,2,34,0.33538570795574185,1.0342229942105852,2,87
58,0.09169243065131917,1.1006589730580647,2,3,0.011537661148871975,1.2171506040236528,2,20
59,0.6936070406307989,1.210101218894124,2,64,0.04359251057387609,0.2316903956234455,2,80,0.48195857845217566,1.1398988664150238,2,132,0.06386188861994914,0.3139025866985321,2,144,0.871055348135128,1.4007986935702237,2,199
60,0.4838620358086794,0.7785195486020233,2,59,11.505745145782914,1.9840237522125244,3,84,0.08622780690105303,1.2488827407360077,2,88,12.133072801447259,1.9570406033442571,3,101,0.33555909939074924,0.7503730654716492,2,113
61,0.5649491584760249,0.803412818441204,2,51,0.9207599320757184,1.359941656772907,2,64,0.05454521579259994,0.13778414544851883,2,87,0.6121480354680909,0.8096223388399396,2,108,10.292745065527672,1.8862094259262085,3,133,0.12964855078536758,1.1361795663833618,2,137,7.445189165487865,1.8506297358011796,2,196,0.2929412562129914,1.410917580127716,2,200
62,0.5741756555818265,1.2228305680411202,2,14,0.019566652966079595,0.8415086368719736,2,20
63,0.7923576584542995,0.34962660539895296,2,32,0.4066852634199409,0.9134771476189295,2,44
64,0.6669600175000355,1.019734833921705,2,28
65,0.5282829840224669,0.765103640464636,2,26
66,0.5247242494295711,0.9668807680882401,2,199
67,0.6685482816918897,0.890757592138416,2,167,0.06728757802236447,0.13619475269859488,2,189,0.9307403093238577,0.7131712545048107,2,200
68,0.9679662827562381,0.11207944976872411,2,58,3.2842572663401777,1.6054574663822467,2,84,1.0986620161624474,0.9326379100481669,2,90,0.9716016877786823,0.0028291580577691398,1,114,0.05248365945706777,0.22606847807765007,2,118,1.3139032378139135,0.043035304834765774,2,149,0.028807752204539034,0.28352959752082824,2,154,0.8792107105336763,0.13827741891145706,2,200
69,0.404853507579639,0.3826757460832596,2,20
70,0.2654137726414626,0.8626798987388611,2,4,0.015010270440895953,1.072208546102047,2,20
71,0.5707495195217437,0.42732666065431624,2,73,1.0985591990243644,0.13778086006641388,2,152,0.0879170366577927,0.26753492653369904,2,155,1.4350715255534345,0.14202954239315457,2,200
72,0.2219330965975177,1.6427591443061829,2,4,0.014571591148747448,1.223103255033493,2,20
73,0.6941845693252984,1.040588441220197,2,44
74,0.6977765839432917,1.0011443495750427,2,18,1.4486259954779834,0.1902655822535356,2,78,0.7810936305588381,0.8613891830811133,2,117,0.40231062683047597,1.5930427312850952,2,126
75,1.0964972061729759,0.3108527362346649,2,34,1.7031367132186395,1.4197007856870953,2,53,14.268597496514957,1.9836231470108032,3,63,0.3851414862151804,1.0818796575069427,2,73,11.927383960825303,1.9185973446944664,3,160,0.6398499728187694,1.5467909177144368,2,163,9.393480615454651,1.9321145044790733,3,200
76,0.24847272693680472,1.187807662146432,2,7,0.015858950033428805,1.1192547633097722,2,20
77,0.557341540374371,0.8940337569940657,2,42,0.05915748160537333,0.08255861699581146,2,78,0.569185449765482,0.8477473152535302,2,134
78,0.33108165697447234,0.9568772704704948,2,23,0.9225221400925646,0.1827204372952966,2,108,0.061909445493497216,0.2564751676939152,2,162,0.9743634193505456,0.11568430513143539,2,172,0.10479652072725289,0.3186336340648787,2,186,1.02553968321982,0.16955059341021947,2,200
79,0.7092505698696309,1.258262147506078,2,12,0.016224194579724432,1.2044402360916138,2,20
80,0.7672154446063637,0.6296650426728385,2,7,0.04284195323113417,0.06600507544843774,2,45,0.8712224310224211,0.2870577350258827,2,51,0.044130294821732446,0.14171348968330694,2,149,0.537890990319134,1.07950104199923,2,175
81,0.7166106675288303,0.9102400561858868,2,29
82,0.3335954481449273,0.9283818258689001,2,26
83,0.5939434985721892,0.2763582120339076,2,9,0.9634736154961077,1.1881531715393066,2,14,0.03461371762377485,0.9878499462054326,2,27,1.112076390950286,1.6354804709553719,2,43,0.03649353919230725,0.8030324876308441,2,47,1.194356817515954,0.5132643759250641,2,57,0.0211267227951257,0.24507612362504005,2,73,1.3860329657762755,1.4888772318760555,2,97,0.9967846431938674,0.5883722472935915,2,129,1.362560059136488,0.15667425578748675,2,200
84,0.341140859892566,1.170058000087738,2,30,0.5587028865111858,0.10766216243306796,2,42,0.9455622094421156,0.09509535909940799,2,90,0.792715828023472,1.396948766708374,2,100,1.2861536494303132,0.09769854893287024,2,130,0.07081349902702483,0.3013140509525935,2,133,1.3391624103604036,0.1333413535534446,2,200
85,0.5605567606989017,1.126887660760146,2,13,0.015480772664299257,1.2663689170564925,2,20
86,0.41148520138367395,0.9541157252258725,2,90,0.02895400420285674,0.3569562673568726,2,105,0.63836486696275,0.5802409450213114,2,111
87,0.3354330164570094,1.2397337357203166,2,3,0.015321456117389876,1.0982595506836386,2,20
88,0.022023445085828833,1.2320088297128677,2,20
89,1.011253071328933,0.2011053409804119,2,89,0.049992698606517436,0.6801023880640665,2,92,8.335575764484867,1.6651986653988178,2,105,1.3478385792464462,1.5712814331054688,2,113,10.428453111335935,1.78734736259167,2,126,0.3784373467824276,1.4763007561365764,2,129,12.768322387868034,1.5785615514306461,2,146,11.705798033550302,0.7730899780988694,2,156,0.41924098286981104,0.5425974130630493,2,159,11.799071506664873,0.46238978665608627,2,172,0.2642686995476403,0.7966246803601583,2,175,15.266380617223488,1.7128288055721081,2,194,1.0107766940075358,1.20095161596934,2,200
90,0.7224539426118051,0.9717080134611863,2,65
91,0.6432405817847431,0.6922603100538254,2,14,0.32553434383719215,1.604974051316579,2,20
92,0.6961917742116082,0.9831778544646043,2,13,1.1207383907228132,0.19778064238588985,2,95,0.04992901661276111,0.4013916750748952,2,98,1.2464783946970892,0.12437030618840998,2,153,0.021308077076838162,0.5156394764780998,2,157,1.3066300768205537,0.11781209603298542,2,200
93,0.7064770990343102,0.9215762782096862,2,25
94,0.016078589579788215,1.106082233786583,2,20
95,0.2056854961323987,1.3575876474380493,2,5,0.014956981450220907,1.184828265508016,2,20
96,0.7973441224629384,1.4750159762122415,2,11,1.393608078569707,0.15372901066901193,2,74,7.126923294211251,0.2713640754421552,2,104,0.45787843394893685,1.1074741615189447,2,122
97,0.510668845936658,1.1218398650487265,2,15,0.01935405048890596,0.6150992035865783,2,20
98,0.49748727823818417,0.9768988348188854,2,42
99,0.5432375048056501,1.1471753385331895,2,9,0.0155195346435494,1.1503814567219128,2,20
100,0.32221796696751986,0.9784262640434399,2,57
101,0.41316621987696056,1.0551290691715398,2,73
102,0.4457565364330716,0.8329562669800173,2,62
103,0.8528753383333387,0.19328566229548946,2,58,0.3052914515577198,0.6392101115650601,2,67,7.293135256206997,0.8631520085036755,2,83,12.906164084546665,1.8148019048902724,2,110,1.0038862997881446,0.1553854258923695,2,197,0.051868165866879104,0.6483803788820902,2,200
104,0.25304157737788646,1.2685894641009243,2,11,0.016024026376551606,1.365824196073744,2,20
105,0.4614754740788526,0.40680363644724304,2,69,0.049868987977198534,0.5296817017453057,2,97,0.15954905178566156,0.2886916846036911,2,102,0.7357452420853393,0.2665677398443222,2,132,0.036968813450554826,0.09919781646420879,2,163,0.3936856542432628,1.2734203209748138,2,200
106,0.7176623924169846,0.847123447391722,2,18,1.1600579101505364,0.11148296558594965,2,200
107,0.7595163315615706,0.4538997512439202,2,145,7.726389436124802,0.20976653136312962,2,153,0.3411808588630301,1.2793232659076124,2,200
108,0.5836756559869983,1.0621627067264758,2,19,0.017543912713268422,0.14889107487703623,2,57,0.5535880842986641,0.7979714241292741,2,75,0.04850368358434451,0.20841494232416152,2,125,0.800308988296103,0.34461006995231386,2,188
109,0.31473291650079255,1.4585817125108507,2,9,0.015446933815725468,1.2614691799337214,2,20
110,0.4344038277450608,0.9582304954528809,2,25
111,0.6122005232956894,0.8894315087795257,2,50,0.7067680886947197,0.5491146581513541,2,85,1.1848205906699047,0.21010282117387521,2,200
112,0.37740231759944926,0.925269980430603,2,25,0.027016790886164526,0.2026167500477571,2,51,0.9039610850541078,0.4078475563299088,2,72,0.6246917320612352,0.7029389863485819,2,163
113,0.5382790206597883,0.8571186491421291,2,14,0.016909754188613405,1.1538920998573303,2,20
114,0.3007529497013614,0.736912396646315,2,31
115,0.6492515120973248,0.9384976830333471,2,32
116,0.4642840303471615,1.3810902748789107,2,14,0.05095292387838865,0.1928944264849027,2,38,1.110415268346507,0.184317665941575,2,55,1.167582619561498,1.1718542764061375,2,74,0.14843988243737608,0.5241564129080091,2,81,1.3839765867090446,0.0799334317865506,2,152,0.0482230166147442,1.0640772846009996,2,161,1.4262999206543958,0.11570816315137424,2,200
117,0.23234342858039078,0.6714944303035736,2,10,0.015255676903621137,1.0737638115882873,2,20
118,0.45150460807456755,1.016438455581665,2,25
119,0.40476327866698747,1.1136694290699103,2,39
120,0.3406807882416607,0.8508689749240875,2,200
121,0.42502055060222255,0.7096171221799321,2,36,1.0257253157146615,0.08789265594061683,2,70,1.5867503470124813,0.6668505370616913,2,74,0.030467927208124527,0.7380232810974121,2,78,4.827111485771144,1.3237870633602142,2,82,0.05266016209318894,0.21751146560365503,2,93,8.812569196114334,1.663878185408456,2,128,0.754404095664795,1.4155361354351044,2,132,0.01646800344773805,1.3066996877843684,2,143,8.842608787543695,1.8873597741127015,3,153,0.024296245882891664,1.1207937598228455,2,157,15.503269438429369,1.90208633740743,3,199
122,0.6037938768287006,1.020038910706838,2,15,0.020912159325527497,1.1933072090148926,2,20
123,0.3024356584883406,0.6006141364574432,2,20
124,0.43170747265356774,1.017267689801926,2,172
125,0.03030818727030712,0.8728376209735871,2,10,0.6862263656994613,1.3086216926574707,2,20
126,0.7298176117599765,0.4807919519887844,2,71
127,0.5393208193517697,0.9771871119737625,2,16,0.04648241847321345,0.25897717366858225,2,57
128,0.5911350475648594,1.340501755475998,2,28
129,0.425790648130642,1.1214307487010955,2,40
