0,1.1168224484676368,0.26487141496994915,2,17,0.37279081986680257,1.450997445318434,2,35,1.1182182552793016,0.09926784301505369,2,52,0.04228446958856148,0.42921742300192517,2,58,0.5784988593174634,0.2593573019839823,2,90,0.034075361481019265,0.4213533937931061,2,95,1.1826440942676895,0.0727679650394284,2,144,0.08588651738521133,0.29617554942766827,2,147,1.465098891292104,0.07407960717408162,2,200
1,0.6545511543305327,0.9757749705479063,2,29
2,0.6649558308309916,0.7401274976631006,2,48,0.041324197233455005,0.1534619014710188,2,72,0.727603977521141,0.6547991509238879,2,96
3,0.561649381642295,1.0907593700620863,2,9,0.01536688795999364,1.0766639384356411,2,20
4,0.34122535824123795,1.0070331159390902,2,57
5,0.7381676264864402,0.8269631705194149,2,53
6,0.9225828590021593,0.6930943306150108,2,29
7,0.571435980189137,0.6576258482471589,2,31,0.8803711113527135,0.2473266171636405,2,85,0.038293126017668024,0.2789837656939616,2,146,0.5784683620817305,0.9916391372680664,2,167,0.05113689190238343,0.2739464193582535,2,189,1.0324463486897266,0.6447145261547782,2,200
8,0.9300123847356543,1.5506896018981933,2,5,10.428402907589138,1.9251560013869713,3,34,0.4699897037018619,0.6983204084363851,2,78
9,0.29458759316191374,0.5258703785283225,2,7,1.3155917318705987,1.7376972436904907,2,12,8.983048745988068,1.9610281467437745,3,22,0.46969492985170863,0.861814472410414,2,31,9.523531220276926,1.9549298976597034,3,50,0.3394834883363429,1.4238500595092773,2,53,13.120148200031785,1.9742260412736372,3,75,0.46653460202539265,0.724285290008638,2,116
10,0.5674729009878211,0.8781656920909882,2,14,0.016677172880306377,1.104428191979726,2,20
11,0.3567446664519419,1.2974307179450988,2,20,1.0171091463204809,0.3903401717543602,2,28,0.733023532992955,1.2865636973153978,2,49,1.3650694813499546,0.23026111044666983,2,60,0.8021248504487347,1.1919943662790151,2,125
12,0.41333140231749793,1.0721354354172945,2,32
13,0.5163997659203279,1.0378076901306976,2,37
14,0.6358446573087964,0.8616877889633179,2,200
15,0.5883803850602155,1.1642138861321114,2,37
16,0.7173844250253095,0.4876697426661849,2,32,0.039256714770967135,0.7181335687637329,2,35,0.8700119048782603,0.4538660071514271,2,62
17,0.3651850318195411,0.8660083500777974,2,34,1.2920442220747488,0.23842184245586395,2,52,1.8091682001818852,1.745675449187939,2,78,1.219728181199369,1.186431388060252,2,84,0.698248812904762,0.9961415954998561,2,126
18,0.42123089235834865,0.5220649318639622,2,43,0.8724048612035763,0.5517967045307159,2,96,0.3023296704405288,0.9126816552418929,2,200
19,0.704256866567745,0.8724512596925099,2,30
20,0.6019918284657488,0.6721511521647053,2,31,7.067080927937072,1.9351012547810873,3,46,0.602850521807143,1.5300611019134522,2,51,7.792928381786426,1.9816430509090424,3,55,0.31488215719162677,0.9126151017844677,2,87
21,0.30274937767937266,0.9260876739726347,2,68,1.0077252522120494,0.3887988395161099,2,113,0.9347929777557108,0.7111990116536617,2,129,0.4252790023363445,0.7702970144649347,2,177,0.09328797519896599,0.23072220709012903,2,200
22,0.6518877632063338,0.5583391189575195,2,7,0.016512358483483043,1.0644487967857947,2,20
23,0.13418254283223885,0.9334677644073963,2,64
24,0.7235962125534844,0.6136670889276447,2,66,0.06241077492587113,0.6686328947544098,2,72,0.801883369362633,0.33409356236457827,2,97,0.06450780027251056,0.33571277378183423,2,130,0.725624934188776,0.20836910199035297,2,141,0.028978102604380596,0.29617885007696637,2,200
25,0.16711753221760545,1.1828763782978058,2,4,0.013384812467686155,1.0689781717956066,2,20
26,0.52113525393694,1.0944916492416745,2,42
27,0.8190218478258675,0.7409889847040176,2,4,0.01536803955473086,1.1039290577173233,2,20
28,0.6592682068544538,0.6263011780877908,2,24,0.04447464186820238,0.2871417078104886,2,35,1.1421666561511292,0.13223230838775635,2,40,0.056850654617565055,1.0349616557359695,2,48,0.17999367724379603,0.2365803003311157,2,53,1.3891531295351247,0.05617147187391917,2,59,0.05768645981179422,0.3300710916519165,2,63,1.0668794418464367,0.10586563520359271,2,96,0.3464771073908687,1.1100329927035741,2,110
29,0.6265280650145039,0.8701489073889596,2,70
30,0.06340483538426174,0.3630518317222595,2,12,0.9898243326421188,0.08128910601139068,2,62,0.14197080011398072,0.19488403626850673,2,69,0.9076585312385573,0.19110432058893223,2,162,0.3981992265100165,1.0994771368363325,2,179,0.05359885498300087,0.15493826284295037,2,200
31,0.9316606970674619,0.3844117233677516,2,63,0.6205335072381507,0.7819990294950979,2,90
32,0.5987739721714314,0.7383784983731523,2,79,0.05128865516101329,0.10778057755845966,2,112,2.117718155849696,0.33735296257904596,2,147,0.4619878046601534,1.4096051156520844,2,167
33,0.5719783225708839,0.9239674009706663,2,92
34,1.0334029456494505,0.1721567871367059,2,82,2.0723963169203103,0.15716683523995537,2,152,6.644220315967285,0.05558548433085283,2,200
35,0.29143976219602713,0.8702815882861614,2,16,0.01784487013428968,1.0233019292354584,2,20
36,1.4004621506026567,0.09370888625421832,2,155,0.6270334802317813,0.18436843619264406,2,184,0.027124954020630393,0.39665042608976364,2,188,0.79745625370632,0.08630263308684032,2,194,0.10737045319288069,0.33910663425922394,2,200
37,0.35960604695560217,0.9151343603928884,2,18,0.7288180051316065,0.16861297562718391,2,26,2.3768789393082366,0.14026538670063018,2,76,0.9490713609874407,0.07261607960119086,2,135,0.13559534288831643,0.16856581032276152,2,160,1.1642387745168228,0.0685998360658514,2,189,0.054002082797775894,0.174215962489446,2,192,1.1452936622777596,0.13625511340796947,2,200
38,0.46500426883006635,1.135980200767517,2,10,0.8515035273208382,0.24240735520919163,2,40,0.0236375409875774,0.5370134532451629,2,45,2.5136537750054133,0.15282777390059302,2,62,0.3133097341140926,0.3628711372613907,2,72,4.260390866925374,0.1307279109954834,2,77,0.046779564409675234,0.2583978858258989,2,122,0.8342052769989049,0.3216779520536991,2,169
39,0.33679619607704514,0.9935326520786729,2,86,1.236262260987513,0.06749635274117848,2,192,0.05558014272932018,0.4064338703950246,2,195,1.8963188823607309,0.25523030161857607,2,200
40,0.6029844447329137,1.0746245547836901,2,51,0.05491236894574765,0.17140562273561954,2,67,0.6510177492191878,1.0681929448071648,2,84
41,0.36640158986346727,1.0313118855158487,2,15,0.9760545147853469,0.12880004480365634,2,144,0.04374307849031565,0.42106450349092484,2,148,1.4251113744605481,0.08742357790470123,2,156,0.04553635831277518,0.396662433942159,2,159,1.4704966732138434,0.05712768977338618,2,170,0.050944127998579114,0.3568779528141022,2,174,0.92617114203005,0.11938734581837288,2,200
42,0.38209101981462074,0.8632624858901614,2,21
43,0.7965213302465837,1.4276351451873779,2,10,0.017131244736513333,0.8740006268024445,2,20
44,0.33022783502120284,0.9103649868521579,2,43,1.1297575901913008,0.08097197533033457,2,200
45,0.4094231172159476,0.9698838459980952,2,77
46,0.547130337187829,1.00504994732993,2,35
47,0.5183871534479191,1.4910912778642442,2,9,0.0178447201822855,1.1406120712106878,2,20
48,0.3383439033739743,1.150451272726059,2,16,0.018099449502366926,1.3182106614112854,2,20
49,0.3672807553259044,1.2297977534207432,2,44
50,0.398961739866744,0.5880214320985895,2,19,1.3783852972381996,0.1346412904686847,2,78,4.840188316781188,0.06185950934886932,2,98,0.27449383248218334,0.2694849669933319,2,101,6.293246588804538,0.04172290000650618,2,146,0.07247190028919455,0.35835924247900647,2,149,0.7406977677163714,0.21795081347227097,2,157,0.03385093918583011,0.35658625662326815,2,162,2.151714137009936,0.1272056003411611,2,165,0.056876289899193855,0.31607999205589293,2,170,2.5220991481002746,0.19058552086353303,2,175,0.019452592488695516,0.2965066060423851,2,183,2.253772962369659,0.15754417812123017,2,200
51,0.631781663874106,1.0283759705563809,2,47,0.2915450728858574,1.0774408054351807,2,147
52,0.6603041652475348,0.8457828983664513,2,24,0.06086385320678394,0.113954814832385,2,65,0.8200353454311439,0.14008917872394835,2,79,0.33101077956373326,0.7788523005114661,2,97,0.8733390108330248,0.1064529310573231,2,119,2.505455779852309,0.05725070944538823,2,200
53,0.7548542985202723,1.1831440983749018,2,41,0.02352339395243679,0.13300620138645172,2,66,0.9762707694762007,0.626160631802949,2,88,6.286833101014994,1.5701029336813725,2,154,3.9430618652366998,0.7430128987346377,2,168,3.036417691180231,0.05242410505359823,2,190,0.48889640048673444,0.28227147459983826,2,199
54,0.9509883187212119,0.2315688632525407,2,77,0.04915717926382983,0.45462003350257874,2,84,0.9886259787276409,0.21053171236958124,2,197,0.05254280626293774,0.510913739601771,2,200
55,0.6232724574804329,1.0247334657293377,2,66
56,0.4988445003005551,0.8355897358485631,2,35
57,0.5455491456857147,0.9093568277986426,2,38,0.031710332449616935,0.27614424998561543,2,50,0.7965249072432388,0.3464650015036265,2,53,0.06862644446482995,0.36482704016897416,2,62,0.953298110836097,0.2476161186184202,2,76,0.061408621191902206,0.40434884279966354,2,80,1.28568388111334,0.3146657608449459,2,84,0.04919071226011814,0.15521668493747712,2,89,1.6330433956468644,0.03111180365085602,2,109,0.062416048673667957,0.27116455137729645,2,112,2.502694682232356,0.03477808088064194,2,200
58,0.5095647254444373,0.7477288671902248,2,14,0.017183033318856806,1.0900056958198547,2,20
59,0.5068377937613476,1.015867334145766,2,52
60,0.5170378510517285,0.9050697008768718,2,30,0.05027526947954153,0.13135393957297006,2,51,0.6893477491635417,0.7805004477500915,2,56
61,0.32532614480352073,0.9680193539323478,2,29,1.1654880420161684,0.1487977663675944,2,104,0.06393017672290474,0.4563070436318715,2,107,1.165067516290242,0.2257042486559261,2,118
62,0.7037661755052316,1.2784984906514485,2,30
63,0.7308000810707722,1.0340853995747037,2,9,0.021541286621419783,0.23484079629182816,2,59,1.1295450672434313,0.08970569527667502,2,174,5.132346939309565,0.37698763551620335,2,200
64,0.6614905043287873,1.056421730518341,2,50
65,0.6915298139230036,0.8182781785726547,2,20
66,0.45968431109114544,0.7437102528328591,2,47
67,0.3302896645776585,0.5701593539931558,2,11,1.0874052451620102,0.19478040144724004,2,45,4.385804340079386,0.8687822699546814,2,50,10.264847479404521,1.8228677875465817,2,122,0.7554641544215092,1.4299423694610596,2,125,14.594657591364959,1.789270853996277,2,145,1.0052973529345273,1.5276983976364136,2,149,10.906592657391151,1.7469998691596238,2,200
68,0.016626891168311127,1.1778515100479126,2,20
69,0.6020576537343361,0.8148353934288025,2,30,1.241541320292042,0.3109077850454732,2,49,0.3672229583447939,0.9414469071154324,2,102
70,0.0158987182180212,1.1426132559776305,2,20
71,0.6705911085599959,1.122291112768239,2,29,0.09595907968784223,1.064932874270848,2,36,0.8450067014690038,0.2244034931063652,2,64,0.023284247717909008,0.8570151527722677,2,73,0.9241387068254475,0.15309087932109833,2,82,0.019390556141285327,0.36926432450612384,2,88,1.1216998091763397,0.12538107053229683,2,107,2.6440774579143196,1.0865305143853892,2,130,1.8948547198542485,0.12705037955726897,2,200
72,0.6231630009720729,0.7624246235247012,2,27
73,0.21702243066280505,1.1233109831809998,2,4,0.013647144911941432,1.1308722905814648,2,20
74,0.5682197807795822,0.7862785144856101,2,57
75,0.7171013417444504,1.4479638735453289,2,6,0.015094746109603473,1.119157305785588,2,20
76,0.5528433225637952,0.9292011516434806,2,14,0.05102267160695831,0.24828528612852097,2,24,0.6799693174957673,0.9246066520954,2,53
77,0.3827820315113788,1.2141013470563022,2,11,0.018278010226504868,1.1394677691989474,2,20
78,0.94841508490687,0.8727752089500427,2,5,0.015445012460205026,1.3014996528625489,2,20
79,0.3191841974310198,0.8468779360546785,2,34
80,0.8638627805797267,0.11173868237757216,2,102,0.23322776869323583,0.16428449692634436,2,154,1.4274706054418176,0.07572142824982152,2,187,0.5298175570771096,0.8505343703123239,2,200
81,0.32833230492797216,0.920006214817868,2,79,1.1843318720343698,0.1535271054084322,2,192,0.17195481494004344,0.5634583234786987,2,200
82,0.5978312328978949,1.179518840529702,2,22,1.0698400133994495,0.18646682989090047,2,69
83,0.5319530455767002,1.0825563888292056,2,185,1.4577532028776374,0.3716556747754415,2,200
84,0.4953807174150755,0.8573054373264313,2,10,0.015455720752297421,1.1877429842948914,2,20
85,0.31598369808811433,1.2639838986926608,2,9,0.6331546830732963,0.3239493312107192,2,27,1.6514304683706937,1.1790913893626287,2,40,0.5917172405138923,0,0,50,2.1091656420497906,0.09768623926422813,2,72,3.7855079367098394,0.6457863032817841,2,102,1.6745569800476983,0.14281740083413966,2,119,0.05779307839211709,0.3836388885974884,2,122,3.5813597735806435,0.14450777131013381,2,200
86,0.8591582016956061,0.5381570351975304,2,14,0.4891342173777118,0.993159431964159,2,46
87,0.34487802174213233,0.8913302983556475,2,35,0.02341474448449021,0.28574523436171667,2,49,0.7803545631617611,0.3488198826710383,2,64,0.023928449750690292,0.26646700945306334,2,111,0.332195660017829,0.3755095217909132,2,118,1.2391558705635093,0.22830453260642727,2,200
88,0.9978810818472829,0.4528522847427262,2,36,0.05659521605676171,0.943921685218811,2,42,0.9183034831170486,0.5159233510494232,2,62
89,0.6710732005575971,1.0780143976211547,2,20
90,0.7953338778199149,0.8060826460520426,2,12,0.018657230263938937,1.1560468077659607,2,20
91,0.6661019608751956,0.7107769267426597,2,36
92,0.49277135016383733,1.123500847047375,2,31
93,0.413224245602122,0.905048816455038,2,95,1.0788591691932243,0.1910730974107492,2,156,0.7712137271887117,0.6276516616344452,2,190
94,0.5225897251410806,1.0129467589514596,2,56
95,0.9495627491797521,0.21315868763309537,2,66,2.3404001876103098,0.09120894918839137,2,186,0.05121363169021175,0.40858542174100876,2,190,1.3249513333046592,0.1700038194656372,2,200
96,0.9711950951868455,1.6642196575800579,2,18,1.1156042761029528,0.8615298782076154,2,25
97,0.4447693683179373,0.7049072027206421,2,5,0.015158905216177241,1.0436070481936137,2,20
98,0.48045491914908434,1.033839389681816,2,20
99,0.5186541406864842,0.8115867786109447,2,16,0.01803243855430668,1.370503157377243,2,20
100,0.5800879165165316,0.7978625870667971,2,52
101,0.5882892810634353,1.0167918399322864,2,86,0.04750719259096715,0.15506125126893705,2,112,0.4962788979855634,0.9268394504722796,2,150
102,0.6344061185208361,0.9377785378032261,2,90
103,0.5748881214786428,1.0180518536464027,2,46,0.971946599013612,0.16512197217383942,2,123
104,0.037412981953828334,0.7355288801522091,2,29,0.36520109106669857,0.7693962076353649,2,92
