0,0.5043882454469818,0.9229245339886526,2,89
1,0.590963880805238,1.1104324482105397,2,54
2,0.5429918728080538,0.906011000160099,2,129
3,0.6793071007373579,0.2769139739871025,2,50,1.166532534141041,0.144404181043307,2,200
4,0.5894319625352595,0.810025064434324,2,70
5,0.007264840368014031,0.7172331541776658,2,20
6,0.7042309775272036,0.8306918048858642,2,25
7,0.5354826751411325,0.7635046330825338,2,106
8,0.9612474605462952,0.11538058925758708,2,44
9,0.436535642914053,0.5604666024446487,2,22,0.4880671544588672,0.22517342730001969,2,33,1.1380130045773884,0.1269790452833359,2,189,0.6510679848206588,1.2865866856141523,2,200
10,0.79074918306429,0.9302229434251785,2,8,1.6577228682128307,0.17913192849267612,2,52,0.6945109893158377,1.5125086582623994,2,65
11,0.34089200910222917,1.0387623578894372,2,51,0.6853800338673466,0.31896918788552286,2,71,0.02893815702234633,0.3795677257908715,2,80,1.0259778222906921,0.13708014979406638,2,134,0.7055551606457318,1.087394477743091,2,200
12,0.4757888617587629,1.135479627233563,2,33
13,0.536682526560326,1.0690545549198074,2,49
14,0.4484648624777857,1.3554131090641022,2,16,0.033144953584627934,0.17504270374774933,2,29,0.48694400652148084,1.2838068703810375,2,41,0.9320691825487053,0.09695201218128205,2,51,0.05815359322333179,0.2529125114281972,2,54,0.9371150951454991,0.09903667289383557,2,103,0.15648483661472484,0.3545848488807678,2,108,0.027969402040072575,0.24126270661751428,2,126,0.6569765087582295,0.22922274044581822,2,133,0.04835524289852627,0.37575318217277526,2,138,1.1501590809324465,0.13956789672374725,2,147,0.02705253531589573,0.23226713027272905,2,182,0.4059310653414436,1.0461113523034489,2,199
15,0.39013961433928535,1.1353717943032582,2,36
16,0.32730647561537096,0.9233593825371035,2,31
17,0.15498554546001875,1.2539002895355225,2,4,0.013048542572189107,1.0696137100458145,2,20
18,0.6812291740041065,0.8816500398539757,2,129
19,0.5705589716963896,1.4975510358810424,2,10,0.015451335546688537,1.2041446685791015,2,20
20,0.6923850231706654,0.8533359855413437,2,20,1.2724356692803607,1.7926621299523573,2,46,8.225167700310362,1.929006854693095,3,76
21,0.7340845328450919,0.2884912568589915,2,23,0.01590260185731305,1.0526339249177412,2,34,1.237381472547828,0.1494636249083739,2,47,0.06335926281224237,0.41337669640779495,2,51,0.8945768258285186,0.3171573938115647,2,127,0.04731187901791906,0.19089798175770303,2,150,0.9429956937636383,0.18786960542201997,2,155,0.04497177312181774,0.12907720539304945,2,200
22,0.6596222121909953,0.9621712991169521,2,28
23,0.3157045565514056,0.7864496986071269,2,15,0.018262587078749094,1.0985719203948974,2,20
24,0.600167997245449,0.98698477268219,2,25,0.02860312654242714,0.6352526396512985,2,33,0.7060056974425238,0.782404054766116,2,56
25,0.07903561643964402,0.38398297876119614,2,28
26,0.6733779073025018,0.582310575631357,2,31
27,0.6534035551629519,0.8669986923535665,2,24,0.9666175438748646,0.35505661368370056,2,59,0.725725948123388,1.2856989979743958,2,69
28,0.7970060494310971,0.33071979507803917,2,24,0.028163944794252868,0.29621303202800975,2,110,0.49652074127765383,0.7232469220956167,2,128
29,0.7959366901911857,0.2845648691058159,2,20,0.3452526711694981,0.7130367755889893,2,46,0.018033834818937947,1.2715027144080715,2,65,0.015332444749501815,0.6357474220650536,2,107,0.6627496865412417,0.0795246875948376,2,125,0.05356062927439496,0.28673356398940086,2,133,1.2450147695334575,0.046380352618089364,2,200
30,0.38197721685377656,0.929424487054348,2,16,1.3423745373298313,0.12833771109580994,2,32,0.39227387110943807,0.6485889168346629,2,100,0.029895676720296225,0.20836994846661885,2,115,0.8746662972370959,0.1800234755501151,2,131,0.04767316394064928,0.37450284510850906,2,135,1.1439578663916643,0.15402313493765318,2,200
31,0.7796884709755679,0.7891252636909485,2,11,0.01698549911689169,1.2436005141999986,2,20
32,0.5962643872201581,0.2573375031352043,2,4,0.024254646086650445,0.31615104526281357,2,18,1.175967123181907,0.07323478584019642,2,71,0.03167583229563909,0.4088080167770386,2,76,0.8384511796197613,0.1281863283365965,2,92,0.05256972785365824,0.250864464789629,2,96,1.0367801916091206,0.2568620287559249,2,118,0.863393014031374,0.8203113675117493,2,136
33,0.5114865796119256,0.26933055032383313,2,11,0.053296184229933194,0.7645766820226397,2,18,1.2550333147222148,0.1657641331354777,2,24,0.42224108269788346,0.883493443330129,2,42
34,0.7035690613493835,1.2431959493740186,2,37,0.035784109054419484,0.18818515794617788,2,72,1.1046630708807128,0.10062566436827183,2,112,0.631703319530956,0.9846344391504923,2,121,1.5621824022281015,0.0870816096149642,2,150,0.04232618896008329,0.39030876755714417,2,153,1.5534500119668018,0.18755781650543213,2,156,0.05420800528468588,0.4574235876401265,2,159,1.476809173790286,0.16123462302817237,2,177,0.05959532173047776,0.4855189919471741,2,180,1.212587149191376,0.25963326916098595,2,200
35,0.6921980791960615,0.7841858450247317,2,49
36,0.4131892211225942,0.865473654041899,2,94,0.4771296025847356,0.574052716533725,2,198
37,0.4352934800498917,0.583084836602211,2,4,0.014667691400033475,1.0436228327453136,2,20
38,0.39808183600225694,0.9706777036190033,2,16,0.018199182341505044,1.0781607329845428,2,20
39,0.266234625361019,1.4588132798671722,2,4,0.04841899681710746,0.3257843380844271,2,41,0.620688521934969,0.7747375291326771,2,64,0.05768753316310966,0.3848421275615692,2,71,0.9587874035713903,0.3623466037568592,2,92,0.5382645208372298,0.8607231824197502,2,199
40,0.34375813459298515,0.4641557676451547,2,21,1.1538728976643366,0.14733644601489818,2,77
41,0.5816203403556495,0.9819829389452934,2,16,0.018955650399551133,1.0756367444992065,2,20
42,0.42213582082833473,0.31460690796375274,2,5,0.038417503332001605,0.5158013284206391,2,10,1.0494715814291589,0.2592528611421585,2,14,0.039212281215836996,0.287588447724518,2,52,0.590198185491133,0.11665037572383881,2,72,0.6901820560076043,0.7823972352619829,2,101
43,0.4716818336274115,0.9562489032745362,2,5,0.01586317823141085,1.0089739342530568,2,20
44,0.7482919025571829,0.95868490423475,2,7,0.017097606177233566,1.0960310055659368,2,20
45,0.3946524473190257,1.0758305688699086,2,24,1.0801853640629508,0.24314053356647491,2,108,0.019501002765561232,0.499041606982549,2,114,1.1629624505371843,0.18480451640329862,2,133,0.45846398646231457,1.0823093688849248,2,199
46,0.3702294662919359,0.8621376380324364,2,8,0.01650693258540755,1.1456582645575206,2,20
47,0.05561168721572637,0.12591905722563917,2,44,0.4569971728713543,0.20099796189202201,2,53,0.055944407014847146,0.2845362573862076,2,69,0.5995730994305911,0.29705896178881325,2,99,0.07660364458581582,0.2379586740086476,2,123,6.988630210218194,0.08152223229408265,2,128,0.054708137661729966,0.3411363363265991,2,131,3.6607275662397445,0.12423049286007881,2,143,0.6917046193953578,0.1440421687929254,2,200
48,0.5947895149553935,0.7508167501758126,2,34,0.05319599039288506,0.40985823976687896,2,73,0.6079339405241184,0.9039800882339477,2,93,0.06015675027212323,0.18607271348054594,2,119,0.8044125540054078,0.6690353974699974,2,127,0.06153129297765047,0.12866256589239294,2,138,0.7435797091942189,0.9223037112143732,2,169
49,0.4161227498275951,0.8607353053309701,2,22
50,0.5838363783228046,0.816312004018713,2,27,0.05360907516346099,0.8098817034201189,2,38,0.7454751045709206,1.4077617526054382,2,50
51,0.7398175085118286,0.3532660495151173,2,22,0.0378322649233588,0.5320136149724325,2,25,0.6563574675131227,0.5132668258178802,2,130,0.9872287045044069,0.2453305157167571,2,200
52,0.2940625542800239,1.0706932627877523,2,86
53,0.43920740058587804,0.8520208175365741,2,65,1.2055786221179794,0.330125299192244,2,96,0.3431518010508388,0.9831781525944554,2,182,0.02683202309174962,0.8399652987718582,2,194,0.7540779933807851,0.9966438213984171,2,200
54,0.5226200435920768,0.46928220987319946,2,4,0.014316127916884601,1.0762123875319958,2,20
55,0.3459694567280348,1.1717417180538177,2,20
56,0.4587840732891739,0.8040907057848844,2,11,0.018715207665208997,1.1022357543309529,2,20
57,0.7987946666184054,0.466959315041701,2,12,0.05191692531444897,0.34156358391046526,2,32,0.9869652426282579,0.26446935296058655,2,57,0.06083181477933014,0.2761022202419431,2,146,1.036826088427394,0.23410826341973412,2,200
58,0.5179198541237751,0.8211723688770743,2,68
59,0.9465175968932167,0.19808716873327892,2,15,0.05576925881488456,0.3943878710269928,2,18,1.0095714927787913,0.1654932032028834,2,33,0.06227007952749682,0.46875876784324644,2,43,4.793985388010364,0.6436209281285604,2,46,0.05291732378309067,0.3444885015487671,2,56,1.069393259235453,0.14177777270476025,2,86,0.3790147764168687,0.16861257830570484,2,115,1.3878087277326923,0.05356081671574536,2,200
60,0.6623719821122538,0.8883950425230939,2,23,0.6832514255719361,0.4455818127767712,2,74,0.040296169961726955,0.42366886883974075,2,78,0.9231085988828035,0.21641627699136734,2,132,0.04936628673207687,0.36101259997016505,2,170,1.0992097735458002,0.12458817329671648,2,179,0.06346186697617319,0.34985501567522687,2,182,1.1616738938563649,0.18979147490527895,2,200
61,0.38798122693424514,0.8249693751335144,2,10,0.017010530177057115,1.1200709342956543,2,20
62,0.3522351290921249,0.8280830154680225,2,73,1.1290089500534486,0.12576508803630437,2,200
63,0.38946476072370706,1.1194764971733093,2,4,0.049920737511114706,0.0861137377267534,2,48,0.27316059437560797,1.1647516191005707,2,56,1.0433466240182583,0.20344647765159607,2,70,0.04179184787772584,0.4194554537534714,2,78,1.035325595997744,0.14219693896862176,2,130,0.07417046513804458,0.36347755044698715,2,134,1.3143669803614833,0.12848882238532222,2,177,0.3073855673924303,0.17862510681152344,2,188,2.051073600440854,0.2362463218825204,2,195,0.05326570476672083,0.4954544425010681,2,200
64,0.06510810446240287,0.33733457907250053,2,95,0.6895287642000193,0.8967552527785301,2,135
65,0.8954445463751213,0.5957957591329303,2,28,0.6095057021224223,1.125439437372344,2,56,0.8685558362236858,0.3341664723728014,2,102,0.14523871104737812,0.9462748050689698,2,107,9.821775507183235,0.1699585109949112,2,112,0.05805579607801297,1.1228534091602673,2,123,1.9685516245266632,0.0699482411146164,2,129,0.07908608051591355,0.4355041725294931,2,136,1.5670119723402698,0.2061554342508316,2,166,0.06747083828408494,0.35609353333711624,2,170,1.3691118590462183,0.17322452614704767,2,176,0.0566952801356088,0.2442494422197342,2,181,4.854410083549145,0.19702943013264582,2,194,20.284571656349407,1.135859489440918,2,200
66,0.7677380194004603,0.7568989538011097,2,21,0.07305451445066374,1.2365261763334274,2,29,1.0907093983998226,0.12103262631332173,2,46,0.06952365060953838,0.2668137666251924,2,55,1.0418642058189553,0.17561773613828127,2,177,0.06621178391815621,0.4760178029537201,2,180,1.4125141586607273,0.21323595941066742,2,187,0.05867012864762741,0.45041899879773456,2,190,1.124909998430511,0.40016426146030426,2,200
67,0.6317660450171513,0.5542409971908286,2,54
68,0.4648988940243756,1.0200708234632336,2,74
69,0.5024938274790083,0.7252193006694826,2,117,0.050965100767493214,0.6801142394542694,2,127,0.5639671048413751,0.7194340344398252,2,158,0.9706519383175677,0.14743715524673462,2,200
70,0.4372508831283531,0.8680282074369883,2,152,0.044481799928191505,0.3605634706715743,2,200
71,0.7397039963897679,0.43821088331086294,2,7,0.4210700024879944,1.3319870114326477,2,17,0.02689344949158251,0.12174441805109382,2,49,0.1072017846339975,0.10761112673208117,2,113,0.847420067657028,0.3074831438285333,2,140,0.5188607577909096,1.103461007277171,2,170,0.046858665865349806,0.14265262654849462,2,191,0.11336112178673945,1.0313799116346571,2,200
72,0.3028016633708229,0.9724470674991608,2,4,0.015052376930826398,1.0237640738487244,2,20
73,0.3368207216528997,1.125532049199809,2,46
74,0.6148813574677121,0.9515184561411539,2,27
75,0.5829152867760691,0.948120675834955,2,51
76,0.47987816598874355,1.11970494389534,2,20
77,0.3367563340135221,1.181999534368515,2,8,0.019261720159315373,1.1820656458536785,2,14,0.709786952791239,1.1773019830385845,2,20
78,0.5293927833556549,0.9129043294672381,2,57
79,0.3290690273993047,0.7216147031894949,2,43
80,0.34208194126464014,0.597373382250468,2,15,1.0876633504133721,0.2083033659570926,2,89,5.4626985978238665,0.2208684595922629,2,113,0.5191626889791391,0.4191125567470278,2,120,3.7185592200715574,0.11792820403652807,2,151,0.0384080971085136,0.36097494810819625,2,161,0.7968072163178467,0.1993938758969307,2,167,0.02337075723449575,0.1152367060383161,2,197,0.5861736505763941,0.38384005427360535,2,200
81,0.6937193031403278,1.3668060111148017,2,56,1.1677226886850747,0.08031762649818343,2,105,0.7357311128003177,1.3627105951309204,2,143,0.8868576195168169,0.07688109445221283,2,177,0.04670275260422522,0.22028704981009165,2,180,1.4564104885662266,0.0508896978572011,2,196,0.09860777220471831,0.5446365997195244,2,200
82,0.768029043656772,0.8177584850269816,2,23,0.06231572401552712,0.256064706092531,2,133,0.7276949557770336,1.0384930078799908,2,198
83,0.41049627017595747,0.7315719236027111,2,11,0.01769292277579701,1.0662133826149836,2,20
84,0.5407830765052482,0.5136911996773311,2,7,0.015569540961612272,1.0820568249775813,2,20
85,0.31900537051984146,1.0021915078163146,2,20
86,0.5260188046013842,1.1742634739194597,2,35
87,0.7297861414042793,1.2632475678737347,2,26,0.9430859387667513,0.1796602633309691,2,99,0.1225778093806039,0.3780140459537506,2,104,1.495200162278651,0.17232943404661982,2,142,2.98083455151831,0.937239042350224,2,156,1.6614782275320374,0.12700522453947502,2,200
88,0.5861542732972596,0.9359700732063829,2,57,0.29262927578116515,0.8935692285684714,2,190
89,0.8491920135892735,0.5756578929722309,2,8,0.033079927316400255,0.4285866040736437,2,24,0.9116773887856984,0.5236233472824097,2,41,0.02529792427049916,0.10258881952248368,2,92,0.5397183517767904,1.1944502592086792,2,99
90,0.3616892055602785,1.0727909207344055,2,3,0.012815175804786362,1.2210878063650692,2,20
91,0.28544931935742923,0.45470353960990906,2,8,0.015323505093066812,1.04015318552653,2,20
92,0.5633795945136261,1.1253381237691762,2,49
93,0.7547735442861836,0.36409681696783414,2,44,0.40536100919285145,1.2289252281188965,2,59,0.9340124651121318,0.3177707824161497,2,118,4.1027286434997015,1.615953080356121,2,134,2.2416334919572902,0.10590713567310764,2,196,0.2652816906066099,0.7346892654895782,2,200
94,0.531463344502227,1.1403283395550468,2,44,1.1292772345561561,0.15638379130389665,2,135,0.37338762405148007,1.4268678903579712,2,145,1.3115188196038559,0.10813249573111534,2,165,0.7803407013480119,1.1210940940039498,2,200
95,0.3724765468701808,0.8895343001683553,2,75,0.898653527628006,0.18801862320729665,2,103,0.03632638128075643,0.2735735461115837,2,113,0.807316368602225,0.6038454413414002,2,118,0.01857512825023823,0.3318955646827817,2,134,0.9889769039225605,0.1994519340140479,2,141,0.05306372403351979,0.4566430946191152,2,144,1.0078984240460231,0.1949589138052293,2,200
96,0.6886955040822292,1.105088750521342,2,3,0.05288290399576322,0.2385872985151681,2,47,0.6709072205379333,1.58511255468641,2,54
97,0.20138606453504315,1.3817003965377808,2,3,0.013378938424176536,1.144750903634464,2,20
98,0.25756139832949865,1.1481653451919556,2,4,0.015529693227323392,1.181456744670868,2,20
99,0.6310196951509042,1.146022047315325,2,21
100,0.5286495080355493,0.9573943970051217,2,94,0.9051768519955926,0.7212137650635283,2,153
101,0.7858621567662916,1.043159352408515,2,9,0.019306402597612845,0.2330112136900425,2,29,0.47517127568982725,1.328884286539895,2,43,0.02241277970940425,1.0576050281524658,2,52,0.09166769436606528,0.5454041957855225,2,59,1.1695272433927284,0.09897517330116695,2,68,0.024055995729268653,0.9802795989172799,2,75,1.0498792194058895,0.06583983876875468,2,89,0.039611862144744714,0.34557852149009705,2,93,1.1247710283017913,0.1084476846915025,2,106,0.09273125036071485,0.5095336990697044,2,120,1.3787467949823036,0.07296788226813078,2,152,0.737350738863034,1.4695729911327362,2,160,1.0162526507950667,0.37905441011701313,2,195,10.497727177949491,1.3913373470306396,2,200
102,0.3345501900357063,0.9900436855497814,2,42,0.034819265232255946,0.6326533704996109,2,46,0.03490573899806936,0.5032001174986362,2,54,0.8695235477027426,0.126029679721052,2,65,0.05150848245600362,0.22830931165001608,2,76,1.1847413232686412,0.08369368999715775,2,200
103,0.7539536823520009,0.24965534607569376,2,12,0.08061925969767779,0.1183214553377845,2,23,0.9666411134836389,0.18932496425178316,2,41,0.19008492947005973,0.2821877871950467,2,53,1.1681551976442335,0.12262008003890515,2,93,0.05755062684643651,0.3108590443929036,2,96,1.5709985937524302,0.11694334074854851,2,108,0.06597263982746888,0.3607035279273987,2,112,2.0692897689583676,0.10753506515175104,2,128,0.1345879096819388,0.36281412839889526,2,131,2.3540116228842383,0.0706342991728049,2,183,0.7880611798950794,0.28320597988717694,2,200
104,0.382472763773983,1.2431784371534984,2,12,0.019118337436838054,1.185816690325737,2,20
105,0.4464470769991858,0.8013312562058369,2,96,0.05335554072047959,0.1383744515478611,2,164,0.7958876100955032,1.304358058505588,2,182,0.7605980342413695,0.5548742206560241,2,200
106,0.6543837328060902,0.8101424053311348,2,8,1.185913387349042,0.17667163991265827,2,26,0.13455496772491185,0.5582411229610443,2,51,0.8145383424287859,0.30890146642923355,2,61,0.050096507143039634,0.2492256999015808,2,136,0.9215076023287704,0.17153328633867204,2,200
107,0.49648689246783745,0.8134714119574603,2,17,0.012228203922940458,0.7186908317463738,2,31,0.008015838113842015,0.2465345311549402,2,62,0.009716145988036076,0.7117401281992595,2,77,0.22558759209428353,0.7427265558923993,2,84,0.010030237524093997,0.8877615572944764,2,115,0.8663314301935593,0.5168190466033088,2,124,0.008814025336938846,0.5823825498421987,2,181,0.34450229076422345,0.9403985895608601,2,200
108,0.8503466059591629,0.3221801581053898,2,29,0.08317625219917736,1.152017699347602,2,38,0.9202219506231283,0.17543846617142358,2,50,0.04569870244634962,1.0168394595384598,2,58,1.0639952739656344,0.20922299563337904,2,167,0.05637180843751591,0.4281714984348842,2,174,1.518939893336933,0.3306105037530263,2,177,0.06151454628633405,0.35118689096492267,2,200
109,0.7238842991331316,0.8207573393980662,2,12,0.016010571801560444,1.110900029540062,2,20
110,0.3037406859607262,0.6192655746753399,2,26
111,0.9896427712361617,0.2248148569078357,2,108,0.4283536295234094,1.0618981083234151,2,123,0.060315249418356205,0.41133781522512436,2,127,1.053760643418462,0.15839244425296783,2,146,0.08909154136067327,0.3461507360140483,2,149,2.0355564047540136,0.0697892169157664,2,179,0.7984792280785337,0.08593617521581196,2,200
112,0.5595121172982807,1.1586427381164148,2,95,0.017951617489318526,0.28785602134816785,2,146,0.6986325697831911,0.4780344545841217,2,151
113,0.7503485233294819,0.9859897726111941,2,36,0.04274890723518353,0.9492771744728088,2,46,0.030839642090420238,0.3699089681560343,2,68,0.669723684267553,1.2816869765520096,2,100,0.7460758757730704,0.6779802441596985,2,113
114,0.016463009844527234,1.151038545370102,2,20
115,0.016193958122068572,1.1254213154315948,2,20
116,0.01582122693555445,1.041348221898079,2,20
117,0.6033436572162092,0.948552805185318,2,40
118,0.37804943101964283,0.944239712724782,2,99
119,0.5952524781526662,0.9260970493415733,2,77
120,0.5081217627014084,0.7859725331937945,2,74
121,1.042665946443781,0.08835260872729123,2,64
