0,0.6626470383176506,1.2130844688415527,2,25
1,1.0637965890030219,0.21895601600408554,2,24,0.05544490903133917,0.45091379682223004,2,27,1.214489255218355,0.2339243822191891,2,65,0.031621029775544256,0.6139330714941025,2,69,1.35419530822868,0.18915410490730142,2,148,0.27612609483414613,0.38041946079049793,2,162,1.3071111167975193,0.16130194544792176,2,187,0.06756292250852565,0.421874076128006,2,191,1.3085568699401338,0.11415885637203853,2,197,0.08353711456874106,0.5328705211480459,2,200
2,0.8851804047723731,0.703909183420786,2,41
3,0.048442116328404186,0.1240694040343875,2,21,0.9249863746031964,0.3770986795425415,2,24,0.052943448084226075,0.18558361902832984,2,44,0.581788734105785,1.0776636738043566,2,122,0.9682400359905784,0.16061182707161098,2,199
4,0.11153890656175437,1.5742228428522747,2,3,0.013963127690967652,1.1611562160884632,2,20
5,1.228145293079029,0.14878421589732171,2,200
6,1.0364166254414153,0.15412826872902152,2,81,1.893147480380332,0.06699927370799215,2,176,6.283676968383561,0.10320992395281792,2,184,0.24082372188530773,0.11132475733757019,2,191,11.379290646548538,0.035431868500179715,2,200
7,0.7951000296787181,0.2867373824119568,2,6,0.045679300499622294,0.21003664936870337,2,22,0.5949612207548883,1.044469490647316,2,54,1.0357010256569785,0.09314694464206695,2,154,0.05518165509996371,0.5997390108449119,2,161,1.4983283192617018,0.0491885244846344,2,192,0.0523441158134212,0.5128851495683193,2,200
8,0.9729311076180972,0.28224969726541765,2,115,0.07549712052262308,0.593106210231781,2,123,1.1902039441830379,0.37786951164404553,2,129,0.053902514688096766,0.5886078079541525,2,132,1.1465951944660098,0.3448487394734433,2,189,0.0853937627562956,0.7555239796638489,2,200
9,0.8856674372606268,0.1255166498678071,2,14,0.5120326115589836,1.1320423745272452,2,71,0.7278669160573116,0.650952874603918,2,130,0.07693828338737171,0.605191421508789,2,135
10,0.33486824542399346,1.1045040913990565,2,28,0.8626829364585834,0.5477396769791233,2,126
11,0.4523203947791813,0.87846702807828,2,38
12,0.3628683369135001,0.7058930397033691,2,3,0.01256701520990367,1.026003830573138,2,20
13,0.49843691200057255,1.2583817351948132,2,11,0.01979684022727355,1.0842066473431058,2,20
14,0.8526197440366358,0.2663861038653474,2,38,0.09126523843278718,0.5060415238142013,2,58,1.1286620248679529,0.08701772894710302,2,106
15,0.6148298880053451,1.16699650070884,2,11,0.8688102236647632,0.2780862283526045,2,77,0.031228563719918428,0.1916079196285029,2,138,1.0754599068051698,0.22101773973554373,2,154,0.02664608012043259,0.2052474313456079,2,200
16,0.7804792526521137,0.48850994805494946,2,6,0.016412667161378305,1.1012035267693656,2,20
17,0.5260364566819306,1.0056394815444947,2,5,0.01568026122102533,1.0967881600062053,2,20
18,0.09186046655222489,0.8650117417176565,2,6,0.5024846829125159,0.8532539837890201,2,24,0.02586109482504446,0.9826149429593768,2,31,0.9634852554694295,0.4023887366056442,2,41
19,0.7357508958242678,0.5374469606228817,2,81,0.05660239358688462,0.6150994300842285,2,84,0.9746073229871617,0.3954464485022155,2,172,0.08974020101706327,0.5095317843887541,2,190,0.7679377674485044,0.4311985194683075,2,200
20,1.2244846675070282,0.8145750363667806,2,3,5.636203657162729,1.8843722224235535,3,13,0.4340271289898661,1.4602277278900146,2,16,10.442604351991385,1.9466092467308045,3,36,0.0424520794336742,0.22888284692397484,2,49,0.8391295746982665,0.17332255095243454,2,63
21,0.44755635229148005,0.607607401907444,2,4,0.015352311521383303,1.2131783440709114,2,20
22,0.7025397012031739,0.7528932213783264,2,50,0.8801714149541109,0.4676418055187572,2,105
23,0.758357037827047,0.5605456464820437,2,63
24,0.47580281350498305,1.4136542975902557,2,20
25,0.09193803446699918,0.4831906358400981,2,3,1.2127285596300243,0.17143620550632477,2,106,0.4220974117769783,0.9831793904304504,2,151
26,0.0664567883575759,0.29752586781978607,2,6,1.613657248186787,0.044001555951066716,2,135,0.050469642520970324,0.40142205730080605,2,139,2.364524281195342,0.14357517439810957,2,200
27,0.7319573933059913,0.48774785825184414,2,35,0.29801345951774677,1.1417874892552693,2,44
28,0.28636012484920553,1.0013843263898576,2,7,0.015886669087110575,1.101381512788626,2,20
29,0.5566767648103731,1.1649278163909913,2,40,0.02031274463946506,0.18565385150057928,2,82,0.04342582347260602,0.7565917798451015,2,89,0.6278632611693725,0.85926382456507,2,103,1.1412075848393477,0.21078377040391116,2,200
30,0.4394868552696394,1.2330541321725557,2,33
31,0.32397181542788406,1.03428011848813,2,42,1.3197962087837778,0.1630852836370468,2,92,0.38059585710777244,0.7747403127806527,2,113
32,0.6059530040715654,1.1408389568328858,2,45
33,0.32381535239122555,0.9947322423641498,2,39,0.024754650131911797,0.15563961058855058,2,89,0.44134733167350837,0.874318126114932,2,199
34,0.6138409846804981,1.1641008734703064,2,10,0.015536495329309584,1.1209280014038085,2,20
35,0.47468067024244837,0.8793468924990872,2,57,0.8950332693960155,0.4517979025840759,2,87
36,0.6508856258819727,0.6511723399162292,2,27
37,0.5851483812477758,0.5014737699713026,2,35,0.0192443963245248,0.13668246632036957,2,81,0.3609549056311013,0.7190389004018571,2,99,3.5598533358387496,1.9042693701657383,3,110,0.5683625260165566,1.077839073927506,2,156
38,0.834577755167328,0.3188633110962416,2,114,0.05022750129091019,0.30274701524864545,2,125,0.933016195228319,0.27162078887224195,2,175,0.039791957287391405,0.6092327833175659,2,178,1.0738472870371518,0.34932034801353107,2,200
39,0.46207340464761343,1.266982614994049,2,26,0.046621109729159185,0.0868227481842041,2,68,1.0375165440077323,0.5842113314817349,2,116,0.5696167457869805,1.2735447704792022,2,136,1.3226815874640168,0.37789753462587083,2,171,8.944214900923312,0.11922495324036171,2,200
40,0.3414171699677445,0.7722858360835484,2,7,0.02052775788031873,0.4075653471729972,2,18,0.5816616704600015,0.8705506236929642,2,113
41,0.6878731385412319,0.649009644985199,2,31,0.05385991751537921,0.7412032584349314,2,37,1.0249969840026314,0.4604288289944331,2,43,0.04885676275213248,0.8760096005031041,2,50,0.7752921789258721,0.747901801019907,2,82,0.989927306379434,0.390953350357893,2,123,0.3899281681118133,1.0625969625654674,2,144
42,0.6160941195810509,0.7595758517583211,2,15,0.017968142309887983,1.0644654035568237,2,20
43,0.7661523409544795,0.5117372089141125,2,37,0.020976854172215037,0.5717738941311836,2,45,1.1652832339557218,0.18017967683928354,2,52,0.03140498286910027,0.1497182234607894,2,110,0.5663973964946332,0.9583678297374559,2,133
44,0.6034107435633378,0.9481828212738037,2,13,0.016238294510831506,1.0068404163633073,2,20
45,0.6063071285542975,0.9702918595737882,2,54
46,0.59837872947155,0.9946660995483398,2,20
47,0.31270615481982594,0.8470517132769931,2,88
48,0.34290403834661654,1.0030640200072645,2,51
49,0.5384746171120622,1.0407497653254756,2,135
50,0.7918801187455947,1.0313608837127686,2,25
51,0.3328625925973626,1.0301810162408012,2,7,0.015607128861158476,1.153531863139226,2,20
52,0.805925881572581,0.7719465564278996,2,17,0.04947641734310617,0.7865518728892008,2,20
53,0.35925854044236993,0.9483652909596761,2,99,0.03755420166619411,0.19179337077281056,2,116,0.6375553742223287,0.241385247026171,2,123,0.07690432042041737,0.2734518736600876,2,148,0.6929833494226947,0.11245572376758495,2,195,0.08431458377426099,0.3746407926082611,2,200
54,0.3969899513089572,0.8399709328528373,2,31,0.8989626033577958,0.38626713040231286,2,118
55,0.5961918264798832,1.008029554829453,2,99,0.8214780477198574,0.4290023624897003,2,109,0.0502620222877125,0.1027571087082227,2,133,0.9022548139944196,0.39891044883167043,2,150,0.7008849699648929,0.726167226324276,2,199
56,0.40373512611528717,1.1740446016192436,2,16,0.022532015506132055,1.1129617989063263,2,20
57,0.11672387916016042,1.712261587381363,2,4,0.013493850023861479,1.1569203063845634,2,20
58,0.4055200655471021,1.0127349694569905,2,21
59,0.38239519540546457,1.1854274948086359,2,113
60,0.6466493730902779,1.0764588912328084,2,3,0.01676482021657887,1.2471360949908985,2,20
61,0.3641702130649742,1.2912811189889908,2,8,1.0417562361999662,0.24348639493638818,2,30,0.6950919042091082,1.005556172794766,2,48,0.29346580900473024,1.2021685103389705,2,155
62,0.7059353799426453,0.695464996780668,2,70
63,0.5715733213473667,1.0644236008326213,2,6,1.184917344445927,0.08538759032548485,2,65,0.6384575930906513,0.9734169998739519,2,182
64,0.40305992966093496,0.970876542004672,2,44,0.05972134899339677,0.18433682833399093,2,65,0.850307901174684,0.09081290816438609,2,123
65,0.1685626387291024,1.6586042841275532,2,6,0.013285944860677667,1.1537566525595528,2,20
66,0.7558736938075918,0.5388746374639971,2,29
67,0.43183867530721604,1.0533082049067428,2,41
68,0.5335274529248506,1.1863364374095744,2,88
69,0.5086480350964874,0.9772969759427584,2,104
70,0.7106799619371764,1.207124189897017,2,11,0.01849048386622154,1.2380006180869207,2,20
71,0.277244964533199,0.8566121339797974,2,5,0.013142403920494558,0.9696898460388184,2,20
72,0.2696436403065103,1.0023982950619288,2,14,0.021585670003365094,1.2672356168429058,2,20
73,0.24254906766614007,1.1534788608551025,2,6,0.015546966573934722,1.1139678359031677,2,20
74,0.6419587035822388,0.31503140926361084,2,7,0.024558444776018824,0.12150494167298982,2,40,1.2617658151396778,0.2152617386093846,2,94,1.2893151657222555,0.8001458488759541,2,115,0.034287641557581724,0.9443812370300293,2,121,1.1929058777553394,0.7749333858489991,2,126,0.030709481945016253,1.422553214159879,2,137,1.588457435838843,0.21599875390529633,2,140,0.09449809755208499,0.39027447005112964,2,146,1.315314590578488,0.27102614056181024,2,200
75,0.5794105843353499,0.6903837136924267,2,16,0.016923045461029226,1.2995104491710663,2,20
76,0.4093262614973309,1.1810532808303833,2,31
77,0.5762371907139242,1.0184112353758379,2,44,0.9391544583522713,0.34367477013306186,2,66,0.06546210585219285,0.13567897746729296,2,109
78,0.6767654942280786,0.7100492376420233,2,72
79,0.9829621089043542,0.15290760562608116,2,190,0.7482022481112085,0.8820022284984589,2,200
80,0.6330946913272522,1.3363983154296875,2,10,0.015414960262453852,1.1312056064605713,2,20
81,0.9099026752631056,0.8912176352280837,2,13,0.9713813520273067,0.296728321313858,2,113,5.5207774490229475,0.1374677966038386,2,131,0.07328136200176365,0.49263383944829303,2,134,3.8450767222683457,0.11502158403396606,2,159,1.2623930224551425,0.20903834518862935,2,200
82,0.5016575979726879,0.6121031514235905,2,14,0.01984460911387867,1.22714368502299,2,20
83,0.3730795667581547,0.9825986385345459,2,15,0.02189295451124932,1.2090648412704468,2,20
84,0.6181259182087803,1.0725085212259877,2,98
85,0.6704579094037698,0.9809456110000611,2,30
86,0.2304672409449588,1.1661673386891682,2,3,0.014878386362758128,1.089762708720039,2,20
87,0.47239117005998593,1.2347210815974645,2,7,0.01753563992729892,1.1555550556916456,2,20
88,0.64202093281871,0.717747549712658,2,40,0.062135753397934305,0.8014329501560756,2,47,0.7062553085613814,0.5921392490466436,2,83,0.10346488485451708,0.7215359012285868,2,89,1.6177608627044928,0.4802173301577568,2,93,0.06942266621083344,0.1991072600638425,2,120,0.5133917097280026,0.2634247148578817,2,131,0.046021459787756444,0.4334019869565964,2,137,0.7415807380965229,0.2889963686466217,2,152,0.053038755040886974,0.572235773007075,2,158,1.0146082255289621,0.28692897373721715,2,200
89,0.48886187863592406,0.9657640641843769,2,71
90,0.3304279116291512,0.9860274990399679,2,42,0.8884773173437038,0.8246053302729571,2,69,0.060159575440450974,1.3357568979263306,2,75,0.8813793547795035,1.007501095533371,2,79,1.4885791894260605,0.20487152712960396,2,110,0.5569122080973559,1.0511142356055123,2,124,1.0985730267540657,0.4985637612964796,2,147,5.022694645734742,0.18694059385193718,2,156,0.3094586133946924,0.4668431952595711,2,160,2.8028413683143154,0.2331907983869314,2,200
91,0.3498651090788774,0.6503044068813324,2,12,0.019630588303329484,0.9688547551631927,2,20
92,0.27330081615361385,1.084845667300017,2,23
93,0.7910929889507955,0.7691011826197306,2,18,0.052045528433586195,0.3239845596253872,2,42,0.6768320242590297,0.9589895509538197,2,147
94,0.6411819548896217,0.8289947726509788,2,11,0.018794652548363457,1.1945603158738878,2,20
95,0.5857181469179976,0.9297145775386265,2,35
96,0.5033100106759624,1.1003384845597404,2,14,1.1418390593260281,0.10338881076313555,2,78,0.7356595943315545,0.6699900403618813,2,102
97,0.5179778465851144,0.8077554003945713,2,29,0.041361595697182556,0.20005499591698517,2,66,0.7073009226076605,0.9238051440980699,2,75,0.056782514168372385,0.7915319866604276,2,84,1.6401168053355193,0.08586645871400833,2,118,0.6377723318489834,1.1591275894280635,2,184
98,0.99070770926211,0.12730996949332102,2,77,0.11032283336172784,0.3902572914958,2,81,2.847762072841325,0.11494862226148446,2,105,0.05355527868735315,0.43619932730992633,2,108,2.646934830883152,0.1395465116347036,2,139,0.18278017752190154,0.42920389771461487,2,142,10.142367852620835,0.01488449838426378,1,151,0.6382478102027903,0.19626587142749707,2,200
99,0.7760805105570255,0.4299625197336787,2,168,1.455704878325111,0.28088527265936136,2,200
100,1.0980095420179503,0.41927446201443674,2,40
101,0.1849361494729464,0.9408260583877563,2,5,0.013237016647182215,1.1130876302719117,2,20
102,0.43525757599095033,1.3363389015197753,2,20,1.0257591605686553,0.15467073284089566,2,60,0.04346979252716451,0.4751495023568471,2,63,1.0152434646763107,0.27533706029256183,2,66,0.03880626522701468,0.42136119306087494,2,70,1.0411704777148554,0.15958654135465622,2,102,0.10209215236910606,0.3495884910225868,2,110,1.2951049903827272,0.1398185814420382,2,116,0.027805504014339767,0.2201718319621351,2,152,0.7234074119965006,0.26094705341978275,2,199
103,0.9050971601884122,0.2404606468975544,2,60,0.054037284083191965,0.5384616057078043,2,63,1.215267751293732,0.17952530555751012,2,155,0.11757699317249042,0.37112120538949966,2,159,0.8453518233249077,0.22879775003953415,2,181,2.6537234559168525,0.14795287894575218,2,200
104,0.2551991848937508,1.4841311528132513,2,13,0.018847096637383442,1.312305177961077,2,20
105,0.3299752101958435,0.8137181748946508,2,12,0.7894698711383855,0.32544370355277225,2,41,0.0742478619234102,0.29571305158046574,2,67,0.18772079221111881,0.2704167030751705,2,79,0.30063431062959506,0.7962927222251892,2,90,0.617262694961078,0.9842820741913535,2,145,0.9895041891207784,0.26054197359592357,2,192,0.033029839023082756,0.5057969008173261,2,199
106,0.5085959538417032,0.8874670108159383,2,15,0.025609809797212585,1.0082940816879273,2,20
107,0.8603703021352822,0.4325008778781681,2,91,0.30457118622427864,1.1468775537278917,2,100,1.2278271728289398,0.2714868560433388,2,156,4.278265625692884,0.25357858396389266,2,200
108,0.4597156970961846,0.8328791282795094,2,54
109,0.5525153542011508,0.9602948236465454,2,25
110,1.10668343190311,0.2226271947989097,2,65,0.4898108196465241,0.6783763894012996,2,79,0.3165731338423644,1.1166181377142914,2,200
111,0.46335997220814673,0.7976803287863732,2,40
112,0.955900295747614,0.5428816767839285,2,39,0.05503831151684828,0.6298625826835632,2,44,0.9962353776629218,0.3859026219163622,2,51,0.05261214704374524,0.868084172407786,2,57,0.8815241140070251,0.5185043613115946,2,60
113,0.7495942313548121,1.394431859254837,2,4,0.01622761735679137,1.1759507656097412,2,20
114,0.4297253137476997,0.7241621166467667,2,12,0.7549091854473078,0.2963974177837372,2,23,1.3764889076836573,0.2598585027360147,2,85,7.73754735033101,0.25175278385480243,2,109,0.6697808315965915,0.5418181836605072,2,114,0.6377077676688082,0.8916588776251849,2,131
115,0.7192937987128829,0.8044343164988926,2,7,0.017088620504073115,1.077831690128033,2,20
116,0.4991731157920627,0.9068214155859866,2,59
117,0.5359300196700848,0.9722008913755417,2,40
118,0.6568172942843554,0.9036917267618952,2,37
119,0.016530460517934793,1.1752911448478698,2,20
120,0.012048676736708609,0.8973142296075821,2,20
121,0.5472532170366069,1.1198123147090275,2,24
122,0.021514637274262848,0.9025707642237345,2,3,0.3362743386897683,0.9744435378483364,2,17,0.034725263149889087,0.16201465024102119,2,48,0.5821963344660978,0.9442872073915269,2,75,0.9770976958647494,0.15290639301141104,2,93,4.251610740604417,0.14236270857823863,2,130,0.5967831835065319,0.746344866660925,2,156
123,0.4371123256668384,1.3274960787065568,2,31,0.06609731130722397,1.2546760439872742,2,37,0.6090738966636492,1.1625764859574181,2,65
124,0.4128051485053995,0.7680493334065313,2,23
125,0.7199209767717512,1.1071779520615288,2,23,1.4203142369139428,0.24551603245356726,2,86
126,0.6105253459450412,1.0547760261429682,2,36
