0,0.6095990742702423,1.0552021771669389,2,60,0.9219873345701554,0.2368562909273001,2,73,0.5160220807804854,1.5733287755180807,2,90,1.7101500157464216,0.27535463621219,2,96,0.04652230681291586,0.8314314399446759,2,103,2.2602645608388423,0.5940500795841217,2,106,0.03388137418508011,0.6346393889851041,2,115,0.5331847334361255,0.5918352752923965,2,129,1.0017979368787358,0.1504432233620663,2,178,0.6177332865405182,0.5590088069438934,2,200
1,0.8947334455847211,0.3824023224719583,2,73,0.45277835694235036,1.2690753787755966,2,81
2,0.5796814109572225,0.679202245154851,2,71,0.5020839315374688,0.9543723976889322,2,114,0.022928723186862943,0.1448086710537181,2,131,0.8534767704286795,0.9381187260150909,2,135
3,0.2873592273055285,0.15355172540460313,2,7,0.04855400423676467,0.18772703170776367,2,32,0.8159252613810195,0.08769507164304907,2,43,0.1269373748026417,0.22051128025712638,2,72,1.1780004449809058,0.06323687084343123,2,95,0.03428176073546713,0.24794710786903607,2,180,0.986092263476237,0.11547049880027771,2,200
4,0.4876846253517811,0.9945755302906036,2,42
5,0.7430236885073076,0.5824935585260391,2,12,0.6210256970227648,1.3780007892184787,2,30
6,0.956625832439841,0.10829754722745795,2,19,0.10128742945338799,0.31541866395208573,2,28,0.9593150843408043,0.15636302456259726,2,48,0.022300708990269813,0.35840211382934023,2,76,0.8247815605157872,0.09321835339069366,2,81,0.10983246135127038,0.2772426125076082,2,90,1.1920794197393803,0.10700339078903198,2,99,0.0499163159845462,0.3168756142258644,2,105,1.363526918709128,0.11047596298158169,2,113,0.04362421940908064,0.4505242175526089,2,131,0.9514610812887956,0.3216538864832658,2,170,0.20063440209723807,0.4277729719877243,2,180,0.027898556923153933,0.24865544655106284,2,191,0.9375064747466593,0.4222281393077638,2,200
7,0.7239792822902581,0.5259250081502475,2,13,0.01805860156018599,1.1241658415113176,2,20
8,0.27079392885446085,0.990925153096517,2,3,0.013703108933893829,1.049744518364177,2,20
9,0.17882955884407145,1.3447358906269073,2,4,0.014302467195058793,1.08495369926095,2,20
10,0.9258066379885772,0.3028194286993572,2,70,0.06421544892024529,0.23437082361091266,2,81,0.7392097063684706,0.25426875799894333,2,91
11,0.43911510816164573,0.4880709995826085,2,18,0.48280223250762394,1.3460044698281721,2,40,0.028934128324491822,0.34994251653552055,2,56,1.0675368825318186,0.04458486702707079,2,74,0.05222072019513341,0.29869826634724933,2,77,1.0472407907974126,0.16557498157024383,2,102,0.45953316378978576,0.8204703962101656,2,119,10.732101444341334,0.3449898064136505,2,123,0.7583839524214645,0.915136684070934,2,134,1.536817930259654,0.09265431016683578,2,178,0.023176521045803655,0.34378719329833984,2,189,4.630503249613536,0.1009466975927353,2,194,0.03808898684113052,0.725406269232432,2,200
12,0.2919001522427928,0.6895713323638553,2,21
13,0.661514140006873,1.5328838030497234,2,3,0.057765509018240235,0.1589106723666191,2,23,0.3989995701119063,0.964456883760599,2,36
14,0.6022540283731739,0.9274183534658872,2,26
15,0.5004346187502207,1.0360849548030544,2,37
16,0.4889962650936549,0.6975695192813873,2,8,0.016695092025283662,1.0859507769346237,2,20
17,0.5755661420742556,0.9697402495604295,2,65
18,0.5111995884586487,1.378011097078738,2,23,0.07077172048669964,0.2118667141824472,2,84,0.9902046886337369,0.6494914770126343,2,89,0.10408095568907218,0.6384885552383605,2,110,1.121298172501988,0.8424412568410238,2,125,0.022560925955470327,0.268687242642045,2,141,0.860831909338651,0.13743992894887924,2,147,0.028028211427673907,0.1796477254269258,2,200
19,0.5411606856933692,1.2597110271453857,2,10,0.01864208095184131,1.167891764640808,2,20
20,0.6121501663297798,0.9816253327188038,2,21,0.8721765447581487,0.20842686295509338,2,47,0.44365217641971855,0.8624272412723966,2,65,0.7575936154210127,0.23721270814333875,2,138
21,0.6544374814709633,0.5940616541617626,2,37
22,0.6645345147111562,1.001919024331229,2,35
23,0.8188365410996195,0.3223959957163758,2,163
24,0.4015624082959024,0.7554473082224528,2,15,0.016826743345013287,1.1434153318405151,2,20
25,0.45408616295232523,0.847681623035007,2,45,1.221114012224359,0.09610250923368666,2,90,0.4998620915590843,0.9246576130390167,2,108,1.2398927521253564,0.08511319085136874,2,199
26,0.5638859821158118,1.1520338450990073,2,123
27,0.11151441113929295,1.5780593951543171,2,3,0.013920373767518058,1.179806144798503,2,20
28,0.5779853038523324,0.6563525152206421,2,25,0.05014638647806118,0.13668689131736755,2,49,0.4664207653447973,0.9426753238096075,2,108
29,0.2675447030429267,1.1106903076171875,2,5,0.013841135163270887,1.076599403222402,2,20
30,0.6731456182908357,1.0768762618996377,2,43
31,0.7748144413160784,0.4827514231859983,2,91
32,0.483884981257172,1.1316530647731962,2,21
33,0.35495512524442335,0.9117826892108452,2,82,0.8659391226590344,0.39394366063854913,2,104,0.5058515702464622,0.8898366801440716,2,200
34,0.4709712714984855,0.8293638272983271,2,41
35,0.7509044792382974,0.9299355042832238,2,28,1.156583687931858,0.21100058349279258,2,67,0.5476763884283681,0.8909523107788779,2,100,0.02970670870071219,0.2643491231969425,2,114,0.770525780482107,0.3761480271816254,2,174,0.039014834286074704,0.7854645103216171,2,178,0.8287327081979667,0.41881925003095105,2,200
36,0.3145954758133723,1.1614952087402344,2,3,0.012726761126897124,1.0703970789909363,2,20
37,0.018421916851954892,1.1942302376031875,2,20
38,0.4168390018249304,1.1838097771008809,2,12,0.02002047913548569,1.1574178636074066,2,20
39,0.43168861328070657,0.7371687818381746,2,59,1.065752210967242,0.21652966675659022,2,83,0.7609911545217037,1.5566135294297163,2,100,0.7408039886313654,0.8315006537096841,2,114,0.807261517394025,0.18470798283815384,2,154,0.07606274969032774,0.2799129784107208,2,157,2.7154641561291246,0.13664317893427472,2,200
40,0.4216748134833548,1.2775890694724188,2,9,0.016838932479486222,1.1979180357672952,2,20
41,0.5778769844860078,0.8220044484263972,2,38
42,0.7004949372683081,0.4254852829188326,2,137,0.05525527373023769,0.6439877599477768,2,141,1.012107033629115,0.28740453851573605,2,175,0.3093634629407083,0.38834155226747197,2,199
43,0.17916669173287184,1.1473175287246704,2,5,0.015280883705640003,1.1208570877710977,2,20
44,0.6535918951420604,1.1143735647201538,2,22
45,0.6242078887400265,1.3473738129933674,2,75
46,0.6461347326604985,1.027804930363932,2,31,0.9049093942274178,0.22487229520712443,2,154,0.6182578885940355,0.9937284122342649,2,200
47,0.18749769662610233,0.8706200003623963,2,5,0.013405804184834743,1.1230571190516154,2,20
48,0.73194408437163,0.2279135932524999,2,21
49,0.7679470975560936,0.6970859274031624,2,63
50,0.3218664332881416,1.4858123064041138,2,6,0.8741834780711367,0.08131765235554088,2,17,0.05490849785765335,0.11909336064543043,2,87,0.37013047160169926,1.4468387365341187,2,97,0.4126061682984269,0.45770664513111115,2,106,1.1535065257082462,0.11148586509556606,2,135,0.4420996063391014,0.8154814041577853,2,200
51,0.3278883443305984,0.5299248099327087,2,7,0.01701236894047382,1.0170016701404865,2,20
52,0.6423383976569983,1.4304533004760742,2,11,0.01714704072045991,1.1881843275494046,2,20
53,0.6375090195060776,0.9684200184419751,2,64
54,0.7845135464948165,0.4180422501789557,2,74,0.19353024774981287,0.5924733698368072,2,84,0.06395863447865267,0.7619034515486823,2,93,0.49741920873656154,0.9169696196217403,2,200
55,0.018641912857306413,1.2481133848428727,2,20
56,0.5877862132948807,1.114545035820741,2,52
57,0.5787228584634716,1.0505753647197376,2,44
58,0.13217262434458807,0.9489375551541647,2,6,0.014331516532294598,0.9660233514649528,2,20
59,0.4603339335713216,0.8046307978676814,2,102,0.7678180995518458,0.2660986025418554,2,116,1.7758463591917963,0.051142921671271324,2,164,0.6093010537432739,1.055670859416326,2,194
60,0.5565679985976121,0.6126307854428887,2,32
61,0.5790962776075219,0.9860675127609916,2,23
62,0.01811178249680981,0.1354247313372943,2,98,0.9791254572065372,0.21689377029736837,2,113,0.6133703239684795,1.087202554857227,2,184
63,0.7718360322149609,0.46946490012993247,2,59,0.037257572626045204,1.3631644050280254,2,65,0.4278090998815988,1.190737554005214,2,86
64,0.6411579398932736,0.9890400073966201,2,49
65,0.49061679704098715,0.8476838104186519,2,31
66,0.3920162090760356,0.7407964410320405,2,31,0.029459472609969294,0.2585946023464203,2,53,0.7980752832803518,0.26736273629623547,2,110,1.5666898872029769,0.06132092894542785,2,152,0.36612670565296523,0.8185745629858463,2,199
67,0.3403849111143522,0.6793365329504013,2,14,0.01768221792387138,1.167993386586507,2,20
68,0.5196387250215615,0.7616128365198771,2,15,0.022517747666124185,1.0272696971893311,2,20
69,1.113344874518383,0.22473707322667286,2,82,0.03674197251492796,0.42330039739608766,2,87,1.1410157910660403,0.1895942986011505,2,91,0.059512720577786477,0.3728678047657013,2,96,1.1254823300651482,0.1690114662051201,2,104,0.05095244957357171,0.241552856835452,2,115,0.798637974404176,0.2638066416340215,2,143,0.732502626223775,1.1408231302543923,2,170,1.0276684484893237,0.33357109603556717,2,192,0.8627472871578844,1.0407333225011826,2,200
70,0.6120775073070471,0.18200119212269783,2,28,0.011818239863122125,0.678613543510437,2,56,0.12069394516438986,0.7091522216796875,2,59
71,0.3931617866856888,0.8073646819337885,2,47
72,0.45686506064783433,1.028044922011239,2,35
73,0.4977984029474196,0.6804893579123155,2,106
74,0.39220192206528914,0.918609091421453,2,41,0.4772590339259291,0.5832998459799248,2,98,1.5073868370739834,0.3683825612068176,2,103,0.024102921794498477,0.18027358597669846,2,142,0.9831863576218508,0.23708112991374472,2,165
75,0.28288820081682964,0.7878980504141914,2,9,0.015599547255817954,1.1990654360164295,2,20
76,0.348064199008108,0.8516872972249985,2,12,0.018712947607790974,1.1490793079137802,2,20
77,0.21788006037141852,1.262533187866211,2,3,0.014650816807383431,1.037202982341542,2,20
78,0.6575557535671595,0.9759942610052568,2,79
79,0.15315218781474638,1.5969665050506592,2,4,0.014244484022860824,1.184650868177414,2,20
80,0.49804872784208415,1.014131589674614,2,71
81,0.6947606710249418,0.6611961579658616,2,71
82,0.6116039863564054,0.932543250421683,2,24
83,0.8822133719902177,0.5190456188038776,2,38,0.05451355380585556,0.9123674929141998,2,42,0.708607027665286,0.9990708827972412,2,49,1.0612852021634587,0.23268043908520022,2,118,0.057979267274328415,0.3877524733543396,2,121,1.2628044147779012,0.21734781148312968,2,200
84,0.014954767396522847,1.1023604720830917,2,20
85,0.5937817326014451,0.96003081264167,2,29
86,1.1180319893657769,0.3308325956265132,2,21,0.3665960942762352,1.0511612117290496,2,41,0.02516923982526954,0.23544961426939284,2,83,0.6640485127059353,0.5743804772694906,2,137,12.146458324458347,0.3426335978767146,2,160,1.5325017348668382,0.18085777676767772,2,178,0.6340892548059915,1.1312693303281611,2,200
87,0.6625370033001499,0.5429521085960525,2,28,0.026918155651429153,0.488628347714742,2,37,0.867263820385394,0.38768779527555947,2,200
88,0.5519755219899848,1.1288741959465876,2,9,0.015687938739338193,1.1762547926469282,2,20
89,0.5262977338836585,1.01426392251795,2,77,0.517816023250485,0.5173790433577129,2,105,1.1324301550164473,0.08141408045040933,2,200
90,0.642867870810745,0.8874650886564543,2,33
91,0.6314430886484711,1.0423955438125074,2,199
92,0.8016363026050682,0.37818001075224444,2,33,0.06463448611097912,0.7720046788454056,2,41,0.9973722228360357,0.5666538113501014,2,82,0.021496881716628943,1.0017170906066895,2,88,1.0375573176163895,0.3974199429154396,2,108,0.022244318285010403,0.39101645052433015,2,148,0.6624325012065634,0.8761952718098959,2,154,0.036940572278886884,0.9766552686691284,2,159,0.9789474662853295,0.7509143749872843,2,162,0.01937710551669899,1.0281010866165161,2,167,0.9963633597494265,0.6939090291659037,2,170,0.058306569451757544,0.8760821090804206,2,179,1.1508405351469695,0.11421920713924226,2,200
93,0.5475514301575936,0.5103703492110775,2,62
94,0.4697110029440152,0.7992416818936666,2,12,0.018865261929172587,1.102422371506691,2,20
95,0.4430926723882033,1.2335354370229386,2,51
96,0.5976592291684809,0.8426535291516263,2,46,1.1203982411141162,0.10953818115054584,2,168,0.34343049508702017,1.294179992242293,2,179,1.4548464744798135,0.09298610119592576,2,200
97,0.44884202422342656,0.9374360938866934,2,6,0.014420550030768788,1.1158196542944228,2,20
98,0.39756778127092335,0.7198731899261475,2,4,0.02064308326567992,0.9024487818990435,2,11,0.8432376910143662,0.4776519412795703,2,35,0.021918083351296504,0.8527933120727539,2,40,0.7963493830581073,0.49562472364176874,2,155,1.4263354727084976,0.32856607895631057,2,168,2.286643844863841,1.715261745452881,2,183,0.9432191417095255,0.7056749910116196,2,187,0.1028677233529724,0.6039180709765508,2,200
99,0.39120869974797523,0.24929689484484055,2,17,1.242060170336506,0.15636933410680423,2,110,9.888993661348245,0.09823022686666058,2,141,1.6692478094248755,0.2612463738769293,2,149,11.432174050731698,0.08463901430368423,2,159,0.12974571939537982,0.3054400533437729,2,162,11.858218053789273,0.08480915427207947,2,167,0.24047439766120932,0.25460567077000934,2,170,12.131224057115032,0.06665981667382377,2,177,0.8855310135861233,0.29727590343226556,2,200
100,0.24154783841721097,1.593732237815857,2,3,0.013866107928795687,1.1453317228485556,2,20
101,0.20859807559929394,1.1286568244298298,2,3,0.013222188611486937,1.08788004692863,2,20
102,0.6408220003279228,1.03751931158272,2,37,0.9544102581629245,0.32860613900881547,2,76,0.5573528810289577,1.2188516706228256,2,84,1.054096216710282,0.42146951653236564,2,127
103,0.4913793572234147,1.052965794290815,2,63
104,0.6466011314108258,0.9761629314983592,2,51
105,1.067082810901823,0.14964361346903302,2,42,0.04337375070013301,0.4623069067796071,2,51,1.0692822072312287,0.09694076666276749,2,124,0.051260753363652274,0.36247846484184265,2,127,0.7066879884593279,0.2866614256054163,2,135,0.04469057308079733,0.3911188319325447,2,139,0.5429699681252402,0.17052958284815153,2,163,0.026885146379870623,0.24048755764961244,2,168,0.3432150663426573,0.2034294731914997,2,188,0.02243778569507102,0.34657658338546754,2,193,1.0309121102904772,0.18730410436789194,2,196,0.033992814200412697,0.6236380636692047,2,200
106,0.016475405737167974,1.1132119357585908,2,20
107,0.40362368321151554,1.108217254281044,2,8,1.2238204940607726,0.06791839970124734,2,45,0.0722522148333192,0.26988695934414864,2,49,1.4556717351064148,0.056693009459055387,2,62,0.06176738929963959,0.2907768239577611,2,68,1.074443185816885,0.09187622232870622,2,79,0.051190809567822834,0.6130269666512808,2,91,0.8502824179026331,1.4336988925933838,2,99
108,0.6628930915492987,0.6118342943986257,2,75,0.9331460386586109,0.21111093861843222,2,142
109,0.9055860312152045,0.3511306466091247,2,42
110,0.4951212339739843,0.1771197537581126,2,15,0.022205780399337686,0.8443085193634033,2,20
111,0.44916663224145686,0.9574678760987742,2,54,1.123506029087782,0.1036231904416471,2,91,0.04163987135181886,0.3906227648258209,2,94,1.6766236876470504,0.8058801591396332,2,98,3.4612101469039724,1.6738499127901518,2,124,1.7004163899922613,0.36042943732305005,2,135,0.30672430400378614,0.36874804738909006,2,151,4.717504244955569,0.6381878798658197,2,162,0.08323244370199852,0.4038546234369278,2,166,4.172748715780748,0.20658706724643708,2,171,0.016486142636829702,0.7337079495191574,2,179,1.224988174467051,0.0781866330653429,2,187,0.08924111820682974,0.5034511181024405,2,200
112,0.5003177660496533,1.0943228971390497,2,21
113,0.3732548916550456,0.853002089720506,2,78,0.6528022413787365,0.39920858648561297,2,120,0.798086013080124,0.09498967360705138,2,200
114,0.6005960567037402,0.9562206983566284,2,40,0.04615179007986823,0.18643362157874638,2,58,0.9425113478384963,0.19285339216391245,2,73,0.31162290288473393,1.0511565425179221,2,84,1.0592776563653035,0.5118884444236755,2,95,0.042701562993837705,0.6313139994939169,2,98,1.043727129501986,0.3817501701414585,2,106,0.023602317851471398,0.7732528448104858,2,111,0.9905808799915724,0.34655920043587685,2,119,0.032035988860198115,0.26135291207221245,2,150,0.798168304426167,0.08539345115423203,2,158,0.02315819289629878,0.2319262849121559,2,199
115,0.4265809484925824,0.8010951985012401,2,11,0.06680773028849386,0.8893945813179016,2,17,0.7847701028183703,0.5036786813288927,2,33
116,0.01810279421844894,1.2512211680412293,2,20
117,0.9526033796625271,0.2637751265005632,2,22,0.5411978444891354,1.0077840558120184,2,50,0.07883967628403202,1.2756779938936234,2,58,1.0270337402024488,0.28746324746559065,2,154,0.35621287875325086,0.9511415387193362,2,178,1.0126667399084577,0.2579991106282581,2,200
118,0.6243041078747799,0.864582552858021,2,46
119,0.8167437797966609,0.18078250885009767,2,10,0.3257962959357398,1.139703783121976,2,32,0.3974277385397246,0.4177626371383667,2,37,0.9867691480662512,0.1156330651616397,2,110,0.4353996435645562,0.1437298533591357,2,121,0.5527812519768929,0.6744693380135757,2,147,0.3216266064602293,1.4102594777941704,2,163,0.5135594780201247,0.734294140661085,2,200
120,0.4290013764173752,0.9858510593573252,2,12,0.8498459514072145,0.22952745448459277,2,23
121,0.6931041794794753,1.5412025153636932,2,8,0.7602868116040198,0.7732760339975357,2,28,0.9327565230531022,1.4591885566711427,2,33,6.5986823877556295,1.9643423118089374,3,52,0.10454475972633012,1.2963296175003052,2,55,5.655392977714217,1.8970848447398136,3,74
122,0.3767728415070783,1.0648306012153625,2,98,1.163362676519418,0.11335597553495634,2,157,0.8408581035465138,1.4341261055734422,2,175,0.3991123671149911,1.2661837196350099,2,200
123,0.7203206975331269,0.8143232510059695,2,79,1.0972396344718813,0.27061906576156614,2,179,0.4502970983404204,1.333020840372358,2,200
124,0.5601109949636945,0.8176168349324441,2,49
125,0.9593706287186606,0.48385780857455346,2,31,0.06087650017947318,0.23340300056669447,2,49,0.8529160745735642,0.1704431927204132,2,99,0.08334890636701835,0.27565541565418245,2,114
126,0.4310974408364157,1.2347933105800464,2,23
127,0.28345146557554785,0.4361030672277723,2,7,0.012734891276031023,1.1358534189370961,2,20
128,0.6219215790806147,1.1684860828760508,2,74,0.18644665116335146,0.4148365408182144,2,78
129,0.6607872307112435,0.8520284339785575,2,40,0.05649629049415031,1.2877209186553955,2,47,0.7191402055178506,1.155988097190857,2,50,0.041860082022050674,0.2792112448563178,2,98,0.621259275972775,0.8664384414167965,2,115
130,0.627793688345082,0.9932443062464397,2,15,0.03994890887419463,1.0918522392000471,2,22,0.7651135307363349,0.8352425251688276,2,57,0.9285654605922746,0.3599299671682152,2,94,0.652970863458643,0.9343372699287202,2,130,1.9613229602609468,0.24934172987937928,2,155,6.759196375716144,0.19671156778931617,2,175,0.49553392919096084,0.4109678367773692,2,178
131,0.28893816584568893,1.1454550453594752,2,14,0.01587454536695984,1.1788839101791382,2,20
132,0.436315752129656,1.3193682157076323,2,13,0.023898685401859583,0.4234780808289846,2,28,0.4344085562053889,1.1731812357902527,2,32
133,0.33064393221877286,0.9071146249771118,2,3,0.014868145391998924,1.0214151985505049,2,20
134,0.33153557330942135,1.0783043892487236,2,23
135,0.34705988350997324,0.9408716351897628,2,135
136,0.5361610507933112,0.8105301740122777,2,102,0.024611896272299434,0.740832371371133,2,109,0.02307761950367204,0.6298736135164896,2,112,0.4802768380717323,0.5409479926272136,2,153
137,0.6226353216801869,1.1837684114774067,2,6,1.10382294657303,0.3939809083450036,2,67,0.4350811723163018,0.9131262823939323,2,83
138,0.4521363877114916,1.011432940309698,2,44
139,0.6057963381962554,0.8418732834133235,2,88,0.08261155862963987,0.0729434887568156,2,115
140,0.6358040286480545,0.9078634604811668,2,16,0.018842189817729553,1.0594473779201508,2,20
141,0.6723618197427819,0.9643486087972467,2,33
142,0.5134668047225724,1.2837701099259513,2,28,0.044780900386479874,0.5256648170096534,2,42
143,0.5607950624945965,1.091942576261667,2,26
144,0.45847239257494954,1.1040645885467528,2,25
