0,0.37258855867727636,0.9471033041070147,2,164
1,0.007324435042550137,0.7171992093324662,2,20
2,0.375824656057812,0.8344603900862212,2,101,0.3690676045213736,0.40197099630649274,2,114,1.367625472611507,0.08644527785999831,2,200
3,0.6168289363239662,0.9869408110777537,2,6,1.1930290584118801,0.3127160469690959,2,9,0.02598151355358563,0.4726897520678384,2,23,1.075179987672024,0.1296017862792708,2,140,2.452064591414403,0.18632995130287278,2,176,22.429425879494257,0.72370365858078,2,181,0.5607814686452661,0.40557559579610825,2,189,13.821511793814809,0.08245229125022888,2,194,1.120656638403643,0.25037405143181485,2,200
4,0.6629635790360957,1.2277067249471492,2,22,0.8383025741660662,0.6765423367420832,2,34
5,0.007324435042550137,0.7171992093324662,2,20
6,0.72613141362754,1.3628863493601482,2,3,0.047111180360443684,0.10163274159034093,2,15,0.9169925367928147,0.0944969842308446,2,53,0.7130777498522154,0.586252266452426,2,74,1.3822973980555278,0.12332064826642314,2,136,0.48589700443809214,0.9484077095985413,2,146,0.905430330944073,0.2733464439709981,2,155,1.8399808757869798,0.08404235350779998,2,194,0.2819946186249079,0.6127271503210068,2,200
7,0.9148666057712397,0.25149012356996536,2,8,0.015825551034642615,1.061735729376475,2,20
8,0.3780568249726502,0.8024611156813952,2,49
9,0.3667759488551987,1.0533088980888834,2,49
10,0.3981716296363004,0.7016439991337913,2,14,0.020313793549840916,1.0865216851234436,2,20
11,0.8217217063566409,0.18086075256852543,2,17,0.044000007723556535,0.35922838882966474,2,28,1.0338124265155149,0.1876467801630497,2,32,0.04123243324766329,0.41207387298345566,2,36,1.274505590234664,0.11843524998234164,2,191,0.060836835302145204,0.36871830622355145,2,194,2.491832673800008,0.05759855608145396,2,197,0.14384440765399537,0.488254855076472,2,200
12,0.9782762660547809,1.1773286163806915,2,8,0.015787428924513982,1.263000875711441,2,20
13,0.06410949535122604,0.3312685236334801,2,10,0.6189372330231767,0.18587428906507658,2,67,0.08056299788693368,0.24143811464309692,2,72,0.9100635804484221,0.23756995995839436,2,102,0.15899756266611645,0.6396773457527161,2,113,1.289452958204516,0.0629194900393486,2,125,0.09918125356974726,0.29967095255851744,2,135,1.5014428582204538,0.07853566855192184,2,143,0.06348387176809579,0.2702593704064687,2,146,1.547922312470842,0.08855489492416382,2,151,0.055375006392693715,0.30266715089480084,2,154,1.5064395107521162,0.06434598139354161,2,168,0.07191033920204976,0.27550481756528217,2,171,1.1250864395808482,0.1608457688627572,2,200
14,0.8475563017245248,0.28630331703802436,2,41,0.07779762646938766,1.5025015217917306,2,48,0.8723161964195204,1.1205809513727825,2,51
15,0.5361249666379143,0.8478783794811794,2,42,0.6888065033057347,0.3856031366369941,2,64,1.0282560162220233,0.20024666154384613,2,189,0.4254954865201744,0.8874436237595298,2,200
16,0.5882601563553196,0.8893312573432922,2,20
17,0.276187675302153,0.7837361097335815,2,4,0.013857058140846201,1.121022142469883,2,20
18,0.3062566872267467,0.9880746801694235,2,18,0.02098012291407499,0.12618231922388076,2,48,1.1414549222652393,0.20200153052806855,2,123
19,1.004425574257517,0.1368307304175603,2,173,0.7486240396082352,0.9295484313258419,2,200
20,0.545233982176424,1.1444197527567546,2,75
21,0.49126394925119965,0.9370647821670923,2,39
22,0.5097627798285206,0.9704497754573822,2,4,0.014760069701145698,1.1177014335989952,2,20
23,0.6567345583991097,1.1656902406526648,2,46
24,0.35475080532888714,0.8657206781208515,2,32,0.8492308680149904,0.47077743031761865,2,54
25,0.44581403375251677,1.4352089762687683,2,8,1.1936743947471675,0.07128058436016242,2,200
26,1.1690355830956183,0.11547586093930637,2,85,0.13695125259361632,0.2534629310432233,2,104,1.3893576794532623,0.06641368435907967,2,183,5.058687974497345,0.12114795253557317,2,200
27,0.35521670764606067,0.6911121951906305,2,19,1.0255601607939417,0.09392703274885814,2,64,0.9442690624947689,1.4991117532436664,2,77,1.5597687116835317,0.06811502017080784,2,197,0.15889458294705627,0.6278726855913798,2,200
28,0.12214493941276504,1.2801312605539958,2,3,0.012264884587038153,1.1318877164055319,2,20
29,0.679143051830243,1.0351521513041329,2,34
30,0.9830821995466323,0.6793088133518512,2,26,0.051647217002371376,0.1846473135731437,2,48,0.8430611638924677,0.9938446680704752,2,51
31,0.5083400350491897,0.9579388499259949,2,28
32,0.4360626680354466,1.3314231634140015,2,3,0.01571566070578545,1.218513243338641,2,20
33,0.4767345830059112,1.0138571573340374,2,23
34,0.7587535549706206,1.0265490263700485,2,12,0.8353315451561016,0.12729736845544043,2,59,0.05048173141467831,0.4242196851655057,2,78,1.2763795312513662,0.17420874370468986,2,114,0.03122873665173348,0.4182485081255436,2,122,0.7749221214647978,0.19330346956849098,2,126,0.0738155264809458,0.4947402947224103,2,152,0.8121528240138419,0.17606350708575474,2,194,0.7373628953165349,0.9918059905370077,2,200
35,0.6252082083534563,1.0081354074361848,2,82,0.32963318753494614,0.9809637509859526,2,147,0.04722409196087695,0.20824762869555996,2,200
36,0.8506750892004906,1.2096424102783203,2,9,0.01656789880774125,1.115218531001698,2,20
37,0.08188956887051929,0.639981554614173,2,18,0.8190956705840922,0.30640613436698916,2,23,0.07229216290305947,0.14664057036861777,2,55,0.6427294382317721,1.1057683803417064,2,82
38,0.17991873407913622,1.256726622581482,2,11,0.015811356796277747,1.2251092592875164,2,20
39,0.4276680729157693,1.0095023188674659,2,57,0.5841988966244703,0.6408871479332447,2,77,1.0943353411907595,0.13436534616254991,2,108,0.08324280863237676,0.34408735632896426,2,113,1.055817629804015,0.11614614352583885,2,129,0.05628106112350015,0.3397701680660248,2,132,1.1012028709017032,0.11890502274036407,2,152,0.07015410424171314,0.44061483442783356,2,158,1.0832033749715893,0.09087646589046572,2,199
40,0.5117280650510615,0.847283446452987,2,71
41,0.5920978917446585,0.6807466348012289,2,12,1.4599894202715973,0.10915833463271458,2,102,0.15483430256379477,0.3563950468193401,2,113,0.7166103912697892,0.18142161021629968,2,125,0.016893649945792944,0.16847717398550452,2,166,0.6658677295361001,0.874947767991286,2,179,0.07770054425243644,0.7852016806602478,2,184,1.0111949886295455,0.7465760633349419,2,200
42,0.4196666108981558,0.7460003562511937,2,31
43,0.6845744403508581,0.9581680695215861,2,15,0.01629446085227136,0.8102850794792176,2,20
44,0.5154259518833294,0.7542545180767775,2,64
45,0.38684717959914183,0.7963875752908213,2,81
46,0.4703513386995115,0.910805660745372,2,23,0.056219500111394864,0.09537149965763092,2,35,0.7003877167337701,0.9478821754455566,2,44,0.07858362702752865,0.6021218661751065,2,58,0.5571743444952353,0.9573097739900861,2,65
47,0.05969944752958291,0.5645016634038517,2,28,1.1532844567357805,0.3884915080335405,2,37,3.1770611139492466,1.5803243489492507,2,58,0.5372802591478087,1.069242809500013,2,170
48,0.36482796438216203,0.6202913701534272,2,10,0.015052629226088082,1.1137564420700072,2,20
49,0.6284553604921708,1.1067294279734294,2,51
50,0.589358091176342,1.390856941541036,2,3,0.018207432172926256,1.5802354017893474,2,9,0.9340435796839417,0.16301521929827603,2,20,0.0401420142628977,0.49016327410936356,2,24,1.1627471515381993,0.11869923426554753,2,63,0.06073684279663883,0.33775240927934647,2,67,1.3189308302134235,0.1430710161987104,2,181,0.05707493267422904,0.486196156591177,2,189,1.2324501529720484,0.3325062258677049,2,200
51,0.4717776536132415,0.9439837065610018,2,22
52,0.5379114632642472,0.6618636399507523,2,12,0.020357877404703354,1.0275311321020126,2,20
53,0.6902616687581623,0.5924375893055708,2,87
54,0.8424898451722712,0.9793131947517395,2,10,0.21917725184754497,0.4086058437824249,2,13,0.023922891899090276,0.09433435314688189,2,42,0.9294540035075816,0.2664210945367813,2,45,0.03274134441263653,0.4076181227962176,2,57,0.8184107264606328,0.5000669360160828,2,60,0.025565675114830204,0.7854393273591995,2,68,0.7463230454731125,0.4729289039969444,2,100,0.0802967815485025,0.8462899242128644,2,114,0.4952151586507716,0.6053992476728227,2,132
55,0.6168678580197646,1.0220905074051447,2,42,0.05274709624012754,0.4128558442873113,2,59,0.7597568280621246,0.45079987198114396,2,79,0.0241313637302652,0.22683581933379174,2,99,0.4521863264946767,0.3891541361808777,2,102,0.02851149476992754,0.2926838755607605,2,112,0.2815359889223452,0.2342493273317814,2,124,0.029138763825108313,0.28577806191010907,2,135,0.48252790390718714,0.3347658117612203,2,138,0.02688397672424739,0.2523322716355324,2,148,1.2250653598816938,0.06598145634897294,2,179,0.6887536692318154,1.421653187274933,2,189,1.181376758855642,0.23005374724214728,2,200
56,0.8363984765875804,0.5224291210373243,2,12,0.05623564955820408,0.21022937893867494,2,37,0.7621828610542838,1.0373913560594832,2,86,0.018182857179304703,0.5036252647638321,2,96,0.5878128971255742,0.7961012916639447,2,160,0.9198032888844445,0.33588597401976583,2,200
57,0.7132642036355801,0.6509921731693404,2,56
58,0.9399510920244729,0.2665975384595918,2,41,0.41967972546396687,1.079373357143808,2,88
59,0.35057465034039104,1.3124887719750404,2,16,0.016912791969471305,1.4364513158798218,2,20
60,0.72507772125764,0.6520220418365634,2,49,0.3308177157269349,1.6374924315346613,2,58
61,0.7796161311520012,0.5917404612356966,2,44
62,0.24336178846988402,1.6690367460250854,2,4,0.015389997320774283,1.27316065877676,2,20
63,0.2905365966047585,0.965545117855072,2,8,0.017402259575850763,1.1838942170143127,2,20
64,0.05952064452866255,0.3399709134347855,2,63,0.6435578113197993,1.046034812927246,2,66
65,0.6436373583657938,0.8680990040302277,2,4,0.014757347101381954,1.0450822785496712,2,20
66,0.5062026788866565,1.3490397135416667,2,3,0.06370941532129433,0.18292320158221934,2,104,0.9315883769825647,0.04784353950927998,2,162,0.06151304116538379,0.7871910929679871,2,171,1.1956340808706492,0.06017636636207844,2,200
67,0.7197805786949757,1.3420157065758338,2,52
68,0.17589104460630742,1.5519465804100037,2,4,0.013237826576978357,1.1112128756940365,2,20
69,0.9660887425738051,0.07657758630158608,2,57
70,0.462283445342861,0.9058204681976981,2,69,0.023667446136134022,0.31663133566443985,2,143,1.2535245664985812,0.0697111390661775,2,200
71,0.759143245252083,0.887805123482981,2,31,0.07388119296113749,0.9495203892389933,2,37,1.0266991983922826,0.28599492320790887,2,101,0.0672493086186227,0.6155942797660827,2,106,0.915839546530007,0.28896514219897135,2,148,0.11443903834359245,0.47981152931849164,2,154,0.7843012692734228,0.3276597931981087,2,158,0.6526175493889356,0.6906932199873576,2,199
72,0.578000610066258,1.3152260862547775,2,29
73,0.8839801247051814,0.1817702203989029,2,15,0.07639245055087512,0.31653541326522827,2,18,1.1644586426208057,0.17816458930626758,2,199
74,0.5757414752717798,1.2387974121991325,2,17,0.028945572528017292,1.3964306116104126,2,20
75,0.3871654621931066,0.9247560247983018,2,73
76,0.8843001379784114,0.28036373143441207,2,107,0.32979552205537177,0.2972326660528779,2,123,1.4096118176036194,0.15210080319556638,2,192,0.09760337143937092,0.1523158084601164,2,200
77,0.3452891064701407,1.2155789136886597,2,4,0.015368068292376115,1.0562452673912048,2,20
78,0.29139511219956005,0.8596105873584747,2,12,0.017352106097867154,0.6531652053197224,2,27,0.8531809421155216,0.11673104405403137,2,52,0.5592836329302843,1.3410752353997066,2,81,0.27019554178616717,0.2903593838214874,2,91,13.078934061854955,0.2456286959350109,2,95,0.02631885827835125,0.4351235628128052,2,99,1.2420260075581557,0.2647085338830948,2,102,0.029723209983619166,0.8156956867738203,2,113,0.68509173443835,0.23416752687522344,2,120,0.08124292460131893,0.1953936219215393,2,126,1.1401927188895329,0.03033851385116577,2,136,0.028975289790263915,0.33604339758555096,2,142,1.6301948801985047,0.0653446326995718,2,171,0.08375238603474107,0.28421285152435305,2,176,6.000797390157824,0.3058891803026199,2,181,0.03295619049825313,0.4296386018395424,2,189,1.5434260401182789,0.1500086486339569,2,200
79,0.46598404058187953,1.2343130906422932,2,12,0.017970208841483933,0.8139557838439941,2,20
80,0.2923645325690774,1.182673019170761,2,20
81,0.3083675914595113,0.5372236877679825,2,10,0.03166856464086319,0.41200319620279163,2,23,1.0258992396454747,0.06312395383914311,2,35,0.06756267987442273,0.27281079689661664,2,38,1.1942595115652959,0.044471386820077896,2,94,0.05355952726089942,0.19564341505368552,2,97,1.2184063375849694,0.027285758744586597,2,119,0.053667756413968315,0.16068384051322937,2,122,1.2934917090412934,0.04627185406392081,2,179,0.3809218156705632,1.5136031309763591,2,188,3.962997261595161,0.10322301710645358,2,200
82,0.6877418005812191,0.659149957554681,2,63
83,0.6146829275058143,0.8577779391978649,2,47
84,0.7703333756060265,1.417714549944951,2,13,0.8319394147676163,0.682530300957816,2,20,0.05443952875521107,0.14553031864318441,2,67,0.9181185046925848,1.3643857366160344,2,86,1.1316665439376161,0.32799382894127455,2,113,0.6054742520589703,1.06034916639328,2,125,0.022246394822929057,1.045697659254074,2,129,0.5921708887124961,1.1981765031814575,2,148
85,0.70163087546988,1.129470774105617,2,42,1.0517959119345457,0.12782509057294755,2,105,0.475838927919603,1.379045563585618,2,122,0.99302526760076,0.10019462575783601,2,196,0.09515021786344716,0.4801434477170308,2,199
86,0.5837558269952924,0.9185478037053888,2,11,0.018616304070886477,0.2449512814774233,2,28,0.7945197359539675,0.36701599061489104,2,33,0.7394483271883852,0.8973781492399133,2,56,0.02494598255693353,0.24540343530037823,2,73,0.9218019494305035,0.4754071652889252,2,78,0.017371406767792384,1.0643608740397863,2,85,0.5987567498172158,0.9287126213312149,2,125,2.3913378509758063,0.13747656272083034,2,186,0.11421300155844256,0.33154217650492984,2,192,4.5985162381174085,0.10061893798410892,2,200
87,0.6562223872450524,1.1475382574966975,2,14,1.0511691383873913,0.15810842398140165,2,32,0.5021737252703802,1.1975803591988303,2,87,0.875783445093426,0.22374233780270916,2,146,1.7055621302936206,0.20400005224205198,2,167,0.08980116663643266,0.11448955174648401,2,200
88,0.7965412585540392,1.0503992140293121,2,4,0.016108693920673663,1.08334531635046,2,20
89,0.6198243452615795,1.030454154937498,2,93
90,0.661196568753731,0.911472676656185,2,39
91,0.4099015917023669,0.6615976739574123,2,37,0.054636210036506615,0.8076432072199308,2,50,0.8679299187956894,0.5973336192277762,2,76,0.1139961872381535,0.7540938198566437,2,86,0.6620820672904482,0.770335828435832,2,144
92,0.024016255960133657,0.5222963144381841,2,6,0.9865737912705912,0.5912665062480502,2,15,0.01959092272523109,1.119678521156311,2,20
93,0.3592281983939658,1.009784460067749,2,12,0.02032374645548168,1.1879013031721115,2,20
94,0.5202772958084602,1.0960602114597957,2,48
95,0.4935636784997613,1.0117009098713214,2,52
96,0.42953897969231464,0.8301915884017944,2,15,0.026606458919927873,0.8224667191505433,2,20
97,0.6247771510690615,0.9969435700199061,2,57,0.029774293731900443,1.041089653968811,2,63,0.7556347740869679,0.9585194140672684,2,71,0.03442446758926774,0.22225102165649677,2,100,0.8945573558574658,0.6339815388555112,2,123,0.04329360364196393,0.7324881702661514,2,127,1.1453074466611832,0.41008787353833515,2,145,0.020801862603605527,0.7606391140392849,2,152,1.0431722026819221,0.5199480459970587,2,169,0.019638115981421046,0.5000697337090969,2,177,3.5580327347378637,0.3187345713376999,2,184,0.019182462449265685,1.3044524490833282,2,192,0.6141697023192982,1.2401910573244095,2,200
98,0.748938002115432,0.9405779739220937,2,36
99,0.33013044651907586,0.46687391671267425,2,11,1.0184327005282385,0.16476996554123177,2,102,0.17677619458084823,0.2833986945450306,2,122,0.030011042561712043,0.2931581681424921,2,133,1.2618134655295883,0.05986081063747406,2,171,0.04138973215406482,0.25928165515263873,2,174,0.8536505863821586,0.1687817327105082,2,200
100,0.7593244595675828,1.5659081141153972,2,24
101,1.0038060013035792,0.3247743613190121,2,9,0.019718860624816592,0.26743291152848137,2,45,0.9936802418380345,0.12193050980567932,2,49,0.03347225389538926,0.6512758731842041,2,56,1.1632278936777958,0.1217547490408546,2,75,0.05790974052737912,0.3388325373331706,2,78,1.034760627114146,0.11526738028777272,2,97
102,1.085333650678812,0.14761070820732394,2,69,0.6605110729733926,0.7652756010784822,2,120,1.2294525045550364,0.12297194294239346,2,158,3.881284245333696,0.06695683548847835,2,164,0.04704123578057218,0.23664498577515283,2,200
103,1.0471396033279263,0.08395504290369195,2,142,0.06290206422215691,0.35555315390229225,2,146,1.177529019950611,0.08407263954480489,2,158,0.5618864472495874,1.269243021806081,2,200
104,0.46451452591893266,1.0156355675529032,2,51,0.9387890098873598,0.380261795956697,2,118,0.7098005501256788,0.7334273159503937,2,141,0.6672835316093361,1.1716047010638497,2,185,0.028431921380864342,0.5546954313913981,2,200
105,0.38292242570202495,1.4159013032913208,2,15,0.017043640929034553,1.2814783334732056,2,20
106,0.487792530579038,1.250841212272644,2,5,0.01455906130810973,1.0552861054738363,2,20
107,0.7074729861319997,0.9559432622548696,2,37
108,0.3967798890091793,0.8363847533861796,2,3,0.01326745948530002,1.1392609441981596,2,20
109,0.7353433657087253,0.7094255566596985,2,20,0.2947491035411477,1.3533713668584824,2,28
110,0.3876615863435843,1.041784102266485,2,22,0.06640320143909369,0.46445945650339127,2,34,0.2727321791540654,0.5946095125241713,2,45
111,0.8549916613833317,0.7550504207611084,2,4,0.012914115462292458,1.2729511931538582,2,20
112,0.5968406399350358,1.058893001996554,2,13,0.019988905537807942,1.099967462675912,2,20
113,0.43496913046864777,1.2119194825490316,2,90
114,0.8992276345603396,1.5394345998764039,2,5,0.015654090538331198,1.1990448514620462,2,20
115,0.8058682433391816,1.0879856189092,2,30,0.1868803156446446,0.9763436961818386,2,67
116,0.3452666467309703,0.7584167023499807,2,6,1.4319446768658444,0.057615647897308254,2,87,0.6797938610280144,0.42636095425661874,2,104,0.618667451307006,1.080197666820727,2,123
117,0.7717369171569134,0.8499548695981503,2,16,0.051276985583455476,0.2384486233397406,2,114,0.9438680542246948,0.1682345307497091,2,200
118,0.5045175651347308,1.1369904109409876,2,7,1.2573427013420813,0.16075279340147972,2,27,0.07664270590014333,0.45070100016891956,2,43,1.0802383670280638,0.16893135117633,2,85,0.6338079386950044,0.6989197345340953,2,119,0.0657724177211254,0.23078215257688003,2,130
119,1.2511181847657036,0.8809325496355692,2,3,0.053148576402142066,0.27749856437246007,2,39,0.45297206067107537,0.5942790687084198,2,49
120,0.5458787891957029,0.8160651786760851,2,22,0.7938191594866489,0.3540127970076896,2,59,1.2766311896304532,0.21018493523664564,2,166,0.7919033727862181,0.5958518671492735,2,190
121,0.5839235279881185,0.8511965535581112,2,16,0.932455823947889,0.3029100257665553,2,63,0.7342227649530657,0.9661232546756142,2,82,0.03348598575347948,1.1997939586639403,2,92,0.6606146495782642,0.9473623552837888,2,166,0.9713034619288149,0.145814524455504,2,188,0.05452229188471127,0.4169149299462636,2,200
122,0.2895689086672064,0.8895353930337089,2,7,0.015324398573726014,1.1085562430895293,2,20
123,0.5126307669700704,0.9632033109664917,2,45
124,0.5703364609514321,1.0696820884943008,2,40,0.08056335802513329,0.6600836430277143,2,54,1.0277191784828403,0.319877541175595,2,81,3.430265637550564,0.12172146499156952,2,106,0.6531063372440414,0.752643826107184,2,130
125,0.3682205659636805,1.0207801867615094,2,44,0.9253795124529178,0.11474986001849174,2,100,0.082547962724488,0.3492073714733124,2,105,1.0799534311184227,0.1097364363571008,2,117,0.07208115818232592,0.3178338674099549,2,163,0.6452356015172991,0.8147023022174835,2,171,0.031230639838213104,0.8557538049561637,2,178,1.0096078484904016,0.1675416655265368,2,191,0.043147188835677384,0.3008565935823653,2,200
126,0.5334690366649756,0.5635480185349783,2,24
127,0.6855928497607108,1.140716737508774,2,20
128,0.6767472072073055,0.9519002768728468,2,27
129,0.017695555422471764,1.1894741535186768,2,20
130,0.7151019035163041,1.1058083122426814,2,11,0.016064780184125525,1.2265243927637737,2,20
131,0.018290581561556458,1.2329477399587632,2,20
132,0.017940346480428762,1.1716404646635055,2,20
133,0.016230761959647337,1.2025538235902786,2,20
134,0.5629671911267127,1.040446037755293,2,34,1.0797986553071728,0.12720793093505658,2,72
135,0.8648851012457628,0.600817294497239,2,38
136,0.5120349891612762,1.1934748802866255,2,28
