0,0.3860671400345162,0.7620189121136298,2,52,0.02052229094442245,0.8612652150067416,2,63,0.6319786900459654,0.9143898432905023,2,85
1,0.7104094838085736,0.9521844077419925,2,77,0.06505880924646602,0.9360629660742623,2,84,0.8709063169990277,0.3268313229084015,2,94,0.022824629174096635,0.8979533314704895,2,99,1.1593484636203095,0.18089939127950108,2,133,0.017059443364207203,0.9742184355854988,2,141,0.14418591545312842,0.25451034903526304,2,146,1.556474755561844,0.049342143535614016,2,151,0.044232704012685205,0.2895229657491048,2,154,0.943771932479869,0.0923201036841973,2,200
2,0.884587324846247,0.47374777577140115,2,110,0.634600943669159,0.8337643286761116,2,195
3,0.7455408114713437,0.43816634118556974,2,30,0.32787310662245633,0.9260698486776913,2,200
4,0.17137203176360605,0.9743225574493408,2,4,0.013080634724988785,1.0085507854819298,2,20
5,0.41051140966966077,1.0534544691206917,2,63,0.0509092118584646,1.1140662261417933,2,70,0.5909674078307247,1.0804152369499207,2,100
6,0.8394441139135406,0.8006683943363336,2,52
7,0.5698673791033955,0.6883120755354564,2,30,0.020279605231319133,0.9624848365783691,2,34,0.6645929960896751,0.7805260203101418,2,56,0.03977652724986191,0.24916975726099574,2,73,0.5899242038944347,1.0009680729286343,2,124
8,0.537146061329827,0.9286692496389151,2,64
9,1.1799417029732242,0.06295088157057763,2,60,0.058596957291408874,0.2410007951160272,2,72,1.1635474446558474,0.37284038464228314,2,75,0.022242444886326426,0.37060184370387683,2,86,1.5036716103750505,0.041230329871177675,2,96,0.11464456893826737,0.34382180869579315,2,100,1.601378689868708,0.029073288043340046,2,121,0.05395064677175568,0.3488571375608444,2,126,1.8030468056439068,0.04245815745421818,2,133,0.14838338639802867,0.3121105482180913,2,139,1.1969978649321882,0.16077464322249094,2,154,0.06803682553424588,0.351273516813914,2,157,1.9963329852275744,0.05700543522834778,2,162,0.048994857553019154,0.3026110827922821,2,165,2.035596755416792,0.09157181282838185,2,168,0.09765052589534602,0.3233448083584125,2,181,1.7999553179659888,0.07545039606721778,2,200
10,0.48633509381979256,1.1982194209098815,2,50
11,0.6358361169223533,1.0521926446394487,2,33,0.058583950524370085,0.07060132719374992,2,70,0.4654948678722983,0.1294586956501007,2,73
12,0.3638443597465723,1.2999318281809489,2,15,0.8432447096993594,0.21513265027449682,2,41,0.6706139874700086,1.471775472164154,2,55,1.1614595152643667,0.2285197938310689,2,200
13,0.44955679397744597,0.566412885983785,2,42,1.0753196687173698,0.16360469297929245,2,86,0.07759858558534481,0.5449828108151754,2,92,1.1510669653954306,0.1940980762243271,2,102,0.39333454177218113,1.2929121152214382,2,125,1.766061982135123,0.17810274447713578,2,132,0.4092501111748502,1.318517221344842,2,150
14,0.19168120954829396,1.185054564476013,2,5,0.013780382158475914,1.1623857577641805,2,20
15,0.8396182132991671,0.4586505921263444,2,171
16,0.6682688742343715,0.798412941518377,2,61
17,0.45901505379306795,0.6742062456202957,2,53
18,0.8494866642184404,0.26440739251197654,2,188,0.03243899720154576,0.20118076105912527,2,200
19,0.3880165708596964,0.8468809747228435,2,153,0.8966234754026363,0.337274184184415,2,181,0.2996544663648949,1.1030515829722087,2,199
20,0.8912882586027724,1.3654503345489502,2,5,0.03838921341735398,0.3742521156867345,2,17,0.543387734978457,1.1425874842537773,2,62
21,0.510834494504203,1.2749851014879015,2,9,0.022123872817422875,0.2494102043764932,2,44,1.056096381279889,0.430751981479781,2,58,0.021344016748258133,0.42588673744882855,2,65,0.9909526733329609,0.08850689554536664,2,139,0.5693133694752723,1.1113413113062498,2,200
22,0.24987591865273598,1.2637607592802782,2,13,0.019507412675073714,1.2667504719325475,2,20
23,0.08504651762580517,0.7710338197648525,2,16,0.8991986991138742,0.14024145688329423,2,23,0.12561687570299626,0.871262959071568,2,30,0.823811875097665,0.11191710115720828,2,78,0.12102597029614079,0.2939308521648248,2,90,1.06949883023287,0.07225832529366016,2,98,0.031121603098204227,0.36310745775699615,2,104,0.9246526626964615,0.13178077164818258,2,121,0.08153357878772143,0.3750619232654572,2,126,0.890031525728757,0.10070344731211663,2,146,0.053137741323828244,0.30166784177223843,2,152,1.3616387074012652,0.09291326968620221,2,200
24,0.6114702146318606,0.9221718049885934,2,57
25,0.43409965989441157,1.1927658837774526,2,23,0.03392104566989903,0.13184341549873352,2,48,0.7016664458712084,0.92829649746418,2,88,0.3529399105318625,0.32811197532074793,2,102,0.6648006689018298,0.9174266864981833,2,181
26,0.9416266464247155,1.0206059260027749,2,14,1.1310913369167797,1.7753796378771465,2,32,8.950195617623784,1.9357082843780518,3,43,0.3131225524724069,0.17813931554555892,2,53
27,0.6866344636885305,0.7267850756645202,2,10,0.015781937766534044,1.0868096947669983,2,20
28,0.3875493020354101,0.7942717818246372,2,69,0.021474765451849943,0.16419718733855657,2,90,0.6427901130802859,0.5942778363823891,2,98,0.03613624204228178,0.7590860525767008,2,104,0.389211836612308,0.6508578453212976,2,120,0.5197144997605281,0.22268856745777707,2,186,0.04350492149791578,0.42059233146054403,2,200
29,0.5994138292822667,0.7970252599356309,2,53
30,0.46870203291842905,1.1648710388125796,2,33
31,0.6393014137027769,0.9148624064265818,2,138,0.022911542560340694,0.2680518611481315,2,157,0.9705358735372474,0.4972124630585313,2,189,0.021230601183873606,0.9469223022460938,2,195,1.1880860504035498,0.9041235148906708,2,199
32,0.35264476083662316,0.5274735821617974,2,9,0.36506833866031935,1.109699693219415,2,38
33,0.6534923185400742,0.9599774844116635,2,18,1.1658288201728697,0.16584901875919766,2,63,0.05160468146812507,0.3956568315625191,2,67,1.4841428882656302,0.11617548649127667,2,80,0.6523917729680476,1.2230365574359894,2,102,0.017225079380359765,0.657089478439755,2,111,0.6890207618236229,0.5853968949421592,2,134,0.7101459782368608,1.0734183856419155,2,169
34,0.5073170506163132,1.0554490586121876,2,24
35,0.668105679030719,0.9214753398188839,2,54
36,0.6095422671263611,1.2121022272109985,2,25
37,0.8004025587140584,0.34376203616460166,2,30
38,0.6234225240860493,0.46071242541074753,2,20
39,0.6115157232937658,1.1016479954123497,2,16,0.01662488944484723,0.7271942347288132,2,20
40,0.8732757249854778,0.3271005908327718,2,31
41,0.39200086997163236,0.9487805005275842,2,33,0.9566115641353444,0.5121066071093082,2,73,0.01891924418596572,0.3214551560124572,2,122,0.8403125462069119,0.3814927965402603,2,147,0.5656020367864404,0.7393719255924225,2,199
42,0.6027179472986152,0.8589335318767664,2,33,0.039235216463676,0.20184156205505133,2,49,0.6182830711040034,0.25972761620174756,2,60,0.7100588546151486,1.0467657766480376,2,129
43,0.6071545153132499,0.9406022691726684,2,25
44,0.64613307727908,0.982120192275857,2,53
45,0.5834400100146214,0.8000413749528967,2,69,0.03448344106291171,0.58857622878118,2,91,0.5229820503753929,0.8006920218467712,2,97,1.0999589594283017,0.11204370111227036,2,125,0.07818253067661034,0.30850503221154213,2,129,1.3840205506154561,0.05612963199615478,2,154,0.08408540207613605,0.2700282484292984,2,157,1.6211770634742506,0.06881516548090202,2,200
46,0.48651495925381955,1.357590153103783,2,21
47,0.6577374843491716,0.7318720318833176,2,49,1.2724093154949838,0.19334369897842407,2,53,0.0956891697375281,0.391647607088089,2,62,1.30512922056345,0.12529334922631583,2,71,0.04999218172939205,0.38380852341651917,2,74,1.409483685315175,0.09788218486136284,2,143,0.6173206777506576,0.14142422761235918,2,178,0.06496458495325944,0.2899792939424515,2,182,1.1317983489000865,0.07810729162560569,2,200
48,0.3386202575426045,1.2326003193855286,2,50
49,0.30836020262534625,1.144261082013448,2,9,1.3837506575334226,0.10584926030465534,2,79,0.1390491240509942,0.43285805814796025,2,88,1.3724626086950087,0.18004658023516337,2,103,0.17035878153067377,0.33581081845543603,2,114,1.3280284939782918,0.09472043216228485,2,119,0.07497321464875,0.33387941122055054,2,125,1.160271981402241,0.1388630908396509,2,143,0.5281313995215069,0.34977293180094826,2,161,0.2777426346875209,0.9485007264675238,2,200
50,0.36452618421371924,0.954643814460091,2,46
51,0.6496579611580965,0.5357628226280212,2,20,0.4328221654276628,1.067732652892237,2,66
52,0.9867842076433605,0.1334118622947823,2,44,0.04815136955758606,0.4021568497021993,2,47,1.3158421299440763,0.16081686690449715,2,51,0.40528189052702435,1.0273680686950684,2,63,1.5390179234780659,0.04916428029537201,2,77,0.04307920970864679,0.35537147521972656,2,80,1.489510860801893,0.09523793458938598,2,85,0.03535000378361806,0.39413610845804214,2,89,1.2587331609832446,0.13017248482473434,2,182,0.09045177127700459,0.23270165257983738,2,191,0.9648063092136272,0.14985800120565626,2,200
53,0.556282030031683,1.0612307484187777,2,63
54,0.44030405656825833,0.6453971527516842,2,16,0.95532066697523,0.18781650462187827,2,80,0.03751747832658741,0.6904216625473716,2,91,0.9753912197247221,0.16081608988736806,2,110,0.06446115136608677,0.43139590322971344,2,116,0.654193407037968,0.2160675245381537,2,200
55,0.4100344476512177,0.9588377067020961,2,105
56,0.444354768781964,0.6247916936874389,2,10,0.016239010805399235,1.1390034675598144,2,20,0.8625760493650605,0.21842709487798262,2,69
57,0.2038532596696025,1.1286320686340332,2,5,0.014715911333928565,1.10612207253774,2,20
58,0.5031279982693785,0.984252681799024,2,107
59,1.0155885817319787,0.2718242820480774,2,116,0.6938315962410992,1.226169839501381,2,132
60,0.39447260514175,1.0302749116246293,2,41,0.7032530759829675,1.1686775114225305,2,64,0.983446905666081,0.3064057012910352,2,200
61,0.5350562336665863,0.9424587547779083,2,40,0.02179847626087238,1.0758804321289062,2,45,0.7555129450564011,0.37611807970439687,2,62,0.02262514744871377,0.09710782407610505,2,116,1.045643658937823,0.10064769043372228,2,181,0.03340026998377915,0.31798162683844566,2,185,0.9485088446498855,0.1019132783015569,2,200
62,0.6102114552512451,0.8342597881952921,2,15,0.01606003751153689,1.4318703889846802,2,20
63,0.6648808003536846,0.5038073025643826,2,16,0.01954630940274318,0.8709075450897217,2,20
64,0.5453014098981953,0.873752447962761,2,20
65,0.12363042894545269,1.4697165091832478,2,3,0.012958243255823197,1.1511701696059282,2,20
66,0.7902674484787978,0.38540743445527964,2,87,0.04190809803255542,0.6567972004413605,2,94,0.5930615259253342,0.3486088953520122,2,113,0.03761342091412911,0.6681348979473114,2,119,1.229563197596749,0.2445086669176817,2,127,0.04435117642251396,0.44941943883895874,2,130,1.0258567840831778,0.22982609272003174,2,138,0.05756787190394298,0.40654265135526657,2,142,7.403319949044013,0.26620573550462723,2,146,0.10903196993128952,0.40821580290794374,2,151,1.2691545201142436,0.17635442590226932,2,200
67,0.8843874097957519,0.544758005784108,2,13,0.06786771401554631,0.651269793510437,2,17,1.193297888556155,0.5685872857769331,2,29,0.5801647383316507,1.0310593181186252,2,74
68,0.01772084730285484,1.1864593833684922,2,20
69,0.5315028815930974,0.86856923358781,2,14,0.016079928221109017,1.0485540628433228,2,20
70,0.6307482969446215,1.4843550390667386,2,9,1.5833026613654904,0.07863077803661948,2,104,0.7813152475142474,0.4322948359391269,2,172,3.7391021107849007,0.1228060085665096,2,183,0.20729327499401667,0.44785729547341663,2,186,5.067445506896599,0.1667262502014637,2,190,0.06953039218783565,0.6835673034191132,2,200
71,0.34797577903296345,1.327771931886673,2,8,0.01648497836275772,1.306444525718689,2,20
72,0.4244869071801392,0.7969734221696854,2,50
73,0.25717759789258626,0.9124642963762637,2,27
74,0.19755181425494892,0.7493048338663011,2,21,0.022377419538737498,0.6117072701454163,2,32,0.26425501496776693,0.7347263296445211,2,35
75,0.6169677206120682,0.7721667022540651,2,29
76,0.5742749755131884,1.0164477947430732,2,39
77,0.7499943120313197,0.5006175835927328,2,12,0.015916468126199484,0.93311507999897,2,20
78,0.5324386868978066,0.8959648301524501,2,62,0.041596278374360036,1.1792337677695535,2,73,0.8846210642556551,0.7184266022273472,2,80,0.018290576164441075,0.9376076310873032,2,88,0.6079872754859378,0.9617344556432782,2,121,0.619079181907693,0.3112018033862114,2,141,0.041265741041577174,0.5092064738273621,2,145,0.7692227505798409,0.12898924946784973,2,155,0.06692766864914444,0.41794028215938145,2,164,0.822723056772468,0.06884322067101796,2,176,0.018414439918730915,0.4534974992275238,2,182,0.4920720634154306,0.24545898040135702,2,188,0.01948623992280516,0.49459695219993594,2,193,0.9124978216244087,0.22767572104930878,2,200
79,0.6777322716293781,0.7609792871352954,2,39
80,0.27920459359817457,0.7672337214152019,2,105
81,0.5698164523792449,0.924813864407716,2,54,1.184424941325398,0.16404590397838534,2,181,0.042061473147302714,0.3582041263580322,2,184,1.1671839669924746,0.12801011030872664,2,196,0.04959339350417137,0.5928962454199791,2,200
82,0.5169092573216985,1.1793294176459312,2,16,0.019329268754116887,1.396216481924057,2,20
83,0.8981199172111742,0.2734495750628412,2,96,0.058872765892839435,0.2967031389474869,2,126,0.9198771389077209,0.13346057667120084,2,200
84,0.5261064659498744,0.7573840498924256,2,25
85,0.1900447375828707,1.2232887268066406,2,5,0.013420697051761682,1.1245678464571636,2,20
86,0.8813595557630327,0.16186320271931195,2,76
87,0.339288980324788,0.5807907829682032,2,12,1.1599059781926098,0.14099504980952182,2,200
88,0.6078031406361,0.7387120291590691,2,40
89,0.2867394671715032,0.8868694603443146,2,6,0.014488299026522381,1.250321056161608,2,20
90,0.46330491173955046,0.9740731896776141,2,66,0.7699272630086765,0.7027242761105299,2,114
91,0.4224551849976824,0.9686713378970363,2,119,0.9177108565234591,0.24226120279894936,2,200
92,0.5907341617306956,1.389957755804062,2,8,0.013835711289311712,0.984984031494926,2,42
93,0.5812667043149234,0.2222994402050972,2,10,0.04609266264527975,0.39027932782967883,2,16,0.9766478341925955,0.20547620952129364,2,42,0.05990794424934188,0.4085433880488078,2,45,1.1420776565744835,0.1991632755683816,2,68,0.05234342975012366,0.5228612422943115,2,71,1.1031037519106572,0.2334367867357047,2,200
94,0.4319241404121,1.083852456166194,2,13,0.020098631684514142,1.1347872189113073,2,20
95,0.10744626644138303,1.5329347848892212,2,3,0.013895254075067226,1.1540434991612154,2,20
96,0.6522232250372727,1.2033050833521663,2,37,0.7440167844752832,0.24933574958281082,2,59,2.308035660596349,0.0915260658119664,2,92,10.373275977962848,0.1262273115330729,2,121,0.42145830748775265,0.8050798046879653,2,162,1.3134957867037802,0.029356835143906728,2,190,0.9206308954663817,0.7022733360528945,2,200
97,0.4115998606785926,0.9977534846826033,2,22
98,0.35584270935387985,0.825933001935482,2,8,0.01661801654714211,1.106549511353175,2,20
99,0.3043208282976064,0.7606642663478851,2,10,0.01516741024722194,1.0961910605430603,2,20
100,0.5156787508834612,0.7409999138779111,2,36
101,0.6483903097232373,1.0039841370149092,2,22,1.1010168084941847,0.1685389048109452,2,142,0.05301555761608434,0.2624070554971695,2,147,1.238214225634937,0.09689327501333676,2,160,0.04446192479913598,0.337831424176693,2,170,1.3501772581011051,0.1569618433713913,2,175,0.12226362690655258,0.38421572579277885,2,184,1.3397538329359493,0.19859919945398966,2,187,0.0577393293394734,0.25601239336861503,2,196,1.3430242002352304,0.4093686118721962,2,200
102,0.5879466125588266,0.8141920318206152,2,24,1.0904426168211798,0.18262952508834693,2,76,0.0439907543719634,0.42303406198819477,2,79,1.1511284339402568,0.18868113309144974,2,85,0.0290661273094604,0.4104935477177302,2,91,1.012441690230833,0.14867183581945745,2,185,0.04277281340149082,0.5130361557006836,2,190,0.9957765825601282,0.2424608220656713,2,193,0.046168491174155765,0.4374503940343857,2,197,1.4159074658840605,0.2848103692134221,2,200
103,0.6380315444300857,0.7407840622795953,2,9,0.023218680714885004,0.2387768128200581,2,47,0.8418915864630894,0.532243634423902,2,78,0.3703571122990546,0.8610180070002874,2,90
104,0.4405483332173634,0.8697434306144715,2,15,0.02131396065639804,1.0567790508270263,2,20
105,0.34875358075042984,0.5864340543746949,2,5,0.013495050116630113,1.0272956450780233,2,20
106,0.42439689795612984,0.9788906201720238,2,16,0.01780060960278674,1.3289431035518646,2,20
107,0.0157888404394594,1.1358854323625565,2,20
108,0.4886750847540244,0.8184642195701599,2,55,0.025096379000398867,0.731079135622297,2,62,0.6330626678705946,0.8625607329445917,2,99
109,0.6118368888623079,0.9664508709540733,2,65,0.040484106319721824,0.23027579892765393,2,87,1.0046827934877982,0.47129108508427936,2,90,1.5528899883493061,0.6706164138657706,2,104,0.02019127012417853,0.7206431158951351,2,111,0.6709661456953467,1.0096570173899333,2,126
110,0.5762156856902324,1.1078272277658636,2,55
111,0.47186127764798874,1.1870420660291399,2,7,0.016729131071109765,1.0927427456929133,2,20
112,0.500315574232801,0.8365732302536836,2,37
113,0.5480724820895296,0.7514516171337902,2,69,0.5609772504084736,0.27380744947327507,2,78,1.3412705265125222,0.07946869223675829,2,172,0.6456619996841527,1.310227062020983,2,200
114,0.6677152537275022,0.8995347023010254,2,8,0.01601127405889204,1.2802473604679108,2,20
115,0.5443867113857086,1.0827835633204534,2,65
116,0.2176350891189762,1.260627269744873,2,4,0.013409624772667205,1.2287890538573265,2,20
117,0.9555898296255328,0.20516870613839175,2,74,0.051579584929392415,0.7080302966965569,2,83,1.0027227443375277,0.30292788550021155,2,146,0.05918205000368448,0.5378305315971375,2,150,1.384682906873631,0.27229577333343274,2,199
118,0.9427118414187662,1.2635060408536125,2,17,0.017340163168934455,0.5532562484343847,2,29,0.7037943094001857,0.6390034645795822,2,49,4.543162697464324,1.7590750115258353,2,56,0.3377217098788561,1.405680775642395,2,59,10.813081100371242,1.9553613833018713,3,73,0.5391049802811214,1.3203790883223216,2,121
119,0.20668179418883748,0.6944744090239207,2,3,0.02477592966113311,0.1763129350931748,2,26,0.46330890069604985,0.7678527923730704,2,39,0.045216965200030546,0.13690614327788353,2,71,0.5392938808240986,0.801037003993988,2,121,0.0341169504667,0.9039104580879211,2,129,1.2041098481763934,0.3945421076590015,2,160,0.05074501716739329,0.6879605054855347,2,164,0.9986177258933783,0.43841499515942167,2,199
120,0.40751732124435575,0.7953002452850342,2,17,0.03793543576395887,0.12015879361165895,2,53,1.1553315486970912,0.44412810036114286,2,67,0.6423528383862174,0.9208639723355653,2,128
121,0.3059558883454258,1.5128299168178014,2,7,0.016839902019360902,1.2136947375077467,2,20
122,0.28451488329940305,1.5295222004254658,2,6,0.01453088719665762,1.2852708867618017,2,20
123,0.6511222224196213,0.7595369648188353,2,16,0.9136798262175593,0.19802759874325532,2,68,0.07275866853313424,0.3078937940299511,2,76,1.3469890567307274,0.2521385444062097,2,83,0.0270120969047932,0.3309155762195587,2,93,1.5182344691068412,0.10464663285276164,2,139,0.18613658290915666,0.3092530568440755,2,142
124,0.5478124924938576,0.7975708883227283,2,131
125,0.6195396066642378,1.210294509756154,2,29,0.057714687722582474,0.30269504364194544,2,58,0.5793312005233052,0.4210665076971054,2,69,0.4295744879356328,1.336943997277154,2,87
126,0.4931858394001099,0.9938150107860565,2,10,1.0352243719882388,0.130773116790113,2,52,0.06391975747205897,0.2587165325880051,2,57,1.3330108341763516,0.05437847375869751,2,62,0.05363999521409063,0.25071827694773674,2,66,0.9332777619671565,0.14237680499042785,2,80
