0,0.5032432961367601,1.2675396771658034,2,42
1,0.007264840368014031,0.7172331541776658,2,20
2,0.6143829457758349,0.9374915758768717,2,33
3,0.5063033350104039,1.06413467725118,2,18,1.0732751230840665,0.14724227086357447,2,133,7.061947236416214,0.09291405263154404,2,156,1.1648587584117902,0.062528195977211,2,166,6.363228272575574,0.07218726476033528,2,181,1.5558132573742334,0.09557189047336578,2,200
4,0.9813662947871662,0.2886660784095913,2,77,0.059403756102576616,0.2040574111044407,2,97,1.0546763631869458,0.8052675194210477,2,106,0.9566993238620094,0.07831737875938416,2,156,0.0536166633565812,0.23066158220171928,2,160,1.111062438770402,0.09963153190910816,2,200
5,0.5872169329683362,1.0855771987526506,2,27,0.9292243540959945,0.28375862080317277,2,79,0.08101466837373646,0.4099096581339836,2,83,1.009414406869702,0.10790151742196852,2,114,0.03323546895268401,0.19799776126941046,2,138,0.3302626157230061,0.4432053839166959,2,150,0.3999291512974635,1.0606061365153339,2,187
6,0.8187786031942129,0.33904661734898883,2,9,0.5987527872427459,0.961059067930494,2,23
7,0.21535448623344589,0.9612934390703837,2,6,0.01467239618144637,1.0744205968720573,2,20
8,0.440077348994179,0.6721556266148885,2,30
9,0.271341072205838,1.4364097356796264,2,5,0.01581295816364136,1.1247806390126547,2,20
10,0.828515866562383,1.2905475071498327,2,7,0.015883023939777047,1.2133900569035456,2,20
11,0.07263613388272985,1.1717287063598634,2,5,0.6296578574008583,1.0361930578947067,2,13,0.0167114113149298,1.0912407977240426,2,20
12,0.5269896822181211,0.8427243202924728,2,20
13,0.42912529292022644,0.6831365942955017,2,10,0.31093795846201344,1.4724040269851684,2,20
14,0.4276931944592141,0.6506879329681396,2,17,4.5303884961650756,1.8409443736076354,2,27,0.5769199453578328,0.3340430680824363,2,50
15,0.4547544144539274,1.0003450561214138,2,37,0.05272189937109141,0.2174523329734802,2,62,0.9154112773136458,0.5423204253117243,2,74,0.08131437095473128,0.8971701264381409,2,82,1.2319456471574013,0.7295042475064596,2,85,0.05544898650235976,0.2446351552551443,2,96,0.7432917755477327,0.9470424592494965,2,106,0.15560763759425375,0.9932859648357738,2,117,0.07983554385035255,0.3450147164495368,2,136,0.688834085605622,1.110426942507426,2,148
16,0.4372558939478335,0.3018381874198499,2,23
17,0.3508818136244038,0.8760663805863796,2,39,0.9414889387673752,0.4807622492313385,2,104,0.385747421737754,0.989362628509601,2,200
18,0.33292622988417914,0.9059107129772505,2,24,0.02367558416137525,0.2702599801123142,2,40,1.1205229695543577,0.08721213165211351,2,113,0.3467527331976975,0.8627939687834846,2,122,0.9572541998000293,0.19467771367022865,2,141,0.7368616683683648,1.1695611862575306,2,175
19,0.3852839140498659,0.6980554974741406,2,72
20,0.324282764361043,1.0138877901163967,2,22
21,0.5246742785943737,1.1025136107206344,2,200
22,0.2867171030798264,0.7241130471229553,2,21,0.8850442497567123,0.8648534161703927,2,35,1.0812635663711314,0.1336418024518273,2,178,0.08748534230059049,0.20612250742587176,2,200
23,0.5576595846704839,0.9790176451206207,2,16,0.02029968950277278,1.0494464933872223,2,20
24,0.47291804856526926,1.1158870193693373,2,9,0.016689856707768912,1.1264289617538452,2,20
25,0.5639109893571098,0.8244202117125193,2,180
26,1.2029522069054817,0.20155598014070278,2,114,0.44705852058184775,0.2969633903768327,2,132,0.3257587512595264,1.1024533039645146,2,170,1.0365568661917017,0.1368647776544094,2,194,0.12821970190744386,0.46293029685815174,2,200
27,0.8052209915918789,0.4445202768623055,2,77,0.08045291929287518,0.614109143614769,2,81,1.0651962564916035,0.29734129071235654,2,106,0.07301635661241243,0.5594501942396164,2,110,0.6461522787484894,0.3996856895185286,2,141,0.38906857208073936,0.7683092194088434,2,200
28,1.0402410581872028,0.7412335276603699,2,5,0.014769831975484878,0.9848476807276408,2,20
29,0.40036447081861193,0.9174101501703262,2,32,1.0669368996514264,0.3663647684323437,2,168,0.7078483902728143,1.0267556458711624,2,184,5.226336816809433,0.17824574280530214,2,200
30,0.5259099948768995,1.18429840656749,2,57,0.4944352624818939,0.8235069549813563,2,106,1.4807678137528397,0.20111173722479078,2,124,0.3266615493784729,1.1656769655252759,2,200
31,0.06376081825940047,0.22296292086442313,2,27,0.8731039867152265,0.20288297533988953,2,43,0.47650695911828367,0.9227391802347623,2,56,1.001697546245862,0.46878321243906923,2,109,0.07176248191810221,0.516540938615799,2,114,1.1044803764287132,0.28089509904384613,2,118,0.06733603150235189,0.4924266089995702,2,124,1.1102690349102005,0.3194000720977783,2,127,0.05945386275329563,0.20989825756385408,2,156,0.5215959145335489,1.0380755839022724,2,200
32,0.48732366954177353,0.9070374227705456,2,42
33,0.526635256988517,1.0025624693656454,2,49
34,0.8259907189438637,0.1961183048784733,2,40,0.2037242287047907,0.4120455284913381,2,52,0.9920126859676567,0.20882470267159597,2,101,0.058462664495894635,0.433876911799113,2,104,1.180309407254436,0.2331326793258389,2,200
35,0.509790764178691,0.9096675685473851,2,14,0.01964545286558219,1.2672938704490662,2,20
36,0.3892457599879286,1.1786914587020874,2,10,0.0169879046929225,1.1812788367271423,2,20
37,0.663304426046093,0.8093055248260498,2,30
38,0.5134966328162036,0.8679449558258057,2,39
39,0.3508491532862987,1.1626528694822982,2,37,0.9867541480134682,0.305766509063002,2,106,0.28699528239995736,1.1176109654562814,2,134,0.914470560289854,0.2171669493118922,2,179,0.03389074169630496,0.5200297931830088,2,182,1.1397506947002076,0.278694459133678,2,200
40,0.3611886706409743,0.8893044193585714,2,3,0.01498452961804646,1.0881096405141495,2,20
41,0.3500864485172101,0.6899783074855804,2,10,0.032653641172919065,0.3885618087960713,2,77,0.5698530137124792,0.7375162541866302,2,86,0.6562567386944502,0.25170350626662924,2,113,3.3136523696622437,0.1083022794302772,2,147,0.3455665401984131,0.48133498430252075,2,152,2.583975419624502,0.11492974483049832,2,165,0.07017821118610405,0.47917917370796204,2,168,2.8916998531419216,0.0992269441485405,2,176,0.05367528828756043,0.41001490131020546,2,180,2.3286943197492485,0.057415954768657684,2,192,0.056493895722153846,0.41701943675676983,2,195,1.2833569227708503,0.3094430148601532,2,200
42,0.39150634259455774,1.2914182742436726,2,6,0.030687382375840448,0.9073154255747795,2,14,0.6153229767022022,1.2621940437116121,2,33,0.659519329496977,0.4302459180355072,2,38
43,0.0497834573103311,0.20052284790181565,2,87,1.0497040766088064,0.09968674289328712,2,129,0.04644005215788954,0.7120189155851092,2,136,1.4428836634705928,0.19971169531345367,2,140,0.07095437503484538,0.4145810678601265,2,144,1.289323160806694,0.12494825075070064,2,174,0.07018406101690423,0.32965338230133057,2,180,1.778569889022452,0.08513866364955902,2,200
44,0.8426871952963233,0.6283214449882507,2,5,0.05294197790791189,0.3883490363756816,2,17,0.9466026492601756,0.23688682936705074,2,82,0.06589613380139493,0.3545422673225403,2,87,5.034438465577169,0.09534827172756195,2,92,0.8216426529514383,0.22943856212936464,2,153,0.5570755476950089,0.5122399955340053,2,199
45,0.8400873014948866,0.7936288714408875,2,5,0.015575796381153926,1.2631099700927735,2,20
46,0.4429812565892808,1.100625870444558,2,55,0.05314007752675002,1.1117998758951824,2,64,0.5183033893493509,1.1118359863758087,2,68
47,0.7458105041232496,0.2033264735310348,2,97,1.6661159367050178,0.12536271342209407,2,111,3.2108079246001617,0.8148261246581873,2,123,0.3328935924045827,0.8607536141689007,2,136
48,0.5032620355182721,0.8834739923477173,2,6,0.014814577705626478,1.136161276272365,2,20
49,0.38957540641113536,1.0217755498557255,2,29
50,0.9482836499941018,0.4512245624132876,2,106,0.26707433610798587,0.6526989949601038,2,141,1.1963625478677258,0.3283921503103696,2,154,0.16208995511590496,0.47856705056296456,2,163,1.335222207196947,0.32016199827194214,2,168,0.08044265595816054,0.525677315890789,2,176,1.3060147736477306,0.3534751037756602,2,182,0.02860920602558457,0.6277089342474937,2,186,1.6775351869740152,0.36211204741682324,2,200
51,0.5518850562565207,1.173781196276347,2,12,0.0495436298097991,0.27325757136268003,2,74,1.078794205085287,0.13103433744981885,2,106,0.056754948430583055,0.3779281750321388,2,110,1.2568353643241588,0.09221268368178401,2,139,0.05187109408111359,0.3696056753396988,2,143,1.3758781999270169,0.10158712168534596,2,200
52,0.4774618941947697,0.8562043905258179,2,27
53,0.6643890001690755,1.3017463337990545,2,31,0.02779597711952519,0.15462393537163735,2,51,0.6665601310987322,0.9060904582341512,2,69,1.1830884809655717,0.1616974241203732,2,87,0.06227085951944982,0.3895002603530884,2,90,1.2977542085431817,0.10495302008063186,2,192,0.4144749145452294,0.7161392644047737,2,200
54,0.3922056917217157,0.8426588462556109,2,68,0.3040762358606087,1.444098460674286,2,78,0.9668641899090149,0.3685355372726917,2,86,0.02430293895503151,0.4610950786333818,2,99,0.7665174869167669,0.2215472161769867,2,134
55,0.626349579904881,0.6795815661549568,2,40,0.022457772644621735,0.25385436713695525,2,60,1.7535781458861657,0.18564359992742538,2,70,0.12175955182919089,0.27197264478756833,2,83,0.02113056248699898,0.4426334897677104,2,89,0.9685886973501532,0.16265377484180116,2,180,0.03960421460442458,0.38380823532740277,2,183,1.0641746502858767,0.126789753927904,2,200
56,0.6869258466122826,0.8024701421911066,2,22
57,0.3395764897454114,0.6898222980291947,2,23
58,0.15857906296647514,1.487089474995931,2,6,0.01329669752670261,1.2233744433947973,2,20
59,0.3389574907868348,1.2296274466948076,2,11,0.01900214640143291,1.259268323580424,2,20
60,0.5867502277041663,0.9672827178781683,2,22
61,0.5184732581078412,1.0531752400281953,2,41
62,0.22738681063868593,0.5971188274296847,2,11,0.01570252100127166,1.1753666400909424,2,20
63,0.3669929866047958,1.4574007136481149,2,7,0.01434300997280793,1.3783827378199651,2,20
64,0.47636352309133134,1.02326642870903,2,20
65,0.5230521855041731,0.4681686357809947,2,26,0.025014860982918694,0.7192307966096061,2,33,1.2241233254536144,0.23491637289524078,2,83,0.3682319139218056,0.4986237704753876,2,98,0.029276210945313415,0.1785936345765879,2,189,1.1082628032410056,0.2176473872228102,2,200
66,0.4175607402520027,1.1398290693759918,2,36
67,0.43965275417964716,1.028534598269705,2,59
68,0.9248323008425554,0.35353136497239274,2,48,0.40715514582440543,0.8529565143585205,2,98,0.035441649425684583,0.11840457575661796,2,154,0.7226253589548828,0.48114529252052307,2,157,0.06578260931729571,0.5763306191989354,2,164,0.7199581235498793,0.6384213243212019,2,199
69,0.2313088912433476,1.281994899113973,2,3,0.013913249656668462,1.1297275388942045,2,20
70,0.7595060552842714,0.47231358802446755,2,93,0.07268688148911377,0.6254926323890686,2,97,0.9574480072006202,0.454220212996006,2,169,0.05533349087971384,0.5959993600845337,2,172,1.1418888720101332,0.4722357988357544,2,200
71,0.7576041780895192,1.4731423457463582,2,18,1.315172959735232,0.18565761817224097,2,51,4.296701476481667,0.1527536473301954,2,94,1.3273538707871335,0.265784364607599,2,121,6.341483765090225,0.059477951377630234,2,129,0.4201706760865319,0.36966755241155624,2,135,3.9421273943754835,0.08950486034154892,2,153,0.24456157154825178,0.43310682475566864,2,157,3.896796466795463,0.09805751609247784,2,200
72,0.01655248890500482,1.1983978688716888,2,20
73,0.3645553624410756,1.0329507951424501,2,107
74,0.6111270493962422,1.1767438831208628,2,79
75,0.4192132404280873,0.5096110943704844,2,32,0.032854283002249754,0.3079505671815174,2,73,0.6230472908927058,0.317159793947054,2,96,0.05787711072207532,0.5140712261199951,2,100,1.1728712002678012,0.22855922877788543,2,200
76,0.47643303629882905,1.561263899008433,2,6,0.01395102898954634,1.284090212413243,2,20
77,0.3419993537069256,0.9823321931502398,2,85
78,0.5497609096571416,1.3090425332387288,2,6,0.01774252783277985,0.30302636604756117,2,22,0.6860068645483801,1.157267270417049,2,51
79,0.5499810856671156,0.9415471797086754,2,49
80,0.31406377210174313,1.542997121810913,2,10,0.01808634307051344,0.24454809589819473,2,32,0.8691950007210865,0.18660105274217884,2,114,0.14144950006119406,0.2903713385264079,2,132,0.7034222761526651,0.20258992165327072,2,148,0.04150407184773372,0.3284252594624247,2,162,0.873318172528221,0.16547740002473196,2,189,0.05784981328657365,0.37342434128125507,2,192,1.1580962608814236,0.20403112284839153,2,200
81,0.6413836222836432,0.5042358077153927,2,41,0.055997830277738615,0.16688953145690585,2,64,1.0638683166671745,0.14242446707918288,2,111,0.08278139086439609,0.37117935717105865,2,115,0.5303220611930287,0.2478101115141596,2,129,0.049065924247412226,0.9523141458630562,2,137,1.2674111679413878,0.31015155216058093,2,140,0.07976675252142496,0.375594824552536,2,144,1.1640831572427144,0.14930790503110206,2,200
82,0.34368737134801053,1.0198343515396118,2,5,0.014970918292794398,1.0271342198053997,2,20
83,0.335391469935029,1.0772730816494336,2,66,0.028436068262581656,0.1874032426211569,2,84,0.7996371501893167,0.19054009864727656,2,114,0.021353540614006523,0.4924194812774658,2,119,0.9635613788562433,0.20365655173858008,2,125,0.0684003005543795,0.452053878652422,2,144,1.0153660730878833,0.26117270191510517,2,147,0.02492675710177924,0.6983080878853798,2,155,1.2694084664464471,0.30152078668276466,2,170,0.0163763198394871,0.7387196322282156,2,182,0.3045689957012733,0.8884162306785583,2,193
84,0.5983351207845554,0.9266419185782379,2,53,0.07000123700416272,0.18113027443719465,2,96,0.3423714617738585,0.7564420024553935,2,111
85,0.34940955705664073,1.0261669779817264,2,192
86,0.759245206846563,0.7139295339584351,2,7,0.01723131906160314,1.3381015704228327,2,20
87,0.3844650734938746,0.9733047378596975,2,67
88,0.3352185500530579,0.9114365525412977,2,57,0.7329769214534291,0.5657652070124944,2,69,0.048571320365085636,0.7945400476455688,2,73,0.8506641474394724,0.42527758081754047,2,91,0.01714417464224212,0.3132279326518377,2,121,0.9885385464883196,0.5169196935260997,2,138,0.044498797165444755,0.74508136510849,2,142,1.1782946980701074,0.32102467479376956,2,200
89,0.8255477824729383,0.4895179060101509,2,100,0.041051880935118384,0.17775356556688035,2,121,0.7545755472156198,0.7327726345795852,2,134
90,0.26586051126831595,1.2409428358078003,2,8,0.017209092416073393,1.1749201516310375,2,20
91,0.5835526921051962,0.7650855827975918,2,74,0.043436007270147785,0.920064389705658,2,78,0.3655262334296159,0.9908690509342012,2,99,0.03296344736976047,0.2996284379845574,2,120,0.690036823331411,1.1789579158243926,2,166,1.1662314012869708,0.08905933473421179,2,189,0.7539500181668567,1.2190570614554666,2,200
92,0.5808438496543783,0.7690220517771584,2,28
93,0.5156562002916171,0.7931125684217973,2,55
94,0.48612465360283175,0.8850271848889141,2,77
95,0.5125263453545202,1.0322606321424246,2,32
96,0.8376350841617125,1.192114978125601,2,33,1.4092883738772861,0.15983961653291134,2,90,0.06464455218054274,0.3052430035812514,2,104,0.7591555699293625,0.46868424614270526,2,113,0.3439870097705716,0.8809283720819574,2,132
97,0.8184616357374171,1.2950067703540509,2,13,0.018018017670378774,1.0226222957883562,2,20
98,0.41127235781167965,1.1458299934864045,2,20
99,0.4682212141007896,1.1679672241210937,2,20
100,0.5275587156192466,0.9550618731206463,2,124,0.033886389202057866,0.07151429990927378,2,199
101,0.4050468971139154,0.8433576822280884,2,20
102,0.17227828401160913,1.5593153834342957,2,4,0.013910092650497531,1.1131796911358833,2,20
103,0.47417554586338984,0.7258883568475831,2,53
104,0.2950156631497606,1.2639102220535279,2,10,0.017496648778603373,1.1725521206855773,2,20
105,0.34767100457885713,0.8700297763270717,2,31,1.0363395228294345,0.451497490777344,2,92,0.5742458820302558,0.9560467493534088,2,192
106,0.5822991545740889,0.46477616019546986,2,16,0.01914692772651458,0.8881084769964218,2,20
107,0.3831972444447656,0.9477980530486917,2,53,0.853386050251199,0.4257789534149748,2,86,3.2480974789859403,0.15108148126225723,2,105,8.880663973491904,0.12731871085947957,2,163,0.5156217175606624,1.0169023363678544,2,190
108,0.5239001464356224,0.9503674006462097,2,25,0.07125687518769078,0.22161716435636794,2,46
109,0.40742055838926367,0.739854171872139,2,32,0.05961743406344396,0.9190739790598551,2,38,0.9412773984595575,0.2102351114153862,2,46,0.028071014074055295,0.8499068170785904,2,54,1.1883871650679527,0.23618167042732238,2,59,0.03814944043341393,0.5579432348410288,2,65,0.47740858383526996,0.6049507101997733,2,129
110,0.3104923369755737,0.6051647007465363,2,10,0.02618582691991758,0.1340364875892798,2,22,0.43815973903849764,0.3500975011026158,2,39,0.025119571927034068,0.6400848243917737,2,60,0.9640724187174724,0.6432720422744751,2,70,0.6487919333612844,1.1029799015094073,2,109
111,0.7713685798667921,0.23340700292273572,2,38,0.017333104526499568,0.37945951521396637,2,56,0.982339276169034,0.32916782423853874,2,60,0.020191984582581826,0.2379547958656893,2,119,0.9456212105220964,0.10785941435740544,2,132,0.06181929752596119,0.29427071412404376,2,135,0.9900539666116649,0.15949818583635184,2,200
112,0.3532231044725915,1.0296660621960958,2,30
113,0.6756972124152093,0.9029475835061842,2,31
114,0.47523111770607973,0.8845330347185549,2,23
115,0.6562986445863732,1.0132504689693451,2,100
116,0.1298596647501239,0.5013325787507571,2,13,0.5078834351131037,0.9059864745057863,2,71
117,0.6088038538424602,0.7205313137599401,2,70
118,0.017186839731436403,1.210235947370529,2,20
119,0.3552689980853118,1.2783380415704515,2,108
120,0.6628003418605631,0.8402484480072471,2,34,0.042856580928316214,0.5374584143812006,2,45,0.5359540220396612,0.7641575607386503,2,56
121,0.811727256250244,1.6637314274197532,2,21,0.06634959246934823,1.5950687328974407,2,27,1.097982674936322,1.6071220961484043,2,38,0.5806058135135027,1.2790699389673048,2,100,0.03426865215631421,0.12363700825592568,2,129,0.6883414863875902,0.9410855174064636,2,150
122,0.47322299305530563,0.8125724895247097,2,58
123,0.34697596305425094,0.7185690646821802,2,22
124,0.7310308999090463,0.773166523873806,2,40
125,0.06436369295689544,0.07136368472129107,2,48
126,0.07778361226093469,0.18681203152822412,2,23
127,0.470222637318157,0.910001811434011,2,61
128,0.5909296184272915,0.975455851931321,2,38
129,0.5076616920621084,0.6045142362515131,2,48
130,0.336782959724803,1.090628645155165,2,45
