0,0.9327446930540528,0.07059003076245708,2,62,0.05845758892693861,0.381078439950943,2,67,0.9182529650501393,0.09463363501333422,2,98,2.6397439981509203,0.3293613884598017,2,106,6.056202499489694,1.1897274335225423,2,121,6.435819318412651,0.5424746175607046,2,127,0.046236051559142795,0.8215297758579254,2,143,0.46524492448533766,0.7681475353240966,2,168
1,0.44787459961205117,0.7194240291913351,2,30,1.0707555480220654,0.26636686875964655,2,63,0.02957280136738818,0.13969329851014273,2,105,0.5483667660092566,0.9819967809476351,2,200
2,0.5264056357506585,0.8749370358207009,2,22
3,0.3152913032688279,0.8756750013730298,2,73
4,0.3223207716317444,0.9350773890813192,2,24
5,0.609223127509891,0.9967233623777118,2,21,0.04225913171095576,0.16990020871162415,2,48,0.6867857516098346,0.98360192148309,2,86
6,0.6022795398795466,0.8647454587312845,2,26,0.7126295687827761,0.10239466403921445,2,38,1.402664682738078,0.6648638248443604,2,42,2.8294865463595826,1.8402236648227857,2,65,0.41567145181437565,0.6514108506116,2,76
7,0.8661825072258936,1.4401477694511413,2,30,0.706482183780956,0.21330906410475034,2,67
8,0.37519973437761034,1.0156277530333575,2,85
9,0.13826608741408808,1.3642904460430145,2,4,0.013454155731381246,1.0665080770850182,2,20
10,0.572760700655216,0.7760075437171119,2,28
11,0.5930589409433034,0.9375934127049569,2,117
12,0.6345443308145529,0.985046923160553,2,10,0.04882411429799923,0.1360009226359819,2,48,0.35381994862803506,0.30514015816152096,2,56
13,0.4745295217828199,1.0484133422374726,2,20
14,0.2570412245792612,1.4112767631357366,2,22
15,0.3661866929655805,1.2722501974356801,2,38,1.1861271226640973,0.32908453954302747,2,84,0.05645458090251511,0.37776780213628497,2,154,0.9036535710438798,0.3046925040808591,2,165,0.06343840217626943,1.0068541123316839,2,178
16,0.39203561185000657,1.3617803805014665,2,34,0.5940544970109475,0.44961409601900315,2,43,2.8167068184132167,1.759744035570245,2,62,1.018264611734995,0.23779029119759798,2,78,0.04355848994973408,0.2860466043154399,2,81,1.1866692105093306,0.023742372339422054,2,92,0.05035067613723519,0.13862186670303345,2,95,0.9408680929827486,0.0739278756082058,2,107,0.03477925511499464,0.18266484141349792,2,112,1.5932153388436139,0.08049350728591283,2,124,7.609540786822042,0.8140581119060516,2,174,5.81859754821494,0.08853828104642722,2,200
17,0.40400059997472654,0.9053787451524001,2,13,0.020861215485945047,0.29271494448184965,2,28,0.9980723121432677,1.3697690058637548,2,82,1.5970849362383748,0.16649794578552246,2,98,4.920113052768779,0.1064450686176618,2,158,0.31377487954911454,0.2966870168844859,2,161,8.795588692102282,0.07469969567580101,2,200
18,0.6254181700888845,1.041169951359431,2,48
19,0.3630238290389907,0.8429909243303186,2,17,0.8257704805367571,0.198807033598423,2,67,0.0522793443900072,0.45142077786080975,2,84,0.5982289684591283,0.203212085697386,2,93,0.01655518255071327,0.8886570845331464,2,100,1.210923084247968,0.18946139700710773,2,108,0.021880238737210626,0.5346925735473633,2,113,1.0462226848884657,0.18158706938320734,2,166,5.557861464989953,0.18676904194495259,2,200
20,0.24806973438537475,0.8054413398106893,2,3,0.014948079002356044,1.0469407824908985,2,20
21,0.21547105570504999,1.1065378487110138,2,4,0.013104274576497127,1.037374585866928,2,20
22,0.5501111478899419,1.0111356833401848,2,51
23,0.5191292693186921,1.050453280580455,2,29
24,0.380838001253708,1.0912919770926237,2,64
25,0.37093140271359115,1.1423488124724357,2,31
26,0.3976884639929121,1.213566584587097,2,25
27,0.3980515809826842,0.5482051487152393,2,13,1.2441368857943507,0.2817796639033726,2,20,1.4766800146719785,0.9884319564988536,2,51,0.13161710863354129,0.8641058653593063,2,55,2.890201385023262,1.5126265117100306,2,69,0.04573075968407274,0.28885164856910706,2,74,0.7975116587869213,0.124575175344944,2,88,0.07744312859559987,0.308709313472112,2,100,1.202596676034995,0.050465211272239685,2,112,0.05233414615050326,0.2572342574596405,2,117,0.376206449241276,0.33541478340824443,2,153,1.2624813496824474,0.06106576144695282,2,178,0.48354021686598875,1.300441841284434,2,184,1.4103252114687268,0.2064215149730444,2,200
28,0.4011360944785395,1.0075544760458999,2,144
29,0.5120330861415741,0.7278221035003662,2,50
30,1.1316165802487654,0.23932232652137528,2,134,7.520134685214676,1.6582675576210022,2,170,4.357589282826615,0.0806672175725301,2,200
31,0.3167046943358658,0.2453852742910385,2,5,0.0448782511358324,0.3028946363113143,2,27,0.7162168903464727,0.37952709197998047,2,30,0.045324469174241946,0.33878528118133544,2,55,0.8779465071353608,0.13682312876373143,2,132,0.03148498044388844,0.30121315121650694,2,137,1.4990093802950097,0.036545995622873306,2,161,0.031017658283809868,0.4323553964495659,2,165,1.3302874439221695,0.15036398214953287,2,200
32,0.6917765406760779,0.6871866472065449,2,200
33,0.4562350990999952,0.8065818846225739,2,8,0.8807056467526801,0.16432474324336419,2,86,0.03513638529703025,0.21102735613073623,2,100,1.06375628498665,0.22079425387912327,2,136,0.07475816235105548,0.20665022234121957,2,139,1.276830093827443,0.07401380602453576,2,200
34,0.28568119590818036,1.2220778266588848,2,6,0.030993381624950248,0.4515128433704376,2,31,0.832960000783799,0.6751762153738636,2,90,0.04141853864411339,0.6207843097773466,2,101,1.0315021678337482,0.3178802222013474,2,111,0.04450461846115659,0.5238989312201738,2,143
35,0.5043538921222855,1.1226475923149675,2,54,0.05004516644924429,0.26843156147262326,2,100,0.9640326176849283,0.4368225149810314,2,108,0.11385105335469155,0.6628223717212677,2,123,1.2682727012819464,0.34914247194925946,2,129,0.05067503753712799,1.096448078751564,2,137,0.1809921134033579,0.38009827211499214,2,153,1.1703825414976867,0.23496194928884506,2,159,0.05944173864142786,0.28111800009554083,2,170,1.327053932206814,0.22298283062197946,2,181,0.061309944486097015,0.477798318862915,2,186,1.3119580752255795,0.17224780789443425,2,193,0.10632827920142919,0.5493236013821193,2,200
36,0.33978921453953276,1.150241619348526,2,20
37,0.2426187451435229,1.081377387046814,2,3,0.013687667964589123,1.018027449355406,2,20
38,0.7515444382661193,0.880248752800194,2,37
39,0.6579349501913565,0.9021399087376065,2,54
40,0.20239928229227433,0.9208283424377441,2,4,0.015232070016514224,0.9395808540284634,2,20
41,0.5335946466298163,1.067575487651323,2,76
42,0.4150074840283204,0.8832588170965513,2,120,0.8212917925141692,0.3892593502998352,2,130,2.959385770310141,0.13636882300826086,2,199
43,0.0939741861063735,1.3731069326400758,2,5,0.013754674096530289,1.0851340850194295,2,20
44,0.4108496771007246,0.9714460726137515,2,27
45,0.5029561162420509,0.4936108887195587,2,46,1.167604080917064,0.22726322834690413,2,82,0.4182503656890721,1.2314097174891718,2,136,0.6808767852783388,0.1826581550495965,2,143,1.6742541987966204,0.06770256789107072,2,200
46,0.7839682770895405,0.3845630237242071,2,82,0.02316205407161835,1.168688382421221,2,89,0.5665308962649649,0.9821529715984791,2,200
47,0.47000890592600586,0.9005369531347397,2,47
48,0.44548481009302,0.9845856346867301,2,44,0.8006625296559982,0.6566327708186926,2,98
49,0.6157525057427564,1.0686554000491189,2,21
50,0.016346601262122642,0.8986354619264603,2,8,0.45502173787500205,1.5012343611036028,2,15,0.7628211293954819,0.3008721071210774,2,37,1.991091790692863,0.10204795787208959,2,75,0.07721442677546801,0.34856195251146954,2,78,1.5206128467732145,0.10716745257377625,2,89,7.159896874365755,0.16166547015309335,2,149,0.9193392676572114,0.22714303527027369,2,165,0.61627938128181,1.0022436651316555,2,187,0.025204764633884193,0.2339073236172016,2,200
51,0.5223911583828106,0.6081303358078003,2,16,0.017910600236220504,1.1269211769104004,2,20
52,0.3514574872830387,0.890152736902237,2,50,0.035132996220811855,0.7711646636327107,2,65,0.48704381088690996,0.8622331245621638,2,132
53,0.5622809893865236,0.5340067818760872,2,4,0.013522815632597716,1.1033000089228153,2,20
54,0.3927607958246265,1.1993521578768467,2,141,0.051804330466273044,0.3506864806016286,2,150,0.7698526876917097,0.6864249375131395,2,159,0.059433919277218306,0.23481962762095712,2,170,0.7434673181920761,1.221403213342031,2,200
55,0.4360820474053898,0.8880143068932198,2,37
56,0.5707605559743153,1.001855573870919,2,22
57,0.4710712405520472,0.9508278434341019,2,37
58,0.34456789336533433,1.6645762068884713,2,7,0.02122579397650981,0.19807020149060658,2,35,0.6366910631589872,1.002072234948476,2,41,0.04876494092832727,1.1740742656919692,2,50,0.9307034037587514,1.4212827384471893,2,58,0.8956909886613944,0.21691247758766016,2,82,0.04292020421923385,0.3417550524075826,2,85,1.2905374605095963,0.08836707641249118,2,200
59,0.5763000776480833,1.1175612295177622,2,71
60,0.6363234489783702,0.6903197084154401,2,35
61,0.8361720608955645,1.525486373901367,2,10,1.126486324030405,0.37459629569567887,2,61,8.72018706326704,0.2016070116133917,2,103,0.2555862809370791,0.5255023539066315,2,111,2.8917980554960754,1.2784146904945373,2,121,4.984463782868818,1.682396650314331,2,124,9.680232580072927,1.847369975903455,2,158,1.2380392512107499,1.6840705275535583,2,166,10.56716359152757,1.937160583642813,3,179,0.390515817176011,1.4917941774640764,2,186,9.021331009735189,1.8031309843063354,2,192,0.6617497704052923,0.846902921795845,2,200
62,0.6517918223123512,0.6591853148796979,2,34
63,0.3478117409096375,0.35723442264965605,2,7,0.061109161120816505,0.43967436254024506,2,39,0.9600432873309072,0.348646555284057,2,138,0.05622672388033492,0.507548451423645,2,142,1.5579906609339358,0.3431635797023773,2,145,0.050740561583061054,0.3126694027866636,2,152,0.8289549429386933,0.41614703295959365,2,188
64,0.30772619867647766,0.9814355530581631,2,91,1.2575407798717981,0.21307315594620174,2,100,0.3048291102114166,1.3264765372643104,2,113,0.8499531981278209,0.2852030420625532,2,150,0.5411622986245723,1.6499580691258113,2,174
65,0.16429572366529263,1.354411204655965,2,3,0.012889230454937128,1.0822251894894768,2,20
66,0.023413207747990966,0.26982611417770386,2,11,0.4038790006250999,1.0671628263761412,2,64,0.051851581669353185,0.163619051075945,2,163,0.783356156837388,0.3261839832003052,2,200
67,0.3581680993577589,0.4413787509713854,2,7,0.015242718996313935,1.067035578764402,2,20
68,0.5024090611369639,1.130402578434474,2,71
69,0.5842993323713271,0.954629035099693,2,23
70,0.4789979203938145,0.9674205847761848,2,44,0.67886977947059,0.3114530611783266,2,68,1.4312038764805572,0.15906188317707606,2,89,1.9888062008276342,1.2612749278545379,2,109,1.0865964941187836,0.12529956148220942,2,200
71,0.7595779702702341,0.2808909462048457,2,26,0.05474769765689451,0.21102390741860425,2,53,0.6656390131432754,0.26555199256619894,2,127,0.6728816102184056,0.5293884710832075,2,149,0.08757263844286836,0.7028771684719965,2,162,0.6903351844447361,0.7734517094336057,2,200
72,0.23359032863929421,0.9691144557375657,2,38,0.5297720991728504,0.18829491849129015,2,51,1.3951661555039514,0.912190360755756,2,80,2.109829933440111,1.658339301745097,2,83,5.63261561533788,1.8144593004669463,2,139,0.36637811007905574,1.34913965066274,2,142,10.857104956967614,1.5496722996234893,2,162,9.427802478994812,0.584328153807866,2,200
73,0.5348539649071046,0.8883973282575607,2,100
74,0.1848198980603739,1.2039958238601685,2,6,0.017084493619297102,1.2503169349261694,2,20
75,0.30153170505340404,0.9069961110750834,2,6,0.05084818440759355,0.19563253616031848,2,44,0.6056931247933436,1.0733651017385817,2,107
76,0.42750878972631273,0.74261016536642,2,54,0.7793378503927543,0.5749620707596049,2,71,0.9458372799933905,0.23001830022910547,2,100,0.051672430087978845,0.3995672345161438,2,115,0.6511780318146334,0.39974922616526765,2,168,1.9824571654932577,0.17279030190360162,2,199
77,0.16307836010843327,1.7591875314712524,2,5,0.012797342892499473,1.1682612578074136,2,20
78,1.1995865974570432,0.117446568608284,2,20,0.29774283243562905,0.27483832836151123,2,30
79,0.33074188802027826,0.8289500933427078,2,13,0.020068680900636276,1.0481041840144567,2,20
80,0.32177034636470103,0.7198136124921881,2,46
81,0.19846347835186817,1.0912326795864948,2,113,0.028766382878668208,0.22361057825472164,2,200
82,1.0598863192651553,0.32202261686325073,2,7,0.015139026095480398,1.2170245830829327,2,20
83,0.6916940205816045,0.4759799579779307,2,30,1.251188129608329,0.059525306961115666,2,200
84,0.7318349332275732,1.4249767065048218,2,16,0.02026741539188309,1.315869301557541,2,20
85,0.6037607321860368,1.0476024933159351,2,32
86,0.5407868830919287,0.7776307474289622,2,28
87,0.5404182784129232,0.3314085765318437,2,22,0.05146122508663435,0.6277673244476318,2,28,1.07874877484979,0.3806582272052765,2,33,0.04885542170353826,1.2591390780040197,2,40,0.6475535371517491,0.7552866993411895,2,102,1.0091522574576295,0.35965132999093563,2,175,0.6696079863866382,0.7558971548080444,2,200
88,0.8649838984615261,0.3887546182640137,2,31,0.05647426729227661,0.23389840764658792,2,38,0.3438942696714634,0.5815258789807558,2,62,1.1787192940626579,0.2272592013080915,2,86,4.008383735951751,1.355178604523341,2,98,3.515323006163684,0.5504715055227279,2,108,3.2891963228308954,0.10945845246315003,2,113,1.4181503362799062,0.04792119722281184,2,197,0.111482602163008,0.514840712149938,2,200
89,0.880071934745489,0.4916615182278203,2,51,0.3084386501696394,0.6724171165157767,2,85
90,0.6194504336939305,0.8975129151830867,2,49,0.05487936769498487,0.1838613385663313,2,134,0.7093507961966691,0.6662024358908335,2,152,0.13042488545252992,0.840844176709652,2,160,0.051347377179850946,0.24595809616148473,2,200
91,0.6323512946242352,0.8453187346458435,2,7,0.015813305451292985,1.0566702714333167,2,20
92,0.6001989011402377,1.2980804691712062,2,12,1.351530938388878,0.20024700835347176,2,20,0.4236633676525712,0.9538098271076496,2,150
93,0.628896302471136,1.1181137556746854,2,118
94,0.3621999403515788,1.3194084299935236,2,9,0.0170945094291605,1.1835302764719182,2,20
95,0.5178044295008932,0.5920812404818006,2,18,0.363111536862374,0.9729958738105885,2,87,0.37755462775795107,0.21701151239020483,2,101,1.3817091169962508,0.4111701718398503,2,108,3.3004169383015376,1.7442728332851245,2,131,0.05284854932444734,1.110272208849589,2,134,6.888217156202562,1.680681324005127,2,159,6.139356927153493,0.10297919700785381,2,200
96,0.6951826097799707,1.033291184902191,2,20
97,0.8435908436369152,0.5094765618102242,2,131,0.04741424112110901,0.6306031545003256,2,140,0.6049565071316247,0.5273787015014224,2,176
98,0.8535609862654978,0.596108098824819,2,6,0.5246654724003679,1.2743396408417647,2,23
99,0.01600983646951731,1.1845512211322784,2,20
100,0.01605292263941938,1.2104913473129273,2,20
101,0.4095025161916595,0.816277289390564,2,5,0.01575120246839205,1.0771467129389445,2,20
102,0.7512445336046736,0.8166155020395914,2,36
103,0.521465464100832,0.9242868806634631,2,84,0.034877268488168994,0.2993331385009429,2,101,0.953238310919507,0.3934032768011093,2,109,0.04842218971030943,0.7438732811382839,2,116,1.1292058385216257,0.366906799980112,2,153
104,0.6408688540222393,0.6019259440271478,2,38,0.05439734489320839,0.7521007742200579,2,45,0.8002370793612466,0.5148093551397324,2,53,0.13080036303957884,0.6711011035101754,2,88,1.2051448436258216,0.19146862427393596,2,103,0.05443216349555199,0.5382702904088157,2,110,1.1339331131769101,0.25617528955141705,2,116,0.29130072439284244,0.9680769822814248,2,127,1.3156574887363535,0.18808249277727945,2,141
105,0.3405494208402463,1.4530676395996758,2,23,0.4596996952137571,0.48369526831393544,2,70,0.28348283631295546,0.9676903370888003,2,101
106,0.6298396229567451,1.0800185714449202,2,28
107,1.056587136105701,0.5089062482453464,2,89
108,0.403582061939016,1.0001055891230954,2,59
109,0.47482281357061595,0.8015563416481019,2,25
110,0.6646198281771482,0.5116987453728188,2,41
