0,1.3138593344959038,1.600320087538825,2,9,0.7995959990998652,0.5960472900176716,2,116,5.151508434951582,1.8546391908939068,2,168,0.45055771287006796,1.4668558359146118,2,173,8.700578324919451,1.8719733247050532,2,200
1,0.2796779283728414,1.4770896037419636,2,3,0.01530547410392097,1.1813053804285385,2,20
2,0.3570439102403317,1.0035486887483036,2,34
3,0.23488885155570274,0.7042198379834493,2,6,0.013299349373925688,1.0016874415533883,2,20
4,0.6778731564260033,0.8699614548519866,2,73
5,0.6773582395674863,0.5463848087404456,2,28,1.2694728023967123,1.6031513895307268,2,35,1.095111406162253,0.246433223749316,2,78,1.6497400248295615,1.303851991891861,2,92,1.3285503365582283,0.5689886816673808,2,110,6.421761909036686,1.7277786760795406,2,192,3.910145314454494,0.5165572389960289,2,200
6,0.8648480055943444,1.0507189273834228,2,10,0.016177326319365228,0.8263630628585815,2,20
7,0.08869093068899467,0.7394251567976815,2,7,0.9127328271791763,1.2356891632080078,2,11,0.015846828227279272,1.4563980102539062,2,20
8,0.37834162988170283,1.0184750392519195,2,29
9,0.4975133901686565,0.860877703397702,2,39
10,0.44064267761743975,1.1585215051968893,2,30
11,0.5359626178992601,1.2646744598041881,2,55
12,0.020394980915187606,0.3167665553720374,2,19,0.760891606017555,1.0142863438679621,2,45,6.248027358012387,1.8978002693342126,3,68,0.23353683675241813,1.3201367457707722,2,71,9.740783956821266,1.9617672562599182,3,83,0.026106611273418404,1.1962825536727906,2,88,9.875152980609473,1.8450390133592818,2,124,0.9069278025621282,0.4348461478948593,2,134,1.2858555022406841,1.0878791318220251,2,151,9.921145820463773,1.8715647275631244,2,190,8.851333697743957,0.8945081830024719,2,194,2.214089079003476,0.1149556040763855,2,200
13,0.4105784795047772,0.9902983951568604,2,25,2.3372953403341636,1.928112451846783,3,38,6.788321705308994,1.9526179189031774,3,82,0.04168163433974014,1.2236780405044556,2,87,0.5240811126691128,1.4395920832951863,2,90,7.036485477375572,1.9361554053094652,3,108,1.0420444080470932,1.6689078092575074,2,113,9.469093418136914,1.9501112052372525,3,183,0.9202865691651941,1.552206325531006,2,188,10.679439323497089,1.9612889819675021,3,197,0.2762356044111941,1.3230345646540325,2,200
14,0.5129397411639167,0.899431775597965,2,34,0.059336109670514406,0.3155951609736995,2,53,0.4573912836512727,0.8589690923690796,2,64
15,0.5173400305247643,0.8829590965961588,2,29
16,0.5819956080147638,0.9948493393161629,2,79,0.03651702149208542,0.18335954658687115,2,95,0.41652146763202913,0.9764654371473525,2,104
17,0.5407871713578425,0.9309609159827232,2,16,0.021750218156624958,1.0299614071846008,2,20
18,0.644941133995845,0.8869201283828885,2,102,0.08136269012750641,0.5852989017963409,2,112,0.822352633358258,0.7352722003346398,2,133,0.039049189228673564,0.8064706524213155,2,136,0.6844824173675776,0.9474321829861608,2,165
19,0.4746834064150687,1.2822480547812678,2,31
20,0.771352720890652,0.5666674547470533,2,26,1.4326333939485696,0.062403025516008924,2,85,0.057870642035192724,0.3037794530391693,2,90,1.0676719207268885,0.07713959907943552,2,200
21,0.3359538982049881,1.1806666819672835,2,38
22,0.4024512438147088,1.0604141785038843,2,72,0.05805434884399284,0.23871469497680664,2,83,0.7415972402622251,0.17468317321368626,2,118,5.175782676974119,0.3345931186908629,2,159,0.4131091696012948,0.552625275320477,2,168,6.000039092066416,0.07493513486077709,2,199
23,0.6061449459811447,1.2456212716224866,2,39,0.04280275676569796,0.67717644572258,2,49,0.44477680724665614,1.2113694371403874,2,86
24,0.5729341349521049,0.5621569433382579,2,14,0.49118415056177217,1.6542445932115828,2,21
25,0.45959788144187963,0.7639359136422476,2,6,0.014573936297575302,1.173566562788827,2,20
26,0.7819680470619786,0.3192712941340038,2,77,0.024152091011247236,0.23906130778292814,2,149,0.5630715981855744,0.6692461311817169,2,159
27,0.5106993158384165,0.9069888591766357,2,15,0.021638363584582557,1.144425058364868,2,20
28,0.5549452900932242,0.32278968393802643,2,7,2.3998749468573326,1.9366967167173113,3,49,0.0393095641932303,1.3105881929397583,2,54,8.862552608873365,1.9127539674441019,3,84,0.47454963455310095,1.306815242767334,2,94,9.886814048765848,1.8926481165975895,3,200
29,0.3951741499721021,0.7795177521529021,2,27,0.03734272461576485,0.1354945521144306,2,95,0.08714168840025995,0.1854964391543315,2,108,0.1266878584671597,0.4936421632766724,2,113,1.2942493669183794,0.3325324282050133,2,117,0.08656074980868307,0.660653275748094,2,129,1.4158682831879175,0.3042191669974529,2,200
30,0.5161628508268037,1.0159584299938098,2,74
31,0.5974418431064965,1.1093855289851917,2,34
32,0.339046988086742,0.923970596657859,2,18,1.240575591308538,0.058844845979771715,2,112,5.271025521480917,1.106040889566595,2,134,0.8758893897565108,0.48681242267290753,2,140,6.608409382379127,0.07490264251828194,2,184,1.1735977557499353,0.12926253117620945,2,200
33,0.28672196196118327,0.9037673473358154,2,9,0.016663103610307057,1.3114579590884121,2,20
34,0.5268399597110717,1.2058139654897875,2,31
35,0.5553307033943323,0.71865040626166,2,106,0.027073632465056285,0.9848059199073098,2,117,0.8317006808769435,0.5052229204903478,2,186,0.02440670825034941,1.186680895941598,2,200
36,0.33938460760264494,0.9205325841903687,2,26,0.0697671152010256,1.245344638824463,2,34,0.4482355489053468,1.2186232581734657,2,130,1.3560311621814165,0.16027696281671525,2,200
37,0.672283847401205,0.6600700824890496,2,106,0.060895165068691345,0.07924185807888325,2,158,0.8124278038682311,0.7468617618083954,2,178
38,0.6946093776829076,0.777706435748509,2,7,0.044619975343547405,0.39056446254253385,2,17,0.9246430159017343,0.654395015616166,2,36,0.03965174005619678,0.2868320358296235,2,48,1.0787847146059937,0.5924111604690552,2,51,0.03672632562950765,0.334402592912797,2,82,0.2629593127298897,0.4406910284477122,2,99,0.5930570494059292,0.9338616769889305,2,186
39,0.4654572215603189,1.0257680531471007,2,31,0.07046597626714389,0.12279219872185163,2,59
40,0.9801450360558663,0.26553160160779954,2,50,0.05822616698891411,0.20134003460407257,2,53,0.5256038785118399,0.24996609330177308,2,78,0.0520459697523491,0.6416886925697327,2,83,2.614949269206592,0.8661316807071368,2,107,8.440266688375296,1.748797286640514,2,118,0.31145484424249076,1.457922379175822,2,121,9.788912708685526,1.8500322765774198,2,148,0.306589757991664,1.479795018831889,2,151,13.039719649485743,1.8976327816645304,3,166,0.3138820553362648,1.4973658720652263,2,169,13.674146235998917,1.9415306737346034,3,200
41,0.14747609052028887,1.5504118204116821,2,5,0.013765642812288936,1.1403353611628215,2,20
42,0.6514121056149694,0.9397347030185518,2,21,2.1550476126183833,1.905261069536209,3,37,0.031292709273199174,0.7543842097123464,2,43,1.1258012994482363,0.2225374253683312,2,86,4.063965884212536,1.8502448442819956,2,123,0.3966567301822065,0.8035541501912203,2,134,7.465827881018972,1.8830597955127095,3,177,1.3024115840778552,1.6009701013565063,2,182,0.028059067136771004,1.4503385821978252,2,188,1.3008017564527177,1.8059453964233398,2,200
43,0.6177040148162478,0.8570676724116008,2,15,0.022797269508860747,0.41213365495204923,2,20
44,0.015215309287110027,1.094273602962494,2,20
45,0.615778264962629,1.0169702898710966,2,64
46,0.5879686706298135,1.4279176394144695,2,24
47,0.6298720812925627,0.7252987282616752,2,14,0.018524343794737715,1.2697721322377522,2,20
48,0.6558684471844279,1.180471890851071,2,38
49,0.017671394025241344,1.2054148495197297,2,20
50,0.3586467867409418,1.1114464376283728,2,23
51,0.27157827884803004,0.7293907105922699,2,12,0.016629770672826606,1.0037595480680466,2,20
52,0.21271523149220603,0.7753907198255713,2,22,1.256529223255596,0.044393734516281834,2,98,0.07157965727997066,0.32970697432756424,2,102,0.5429094935214575,0.18357380708822837,2,128,0.042811384187368406,0.3074928160224642,2,142,0.8883940068984592,0.05091114955789903,2,159
53,0.4964864258411057,0.6596179008483887,2,6,0.014305049604014929,1.012408150093896,2,20
54,0.41528291999655126,0.9606751080217033,2,29
55,0.6762693181671776,1.0310092457048186,2,91
56,0.6316143633249202,1.0805666993061702,2,24,0.046408273284528276,0.1591454516438877,2,41,0.7389778921067552,0.9395736376444499,2,56,0.04668098304553918,0.23211297243833542,2,66,1.1305671370849744,0.9998428026835123,2,72,0.03246103716870804,0.26096935683413397,2,151,0.7078409006332684,1.2064256993207065,2,162
57,0.2725678769428584,0.9003340899944305,2,8,0.03359056902862217,0.15784391378745055,2,47,0.872784429249993,0.93952048321565,2,59,0.03734490009000921,0.07633514931568733,2,72,1.2206836808681634,0.7095246613025665,2,76,0.03266545663484985,0.0771897557106885,2,120,0.3397373850608344,1.0507019296288491,2,200
58,0.41923070665622814,0.564971270232365,2,29,1.1324232873143696,0.5603329202403193,2,52,4.258920248028325,1.8439245223999023,2,66,0.5073850172677662,1.4398516019185383,2,72,7.111135352939326,1.9761653423309327,3,82,0.2696902436402941,1.4522344589233398,2,87,8.472383146310317,1.899592922415052,3,157,0.9784566781734277,1.5423690795898437,2,172,8.81571339853015,1.871131181716919,2,186,0.8383469733020682,0.5280518606305122,2,194,1.7014383365443946,1.588952084382375,2,200
59,0.7792669831590194,0.514646261322255,2,49,0.05420763428967261,0.3037945568561554,2,59,0.8639934049935679,0.3332334997562262,2,98,0.055596418357118836,0.5137036542097727,2,101,0.5366936247796381,0.4974501212922538,2,142,0.5473470744064083,0.8007625470290313,2,179
60,0.740821461318741,0.9996291951435369,2,41
61,0.7907129069835326,0.3339001476764679,2,5,0.046120138221979246,0.3552501972983865,2,22,0.5469503220275209,0.4682919383049011,2,48
62,0.8418128866772424,0.6174854886318956,2,56,0.14208119671843275,0.7273046573003134,2,62,0.031223531836749075,0.13260251041068588,2,105,0.3256223123816323,0.8290686437061855,2,112
63,0.7391448467217957,0.8555431485176086,2,20
64,0.9238636745219291,0.33752271049731486,2,37,8.125491172841231,1.7974121153354645,2,57,0.02823203359795948,0.8817402124404907,2,70,1.6295673248854377,1.7267363866170247,2,76,0.030722436662199388,1.3566263232912337,2,83,7.6375616563938635,1.9063712044766075,3,102,0.026657207249681784,1.2986916502316792,2,108,8.555104460146104,1.899429202079773,3,116,0.1225135931285601,0.8955409129460653,2,119,5.890548021060314,1.7376490779090346,2,176,0.05869898934619078,0.30333531523744267,2,200
65,0.4412389034610532,0.9483837016991207,2,42,0.022866927191626737,1.0079466700553894,2,48,0.7434177167838192,0.9042410483727088,2,61,0.863934602804139,0.5043650448322297,2,126
66,0.6543446328641366,0.7665900526375606,2,29,0.13981598059012781,0.29627771133726294,2,40,0.9206786636842474,0.22764008564333763,2,71,1.5841533486384014,1.5613831599553427,2,86,1.1543840654493098,0.3126730526035482,2,97,1.6822671275670165,1.748539961874485,2,113,4.2955121633196525,1.8232066631317139,2,143,12.429706861874996,1.919209082211767,3,199
67,0.27360411389678424,1.0738730827967327,2,6,0.014599866740508102,1.2484741040638514,2,20
68,0.42189709599617964,0.3341793239116669,2,5,0.025720748573482038,0.1473907140247962,2,39,1.4480454907665676,1.1123549342155457,2,45,1.6233047366141087,0.30882082353619966,2,62,7.886324994617749,1.716836023837962,2,109,8.651881481525926,0.41480642786392796,2,122,10.578179524695761,1.2886178642511368,2,130,5.682411328762089,0.08012117259204388,2,154,1.4001000572340965,0.04001028317472209,2,200
69,0.9419109475489545,0.39497311548753217,2,22,0.01856282399040603,0.9021910548210144,2,27,0.3844668578514716,0.46651285886764526,2,39,0.032478312862322674,0.5260876566171646,2,43,0.5403951158394784,0.6273393981986576,2,88,3.518228466230869,1.8689062877705223,2,126,11.585516006277281,1.870989217951491,2,200
70,0.5775352369008379,0.6592235338120234,2,21
71,0.47183839683304346,1.095761511636817,2,23
72,0.7451572712443564,1.4737745374441147,2,8,0.042708173107599876,0.13275426413331712,2,22,0.5470296125861261,1.103133694121712,2,60,0.867796051003331,1.8106784960802864,2,77,0.5904634229433701,0.6841044198899042,2,98,0.05341616393867799,0.1695182607932524,2,120,0.6668454006619691,1.2306272725264231,2,150,1.1173750166660112,0.6550852172076702,2,158,0.06975795116697228,0.6350308656692505,2,162,1.0225918929829052,0.5998080428689718,2,178,5.184663366437043,0.43242072517221625,2,200
73,0.5299188641322166,0.9571986850351095,2,64,0.05880866006151165,1.0179327726364136,2,72,0.03780024916407385,0.2826005415274547,2,98,0.2819654887271059,0.5924928240916308,2,115,0.04714573852304222,0.2309264898300171,2,130,0.9003397514486101,0.23242216947532834,2,172,0.6264370186429045,1.1271576762199402,2,182,0.7576501524836785,0.4855848186545902,2,200
74,0.44902458411815116,0.8256550940600309,2,55
75,0.0901727415592901,1.170680562655131,2,3,0.011690878113626669,1.0908869119251476,2,20
76,0.7318224162245882,0.6033110963670831,2,19,1.234418528535514,0.1710818003003414,2,45,0.4268533918007415,0.7587834665941637,2,174
77,0.4073057808049412,1.078480178117752,2,20
78,0.37881074128098075,0.9167840114006629,2,13,0.01763958928739014,0.9485823256628854,2,20
79,0.651663062861034,0.9680311358232292,2,139
80,0.6151202248698224,0.7826293408870697,2,26
81,0.2936256357457985,0.7950559875794819,2,28,0.6664251734789303,1.0911972150206566,2,76
82,0.7301794566262736,0.5930453114784681,2,52
83,0.37116986707262845,1.0821994692087173,2,16,0.02042632326864365,1.5144394934177399,2,20
84,0.6511454591064925,1.0262443158361647,2,18,0.022009425641162043,0.31249495506286623,2,43,0.19448699114923884,0.3096684447743676,2,54,0.019770867664291196,0.5725161850452423,2,59,0.27899832637347505,0.33664652407169343,2,69,0.01899017906574173,0.637114268541336,2,79,0.38034635550350704,0.572014855487006,2,93,0.610538118419913,0.9241004513234509,2,191,0.050030776625534,0.4537086146218436,2,198
85,0.2775553251468962,0.9569334983825684,2,5,0.014821888694900481,1.061344528198242,2,20
86,0.4960677900505567,0.63824791431427,2,25,0.046161288242549676,0.09076983596269901,2,51,1.463613911907489,0.07218406881604876,2,58,0.05342672175001311,0.37442747751871747,2,61,1.9837246816617098,0.11275537582960996,2,94,0.030500539937859807,0.8095031910472446,2,103,0.5945461049891141,0.518538100378854,2,110,0.03711172064265891,0.09069004091951582,2,200
87,0.4029054230405851,0.5374201536178589,2,10,0.01746044407370093,1.0480111300945283,2,20
88,0.5141017256159685,1.048749724301425,2,110
89,0.6440982098697753,0.9705316623051962,2,15,0.017016930069465013,1.0824666976928712,2,20
90,0.6776181608193876,0.855394086903996,2,36
91,0.3674076619034529,0.8559798541523161,2,21
92,0.3625251669123705,0.9849318125668693,2,17,4.6967707389276,0.0924672535279902,2,58,0.33026068124493485,0.9366859055700756,2,100,0.6670898603368628,0.947361504747754,2,184,0.05221487910145723,0.09226718824356794,2,200
93,0.4009756108888922,0.8242247402667999,2,8,0.01690920417382064,1.1481131960948308,2,20
94,0.3317740500447814,1.3316701650619507,2,8,0.016651119382467643,1.2585690518220265,2,20
95,0.2853833666100719,0.5148660510778427,2,10,0.05055210823697183,0.33332592248916626,2,28,0.5863340211287568,1.0275267962126704,2,199
96,0.5446677901174984,0.7410787528958814,2,29
97,0.5280974548847011,1.0944889307022094,2,15,0.01648978033988758,1.313355278968811,2,20
98,0.6922712470399455,0.5907449433032204,2,34
99,0.6678682615073189,1.380209732055664,2,20
100,0.7801120164531883,0.9129378575545091,2,65,0.34201112324191474,0.9233253002166748,2,150
101,0.7215450496397727,0.4366812326691367,2,44,0.3854216547986034,0.5720291336377462,2,56,0.2942069603800828,1.0747762757378656,2,93
102,0.43266118576274754,0.15330110241969427,2,6,0.020783736260222285,0.45178529620170593,2,19,1.0002297989915578,0.12288401595183782,2,26,0.5842672281416921,1.0305358469486237,2,42,4.974053503289279,1.3771506249904633,2,46,7.537115602149043,1.820613399494526,2,132,0.054288965687226055,0.9469285806020101,2,135,17.476356545684062,1.8457026762120865,2,152,0.4556394027691192,1.4575770582471574,2,159,15.929059005603644,1.5460323095321655,2,162,0.48105794104394806,0.9299430827940663,2,193
103,0.5399917715492684,0.9928377822593406,2,27,0.045508534475521153,0.14528323922838485,2,55,0.4634153826310997,0.9054828205805147,2,144
104,0.2399663018205513,1.55731197198232,2,3,0.01605053952677386,1.1547988723306095,2,20
105,1.0100443360520712,0.3797732363728916,2,17,0.04222933145119653,0.5513533651828766,2,20
106,0.521909361321147,1.008540194328517,2,73,1.6387071594001563,1.8391120542179455,2,84,0.6611898223637785,0.7287498712539673,2,94,6.932359868460575,1.8804493639618158,3,158,1.7923752976128926,1.9070058877651508,3,171,0.6430496167590566,1.1242863803074277,2,200
107,0.223529320667727,1.221142570177714,2,3,0.013331403552769202,1.1065801276880152,2,20
108,0.2828624140455785,1.03211829662323,2,5,1.8402925827210148,0.12879610897564306,2,46,0.5621712213819541,1.154447566717863,2,78,0.911405475822932,0.515604704618454,2,110
109,0.37187939167074646,1.0933571308851242,2,8,0.016296169199360517,1.1039223074913025,2,20
110,0.6396135040918343,0.6058061156007979,2,36
111,0.44149599313388505,1.0070452752866244,2,38,0.05343525913569165,0.7438221110237969,2,47,0.44258014826177705,0.8259240303720746,2,54
112,0.6412914642979902,0.892639305194219,2,60
113,0.6394062056160783,0.5367479224999746,2,12,0.018299278884952065,1.0965476781129837,2,20
114,0.38746050920663866,1.3030049228668212,2,25
115,0.5075181791580003,0.9316698278560013,2,122
116,0.2928323109744951,0.8526086409886678,2,6,0.013585073627711374,1.094739249774388,2,20
117,0.3648243192513157,0.8923378749327227,2,33,1.2232055314519055,0.41464388370513916,2,44,1.653399107396516,1.7360806167125702,2,68,1.0725350916523992,0.15032729650697402,2,99,2.435386725185451,1.3073900413513184,2,124,1.461192635930493,0.09152921877409283,2,143,0.07815126746763813,0.39413012981414797,2,168,1.3874381481449782,0.0968533344566822,2,172,0.04121467933086648,0.3487003246943156,2,178,1.4560121170460423,0.05103711783885956,2,199
118,0.810199858352804,1.5318279096058436,2,7,1.1278876359478989,0.334527228412957,2,36,0.742090347157104,1.0161290632353888,2,45
119,0.33099683455688544,0.9417661917102229,2,111,0.6939618923060469,0.8984771370887756,2,123,0.8110653316062519,0.5818026410905939,2,180
120,0.6504654317740486,1.4188699520240395,2,59
121,0.49559451871182786,0.9230794766039219,2,106
122,0.32138796211451026,0.7782698452472687,2,90
123,0.7723662612443071,0.4808181570842862,2,32,6.83005239825609,1.8592997881082387,2,45,0.6606728444523138,0.5617285268060093,2,74
124,0.41829858789776486,1.1219618205101258,2,31
