0,0.4112207576382724,0.8879767894744873,2,10,0.03144939196066116,0.2334505647420883,2,80,0.699283332275875,0.500423014163971,2,98,0.05857841463718157,0.3329617033402125,2,107,0.8694080829348398,0.1732106561010534,2,118,0.046099052324620166,0.5027100990215937,2,124,0.927011245372697,0.29117588089271024,2,168,0.05584077294038774,0.6059470673402151,2,177,0.7649077046055895,0.9909783264865046,2,200
1,0.49266581805442655,0.9296574317491971,2,39,0.058841532106440136,0.15452139313314475,2,141,0.4775570795005473,0.19816599999155318,2,155,0.07234403965613942,0.09003278258300963,2,176,0.36104819740828675,1.0418167759974797,2,200
2,0.7367515483722037,1.374819964170456,2,8,0.03814387901127838,0.2382523834705353,2,18,0.9225290545841521,0.11836963174519716,2,45,0.021443171443904275,0.17600429759306066,2,62,0.5320001032961467,0.8512183626492819,2,65,0.015362641177148648,0.7684142406170185,2,78,0.020319773840429035,0.2852814204019049,2,124,0.3376624429784813,0.24091794043779374,2,134,0.03000994432232061,0.24892212932600694,2,168,0.8859262650510971,0.24052409874275327,2,200
3,0.19738676406868938,0.8876523574193319,2,3,1.248984563590981,0.2047532002131144,2,15,3.4508158253292622,1.8138930400212605,2,21,0.38818913505968716,1.5063802003860474,2,31,14.340390487791984,1.9393565191162958,3,49,0.8588818238219751,1.561452587445577,2,52,14.576283765453866,1.8455399202333915,2,200
4,0.71908206223848,0.616419543480051,2,29
5,0.5403386860392885,0.6109318137168884,2,11,0.018092412301726736,1.0797437032063801,2,20
6,0.37361056078496707,1.195984653064183,2,21
7,0.4595850605012136,0.9846409523125851,2,198
8,0.6613772381551826,0.8771238774061203,2,8,0.049189361080659216,0.2153120424066271,2,43,1.1462302089223582,0.24877802696492937,2,106,0.6142411506549352,0.37973310152689616,2,121,0.4838644565155175,1.089324774164142,2,187,1.2197197115005036,0.4356877574553856,2,200
9,0.584556802868393,0.8548762083053589,2,40
10,0.6135032921901462,1.1537531261090879,2,54
11,0.6445177343273584,1.055865106128511,2,42,1.0279197255799934,0.2380141869187355,2,52,2.164825820672527,0.1129292471286578,2,91,0.7666463204442873,1.272847130894661,2,107
12,0.3617656461596913,0.7722049866403852,2,14,0.017242669021902496,1.0478609402974446,2,20
13,0.5995626538328673,0.7139248549938202,2,72,0.9037260009776573,0.12763591359059015,2,84,0.1298645567063846,0.46756161376833916,2,88,1.887690301801073,1.7345898300409317,2,104,0.629332981276605,0.23516200269971574,2,125,2.2066462103637536,1.8722788572311402,2,130,5.664395614835187,1.9103285579970388,3,196,0.08456580242669609,1.0040059387683868,2,200
14,0.5392310977520329,0.7560404701666399,2,22
15,0.6243252897327026,0.9809031635522842,2,40,0.05335380712135888,0.4309582508379413,2,71,0.961754862503329,0.4345485236909654,2,80,0.42595974690293226,0.999040756225586,2,105
16,0.44510109187469304,1.5125795602798462,2,3,0.013899087776141014,1.2956612671122831,2,20
17,0.4684323449843289,0.794804103234235,2,17,0.8429342204173688,0.30599692779091686,2,121
18,0.5821499146945386,0.7899906689470465,2,11,0.9821898172314363,0.13309610941830805,2,28,5.938048792957869,1.8618955744637384,2,37,0.8437145878967734,1.5755267143249512,2,41,10.617717681839965,1.9318133626665388,3,76,0.3832729991868706,1.1835007667541504,2,80
19,0.6343881197869247,1.038169386841002,2,147
20,0.414688547272223,1.1312291347063506,2,13,0.8403039901732744,0.4611781984567642,2,19,1.8256725882101315,0.15740274982665903,2,86,0.8326353322353829,0.31129778921604156,2,91,0.6664747326623605,0.8356866336920682,2,159,0.07100915955469504,0.9805844227472941,2,168,0.6556078924321159,0.8922986686229706,2,176
21,0.6583678993891159,1.165539699792862,2,20
22,0.605528111525114,0.9959127169388992,2,26
23,0.5759290579854549,1.0560774505138397,2,48
24,0.47279682516909766,0.8841834429538611,2,33,0.07329693599327403,0.12777003447214763,2,63
25,0.6805059817159782,1.113065947185863,2,55
26,0.5857090175511702,0.962742291616671,2,198
27,0.304089666391595,1.429575068610055,2,7,0.0165989435901881,1.0902298138691828,2,20
28,1.2192530915214261,0.18020864000649955,2,123
29,0.496673322503183,0.6882918260314248,2,11,0.01772733065292469,1.0442089769575331,2,20
30,0.3583454476063165,0.8796057931838497,2,31
31,0.8294302828111656,0.28927273637261885,2,29,1.8668156836025176,1.690220228556929,2,58,1.679409083797827,0.03620430257390527,2,160,0.051396822225981124,0.28274856011072796,2,163,1.127496222789918,0.21141620705256592,2,200
32,0.8334011370752412,1.199467945098877,2,5,0.014575355648962942,0.8003315329551697,2,20
33,0.5810816877847144,1.33009614944458,2,15,0.02258236494426211,1.2393236875534057,2,20
34,0.5331302075193799,0.8747400272460211,2,21,1.3857727175264334,0.2056549918651581,2,46,0.5626149337903765,0.7289113711427759,2,100,0.828659457917009,0.271666379060064,2,135,0.03681059983696726,0.5170993283390999,2,139,1.024903639195094,0.2236686661839485,2,159,0.04006159251789053,0.29120719748916046,2,192,0.955385838386683,0.6253049770991007,2,195,0.041396164900717305,0.7266108989715576,2,199
35,0.47516807295664504,0.6110693573951721,2,5,0.015886344786702936,1.026389741897583,2,20
36,0.43182967431524444,1.2508873674604628,2,9,0.017092112703472235,1.162358208136125,2,20
37,0.7584162286813072,0.48684298450296576,2,11,0.04820299359362938,0.20017055324886157,2,57,0.9387376789764829,0.14741868376731873,2,62,0.05780724631888762,0.17272176096836725,2,74,0.981297534355535,0.8704772591590881,2,87,0.0572273061064184,0.6558283045887947,2,95,0.941253263972692,0.6487609199855638,2,118,1.0066311710056348,0.2758821588138054,2,176,0.06766359185838892,0.2570831951769916,2,187,0.9727010733994795,0.9212075242629418,2,200
38,0.3611364590372997,0.43499586296578246,2,24,0.05091718866903923,0.5309051175912222,2,30,1.0740439029004896,0.23949435679242015,2,94,1.6919316890076732,0.955055832862854,2,106,1.3726923056751832,0.1547748427838087,2,114,6.9098458054306935,1.769619127682277,2,184,4.661407184583867,0.4162696123123169,2,189,1.4733548203922269,0.32673670622435486,2,200
39,0.29557069442895745,0.6018190085887909,2,4,0.014154287925977614,1.1080605201423168,2,20
40,0.8759563401158392,0.13466720336891083,2,83,0.056410013589671355,0.24520693719387054,2,92,1.1831079492744865,0.2526917040348053,2,102,1.4210042512463013,1.1372248729070027,2,114,0.9514492472968735,0.17968351590005974,2,133,0.8980333633044044,0.9609273672103882,2,136,9.255143821854068,1.708290193762098,2,150,8.340781694642732,0.7077399472395579,2,180,4.552381608878179,0.12634570375084878,2,200
41,0.4317023212921535,0.7867172434926033,2,32,1.444346426233155,0.4499722731610139,2,44,2.4709471851766196,1.768196050937359,2,57,10.436176045312687,1.8829611406459674,3,200
42,0.5932515519641819,1.012683358192444,2,25
43,0.44937438342030583,1.1833213885625204,2,45
44,0.05703119238554253,0.15820983453438833,2,26,1.063914361772945,0.2950286939740181,2,30,0.31532605833387617,0.9606466442346573,2,38
45,0.6117797783957936,0.8738832218306405,2,28
46,0.4776415827836247,1.0125874947933924,2,42
47,0.8267262935126941,0.8680121863172168,2,42
48,0.6544764622729561,0.8167838649671586,2,61,1.1383640225992853,0.20800676129081033,2,127,0.49455082045720766,0.9887688446927954,2,181,0.939996396564647,0.49731362493414627,2,200
49,0.549816194996589,0.858540246834108,2,199
50,0.45619573041207684,1.1693404799415952,2,21
51,0.8953432137351912,0.43023195644219714,2,75,0.4623363408601102,0.9635208682580427,2,185,0.05574265207048403,0.9369549949963888,2,191,0.8110472431248776,0.9694772958755493,2,200
52,0.6827566311722416,1.074417816268073,2,36
53,0.45827096042694837,0.8484522712230682,2,50
54,0.5815130178602512,0.8932763257770674,2,141,0.02576987125826011,0.22933350029316815,2,185,0.7870736675245,0.7223490794499715,2,200
55,0.76968212720972,1.0756633281707764,2,3,0.016176667675019806,1.2133516844581156,2,20
56,0.5986326484349556,1.0513738607748961,2,39
57,0.5431249360522646,1.0378880583962729,2,43,0.02053013276851043,1.073444400514875,2,50,0.7276811545450113,0.7463810592889786,2,62
58,0.666173307153395,0.8167482241988182,2,24
59,0.4600307988260384,0.8683221224281523,2,36
60,0.8711674125825685,0.6189335725809398,2,19,0.058017001702256654,0.21305418107658625,2,67,1.0124535266157366,0.9055851499239603,2,79,2.0221190946917815,1.9120044452803475,3,107,0.4390527830076885,0.8442858798163277,2,114,1.9014727976539691,1.7608407735824585,2,127,0.0233308086835835,1.1716232299804688,2,132,5.611648068083356,1.8250092705090841,2,162,0.4856405701639221,1.4912991921106975,2,165,10.624181541143132,1.8633049417425085,2,192,0.4432396582294862,1.4012833436330159,2,195,6.981463164583551,1.777707076072693,2,200
61,0.4198395782738017,1.011966842871446,2,13,0.019020210490145163,0.9861868109021869,2,20
62,0.7801582103058853,0.75187227305244,2,34,0.03271931136682172,0.9455921947956085,2,42,0.6971019225764975,0.7003086924552917,2,47
63,0.600208940208976,0.861039689329804,2,61,1.4179755298909953,0.19708977775140243,2,94,0.022081310783201292,0.2700330035554038,2,112,0.7447264015430649,1.4109648598564997,2,121,0.04263926612286864,0.37715790470441185,2,136,0.7088281199281685,0.37189539415495737,2,143,0.04753703377157276,0.7458228468894958,2,150,0.9851653082971908,0.19663345396518708,2,200
64,1.41319312296665,0.1181510521305932,2,54,0.4086196321288231,1.2444604635238647,2,61,1.4051624808322087,0.10890262228686635,2,102,1.3819200044254245,0.8087416172027588,2,122,1.2998981111476204,0.06378524406598164,2,200
65,0.6842634587763008,0.8631050207398154,2,33
66,0.5964516580545248,0.9498280882835388,2,80
67,0.4059841804899703,0.9639576971530914,2,42
68,0.7249922864260738,0.9482542316118876,2,30,8.076529321959613,1.9086915727645632,3,93,0.03338163888022086,1.149070382118225,2,97,10.605442043215712,1.902345656191261,3,200
69,0.5518890690470352,0.6921374402616335,2,46,0.02093166815596543,1.3532369136810303,2,52,7.227305185415195,1.9088438351949055,3,67,0.02111685110791694,0.20517820194363595,2,87,0.5182841396933204,0.7087443570295969,2,99
70,0.8663611899893933,0.6189816097418467,2,36,0.043465120404732834,0.5899091064929962,2,40,0.9808287864938574,0.44409295194782317,2,104,0.0400672091282257,0.43760001473128796,2,136,0.7218736558858712,0.7687387997284532,2,200
71,0.42322309926053864,0.5256460103121671,2,55,1.182336896672488,0.10886373725430719,2,200
72,0.41840958635823133,1.156295046210289,2,16,0.017836393312041145,1.3921079635620117,2,20
73,0.6760275080399273,0.6044031459352245,2,46,0.4164237760918005,1.0032756957742903,2,118
74,0.3812940902618187,0.9993036577576085,2,76
75,0.3492639927712943,0.8583168527659248,2,34
76,0.5129824479800245,1.010355599579357,2,84
77,0.574301194534342,0.9485190689563752,2,20
78,0.6640545094330801,1.393453199416399,2,32,1.0872042310237244,0.09865791164338589,2,64,0.07503453362762204,0.3449300765991211,2,69,1.5858210937168316,0.03199569825772886,2,96,0.3948067417153377,0.38431043674548465,2,108
79,0.5894051766432731,0.8926265001296997,2,15,1.1403334784598966,0.2120675190406687,2,49,1.5803724186351937,1.278085748354594,2,52,3.6047108247726634,1.7221674025058746,2,68,0.8482808569468124,1.5153283715248107,2,88,1.3136428547954424,1.0502966208891436,2,99,4.7985475305729555,1.0109375566244125,2,107,0.26792262576042913,0.7354535857836405,2,110,6.663595368825677,0.8787225484848022,2,115,6.634290654278872,1.4889547339192144,2,169,2.2512340623870406,1.334468298488193,2,178,1.2712121959359657,0.1859303769611177,2,199
80,0.733789949695319,0.4369674324989319,2,8,0.015455362836462642,1.096082826455434,2,20
81,0.4627651470364271,1.0026214917500813,2,9,0.017379427609446378,1.12982976436615,2,20
82,0.11411328854056282,1.093937357266744,2,6,0.01473127808922725,1.1416708997317724,2,20
83,0.632833444839633,1.007579115972127,2,73,1.4229887702219808,0.3364158987052857,2,136,0.6480259196597091,0.9696081358453502,2,159,0.11540791257330973,0.14477383693059284,2,174,0.017208224061571777,0.3904727945725123,2,180,0.5616691332580583,1.1219573346051304,2,191
84,0.26422317834276415,0.6425949803420475,2,14,0.016823470498600578,0.9945279558499655,2,20
85,0.9762982205830941,0.7093295965875898,2,7,0.015941045573372836,1.169048703633822,2,20
86,0.5500319616536675,1.0343856036663055,2,20
87,0.44491708050725687,1.1281748376786709,2,32
88,0.8397951697094801,0.5146806004800295,2,19,0.17698922940496614,0.7048375904560089,2,25,0.03846856328134653,0.12505474355485705,2,52,0.7348762249749898,0.7416662126779556,2,56
89,0.7193463596308947,0.9470985478588513,2,56
90,0.9330309198099347,0.10422686555168846,2,66,0.05202088802348328,0.2971922407547633,2,72,0.8048902235057822,0.13601875992921683,2,111,0.12958584483801908,0.06830809750254192,2,174,0.25882543666629104,0.13743337392807006,2,184,0.5783105466747487,1.2939893379807472,2,200
91,0.71485749736835,1.3494046330451965,2,18,0.04945012632342522,0.36324469596147535,2,38,0.7346541872547054,0.9677654802799225,2,56,0.05199159435810015,1.1313474518912179,2,63,0.5440666598932191,0.8609977138619269,2,125,2.3096133731873763,0.11562719168486418,2,179,0.2610655860343373,1.6756389021873475,2,189,8.573510141190475,0.16187855899333953,2,199
92,0.7401121132857791,0.6254636943340302,2,18,0.01885190918836428,1.458445151646932,2,27,0.35857866299737867,0.8863390684127808,2,41
93,0.3259640729170663,1.2427129223942757,2,16,0.018600858051167686,1.289842426776886,2,20
94,0.1676918320582292,0.9756265878677368,2,5,0.015762727187741504,1.1131022214889525,2,20
95,0.3553312475461677,0.19517942070960997,2,5,1.5149697801110227,1.502305337360927,2,26,1.160804382897543,0.13341931529619075,2,80,8.348238315744192,1.2668878932793934,2,92,5.806603712248734,0.12638671560720963,2,103,0.790345688177492,0.38029137750466663,2,109,7.464638098367764,0.15981006779168783,2,128,0.42230124833075317,1.0332408547401428,2,146,0.9511525085388517,0.2198803357102654,2,190,0.9300016963990222,0.8120563268661499,2,200
96,0.4369393238095069,1.0570151408513386,2,9,0.017075757065085722,1.1642980250445278,2,20
97,0.6242090007763831,0.7745044660918853,2,34
98,0.7056973429212263,1.4999524454275768,2,24
99,0.629322264144599,0.866159615309342,2,92,0.6714634728126502,1.3715722262859344,2,96,4.306247778094886,1.8352549303145635,2,117,0.023749216865598076,1.1679330666859944,2,120,0.9685004332709024,1.6429882049560547,2,123,0.04177667298246956,1.135759989420573,2,126,1.8241341788817282,0.2637789761647582,2,142,5.193097666218857,0.0852329980196624,2,200
100,0.6855612890375126,0.5466558501638216,2,29,1.0966967646497263,0.19240907376462763,2,95,0.02253007716935342,0.473435511191686,2,101,2.354047518096697,0.13334601176412483,2,177,8.750790727691133,0.21650104969739914,2,183,7.322069233737663,0.6606396278914284,2,200
101,0.4020523479195426,0.6038489689429601,2,12,1.2081847394804262,0.27449312782095325,2,74,0.049792292423459526,0.5047660619020462,2,78,1.015125587333447,0.6427758591515678,2,85,0.021354779538333802,0.5704218546549479,2,91,0.9952858012729536,0.246741384267807,2,116,0.6402612118612983,1.1301933526992798,2,129
102,0.3075862764679706,1.1600848287343979,2,8,0.015870025211705965,1.1796672940254211,2,20
103,0.5414349612055894,0.7845914193562099,2,14,0.038387254382129664,1.0190884073575337,2,20,0.3427206079839075,0.8411801589859856,2,29,0.7239268315062143,0.31808076869873775,2,50
104,0.2586907505129974,1.1238718628883362,2,6,0.015010084519731527,1.2560157861028398,2,20
105,0.6281400318163418,1.5700105786323548,2,20,1.1936666574179517,0.585810532172521,2,38,1.4187137156675975,1.5244595912786632,2,64,1.3757322835957926,0.11106827542666466,2,126,1.6204219466786791,0.9486822567202828,2,148,1.1965864692344588,0.11567455931351735,2,200
106,0.7285107768392306,0.9986039866571841,2,23
107,1.0818459563925538,0.11780386480192344,2,24,0.07815635159513397,0.3726242354937962,2,31,0.9954589839566534,0.17033921667309695,2,74,0.10721734936403791,0.3392934451500575,2,92,0.7175804872506766,0.32098018340135026,2,151,0.07121685198989924,0.3265865072607994,2,157,0.876204474983217,0.18592271705468497,2,160,0.03690217066599254,0.24337843166930334,2,188,0.8391093589136186,0.36478836834430695,2,192,0.0516198667522474,0.431462075561285,2,200
108,0.5230864243126013,1.0901205937067668,2,3,0.014734452404913978,1.2956679708817427,2,20
109,0.32751357724612,1.1921227296193442,2,15,0.023571888115135844,1.242732834815979,2,20
110,0.11414061451934326,0.341506764292717,2,4,1.1299729398448166,0.13544499178727468,2,19,0.07119305756336676,0.3401353731751442,2,23,0.9630707989878803,0.16913649831947528,2,42,0.47964120209234795,0.9157408223007665,2,141
111,0.5271163663168539,1.0129937103816442,2,42,0.09364336112455907,1.023319472284878,2,59,0.7526997924539248,0.9815111570060253,2,75,1.2132119712745268,0.25613691977092196,2,82,0.052732659435309824,0.4022676696379979,2,100,0.9534494811407754,0.1827097452030732,2,152,0.5559680220129302,1.07696599655963,2,199
112,0.5054643409852103,1.3221193328499794,2,16,1.8483719853683191,1.9369392262564764,3,34,1.1081421868924852,0.37550641695658366,2,64,0.053124057134421025,0.22268975632531302,2,71,0.34624485393615645,0.5324647507884286,2,82,1.89320701140192,1.6311207860708237,2,98,1.1654022029482956,0.20650315936654806,2,114,2.2761250316524118,1.2028266489505768,2,118,6.163879487886108,1.4808207750320435,2,130,6.695486214944491,0.9371304512023926,2,133,0.4244244408333495,0.6432016988595327,2,136,6.674547479224034,0.653493981808424,2,152,12.972485043507735,1.650652889162302,2,184,8.05159536749534,0.25284727197140455,2,200
113,0.4755245931770075,0.9718689441680908,2,20
114,0.6202432330288129,0.4574308168320429,2,21,0.05171828879396573,0.438989982008934,2,31,0.8628735868417805,0.35598431527614594,2,35,0.04949758583655913,0.23988447880203073,2,57,0.5573808847730657,1.0711670154478492,2,98,0.05364707037874378,0.1831158794462681,2,118,0.4550974453143695,0.32647120108207067,2,148
115,0.6121474951048221,1.0207856195141571,2,99
116,0.7696393476230212,1.424202791282109,2,14,1.4304822596566324,0.09819294634747179,2,160,0.039877184028461556,0.3470331281423569,2,165,1.4843229449377027,0.14822613596916198,2,200
117,0.5491603166673187,0.9118084941919034,2,52
118,0.3094335260982709,1.1766709751553006,2,9,0.017315092282066312,1.1389271996238015,2,20
119,0.7407597066883881,0.7136070076809373,2,43
120,0.7163963658253768,0.8605207131833447,2,49
121,0.017556322822992916,1.1509893208742141,2,20
122,0.11125901746386463,1.5823875665664673,2,3,0.013921053247254699,1.16760074040469,2,20
123,0.6314542480371719,0.7676174119114876,2,8,0.014890597711013991,1.197276085615158,2,20
124,0.01895987432144913,1.2562231540679931,2,20
125,0.015398504166536575,1.112170484662056,2,20
126,0.5614064313408494,0.7531582481331296,2,36
127,0.5589965324564939,0.9145177281819857,2,39,1.3908600824137858,1.8775084416071575,2,60,0.6821525981688027,0.47638039418629236,2,95,0.02056916206097496,0.23456747161931005,2,124
128,0.381389655374301,0.9503545072343614,2,45
129,0.5345570172858531,1.297280710318993,2,29,0.9229846240220224,0.24691653116182846,2,51
