0,1.5631283812707557,1.1030075702261417,2,94,0.014700321517973874,0.29233067855238914,2,150,1.7991434833039124,1.109183166027069,2,200
1,0.5218984549851375,1.031851664918368,2,61,0.016733891061578725,0.07664359103028591,2,113,0.5406358786729513,1.0836526518580558,2,200
2,0.8129068611384793,0.8886928702222889,2,29
3,1.0926948737444804,1.051170579848751,2,155
4,1.45056073258205,0.9749019399837211,2,108
5,0.9421142142859155,1.2260798464218776,2,24
6,1.2599105333580918,0.669581413269043,2,23
7,0.670387221653742,0.9618765094876289,2,200
8,0.7296981275374094,0.8737067636605855,2,74,0.016623857668994563,0.043372153999313476,2,200
9,0.6895134318101082,1.177445527983875,2,41
10,0.8757944262079573,1.2501689981330524,2,44,0.027092350031854694,0.2308123600932787,2,97
11,1.4093212892635065,0.7338271355628967,2,25
12,1.3265975753997226,0.7555568723967581,2,33
13,0.6549371001009933,0.8640807367140247,2,31
14,1.4014654868734444,1.0699146753549575,2,200
15,1.209606360992617,1.2941240351647139,2,64
16,0.915478932026452,1.0092607837915422,2,200
17,1.4952562131523046,1.0443321661870988,2,61
18,1.4806827185078277,1.1523975372314452,2,40
19,0.6453073263195286,1.108749130497808,2,46
20,0.9765791799166569,1.0095547980070114,2,200
21,0.8455376238972444,1.1303530931472778,2,42
22,0.7974774655564234,0.9751627743244171,2,32
23,0.32433763841605984,0.6383615761033951,2,31
24,0.6573215258696415,0.9175304734706878,2,200
25,0.5679690563470011,1.1911366190229142,2,35,0.015217298306934262,0.036221124285416635,2,174
26,1.0789828036165252,0.907481815133776,2,28
27,0.8922544211765402,1.0280704342800637,2,46
28,0.5398842499754087,0.9182444530374864,2,34,0.01951102484792646,0.11642282049764287,2,56,0.5583107046118724,0.9936203373239395,2,103
29,0.6299758111555053,0.9771619038795357,2,67
30,1.2500608646808558,0.983725443482399,2,200
31,1.026116038117193,1.0203022502717518,2,21
32,0.884910454070643,1.107420179578993,2,27
33,0.6836099373013895,1.2077169273838853,2,66
34,0.7561020948100343,1.2164576571920644,2,46,0.006825110136549627,1.129526396592458,2,52,0.6790622532303087,1.2365168872333707,2,94
35,0.7938475906033347,1.4204840183258056,2,25
36,1.0278748140424876,0.9942466443584811,2,124
37,0.7123327828998258,1.1107145114378496,2,22
38,1.1080902098439958,0.9642137642516646,2,172
39,0.37566454328462945,0.7224227057562934,2,9,0.013259761967896262,0.16125386860221624,2,41,0.7744618007666291,0.879356583334365,2,200
40,0.5680778961556163,0.99553979575634,2,200
41,1.0631405364994682,0.8131162583827972,2,200
42,1.5209379255525026,0.8949036183953285,2,200
43,1.0135285907268163,0.9806547060012817,2,125
44,1.0327015100456423,0.9325687942050752,2,21
45,0.015183201893911,0.05764232492179013,2,89,0.9927896940591044,0.9471313867483053,2,200
46,0.1428358493553158,0.9449995281065211,2,170,0.018141405300771865,0.09719421068827311,2,200
47,0.6927566506845335,1.0152471661567688,2,200
48,0.014663083163999703,0.03437519147992134,2,200
49,0.7578865480010888,1.179056772719259,2,92
50,0.5931512476317241,0.9018996776418483,2,47
51,1.2242096972666665,0.990148724796616,2,107,0.020387888588648522,0.5017600059509277,2,118,0.7281754454080853,0.8845378218627558,2,200
52,0.8208996518250364,0.9581527014573415,2,48
53,0.7332719710693165,1.0727115902635787,2,72
54,0.844427484002065,1.0511352148923008,2,22
55,1.1806560484299629,0.9393648326396942,2,200
56,1.1949861408050264,1.0647791880507802,2,172,0.011195170916690656,0.16340735614299773,2,197,1.6076690309768735,0.398255576690038,2,200
57,1.0993830374686857,0.8724924412369728,2,200
58,1.1228154798178638,0.9910308900086776,2,23,0.013198038023398799,0.055459850484674625,2,78,1.7612542811873273,1.1662006328503292,2,126,0.018720510596438474,0.040587609684145126,2,200
59,1.1640425088772655,0.81892255038023,2,200
