0,1.1707574769350524,1.049732880684936,2,103,0.01392187766388789,0.05121175510187944,2,151,1.0588164190816474,0.9214321070787858,2,200
1,1.896779275004145,0.9570782303810119,2,30,0.009693315567054262,0.05825458513572812,2,94,1.3571961672341581,0.9510122672566828,2,200
2,1.1310667675034785,0.9424058264493942,2,200
3,0.9643639613342223,0.9241085141897202,2,80,0.013523731567870947,0.06275651985552252,2,162,0.9750400326614949,0.7777826017455051,2,200
4,0.7927170920991521,1.1169629863330297,2,28
5,0.8729528101395684,1.062829270362854,2,125
6,0.9675235663522312,1.0764586269855498,2,40
7,1.514531022659592,1.2004463030146313,2,154,0.014295740015542324,0.07374825166619342,2,200
8,1.0028001610094213,0.8509695276618003,2,200
9,1.0738646883839371,1.083428550362587,2,200
10,0.9034214373821812,0.8587661564350129,2,10,0.013636995017592033,0.03165163912556388,2,142,0.9428448906991446,0.9315385345754952,2,200
11,0.5899205173220361,0.6436525214286077,2,21
12,2.8113604553445772,1.2741614069257463,2,21
13,1.0546594020569686,0.9483077146790244,2,44,0.016149626528461154,0.0395123026872936,2,139,0.7942384650463123,1.1143780399541385,2,200
14,0.9809770505258989,0.5782177386612728,2,29
15,0.50264572409817,0.759739875793457,2,25,0.01271977076139377,0.06652308956011017,2,92,0.4833040992367551,0.8515011981590507,2,189,0.023997705954257147,0.23949710076505487,2,200
16,1.0387868494289119,1.1271053610778436,2,41
17,0.7834145276304305,0.6666229665279388,2,20
18,0.6621617394861271,1.1394428670406342,2,20
19,0.9178734854404531,1.0828689508140088,2,160,0.011166862231882443,0.20316254550760443,2,193,0.5761494601402659,1.3520467281341553,2,200
20,0.592075836473704,0.9915779829025269,2,200
21,1.0745912180303467,1.0860596895217896,2,4,0.019128767507461595,0.1949153985037948,2,37,0.64288646842843,1.1271199360946935,2,200
22,0.7530585042209077,0.9298418019499097,2,70
23,0.9614639359492416,1.401408261266248,2,29
24,1.005775235626671,1.015678065664628,2,17,0.016113918641778944,0.09723815960543496,2,94,0.5855873744403408,0.8265993022001706,2,120,0.01967942500265194,0.04018753953278065,2,200
25,1.034168794666799,0.8473509962742145,2,65
26,1.0547355940376508,1.2616118562632594,2,58
27,0.5665616185131238,0.8949999220231,2,85,0.01906522981044367,0.07651314777987343,2,120,0.5423627342938486,0.9857525631785393,2,200
28,0.014070028516778311,0.07703032631140488,2,39,1.3056319522322783,1.0444875020405342,2,155,0.018882540847664227,0.067920145061281,2,200
29,1.199282223429587,1.1625402361154555,2,200
30,1.183105500126791,0.9599752419296352,2,174,0.01482666245815946,0.233049081495175,2,200
31,1.3138908304644425,1.0204757452011108,2,21
32,0.014220247654403504,0.032107586172265064,2,71
33,0.972987839952418,1.0061379289951453,2,147,0.015853735993392987,0.08688702037993898,2,194,2.492525985977512,0.472109576066335,2,200
34,0.9596811963315299,0.7849203330367359,2,67,0.013991444921725417,0.053232381538468966,2,165,0.7191788429177177,0.9931331157684327,2,200
35,1.363336541032535,1.0381857592325945,2,52,0.016951746148764824,0.06164399502070054,2,98,1.3405550426333515,0.9553962338204477,2,200
36,0.6874048133563255,1.1197609493606968,2,38
37,0.4120539871366054,1.2237266989854665,2,26,0.013976659245278505,0.04857636962906789,2,144,0.6027421903857306,1.091996165258544,2,200
38,1.2188081838352898,1.0959704420459804,2,67,0.01649954162683049,0.11754933572732486,2,93
39,0.9808644116435765,0.8990087392926216,2,200
40,1.5997548910736503,0.9689955288364042,2,31
41,0.6528769458594845,0.8820303791761398,2,200
