0,1.4140853367010031,1.1174529939889908,2,32
1,1.1918469060041983,1.0742993609419147,2,103
2,0.6022041117355172,1.044043637061304,2,129
3,0.6341366037545274,1.019258817900782,2,69
4,0.9723416506250162,0.955096181233724,2,30,0.017288390782737684,0.07902917012255242,2,77,1.0951694929871738,1.0363303180632553,2,200
5,0.4242301396685984,1.0747841894626617,2,80,0.021274995320496135,0.08653236428896587,2,179,0.7343117111219628,1.0756097804932367,2,200
6,1.054682351665024,1.0101869695070314,2,164,0.022388479453735826,0.08521758988499642,2,184
7,0.885213024473005,1.2481652589944692,2,26
8,0.842647400080124,0.6666033674370159,2,22
9,0.9807444201056973,1.1673609684495365,2,34
10,1.2958172474317757,1.0795068268974621,2,48,0.012535445073860367,0.12037829395670158,2,100,1.2332761902627385,1.0243817529370707,2,193
11,0.5714681256826828,1.1820727181434632,2,100
12,1.1716993202668866,1.0349863882248218,2,52
13,1.3320062360236016,0.9035310887155079,2,63
14,0.24940558910181967,0.8403001119350565,2,29
15,0.8721036407718804,0.9553562238812446,2,200
16,1.748835708794262,1.1030045400063198,2,24
17,1.4997569811569664,0.7659431122816526,2,26
18,1.2845243472571737,0.985990766165913,2,69,0.01439602516318849,0.04681228943493055,2,138,1.2692344343273794,0.9915552331555274,2,200
19,1.2730918891031853,0.9827173352241516,2,140,0.020097202621250154,0.11417074222117662,2,172,1.265325009758663,0.9567757759775434,2,200
20,0.954373279653144,1.07687530548949,2,152,0.013498263735436613,0.09846381656825542,2,200
21,1.1095816971705215,0.9452883726841694,2,185
22,1.5807975161990033,0.939337986966838,2,46
23,1.4535101615434414,1.0746744117894016,2,91,0.019698410597337134,0.7218390464782715,2,96
24,1.1101869220136846,1.1889132449501438,2,190
25,0.8099433526371678,1.129185641805331,2,144
26,0.01564560702496425,0.042142734278080074,2,43
27,1.024744573485173,0.8945373459295793,2,22
28,1.5046328749755609,1.019153317698726,2,135
29,0.6516551724938369,1.076014348268509,2,200
30,1.6225225380542456,1.08526645387922,2,49
31,1.532465345381164,1.0418940224546067,2,47
32,0.576253129712953,1.000185587478958,2,131,0.01684674399844613,0.06356530042662137,2,200
33,0.051657142241374014,0.7249939814209938,2,24,1.1852298456882515,1.109935892576521,2,200
34,0.5221808365134698,0.8610035159758159,2,28
35,1.0864067777001807,1.2493890710905486,2,51,0.018612189722067074,0.07587180990311834,2,87,1.5218184481890937,1.0286870047450065,2,167
36,0.7377615392475092,1.06946300759035,2,136
37,1.9759772819806807,0.996945127248764,2,200
38,1.1104849607329368,0.8163289754621444,2,124,0.01759666755544723,0.04373813724853623,2,195,0.6840037934527601,0.23488105237483978,2,200
39,1.0232074322244562,0.8013491683536106,2,135
40,1.0770138851892745,1.046758953262778,2,34
41,0.9828443033748548,0.8968947895111576,2,62
42,0.4964690552661063,1.0674437316174203,2,188
43,0.9293874038967298,1.1496075057537756,2,107
44,0.8543807367776459,0.9509989213943482,2,25,0.023804159032841124,0.15176048012156235,2,44,0.9410846813425466,0.9283168696966327,2,166,0.02162586457423894,0.06254239555667429,2,200
45,1.358694110605568,0.954894216900522,2,88,0.01613574211405977,0.08094214534355422,2,147,0.870321880064604,1.3396112609792639,2,174
46,1.8127730417339498,1.0543257622491746,2,21
47,0.9738967911256513,0.9669088386509517,2,146
48,0.8517386077882442,0.9333915385332975,2,132
49,0.8044402573579889,1.1098307628889341,2,37
