0,1.495033986639415,0.7912600014520728,2,23,0.017681126772353905,0.04477220200575315,2,75,1.0059346392377524,1.0387746409366005,2,94
1,1.2391620553219957,0.9271266437044331,2,102,0.01630301427370776,0.20810005399915907,2,120,1.1292992479473236,0.9277547283305062,2,192,0.03141429763483474,0.5994638577103615,2,200
2,0.6101118342357493,0.9410097599029541,2,49
3,0.5990358686717256,1.1166656613349915,2,56
4,0.5123399051002124,0.7391561721310471,2,33
5,0.777467943943452,0.5704137626148406,2,21
6,1.0471331891543882,0.797453162110882,2,81
7,0.9979022517200916,0.9662699806690216,2,200
8,1.1444269200151893,0.7862099422964939,2,86,0.026566405846977482,0.1119780879129063,2,108,1.0213005008858067,0.7753939499025759,2,200
9,1.043550140471919,0.9419827323693496,2,52
10,1.486637637310271,0.9549414941242763,2,49
11,1.7920867893832986,0.8903389900922776,2,40
12,0.8308987691892238,1.056605847818511,2,168,0.016144098375620836,0.13061280781403184,2,200
13,0.02688445100906956,0.6157397513206189,2,13,1.5663251226486916,1.0474752168604398,2,200
14,0.016787648589422017,0.050544895231723785,2,106,1.0286639763324634,1.1979043838825632,2,200
15,1.3190793613568048,0.943154524564743,2,200
16,1.4532062522949751,0.7312992082701789,2,18,0.01366998386874995,0.14786211425258267,2,49,0.8188623297881258,0.9838454521619356,2,179
17,1.5627220388643965,1.218576717376709,2,25
18,0.5874118085540005,1.142232635617256,2,200
19,0.6511730104652257,1.165034106373787,2,200
20,1.1206230367956445,1.0355124108364127,2,173,0.01869584994733254,0.09347987064608822,2,200
21,1.6707578489013115,0.9971079570906503,2,14,0.017139832942488845,0.04551683101923235,2,138,0.8500365958273688,0.9601935600080798,2,200
22,0.8110126837792377,0.9803278333079206,2,137
23,1.0778096846784153,1.1039906163064261,2,126
24,0.6611205694133458,0.9834281462430954,2,200
25,0.5170101909842681,0.8608561424832595,2,38
26,0.9961191752225559,0.7558545055596725,2,46
27,1.1874678666649268,1.223563369866964,2,74
28,0.5141671199517327,1.0366508251318902,2,163,0.0139906475492319,0.06063313580848075,2,200
29,0.011337406308051783,0.0919515890233657,2,85,0.32201421599886587,1.159779956029809,2,200
30,1.1913590950534416,0.927544025182724,2,200
31,0.5178317447594369,1.1368479279728678,2,77
32,0.49366573564326954,0.9166724145412445,2,30
33,1.0285823004987487,0.9236129916008607,2,162,0.01783525872254558,0.07835309599575244,2,200
34,1.213539715299056,0.9891385719889686,2,168
35,1.0640157800837333,1.1136341902517504,2,62
36,1.1983987414804798,0.5037574378343729,2,26
37,0.924471344720247,0.8211049678779784,2,42
38,1.3518810557663947,0.8993315812725349,2,149,0.017800104092190384,0.06593791117855147,2,200
39,1.369687863664743,0.9351985297113095,2,53
40,0.486572210574137,1.1475056345398362,2,37
41,0.29578095542256827,0.8848623938858509,2,80
42,0.5046636047656436,1.03978621598446,2,66
43,0.7909030914563484,1.2359154652326534,2,39
44,1.0072311092787716,1.012816231250763,2,200
45,0.9941788843889197,0.9729875291603199,2,69,0.011809577572432204,0.07621168040093922,2,174,0.8767110856479696,1.2297511299451191,2,186,0.03463090520900458,0.07579341850110463,2,200
46,1.4310602624523432,0.9918569770909972,2,59
47,1.3473006423187326,1.0759778519471486,2,36
48,0.9496233812245939,0.8323120694411429,2,76
49,0.6668710817313626,0.8194584497090044,2,29
50,0.6946256565447321,1.162489104270935,2,25
51,0.6734445378230657,0.5227724367922003,2,22
52,1.0472061178252212,1.0159068794573767,2,59
53,0.9990053450409051,1.021458923816681,2,84,0.015906689511597957,0.13598661383856897,2,107,0.9739836926349162,0.9581582860280109,2,200
54,1.6625223104420206,1.2986200513510868,2,29
