0,1.7901005357998971,1.0350654417393255,2,102
1,0.8682122580490028,0.9070658534765244,2,128
2,2.023383147625543,1.1571099758148193,2,22
3,1.2322349196961684,0.8934584265947342,2,200
4,0.5998597763123258,0.9805207376894743,2,115
5,0.8703681247671902,0.9707660411859488,2,77,0.015601948944785171,0.16190378935564131,2,98,0.8745341016673996,0.9664479221616472,2,133,0.015733166358583576,0.0805491220150421,2,200
6,0.939374220684513,1.179115267702051,2,185,0.018105129853457302,0.1935524086157481,2,200
7,1.7387830298509606,0.8962000075508566,2,85
8,1.9359804293103995,0.8952237233309679,2,71
9,1.0807787737706243,1.018618341088295,2,200
10,0.6035354436797585,1.3351144838333129,2,25,0.01931740823052443,0.09396949242800474,2,105,0.5406962687520952,1.3304935884475708,2,130
11,0.6351239422148509,0.9909944987297058,2,200
12,1.2754925536029116,1.0324882702393965,2,154
13,1.3134136208151532,0.7456382039715262,2,136
14,0.8670641411071007,0.926949018239975,2,200
15,1.4488743783942857,0.9682508090908608,2,178,0.019726648613814887,0.11995636062188582,2,200
16,0.7381389403275882,0.8912961976868766,2,35
17,1.000933393734745,1.0380764506958626,2,74
18,1.3236080750500028,1.051770814574591,2,101
19,1.3859147569591208,1.0047120115031367,2,23
20,0.6954294156729155,1.106105709421462,2,69
21,1.424181227074803,1.1686131397883097,2,30
22,1.569717930408245,1.072068191863395,2,37,0.014561556056552313,0.18807993403502873,2,58,1.6039788175538279,1.0464516268220059,2,187
23,0.8445133635787699,0.9481414044970897,2,134
24,0.7371141221959452,0.9494069591164589,2,48
25,0.9132191219518349,0.9155893857414658,2,37,0.01346931970168503,0.055903478003129725,2,119,1.1748114016693798,0.8810534285910335,2,200
26,0.4688530040968733,0.9421169130425704,2,152
27,1.7164258182291081,1.017158192396164,2,200
28,0.5647220862106476,0.9024964597821236,2,200
29,0.7065316022558744,0.912872323218514,2,68
30,1.1183422904572664,0.9650642013549805,2,200
31,0.5717336569082381,0.8877472261751979,2,121,0.015807932823351505,0.04636927307406558,2,200
32,0.8126326494811899,0.965433007478714,2,200
33,0.602531711905468,0.7632633862288102,2,23
34,0.6417334792370434,1.1127245376507442,2,48,0.013274189922944098,0.07653381947714549,2,152,0.6081649418621121,0.976881871620814,2,188
35,1.5221090218020432,1.0523479720379443,2,47
36,1.6304016223706839,1.008202829360962,2,25
37,0.016820799998235884,0.02099947854876518,2,100
38,0.4885500092601091,0.9913037011852373,2,177
39,0.9055642979925234,1.1694936354955037,2,54
40,0.6156143211783306,1.0621540695428848,2,24
41,0.7840813855024522,1.1515873740701115,2,34
42,0.982697706347378,1.0329514354467393,2,200
43,0.01473441879834559,0.03549160128766364,2,182,0.18274247493260065,0.8165316142969661,2,200
44,0.868678531407048,0.9534864355536068,2,51
45,1.3240251939116068,0.9538998937606812,2,25
