0,0.3666952314368004,0.9453037901127592,2,47
1,0.888036204854431,0.9910963475704193,2,200
2,1.1950932963155043,1.1421718229757292,2,107,0.016305299774943525,0.058709060312599266,2,200
3,1.4555377396500881,1.0821198108976922,2,113,0.01581210077517515,0.03954816618184934,2,200
4,0.632456637006368,1.0296118527474487,2,169,0.0524162241055819,0.9129245025771004,2,176,0.016163733314453428,0.21999887625376383,2,200
5,1.9058957763949722,0.9481344860653544,2,43,0.014015879370834467,0.044058197433022174,2,200
6,1.7096720170887123,1.0863952507143435,2,46
7,1.5430434114760716,0.9775254481878036,2,39
8,0.9379237210033663,0.6527879933516184,2,30
9,1.2644106365329708,1.055806582882291,2,84
10,0.8276427842966407,1.128348781303926,2,44,0.01585341856021229,0.03174370587474168,2,143,0.8597866718693159,1.0362252603497422,2,200
11,0.8672841365606534,1.0753241181373596,2,114
12,1.2553289087019779,0.977247884024435,2,67,0.013411947826074438,0.04061452926773774,2,143,1.743129262573924,0.891601704714591,2,200
13,1.1109355464752593,1.0347418051958084,2,200
14,0.817938209515174,1.0261932954840038,2,184,0.015781890439759246,0.25806358084082603,2,200
15,0.6878960663942588,0.9261276608421689,2,42
16,0.3583726266343237,0.901809560073601,2,91
17,0.4443044526614992,0.9174066219064925,2,108
18,1.053781037853929,1.550481357574463,2,25
19,1.0831426344607957,1.179410154755051,2,37
20,1.165802740995651,1.3027360808681434,2,71
21,1.1387315285293367,0.9899587710698445,2,45
22,1.3402256839537166,0.7614753580674892,2,41
23,0.8052511957698164,1.0367956785928636,2,21
24,1.3503471589906306,0.9475595213118053,2,63
25,0.8190174879634515,0.7957975510237874,2,138
26,1.4019400998138276,0.9879811914343583,2,190,0.03749096162023447,0.23773632645606996,2,200
27,0.7643973682350312,0.960574956536293,2,200
28,1.5573854948184698,1.0602583520942264,2,72
29,1.4681677421576074,1.0142141513824463,2,125
30,0.9558116501557168,0.9950551131497258,2,92
31,2.617780753388908,0.6195966601371765,2,4,0.02148663617202066,0.0598211536804835,2,28
32,1.326675715696299,0.9856857623045261,2,104
33,0.5973647670422123,1.0411964547634125,2,200
34,1.0965110452850437,1.0765653848648071,2,23
35,0.7371816501533957,0.7018129295772977,2,18,0.015576955322513512,0.06422220047460783,2,127,0.8875436127604407,1.024617737531662,2,177
36,1.5002099332282959,0.9131591413859967,2,108,0.01575469769587351,0.11313984705054242,2,200
37,0.9075756449619066,0.9316445243358612,2,200
38,1.1462043067739036,0.9134205460548401,2,45
39,1.3749172434124504,1.0613282227516174,2,100,0.01892349172744164,0.04520996595206468,2,192,0.754670636645676,1.0182495042681694,2,200
40,0.45157547528208103,1.0178152573108674,2,200
41,0.9579986966389681,0.7774536346460318,2,77
42,1.0019548326042353,0.597989193030766,2,7,0.010117779026601497,0.09182484503145572,2,34
43,0.5644970373763949,0.9079164465268453,2,12,0.016757752709591553,0.0437668243119883,2,141
