0,0.800273337610271,1.0662823337316514,2,200
1,1.4895841585774379,0.7895904728770256,2,200
2,1.512453995567527,0.9456642462361243,2,62,0.011585316871400932,0.3746035603376535,2,75,1.2018687209467565,0.962081181526184,2,200
3,1.0453294140269427,1.1300538778305054,2,37,0.01734017014515299,0.11360815561869565,2,71,0.5756861588051786,1.2104152803835662,2,94
4,1.196234587321295,1.0780438160896302,2,200
5,1.1224764606501147,0.8493437787582134,2,29
6,0.9668451586957713,0.8287558190284237,2,62
7,0.7693546764335851,1.3336223882177602,2,23
8,0.80165152811264,1.037725791335106,2,40
9,0.03715008131166172,0.40317579060792924,2,20,1.3068365903431007,0.8118543760644065,2,200
10,0.7539693372291648,0.6599527864620603,2,29
11,0.6444126686148424,1.1938187555528024,2,71
12,0.012813530983350281,0.03035699643872001,2,132,1.2540628935586673,0.8798236382358214,2,200
13,1.1213252386379469,0.697784461873643,2,47,0.01844016957296092,0.11796959890769078,2,73,0.6048583800136692,1.0314934968948364,2,123,0.013780108194190989,0.10391967969410347,2,189,1.3326308355833334,1.331251772967252,2,200
14,0.6800272789011655,0.8868994371718671,2,166
15,0.5575383372278967,0.8479715009530385,2,30,0.01148525507387375,0.2993980207863976,2,47
16,0.8633993948516685,1.08461541056633,2,200
17,1.5678906036310871,0.7938377360502878,2,30
18,1.3052311267194743,1.0717754842472724,2,147
19,1.6874113581317125,1.410559752713079,2,46
20,1.4037426239163768,0.9224452146887779,2,200
21,0.5513126489525392,0.9039581444859505,2,200
22,2.324630087470097,0.9412419438362122,2,10,0.015364661630033607,0.040971103227800794,2,82,1.575635477121144,1.0382876777648926,2,182
23,1.4774775855323183,1.1517270259997423,2,136,0.0157499008933692,0.05950379907153547,2,200
24,0.6602323759443413,0.7622056785225868,2,200
25,1.0757124094914128,0.8197980932662824,2,163,0.01742399014656038,0.08859012353009191,2,192,2.136108206171459,1.0209008157253265,2,200
26,0.572559821250162,1.0174835937610571,2,69
27,0.6889962349158578,0.7286360919475555,2,20
28,1.0552213786772395,0.8920208837123628,2,94
29,1.0085477820623272,0.7309856599774854,2,58
30,0.7858270242748457,0.8155557049645318,2,189
31,1.4291593186048996,0.8357515273725286,2,68
32,1.210511866911261,0.8527636244648793,2,61
33,0.8528482265692123,1.0584598928689957,2,200
34,1.1402267896136415,0.9716871216893196,2,200
35,1.5277051336204477,0.9628320588515356,2,52,0.013341067421938097,0.08452180180794154,2,91,1.2641579287091833,1.0597910957598904,2,200
36,1.1931057638035447,1.1499295788581925,2,99
37,0.9298735620195439,0.9185895313296402,2,114
38,1.51836730520434,1.2902847528457642,2,14,0.015610442847934189,0.10231773626236688,2,77,0.8120444357604671,1.015565648674965,2,85
39,0.9484018884025003,0.7727758720517158,2,40
40,0.5544057739277424,1.351885665546764,2,22
41,0.8658089947545256,1.185898605599461,2,166
42,0.7029208107740262,1.0131488585472106,2,200
43,0.4619286798830321,1.0877569770238487,2,166
44,1.1036008798850403,1.0273960942029954,2,200
45,0.5535840623616886,0.9857179951667786,2,200
46,1.2586024683334383,0.9215470498800278,2,200
