0,0.9190996727592842,0.8356847914438399,2,63
1,1.055978411367749,0.9801537248823378,2,90
2,1.1450402236150214,1.0580601444244384,2,125,0.015317999022220571,0.11413207084968172,2,183,1.5552703765847717,0.6820583448690527,2,200
3,0.5015996876980116,1.029360659122467,2,200
4,0.6568874436921904,0.8170276470482349,2,32
5,0.9551312916957819,0.9231827647186989,2,43
6,0.49254736225503026,0.9183425133426985,2,24
7,1.2953105129819433,0.9610460638999939,2,40
8,2.13803303972591,1.2220820647019606,2,26
9,1.0133763301580105,0.9370457488298416,2,200
10,0.5771353956371753,0.9651663327217102,2,200
11,0.8072303365848922,0.8944432554244995,2,125,0.016308467857104145,0.06870028888806701,2,189,1.0700159657732204,1.1868499409068713,2,200
12,1.0703253509451023,1.0884432170702063,2,69
13,0.9787013417330114,0.9889039802551269,2,200
14,0.7496070803867264,1.1265976970846003,2,11,0.01603682964218103,0.039611528979407416,2,146,0.9159754480149342,0.8359146483090459,2,195
15,0.014522267223062412,0.06787111785481958,2,136,1.8338882527568112,0.7189890101270856,2,189
16,0.013499640721176391,0.031807540221647786,2,110,0.792357830454922,0.8803120794750395,2,152
17,1.5907172427946579,1.1384759132678692,2,26
18,0.6921006356840388,1.1197347581386565,2,200
19,1.0360225443214737,0.7699340752192906,2,21,0.00893210516971599,0.29030754499965244,2,39,0.9034825870458502,0.5671876307044711,2,67
20,0.8471701582888751,0.9499669612622729,2,51
21,0.8828036245932362,1.1210936164855958,2,25
22,0.01414492793332412,0.17375532329082488,2,25,0.8979987857533951,0.9897850949423653,2,200
23,0.5046545998107126,1.2211871047814686,2,12,0.018319029728566427,0.14533258589465967,2,101
24,0.6699624847578648,0.9302428172480676,2,62
25,0.7202621498428022,1.1365072441101074,2,200
26,1.7734983937890993,0.9520280919969082,2,32,0.019061164506612154,0.06674799903974694,2,91,1.608893465555253,0.9632824378855088,2,176,0.01765931132030613,0.06815734754006068,2,200
27,0.7467949469884057,0.9925951600074768,2,60
28,0.7653176509576598,0.9928455705995913,2,108,0.017232590839982232,0.042856313774119255,2,200
29,0.609301991314651,0.9972062553908374,2,148,0.02167897185753156,0.1913918839259581,2,170,0.6283592133774615,0.5924873948097229,2,200
30,0.755092192700472,1.240170059782086,2,33
31,0.7963690405211727,1.1132240939140319,2,200
32,0.017451753940042655,0.2641170211136341,2,16,1.0720366351612913,1.0942822411908941,2,75,0.019267915591390603,0.18038756120949984,2,91,1.5057931180559692,1.5751235485076904,2,95
33,1.0212927592863472,1.203356813780869,2,79
34,1.0879819495157934,0.8492904311418533,2,200
35,0.7212431740676772,1.1025267812940809,2,45
36,0.6304320744582849,1.1577065484277134,2,29
37,0.5915763667050113,1.1349938011169434,2,50,0.01738574063307946,0.0915047871131523,2,101,0.3125216367574831,1.6723807454109192,2,107
38,1.1741832568352926,1.0498787120998843,2,191,0.016060695441118045,0.8996943301624722,2,200
39,1.1521185505814775,0.9726559966802597,2,176
40,0.8176932499858122,0.7800562982048307,2,140,0.01867850412938778,0.052939105530579886,2,200
41,0.7900441568630838,0.9844197398424148,2,200
42,1.4770054329877722,0.8562747487655052,2,65
43,0.6439599968284875,0.9853826669546274,2,65
44,1.27651886821442,1.0841218921500193,2,71,0.015351269288145664,0.048297853432884515,2,200
45,1.1745257953154755,1.1689742505550385,2,72
46,0.9246321111339225,1.1418480369779798,2,45
47,0.7808860182110106,0.979250015439214,2,37
48,1.1412437810495208,0.7926494657993317,2,20
49,1.0539914242318231,0.9984062761068344,2,24
50,0.8915814352015238,1.1622319030761719,2,200
51,0.6145974270263579,1.101913638231231,2,164,0.013530971579672023,0.2202016840810361,2,187,1.3456121469731883,1.3557613033514757,2,200
