1,0.5299529792453187,0.9909277378794659,2,166,27.501870971238915,1.0551257286878193,2,200
2,0.953153838000706,0.5203892608731985,2,200
3,0.862448207847214,0.6843524307757616,2,200
4,9.5937055767569,0.12918601527810097,2,200
5,0.5970316985150947,0.7833388304710388,2,200
6,0.3024557854171038,0.9233326736092567,2,200
7,0.4245248134197307,1.0488813613590442,2,57
8,8.890976849410245,0.27068542855126515,2,175,0.217111104102065,0.8334593886137008,2,200
9,0.51746329907742,0.8307152615218866,2,122
10,0.44378376326339614,0.6630135083155666,2,139,17.392628385099414,0.804451091123409,2,200
11,0.42958085095949083,0.9711316717204763,2,134
12,0.4071379933560627,0.9331120264773466,2,98
13,0.33070221147102086,1.046689372062683,2,200
14,0.23654620810502994,0.9835462242364883,2,200
15,0.41886323223578237,0.9674873564435148,2,174
16,0.4049412130464539,1.0954674023848314,2,91
17,0.21991100274477215,0.8501108580827713,2,200
18,0.4084969227972893,0.811330469250679,2,200
19,0.18375288802095274,0.8214897586374866,2,147
20,0.5034591181463605,1.116611172075141,2,73
21,0.1842645020130933,1.1935485709797253,2,11,0.00011037583913975403,1.1355450683169894,2,20
22,0.31220711316390626,1.11054669380188,2,200
23,0.3482309951484625,0.9737068698913963,2,54
24,0.992360175601543,0.8702265897393227,2,200
25,0.15690530890924667,1.0572644315267865,2,38,7.611086624106897,0.15387652078528463,2,200
26,0.3741245871920874,1.025442897127225,2,104
27,0.4209631118019422,1.2295809723082043,2,105,7.887802338489796,0.09282338634917611,2,200
28,0.13103111330089903,1.413278579711914,2,11,7.79721829321928e-05,1.2367493708928425,2,20
29,0.34754086416424496,0.9935368701815606,2,200
30,0.458349847699,0.8727404192090035,2,200
31,0.3574646864142982,0.9455954696238041,2,200
32,0.5594857520344523,0.8556464167547898,2,142,40.34936757025787,1.6054286332357497,2,163,0.2443155703025844,0.8208536936177148,2,199
33,2.5207670195282468,0.3677124191213537,2,135
34,0.5829475179988965,0.7947166685788136,2,53
35,0.4156243541118361,0.7614277257132775,2,97
36,0.3623687997290358,0.7768763303756714,2,34
