1,0.19811304576588767,0.960942268371582,2,38
2,0.35633770639346646,0.9177909722924232,2,200
3,0.296034908244132,0.9071660003066063,2,200
4,0.048008837372245296,1.3889198303222656,2,4,1.781990847242914e-05,1.0822178795933723,2,20
5,0.5355584990364664,0.9638928273320198,2,200
6,0.46718174843936466,0.9123181104660034,2,200
7,0.45595775540259026,0.97452776491642,2,200
8,0.2490584065361022,0.9686597948488982,2,69
9,0.48349248727534355,1.0852982300519942,2,200
10,0.39246007508239006,0.2675688259658359,2,21,12.173622694587609,0.11956532482661349,2,200
11,0.29381020653441714,0.9179376229643822,2,200
12,0.35204863630731603,0.9309390310583443,2,29
13,0.33124639374792647,0.7639426359763513,2,156
14,0.39111589110072925,0.8926477164030076,2,200
15,9.16053286603078,0.3292079027426445,2,59,0.40370317878594114,0.8787230659038463,2,106
16,0.30339164856637696,1.1985699182748795,2,200
17,0.36382234460049145,0.8989519384503365,2,200
18,0.4246865707838787,1.0507658100128174,2,25
19,0.3636352883377935,0.8949609616398811,2,200
20,0.5269257091275954,0.910973494907595,2,106,3.3930886715911934,0.250568151156953,2,200
21,0.37671684173927544,1.1477642571926117,2,200
22,0.3235747297412715,0.9728984495713597,2,168,9.246185066844745,0.2240954996086657,2,200
23,2.400175422629993,0.43355422773781943,2,119
24,0.45335197789362136,0.8939881558168907,2,196
25,0.3208448090257395,1.0518055251948741,2,181
26,0.6569175076589817,0.8876286853443492,2,33
27,0.3778725425115648,0.9850627453554244,2,84
28,0.6936689421388954,0.738620852005673,2,187
29,0.40765965588699105,0.7587825536727906,2,20
30,0.5751212637460874,0.982570445814798,2,86
31,0.5247905783347343,1.1440161534718105,2,105
32,0.21984361753624113,1.1332268820868598,2,45
33,0.46197884591506383,1.0547037853135004,2,90
34,0.6637547578448245,0.9538960361480713,2,25
35,0.23918529898639465,1.0467358250896652,2,77
36,0.5646187103142364,1.084765630432322,2,79
37,0.24423169704272674,1.0190264002272957,2,38
38,0.6198428050304506,1.0414453205072656,2,53
39,0.3310254747063,1.09400602716666,2,52
40,0.29545529634843815,0.7468603605573828,2,33
