1,0.560410110492778,1.081002402305603,2,10,0.0001020907629081398,1.3111704111099243,2,20
2,0.3798244400250857,0.935655030025833,2,174
3,0.27849827073857586,1.0016898036003112,2,200
4,0.31683111285956644,0.9427601870368508,2,85
5,0.04700343973420134,1.562760551770528,2,6,2.612932382773114e-05,1.090507026229586,2,20
6,5.552633272576769,0.1686834718286991,2,200
7,0.28509558891591313,1.0500376319885254,2,200
8,0.3944028007240509,1.171348487138748,2,200
9,0.5101574708560859,1.0039044729809263,2,134
10,0.21396863969269578,0.8642800602316857,2,200
11,4.899539854176899,0.23415819257497789,2,200
12,0.35976114709392093,0.9971165150667713,2,113
13,1.9157021715637577,0.44131472110748293,2,80,30.3334930590975,0.14094307361280217,2,114,0.24867694470645513,0.9355982542037964,2,200
14,0.8159766929234613,0.5919219858199358,2,200
15,0.7684036412872614,0.6443852944807573,2,77
16,0.36133802045691976,0.9793956700493308,2,68
17,0.47483168054739305,1.0187673142978124,2,28
18,6.835701319023461,0.22807203613221647,2,200
19,7.824691582878588,0.09286615198635194,2,166,1.3390156881429496,1.1352885190178366,2,200
20,0.4670221844218572,1.0071727718021852,2,141
21,0.4331833144574079,0.9288840370793496,2,186
22,0.0670372235315297,1.130738337834676,2,6,4.4678418919369823e-05,1.0312443460736955,2,20
23,0.30658626720094856,1.001666247844696,2,34
24,1.5145548249675425,0.6582019271701575,2,200
25,0.11211425162522569,0.9300940206021439,2,81
26,11.49726400175881,0.18381848976016044,2,200
27,0.48209289757703455,0.9103333620727062,2,200
28,0.10074837030725499,1.16835255920887,2,8,2.5589714364740835e-05,1.060574362675349,2,20
29,0.25548610907224784,1.166254341006279,2,200
30,0.8461469370103457,0.8816896957159043,2,200
31,0.446110434806542,0.9413405820727349,2,200
32,0.43859941293422017,0.8145210205531511,2,61,4.193912615485893,0.13099573327483033,2,200
33,0.5801502099174659,0.9508200200957868,2,199
34,0.4515225769387599,0.7018594925757498,2,128
35,0.0001683039787768191,1.148967558145523,2,20
36,0.5005290834263664,0.8115426611017298,2,81
37,0.5717496031881778,0.9273894019424915,2,80
38,0.40592693812914044,0.9050327721569273,2,36
39,0.2012060760063097,0.9859825068829107,2,51
40,0.39832319211824635,1.1477708781466764,2,34
