1,0.36228641353759256,0.9599932646751403,2,200
2,0.5503806736226821,1.2314233016967773,2,200
3,0.3389069805332007,1.0209242030978203,2,200
4,0.7379486294643427,0.753306098880559,2,137,18.105077727230164,1.5604553849451126,2,200
5,0.2166637865311351,0.933654428422451,2,200
6,1.8826618122264502,0.31121803805232046,2,200
7,0.3970092488922446,1.176425986289978,2,200
8,0.32745675295950777,0.9438808235255155,2,77,2.1523228201821945,0.8328255694813844,2,200
9,0.4497029773991913,1.0780830809048243,2,35
10,1.2956062332072604,0.6887535469979048,2,200
11,0.4692514029643897,1.0697565084695817,2,200
12,0.557046353141195,0.9827280962467193,2,200
13,0.20670292727328257,1.0590684521198273,2,150,0.020578001358932722,1.146509644985199,2,200
14,0.37080869448645765,0.987796059021583,2,65
15,0.42204709250352035,0.9474408670707986,2,27
16,0.31997379787446967,0.9781995073693698,2,122
17,0.5865897335480048,0.9891954366071725,2,81
18,0.4571687812859778,0.9964062124490738,2,200
19,0.3867284018798413,0.9381915584206582,2,200
20,0.29790963903295736,0.9645399814844131,2,200
21,0.6187088020907923,0.7511461252573306,2,189,31.1185613209356,0.4495821229436181,2,200
22,0.4886181134839553,1.0031095392563765,2,68
23,0.2710994652636516,1.1096141985313377,2,199
24,0.30500126569262054,1.007909891628983,2,101
25,0.6223394736842294,0.9956911081491515,2,43
26,0.25091233107179806,0.9851081915523695,2,46
27,2.550753352936535,0.46533692582793856,2,115
28,0.29133764317123606,0.9121428422025732,2,74
29,0.3362805430333907,1.2150541405345119,2,43
