1,0.5551838665551162,0.8939188420772552,2,82,9.949019491057705,0.10401769623320589,2,175,0.19259463352215528,1.0283716416358948,2,200
2,0.40302801530688115,1.1663716822862624,2,200
3,0.5627563791714585,0.9172438149358711,2,51
4,0.4103595045846391,1.0847032590844166,2,174
5,0.37480196490849793,1.0175053256750106,2,200
6,0.7823841621918015,0.7936967206746339,2,200
7,0.06571184442843238,1.0861399918794632,2,8,2.2356202605268575e-05,1.0297780334949493,2,20
8,0.2258795324704383,0.7786283515966855,2,52,2.3216813233102225,0.13423161953687668,2,200
9,0.4189101252034591,1.075294687151909,2,200
10,0.6225723869422296,0.8652574796961923,2,117
11,0.6773748742776668,0.65768744733374,2,59,9.966513205368955,0.20962410932737038,2,200
12,0.4702302015856345,1.0086272746324538,2,200
13,0.20890951316317102,0.8513962784234215,2,34
14,0.42799016640116255,0.919488234228866,2,86
15,0.4693811759185074,0.97860444538177,2,126
16,0.18812588155694884,0.9340427588848841,2,42
17,0.3883399521337451,0.9353758915440067,2,91
18,0.415587087526707,0.9239389988780021,2,200
19,0.6439388208448665,0.7935507671535015,2,200
20,0.12102739044611452,0.7594561643070645,2,27
21,0.4686459915261031,0.9909775276462753,2,154,0.043798430723764985,0.8833183568456898,2,200
22,0.1677131851367282,1.0462558862101825,2,173,5.499044279444702,0.19605275326304966,2,200
23,0.11538328429531655,0.8476756393909455,2,20
24,0.2445733182657363,0.8406519779452571,2,27
25,0.5336830149202813,0.7405195929283319,2,43,13.68160883810023,0.17569124413903353,2,200
26,0.3305922970238188,0.870009894358283,2,187
27,0.3604443278896639,0.8745910593441555,2,105
28,0.4070358483240192,1.1679117751480945,2,199
29,0.20482276047391437,0.839995999051177,2,92
30,0.2483059710080616,1.0269970277608451,2,59,6.7768544569133065,0.16944357858161735,2,158
31,0.5801337862042079,0.955423827597637,2,151
32,0.6521296961557006,0.7760563692298986,2,118
33,0.17149042770354112,0.8579785625139872,2,33
34,0.4791317378257008,0.7720399230718613,2,40
35,0.6065070030138235,0.7445732406947924,2,23
