1,0.40224051040064296,1.0112908301014585,2,197
2,0.24974937401427125,0.905315013229847,2,200
3,1.6278286413795722,0.6835963003793541,2,98,10.731069327510363,0.2785549848979595,2,200
4,0.18907839985542912,0.9508933076262474,2,200
5,0.48982703548929973,0.9362644642591477,2,200
6,0.6239878139520333,0.7696121518428509,2,26
7,0.307451042162651,0.9231498682498932,2,200
8,0.5341394074058203,1.067195388376713,2,200
9,0.5552697639687264,0.6751766952005684,2,141,52.994224532020375,1.8197977866156627,2,200
10,0.0837626331040337,0.7683027111566983,2,39,7.690649642642775,0.724969513945698,2,200
11,0.4949428345317133,1.0925931066274643,2,200
12,0.40871849458158466,1.0229872243488254,2,199
13,0.9803155506058009,0.6122031712532043,2,200
14,0.5917409274423933,0.8121456449954354,2,199
15,0.7961178069623326,1.1496731340885162,2,14,0.00023493357964690938,0.865764985481898,2,20
16,3.5721979858803823,0.25940346279565024,2,119,0.3062621602673009,0.5897610003749529,2,179
17,0.6956471921029155,0.8828051054477691,2,200
18,0.4783717632315538,1.050505481362343,2,200
19,0.4518795494764434,0.840146392583847,2,60
20,1.8950897768694748,0.5147022915923077,2,23
21,0.19711392054264323,1.0367271440724533,2,96
22,4.534329702411324,0.3474513766169548,2,200
23,0.20008505717656344,0.9830297631025314,2,200
24,3.4623546851598035,0.3123581916359918,2,112,0.43927594149993343,0.9313340681520376,2,200
25,0.3428239906583287,1.1119785151983563,2,152
26,0.48116562879990943,0.880006709098816,2,200
27,0.39197131522666995,1.121273542379404,2,77
28,0.3677859071015429,1.0221150726079942,2,200
29,0.39858241700407754,0.9767204335355383,2,127
30,0.14672120628013827,1.352089385986328,2,25
31,0.5276182418862662,1.1915952729195665,2,97
32,0.4023250187557963,1.0975578500513445,2,57
33,0.49086308094394937,1.1513448925245375,2,42
34,0.3199301674306192,1.1061367766801702,2,43
