1,0.3499934939288404,1.021381584405899,2,100
2,0.46524021251905034,1.1974466866254807,2,200
3,0.402093985552109,1.0067030304670335,2,200
4,0.3034987442266045,0.9867317447066307,2,200
5,0.3309829488318731,1.1053523182868958,2,200
6,0.3880846320511562,1.151510977745056,2,200
7,0.7032472665957363,0.9601845099823549,2,128,6.135053823836261,0.36874150795241195,2,200
8,0.3469952674165467,1.0098085540533066,2,200
9,0.5881100900627353,0.9023759655330492,2,115
10,0.35608029693156606,1.1784215933084488,2,200
11,0.40038307994818656,1.1527400704530568,2,130
12,0.5343307049055992,1.0882434505935108,2,109
13,0.5580064533967016,1.182061022803897,2,105
14,0.49303403774664395,1.0463897103355044,2,63
15,0.4009439752339824,1.1250590709299824,2,153
16,0.1255195241947076,1.0027185265834515,2,13,7.24886583947655,0.057746334668786765,2,200
17,0.4598410278445622,1.136698356553829,2,179
18,0.3531720150790403,0.8878908479213714,2,200
19,0.2582918222276397,0.9231884476542472,2,200
20,0.5801009236362213,0.9753756309867999,2,109,6.7036194666489015,0.34575379025805125,2,200
21,1.3596026469828952,0.3875719954073429,2,200
22,0.1965777512021627,0.8436391317946279,2,117
23,0.16313028060184545,0.9712450989222122,2,59,4.783685139907511,0.17691153964252337,2,200
24,0.4007574874786632,1.0140960352462636,2,114
25,0.06143544329608192,1.0232133716344833,2,20
26,0.4709192897256189,0.9552406286228599,2,173,0.027524633479867968,0.7375051820719684,2,200
27,0.376814925456166,0.9020201927423477,2,200
28,0.33201123427481816,1.1592724128202958,2,55
29,1.3863399543757438,0.6955202060053125,2,128,21.342136690318117,0.09350996367309404,2,174
30,0.1630743768335297,0.6526247994466261,2,22
31,0.3751658376304388,1.0579761034912534,2,36
32,0.525597966550554,1.118680856444619,2,44
33,0.5248473579956433,0.9578867742889806,2,76
34,0.9715473940997594,0.8725153176408065,2,57
35,1.1485157741089287,0.24512984573841096,2,25
