1,0.4044468416075893,1.1789838790893554,2,200
2,0.30344371629494316,0.9812376625610121,2,66,7.869203745052382,1.1669423700268589,2,200
3,0.3537945415075127,0.8202964842319489,2,70,5.282537015536866,0.18996432767464563,2,200
4,0.06938391542512651,1.0865124066670735,2,6,4.562972392491798e-05,1.0241042929036277,2,20
5,0.4790365902831838,1.0409125217369624,2,56
6,0.3938445435935029,1.1222730411970911,2,121
7,0.379374779300487,0.9793057698011398,2,200
8,0.3152474898529347,1.0134240922017312,2,199
9,0.24952391657921802,1.040539111495018,2,200
10,0.5342930217826055,0.7901773422956466,2,200
11,0.30978231254575717,1.069660610290029,2,199
12,0.251585521429832,0.6570990228652954,2,25
13,0.4471248607309282,0.9973483407819593,2,74
14,0.3914972301990729,1.046943209430044,2,129,6.7067674321924855,0.25106511569358936,2,200
15,2.462959086274925,0.15294488805990952,2,78,0.3232763451811352,0.6483125150203705,2,98,0.32287989220785873,1.2089610052736182,2,174
16,0.4374614850107762,1.2646619057891393,2,101
17,0.2526651703724815,0.8545920918695629,2,128
18,0.5051385919307485,0.9492782667279244,2,200
19,0.4322819707553312,0.9060770344734191,2,200
20,1.6689884233200816,0.5918728360533714,2,200
21,0.4699222844794319,0.9476473186260614,2,156
22,0.43511112371417227,0.564134335366346,2,59
23,0.5490880368040376,0.8239016545410375,2,131,7.201707723708205,0.18199017816695615,2,200
24,0.5790077376526577,0.9829041320085525,2,200
25,0.30318875648056737,1.2900026603178545,2,22
26,0.4810279719381249,1.409733179843787,2,33
27,0.0506810215742826,1.455910290990557,2,7,4.02228941186908e-05,1.0764279548938458,2,20
28,0.15412402766219885,1.2259933203458786,2,32
29,3.41687686859557,0.2654030711912527,2,41
30,0.4574356008994897,0.9286469382047653,2,200
31,1.1988773337817724,0.5582528170652505,2,82,17.92038698144938,0.2190808846374576,2,171,0.2819784712258522,0.9363977477468294,2,200
32,0.35286845465170746,0.862621343497074,2,33,19.993108429599967,0.14690635219598427,2,72,0.43454378245401787,0.8319882255919436,2,119
33,0.14982471313026136,0.6059233155988512,2,42
34,0.3332583985266455,0.9880909988845604,2,69,31.874976245110222,0.03461305640245739,2,107
35,0.27812937770238594,0.9255601620444884,2,104
36,0.43660879157419147,0.9883918209174245,2,97
37,0.566090547839997,0.6735897302627564,2,30,0.00012974943515942813,1.0871981978416443,2,38
38,0.4509939231113464,0.9379859432097404,2,31
