1,0.03961991852855375,1.1910798132419587,2,20
2,0.37347537559308125,1.0378808190104782,2,186
3,1.9666580399464864,0.7517855276912451,2,200
4,0.3580868864204206,1.1351393558939948,2,61
5,0.6059605387542579,0.944334220290184,2,200
6,0.3090171223092564,0.8525002717971801,2,20
7,0.39813928933456116,0.9483206471800805,2,200
8,0.5542729707908484,1.0893022273526047,2,66
9,0.26035083902223616,0.9914563125371934,2,200
10,0.47032784145086937,1.0393569695949554,2,200
11,0.41712794458494556,1.067523563206196,2,200
12,0.35754092225269085,0.9430845482647419,2,200
13,0.45670693577011584,1.0497771876675266,2,143
14,0.2835996179078187,1.0000654876232147,2,200
15,0.33234293844283835,0.8929633535444736,2,48
16,0.2520463147056767,0.9209225712409571,2,199
17,0.37653181497291516,1.169179369211197,2,200
18,0.12768453929124113,1.3017448087533314,2,12,0.00013093797149491224,1.1296096742153168,2,20
19,0.5606988847941132,0.9383051414042711,2,64
20,0.30125039661632036,1.0902915348609288,2,96
21,0.46045074645406064,0.9964732585993028,2,133
22,0.48981255546183655,0.8274594207158249,2,178,279.1883813262209,1.947996837752206,3,192,0.1965891292592842,0.4555889070034027,2,200
23,0.2666043316407525,1.097421142756939,2,200
24,0.6399179011660018,0.9822283141391793,2,97,0.013471321432887417,0.8142679184675217,2,125,0.2638168404974335,1.07648432970047,2,200
25,0.43071838310673616,0.9783895960450173,2,200
26,0.5727197627380685,0.8980737176434747,2,145
27,1.5276683110917224,0.6294781238828575,2,181,592.8297453339691,1.9637198448181152,3,193,0.1637574340293037,0.2556543456656592,2,200
28,0.5632741136666619,1.0892939346807975,2,81
29,0.37691817232156005,0.9442504145882347,2,165
30,0.768293836169551,0.5799856441468001,2,200
31,0.7493479393107153,0.6941174322695244,2,127,11.922705581004967,0.2145025379037204,2,200
32,0.48980294364129695,1.0433325916528702,2,40
33,0.3387963836773659,1.048361964053936,2,111
34,0.6256248774841745,0.7691039567192396,2,24
35,1.0330381162744506,0.7119075179100036,2,20
36,0.30808679518302406,1.2573051452636719,2,28
37,0.4841074548997518,0.7402878161519766,2,32
