1,0.34107977598245326,1.007942785024643,2,200
2,0.3915805056016313,1.0091250932216644,2,200
3,0.4305562584988466,0.9011039800114102,2,72,3.621661269731053,0.4097017892636359,2,200
4,0.7008800278223165,0.5806255286931992,2,200
5,0.418444533871837,0.9498963809013367,2,200
6,0.3168231292746003,1.116108696758747,2,200
7,0.43731771262910435,1.058487184047699,2,200
8,0.2902067494696604,1.0231034380197526,2,200
9,0.46378385085817136,1.0180974078178406,2,200
10,0.35004694126027686,0.7619209484921561,2,180
11,0.3826083000031698,0.9347850945591927,2,200
12,0.49737746902782465,1.080387117266655,2,200
13,0.0957236343201081,0.6672946839105516,2,21
14,0.12341268473142868,1.153526645898819,2,20
15,0.09082983116157126,0.9558629073958466,2,69
16,0.30662510815163085,1.102053776019957,2,41
17,0.29007737333128625,0.9658968561887741,2,200
18,0.5136189821714728,0.7875058069825173,2,140,13.704996306404256,0.4579763516783714,2,200
19,0.4718744879129764,1.0966223254799843,2,48
20,0.3969943788627982,1.059476531603757,2,68
21,1.37507009789258,0.5933682459826563,2,51,62.72206169688082,1.3221732809835551,2,100,0.4367066727898568,0.9604662930965424,2,200
22,0.2983669041139769,0.9321915224421448,2,197
23,0.2812631285445593,1.0921369158860408,2,66
24,0.42632888776076605,1.0404637273477049,2,49
25,0.4171033286425818,0.9787666349034561,2,190
26,0.5518346659771896,0.8780278912905989,2,87
27,0.22588380848360423,0.7626272278730987,2,61
28,0.00034244307219598465,0.9960159063339233,2,5,0.572532553913053,1.0633078034107502,2,57
29,0.42329839292083365,1.0159868655666229,2,155
30,0.5293942422227293,1.0200015747641016,2,127
31,0.22975028741074496,1.0553849310409733,2,82
32,0.38546691949160755,1.0859587719807258,2,104
33,0.4921482256431611,0.8690026801886018,2,97
34,0.6391988987176226,0.9750986135922945,2,65
35,0.24137972331460195,1.099691497868505,2,87
36,0.46190712937956996,0.8637664543257819,2,45
37,0.11183544776602662,1.0200623373190563,2,72
38,0.190310872924248,1.0141780013218522,2,64
