1,0.36085055108261826,0.9625523036718369,2,200
2,0.06270880428209986,1.2505934238433838,2,10,4.908802361227624e-05,1.2524130940437317,2,20
3,0.21706699552446201,1.1083637565374374,2,200
4,5.447638430503686e-05,1.0979520380496979,2,20
5,0.5194400528330293,1.0910700485110283,2,200
6,2.040688907703351,0.1778612218797207,2,200
7,12.984731378632818,0.21839402124285698,2,200
8,0.5328940272780174,0.8458408180036043,2,76
9,0.35376037600423726,0.9885633707046508,2,200
10,0.3153761719360476,1.0210332447482693,2,93
11,0.2522341588855156,0.9949868156249264,2,83,2.0501965569733707,0.3092035244927447,2,200
12,0.38688256289137996,0.9379435950517654,2,200
13,1.464485502794072,1.1361676235742206,2,79
14,0.0005579849406042587,0.684745820860068,2,12,0.1960122286180951,0.37338586016134784,2,23
15,0.09951584395272757,1.053621736905908,2,93
16,0.3879639045472821,0.7925866202610296,2,82,2.4537742379035428,0.41955601285069677,2,200
17,0.25376421021314516,0.9188692428957876,2,199
18,0.4459097207095528,1.0261159873177819,2,141,4.914980793378149,0.489960733864267,2,200
19,0.4547066416675964,1.1713594747217078,2,76
20,0.03755467278329326,0.7011368691921234,2,30
21,0.12579723648429095,1.0551873646160164,2,101
22,0.31105020580488135,1.0581476462038257,2,79
23,0.2838407493911624,0.9163014661698115,2,21
24,1.8546747715003582,0.8029934334754943,2,25
25,0.5912871188351282,1.023694385290146,2,200
26,0.350923845179062,0.9296933677461412,2,81
27,0.41504980984040074,1.0353038948774338,2,200
28,0.5056205564381588,0.9523540087368177,2,115
29,0.328354937788701,0.839218984246254,2,200
30,0.3991463419761996,0.9099810748964876,2,182
31,0.493223203509484,0.9534860981835259,2,27
32,0.42315775932219524,0.8351134260495504,2,84,3.6010938326890107,0.2565848425907247,2,169
33,0.39009017742039404,0.932786302730955,2,145
34,0.7949901341790865,0.7271929014296759,2,42
35,0.45612698571910054,0.8712599889228219,2,76
36,0.632511458614358,0.9424202120493329,2,63,0.04725656588341719,0.5189851510681605,2,101
37,0.35337146948413145,1.2647457009270078,2,21
38,0.1138064074940152,0.9839489617281489,2,36
39,0.3869420960329841,0.8903124332427979,2,28
