1,0.025991000955091135,1.0243258881568909,2,200
2,0.032520433234725546,0.848317714035511,2,200
3,0.019104146638267358,0.9413093343377114,2,200
4,0.02264176837682238,0.9010786038637161,2,200
5,0.02017245924676357,1.3573336482048035,2,10,3.5231795099625843e-05,0.9673518061637878,2,20
6,0.031709962041656416,0.6190340552065108,2,9,2.8881334765419328e-05,0.9413172765211626,2,20
7,0.01893798878518698,1.0207534927129744,2,200
8,0.21865069233824203,0.31001636724580417,2,88,0.00034062259984918465,1.200245553255081,2,128,0.07373057342672767,0.2217641088270372,2,190
9,0.026552042488953712,1.1238498020172119,2,200
10,0.03225229253905608,0.8355545393178161,2,71
11,0.03146671297966121,0.937250539485146,2,85,0.5805830368043849,0.30942843737809556,2,200
12,0.02286233022989489,1.0543912506103517,2,200
13,0.05843321529419775,0.7601567317219176,2,169,1.7236071266605562,0.06417749341457121,2,200
14,0.2835852317148512,0.3564886961877346,2,200
15,0.031135023781140955,0.9840156120061875,2,200
16,0.029251462561410882,1.0123420929908753,2,200
17,0.01487747699326035,0.8062658733129502,2,200
18,0.014147074423085462,0.8595824678738911,2,15,2.291857074418824e-05,1.0052642524242401,2,27
19,0.03437623584204484,1.007390267252922,2,200
20,0.028515447071294355,1.0258693134784698,2,200
21,0.02484566846580306,0.8401307734847069,2,200
22,0.03600089125086842,1.0243073725700378,2,200
23,0.030041480913459977,1.0090232533216477,2,200
24,0.1354517823953701,0.3305271233272071,2,198
25,7.682494340636646e-05,1.0962217301130295,2,8,0.10258396218030262,0.516947832177667,2,42
