1,0.026909169404043202,0.8904692667722702,2,200
2,0.02852726580075025,1.0271837043762206,2,200
3,0.023271551415146093,0.8258211603760719,2,200
4,0.027552370647298714,1.0603075444698333,2,200
5,0.02530369778333542,0.8806465396285057,2,200
6,0.019930968537856236,0.9480660878426848,2,171,2.4485450680823457,0.029572986837091118,2,200
7,0.014120071564562043,0.8018265471738928,2,17,0.6777620239528017,0.11378325718013864,2,55,0.026763529046723675,0.7259250068664551,2,155,1.2286993350987219,0.07048718498812781,2,200
8,0.024610652650275483,0.9881598567962646,2,200
9,0.03003508140633984,0.8062063300609589,2,200
10,0.03226727651160444,0.999033635854721,2,200
11,0.27764281824416515,0.2766670808196068,2,164,0.020830271439548076,0.5506056033902698,2,200
12,0.026178517258719468,0.9062269267439842,2,200
13,0.020648230908435344,1.01822356402874,2,200
14,0.017330667674867527,0.9414674198627472,2,200
15,0.02567303218977253,0.9993744444847107,2,200
16,0.034346630104003205,0.9774128586053848,2,200
17,0.026562381255025372,0.9571756780147552,2,200
18,0.023184849378549092,0.9685471481084824,2,200
19,0.03381512877120942,0.9616025847196579,2,200
20,0.02923241907653514,1.0406162506341934,2,200
21,0.07362866619479293,0.8186469592154026,2,200
22,0.023811185799197578,1.1165076410159087,2,156,2.783216927686789e-05,1.1047854324181874,2,168
23,0.3255929657088134,0.5258229333907366,2,200
24,0.023417466949611648,0.9483754657139288,2,107,0.16576961893413997,0.5898865919600251,2,200
25,3.301799675815306e-06,0.7338736918237474,2,27,0.01678787837864357,0.5336933778598905,2,43
26,0.02901708015376892,0.9912118845881678,2,181,4.9495098939296215e-05,0.9983272473017375,2,196
27,0.028273888381381916,0.9366466063261032,2,200
28,0.02374341980549529,1.139515956044197,2,200
29,0.034074001734029954,0.9942626341141482,2,187
30,0.07392912309774843,0.3340401385511671,2,35,1.10041834762671e-05,0.6642851680517197,2,77,0.008144234809553631,0.8686042100191116,2,97
31,0.019066761672504342,1.007367699742317,2,200
32,5.941864014247867e-05,1.6159924003813002,2,9,0.06641796791399357,0.6187085963430858,2,30
