1,0.023560820430651434,0.8321555125713348,2,200
2,0.027754345980703036,0.9863231751322746,2,200
3,0.02649816466515656,0.9844075101613998,2,200
4,0.03557242678417552,0.9482011489631715,2,121,43.00469329563683,0.3725749005873998,2,127,0.12923399174970293,1.1681735927927983,2,200
5,0.029783851654808884,0.9991751790046692,2,200
6,0.020091094953466435,0.9174510318040848,2,200
7,0.011399396111786822,0.8552607983350754,2,20
8,0.02221732421429193,1.0307411831617355,2,200
9,0.2651703248868283,0.5631445851176977,2,200
10,0.012581473830964389,0.9724082118272781,2,200
11,0.023128669734949963,0.8615991687774658,2,200
12,0.015826576818833933,1.0080362856388092,2,200
13,0.017559496390786373,0.8467441231012345,2,200
14,0.016406492756839187,0.7656821197271347,2,200
15,0.026909926763365295,0.921599263118373,2,72
16,0.02541867707210484,1.0403671175241471,2,200
17,0.024788490741361073,1.1937715017795563,2,200
18,0.02688145579130535,0.9292086768150329,2,200
19,0.03493225142563075,0.7302154605835676,2,200
20,0.02475362521156688,0.910225835442543,2,200
21,0.02829115654136772,1.0479848450422287,2,200
22,0.030475902242490468,0.9013882419466972,2,200
23,0.01966685157332974,0.9567842441797256,2,200
24,0.030591974026307134,1.091755355000496,2,200
25,0.12471915127407884,0.12373274564743042,2,16,0.00019001513385037583,0.8961958629744393,2,23
26,3.7751494308461904e-05,1.043764305114746,2,10,0.035538762978957555,1.0117638287720856,2,118
