1,0.028308729552072844,1.0125260609388351,2,200
2,0.022240900203408655,0.5347600232362747,2,125,0.32623019537927767,0.22503728926181793,2,200
3,0.02094444909340208,0.8314806055604366,2,57
4,0.021755991904260412,0.9524949184060096,2,200
5,9.183396481743133e-06,0.8969518285482487,2,94,12.952331365223625,0.8325330391526222,2,108,0.26074294564305533,0.2713679384602153,2,200
6,0.03232339627783993,0.7927681124210357,2,200
7,0.11788279124122815,0.43933347463607786,2,35,0.0001131537408422917,1.483401228984197,2,47,0.09885878385984859,0.6060861796140671,2,63,0.0001255433985912209,0.9787895509174892,2,70
8,0.030723014044147037,0.8797395217418671,2,200
9,0.018577568918421408,0.8869830530881881,2,200
10,0.025404793412037833,1.0191428699311178,2,157
11,0.02206588802742449,1.0336071693897246,2,200
12,0.06739139332407824,0.6937569454312325,2,200
13,0.036846287867435205,1.0427308869361878,2,200
14,0.010294401473817381,0.8568001401424408,2,200
15,0.028161971673853037,0.7914931851625443,2,200
16,0.08488243760063216,0.45806603355610626,2,47
17,0.09600374733659457,0.4753747214289272,2,17,0.0005216736451604173,1.6620967611670494,2,65,0.10895117382451347,1.6726816926683699,2,100,0.0004444269465895097,1.6155007706748115,2,145,0.04036255626252443,0.5788632354953073,2,200
18,0.02428978528482221,1.062448758482933,2,200
19,0.03439729268684941,1.0810899180173874,2,200
20,0.030428021063857544,0.9637803724408149,2,200
21,0.022707561200992786,1.0253687572479249,2,200
22,0.0453824848580708,0.8506209100782871,2,200
23,0.017504108086488755,0.9458589059114456,2,200
24,0.00043358751790107037,1.0086716949939727,2,30,0.028387245746626405,0.8603036354569827,2,200
25,0.026882336082033564,0.857047927081585,2,200
26,7.15135334735035e-05,0.9504836350679398,2,8,0.05102641504652619,0.7775937995668185,2,67
27,0.0027157823270088457,1.1523170449904032,2,56
