1,0.029021383838530153,0.8755639433860779,2,200
2,0.022455177757174535,0.9630626058578491,2,200
3,0.031197828478163922,0.9725128698348999,2,200
4,0.029910585648680703,1.0473768000419323,2,104
5,0.02004486555072631,0.9316286578774452,2,200
6,0.5239259651906044,0.17698117383200712,2,99,0.013087316073326843,0.7762375385454385,2,200
7,0.03462031773018283,0.9564934477210045,2,200
8,0.029195359583254695,0.9835707569122314,2,200
9,0.022420108166854878,0.9520898097753525,2,200
10,0.030811210011959512,1.0375662738084792,2,200
11,0.02424537540771422,1.0893269660426121,2,102,0.12792713269905484,0.8978538066148758,2,110,0.4715478387274978,0.17116153869363998,2,200
12,0.029797635631494953,0.9927625703811646,2,200
13,0.02397882261007756,0.8470951297453472,2,56,4.284861386171938,0.16488019128640494,2,77,0.023545947166689753,0.9703506221616172,2,200
14,0.03057893653566773,1.0519490134716034,2,200
15,0.028480084356825978,1.0257626920938492,2,200
16,0.02223075288185634,0.9735302674770355,2,200
17,0.031955112118878186,0.8240026745200157,2,200
18,0.02081417990756492,1.0409156733751297,2,200
19,0.028995215366551225,0.9571440070867538,2,200
20,0.026916156370442694,0.8582625675201416,2,200
21,0.025151754134447236,0.8678464657068252,2,200
22,0.7672718098989135,0.1918049994111061,2,200
23,0.018443863878348652,0.9322442162036896,2,200
24,0.03046237401243706,0.9465390884876251,2,200
25,0.022795012406140232,1.0454781419038772,2,200
26,0.09169385769944702,0.6336743831634521,2,54,0.0005018509876430653,1.1174958737996907,2,80,0.04066546280198837,0.9064001397988231,2,177
27,0.023593609383961062,0.9504556068778038,2,200
28,0.07641520545658344,0.8723841217847971,2,91,0.00262103758641688,1.1264353498168613,2,114,2.2989989405131778e-05,1.114744903312789,2,150,0.03840288034157797,0.7571940314769745,2,200
29,0.027479582236515962,0.8405972000956535,2,200
