1,0.023858385917225007,0.9158109784126282,2,200
2,0.02448484021074022,0.9874235090613365,2,200
3,0.03853704560058646,1.0328803676366807,2,200
4,0.07994292186397155,0.7068130102732199,2,139,3.0181060931222548,0.06498857428793048,2,200
5,0.02660123936416491,0.8126574128866195,2,200
6,0.023627187769388765,0.9603244116902352,2,200
7,0.010757600799995852,0.5479287271914275,2,23,3.8243313331768625,0.09221950325430656,2,170,0.2668019524351422,0.29967075735330584,2,200
8,0.015622942382681715,0.8367146956920624,2,200
9,0.02501657652741433,1.003102261722088,2,200
10,0.022606821206860438,1.3619328379631042,2,20
11,0.027247784372274163,0.9122820076346397,2,200
12,0.0004493688287199049,0.7846815176308155,2,44,0.03535424029549327,0.8859264254570007,2,200
13,0.01788054990744568,0.9788802126049996,2,200
14,0.03241609858041799,1.1307592858438906,2,69
15,5.260597367168593e-05,1.2389554679393768,2,8,0.05177415603473119,0.7729266478465153,2,73,2.071006066657107e-05,1.6284630926031816,2,92,0.001725751536080786,1.0579035258293152,2,117
16,0.02952341816835666,1.0070694130659104,2,200
17,0.09040345736682276,0.6272595100104809,2,200
18,0.028940009661478295,0.898678979575634,2,200
19,0.032672094509700725,1.1743852376937867,2,70,0.22205488946507584,0.3339050921301047,2,130,1.9645147243235521,0.09048888108560017,2,200
20,0.023363887706284954,0.9538538354635239,2,200
21,0.027868573675549558,1.071662323474884,2,200
22,0.04879476667310877,0.8183609967801109,2,67,1.4345986862390914,0.08744411495395173,2,200
23,0.02355663956373268,0.883099844455719,2,200
24,0.029001550573420003,0.990382217168808,2,200
25,0.027467354063425493,0.8157937562465668,2,200
26,0.026593124438407653,0.8992781481146812,2,200
27,0.026646617746351083,0.8940241206259955,2,105
28,0.24499061722460633,0.510997074842453,2,200
29,0.019413608641000172,0.9120073515176773,2,200
30,0.04750088287643489,0.76815353743982,2,149,0.0011223676373850635,1.2295976797739665,2,164
31,0.027706256214168105,0.9592946183681488,2,200
32,0.02010251542363599,0.9985068529844284,2,200
33,0.028988727399352907,0.7693203338870296,2,135,2.800303674405889e-05,1.0463069756825765,2,150
34,0.00015871378944858243,1.0339883148670197,2,20
35,0.09706011121811721,0.33734997113545734,2,9,0.0003725411328283745,1.2808862659666274,2,27
