1,0.01826181135065189,0.8926602071523666,2,200
2,0.030189356005033134,0.9578280532360077,2,200
3,0.019920096741251208,0.9518037828803062,2,200
4,0.020359301059541368,0.8791242843866348,2,200
5,0.019926463053961566,0.9311133346695831,2,69,0.14922265439634222,0.3913598071982842,2,200
6,0.027110711175982793,1.034204416871071,2,200
7,0.027654621504236438,1.1171016763238346,2,68
8,0.020536415039434156,0.9375008431077003,2,200
9,0.02441206873529762,0.8577746891975403,2,200
10,0.030049212353348523,0.8313333705067635,2,200
11,3.288242023873009e-05,1.1835375840847309,2,13,0.03018530510601585,0.7773314001767532,2,59,0.00011307463960424463,1.3866866827011108,2,72,0.005766435543031581,0.5610367567812811,2,133
12,0.022443567803619887,0.9888965237140656,2,200
13,0.028056511358108403,1.010994320511818,2,200
14,0.042198588164773225,1.3645812954221452,2,7,4.056735303886022e-05,1.0050258086277888,2,20
15,0.02296972180142245,0.9143353405594826,2,200
16,0.025086672598104088,0.9565371090173721,2,200
17,0.04228121558621745,0.5852778400568401,2,68,0.9569315951712003,0.11004366872437073,2,200
18,0.16869159532878206,1.114950886794499,2,42,9.774256375624023e-05,1.3205109278361002,2,57,0.021506327001931256,1.0760970010476953,2,159,1.5198292706549703,0.5920528591406055,2,200
19,0.021642704639424297,0.9249900251626968,2,200
20,0.017884827442733897,0.8611913454532624,2,200
21,0.004044375777195636,1.1854393420850529,2,34,6.522813227070186e-05,1.8119509410858154,2,59,0.17095782530420847,0.6226414203643799,2,64
22,0.02376684860999692,0.7608142420649529,2,200
23,0.022622567825782366,0.8708827143907547,2,200
24,0.03297355513634044,0.9835894787311554,2,200
25,0.017698247730876842,0.9592844885587692,2,200
26,0.032165507671450204,1.0771719658374785,2,200
27,0.023733815772372623,0.9325872966647148,2,200
28,0.019507466324220363,0.8874115175008774,2,200
29,0.03083618696000869,1.0092686784267426,2,200
30,0.03920113064270585,1.0037733739614487,2,200
31,0.021730442512368282,1.0143367862701416,2,200
32,0.019008645483197584,0.9734735214710235,2,200
33,0.05271782982927249,0.8272921950728805,2,81
34,0.0616783971229014,0.9337592522303263,2,15,0.0002383529493809066,1.4228731268330623,2,34
35,0.000745163080170338,1.3324451135552449,2,23
