1,0.027474282871748013,0.9927501165866852,2,200
2,0.03480239164292631,1.0001517456769944,2,200
3,0.03194173914488227,0.8578292271494865,2,200
4,0.6683682511954284,0.1860205274489191,2,36,0.022459076612162995,0.8058373054655472,2,137,0.43310390133445337,0.14415596638407027,2,200
5,0.02743050464888449,0.9551501679420471,2,200
6,0.029231249001164476,0.9071040040254593,2,200
7,0.03335756235287461,1.0097833615541458,2,200
8,0.10340726474069634,0.718491313242635,2,86
9,0.022649013905060227,0.9338008284568786,2,200
10,0.03233628654571418,0.9671578758955002,2,200
11,0.02559148618726859,0.8384622699022293,2,200
12,0.02450698178252303,0.8908516246080399,2,200
13,0.030808931515721696,0.9739793092012405,2,200
14,0.02194365729977608,0.9464978540644926,2,51
15,0.013834195540457325,0.8062935558954875,2,150,1.1306760274105517e-05,0.9226219582557679,2,200
16,0.030424047067009158,1.057789410352707,2,50,7.371245931442758,0.10345926598228257,2,108,0.024915694190750754,1.1269459517105767,2,200
17,0.030860311096802564,0.9282761853933335,2,200
18,0.03443983951871749,0.8983228114247322,2,200
19,0.04032204589652479,0.9589363813400269,2,200
20,0.017049834463885263,0.9081588599085808,2,200
21,0.033341978975503464,0.7812463314831257,2,200
22,0.02769480088752855,0.9273263192176819,2,200
23,0.021212212101175965,0.881337965130806,2,200
24,0.033928113033256366,0.9549750757576833,2,199
25,0.04546015369114009,0.9511546877662788,2,89,0.8159149984147336,0.22148682150217863,2,200
26,0.0310635418870787,0.985979993452971,2,87,2.3519621639982904,0.025290634911672202,2,200
27,0.02749126475884998,0.9088925868272781,2,200
28,0.024856622952882,0.8668721887469292,2,200
29,0.02793666420530326,1.0204828798770904,2,200
30,0.03229905695871531,0.9893641549348832,2,200
31,0.02788279157916772,1.1182850658893586,2,20
32,0.021474383183532498,0.7975060340762138,2,200
33,0.01825847363952024,0.8754740250110626,2,200
34,0.02009325830352328,0.9783999282121658,2,200
35,4.878914578650904e-06,0.5303156200958334,2,69,0.10571941932293659,0.3449290775590473,2,78,3.0118582867789094e-05,0.877858167886734,2,88
