1,0.028952525449312334,1.03473697245121,2,200
2,0.027681611102774995,0.8883154127001762,2,200
3,0.02116494357031585,0.9629285097122192,2,200
4,0.016062605095742442,0.9521704897284508,2,200
5,0.027897915766038835,1.1440950150185443,2,47
6,0.03567728291461699,0.9038674265146256,2,200
7,0.03576668488272375,0.6958948632945186,2,69,0.0006473574301046265,1.0548828352581372,2,135,0.08156945472752786,0.5422363951802254,2,143
8,0.022808978128492804,0.9936154532432556,2,200
9,0.020138133368371763,1.0303600662946701,2,200
10,0.025192514624722502,1.006194202744182,2,199
11,0.021067208403394645,0.8829481499759775,2,76,7.138977063672441e-05,1.5254319508870442,2,88,0.05382053045826102,0.9618239073043174,2,135,6.92965535660568e-05,1.1944818707073437,2,152,0.04957325381223117,0.7010574589172999,2,200
12,0.024788408546987856,0.7856432661414147,2,200
13,0.12256301886758145,0.4153311543521427,2,21,4.861816708626744,0.11198910333142423,2,122,0.030734506958754928,0.7994167149066925,2,152
14,0.019143439382574245,0.9067495027184487,2,200
15,0.019259611533972088,0.7612495803833008,2,200
16,0.02586747336377638,0.9983889728784561,2,200
17,0.026189001647570088,0.9828584450483322,2,200
18,0.025847715986200573,0.9070868411660195,2,200
19,0.030079786879706378,1.0709757095575332,2,200
20,0.017608280620808558,0.8020883211493492,2,200
21,0.029150304902331142,1.0100367391109466,2,200
22,0.02720964158369502,0.8680597165226936,2,200
23,0.028376553025318406,1.0203283339738847,2,200
24,0.042229539480665566,0.9388236451148987,2,200
25,0.034098243477276136,1.0127763938903809,2,200
26,0.025984834441973095,0.9045976737141609,2,200
27,0.000741211844723879,1.253682127865878,2,55,0.12715876015777963,1.7015911215230037,2,74,0.0018013023594017916,1.4993350443087126,2,93
28,0.0022499770939649207,0.5320092844111579,2,14,9.940470246479454e-06,0.828471664339304,2,30
29,7.420501271536985e-06,1.4520818536931819,2,22,0.026156655225081014,1.326482778787613,2,42
