0,1.0896916519796618,0.7824520494075532,2,47,0.01768160939645443,0.09698897433844608,2,200
22,1.0558248352649782,1.035376003494969,2,108,0.010847799485623632,0.13690023150537972,2,200
23,1.0585189550185,1.0631763434592094,2,131,0.017005943774652508,0.3193603331844012,2,200
24,0.8661544940187192,1.073109695315361,2,80,0.05731876238472476,0.35993514731526377,2,200
25,0.0741735939400618,0.3834305808413774,2,112,3.590661253931967,0.6805444565084245,2,157,0.033087411563304074,0.2558429667856111,2,200
27,1.666579474951987,0.9468338361808232,2,56,0.029016360971539826,0.11512863012548122,2,200
28,1.4827115105515483,1.1663026354814832,2,38,47.751561629722,1.7028057983047085,2,76,1.4617426125361992,0.8204648200779745,2,149
29,1.509314888769857,1.0315034135859062,2,47
31,1.3393711184130157,1.087578150133292,2,48,0.10920368645314162,0.18746818039590948,2,199
32,0.7094754749722593,0.8938998268409208,2,88,0.031446750255710386,0.11245521477290563,2,200
