2,0.020140277762928867,0.21817430280148983,2,200
18,0.005552484178468687,0.07439772145240568,2,200
19,0.5740207237155638,1.0091227094332378,2,24
22,1.0660713831046984,1.047584169206366,2,113
24,1.4065456044111646,0.8167245571429913,2,13,0.008793545880715467,0.09309721383500226,2,200
25,2.812374732126718,0.5499126625462221,2,65,0.017415695966008414,0.10391067018801416,2,200
26,0.8878169238564372,0.8721187230275602,2,98,0.029132823073217812,0.2705421753081621,2,200
32,0.7379173638524263,0.8669576708306658,2,94,5.208387266565035,0.618377074599266,2,200
33,0.5524851897243507,1.0342759716510772,2,200
34,1.5712689694641135,1.2709182953834535,2,50,0.05257980767837815,0.28268382623791694,2,200
