0,0.7536862636031312,1.2548815588797293,2,31,0.007220825201421803,0.051458569869024334,2,200
23,0.011051449239430362,0.12682515794876964,2,200
24,0.5509533177499686,0.9459852688014507,2,16,30.004908485898888,0.2879891745746136,2,46,0.3697235910394313,0.9590688576171924,2,200
30,5.511536220512506,0.33041793274693193,2,200
31,2.1755664130507704,1.0915344049190652,2,29,0.025857763599102166,0.18415275394742253,2,200
32,0.6884008171613855,1.0447591972905537,2,43
35,0.05805599411448119,0.13562867207301044,2,86,0.00010504116530578253,0.43986098443468413,2,116,0.1002701452938219,0.2478415519331715,2,186,217.29417459447342,1.7839761823415756,2,194,0.03882373119345103,1.0098849733670552,2,200
36,0.46014812216289713,1.054096186414678,2,47,0.016380249552572976,0.13735753120063177,2,200
38,3.932758457984048,0.2557468129694462,2,200
39,0.4549568219438151,1.2822166361979075,2,28,0.0276017425176166,0.14965976234850323,2,200
