0,0.765653191831476,1.035501240759857,2,129
23,0.5543859747196065,0.9759670481795356,2,84
27,1.6998913803476925,0.9027366612724324,2,199
28,0.022852135370278363,0.14231228468124754,2,200
29,0.020818996255236404,0.19238158544525505,2,200
35,0.09367171223826778,0.22940393880009652,2,200
37,1.3200635427455005,1.0063236587388176,2,175,0.0241475867770432,0.2161957438290119,2,200
39,1.0200586299010388,0.8538092228770257,2,200
45,0.022852135370278363,0.14231228468124754,2,200
49,1.8356136154467941,0.8486924864288069,2,117,0.01490689348516245,0.15311801904834896,2,200
