0,1.6874875842614057,0.6433818751212322,2,66,15.176952598409125,0.43874820370389067,2,158,0.0577057628261699,0.8766693387712751,2,165,152.83033368864272,1.7652827058519636,2,200
15,0.02268106063400332,0.1308533112606863,2,137,0.25253520014874803,0.7580011241859005,2,199
16,0.26370893718244,0.7458268380165101,2,200
17,1.2374879986176937,0.7066794639596572,2,52,0.01729445338579471,0.40153004808558357,2,70,5.6145535030099305,0.45267192400418793,2,135,0.016064631850294574,0.571957009534041,2,147,18.539724796162464,0.5147795894971261,2,199
18,1.1299500954355461,1.149166546650787,2,67
19,0.8551679680329601,0.8527953699783043,2,135,0.04112547485493391,0.36441653875204233,2,200
21,0.02923836638807457,0.20200551997870206,2,200
23,1.7953838555585722,0.8852164462208748,2,200
25,1.590039660054321,0.8822549271583557,2,200
26,0.6712556721778243,0.9827133685350418,2,20
