0,0.0283804545644461,0.206788762062788,2,200
27,1.7129417240566478,1.0001151385130707,2,27,0.016761000992051016,0.11401613136333537,2,200
29,2.2324849006914227,0.6103727424144745,2,200
30,0.012097230106002659,0.1954800978442654,2,200
31,0.05792371541414314,0.17507807148620486,2,200
32,1.5724812876193237,1.0103074709574382,2,30
33,0.04917811317568898,0.279636769965291,2,200
37,0.6799791667263698,1.0096169217773105,2,23,0.022403923817672,0.1637451086340651,2,200
38,0.10536558807622523,0.28914448076859117,2,200
44,0.0075284528784828495,0.11917464250698685,2,200
