0,1.2513859430050152,1.151081210858113,2,74
22,1.1738133605967662,0.8842406758666038,2,200
23,1.7023269288020604,0.6161904643882404,2,55
24,0.04285343021813118,0.3250992096829833,2,57
26,0.3137504155620899,0.6027508177608252,2,200
30,1.2314056340872723,0.7901968521040839,2,74
33,3.2393708234224685,0.3931899763235491,2,73,0.12172106709832868,1.0110446115334828,2,163,2.183576339742137,0.46389931581310323,2,200
36,0.31142073058417,1.168153498853956,2,7,9.177931342331625e-05,0.9878657827010522,2,20
39,0.6355623286708253,0.9030562236905098,2,200
43,0.057671903961911325,1.061338980992635,2,3,1.6858250503993024e-05,0.7785313409917495,2,20
