0,0.8564399340549793,0.9570973186194897,2,200
19,0.9427242853549634,0.9833231824636459,2,200
20,1.131950267255934,0.9999620199203492,2,105
21,0.9535100817806611,1.0184598109938883,2,55
22,2.0024532824303427,1.1517023476687345,2,55,0.22950238137570222,0.1597303619608283,2,95,0.028011733694525157,0.20924204463760057,2,200
23,1.8712047867271606,1.2023856854438781,2,50,0.019017865827217494,0.1563719857484102,2,200
24,0.7335287601077946,0.7358745584885279,2,24
27,3.0713291692998155,0.2687479731440544,2,200
28,11.48265859438937,0.2944287838600576,2,200
29,1.1005771187730453,0.8515545651316643,2,32,0.047076590841469416,0.12318764875332515,2,200
