2,1.9418959845803343,1.2693108816941578,2,12,0.0373344114961663,0.1464602315322833,2,200
11,0.7297907486041069,1.1345563787360524,2,86,0.010489246418195063,0.14768187309566297,2,200
15,0.00963435646156291,0.14414349416736513,2,200
16,0.7999447748971805,0.727617476940155,2,125,0.021102595324722,0.2338800127307574,2,200
17,1.5400304035236716,0.9366398870944976,2,70,0.024588032227330088,0.1587398521775423,2,199
19,1.0914039816670622,1.0681404879218654,2,95
20,0.9059769531719978,0.9052108734846115,2,100
25,1.4461907487581787,0.933962368859654,2,113,0.020605700665639815,0.14516156541461916,2,200
26,0.0141097140992078,0.17504968274384736,2,200
27,3.573986266125422,1.1610343844994255,2,46,42.32129935542321,1.7780336327850819,2,110,0.18178573875467363,0.8646719668592725,2,131,6.931636311071906,1.258143229731198,2,189,0.03952445520218234,0.5131092105399478,2,200
