0,1.1579587728612466,1.0709963430438125,2,114
14,1.119392672137529,1.1537508016282862,2,44
16,1.3939039927313024,0.989110825755072,2,141,0.04123584419232556,0.2650688123905053,2,200
17,0.1574779757811092,0.4698221774941141,2,44,3.2593325945737095,0.6310637449988952,2,200
18,0.03503350128588305,0.26645734996506665,2,33
19,2.5120337704842903,1.2172759115695952,2,20,0.029879578733723895,0.14632452668415175,2,200
21,1.2700960238084984,0.9576623079540966,2,91
26,0.9682197905247778,0.9470080831471611,2,85
28,0.8971725224411515,0.9640881046652794,2,88
29,1.8953286842387163,1.444917204587356,2,46
