1,1.1859877251551811,1.1808523080850903,2,38,0.053508214886273456,0.3192182327678174,2,200
17,0.04500329352649529,0.10740975222084671,2,200
22,0.46468792114219964,1.5618748324257987,2,14,36.71619387197088,0.25578080682680593,2,78,0.07633666794994046,1.214355124367608,2,87,218.7548918922472,0.21148691372945905,2,103,1.1479305635891035,0.44336553432585035,2,200
23,0.031177321737232155,0.16462709821760654,2,200
24,0.017383695154795906,0.14993199259974063,2,200
25,0.8885878940879164,0.9925466796755791,2,200
26,0.007780165814574032,0.19337656125426292,2,200
29,2.1124403353974857,1.2454568210401034,2,19,0.07288205167766089,0.1115180231947246,2,200
32,0.7345523310055858,0.9931189959699457,2,11,0.013823381799639274,0.10486094706701657,2,200
33,0.994979043895389,1.110279869288206,2,32
