0,1.3988741859105844e-05,0.8956495732069015,2,20
11,0.4949882165254951,0.9511974344402552,2,200
14,1.8387359633895304,1.2491027170961553,2,22,0.005915531058361695,0.16105195974114905,2,200
16,0.7772226501865268,0.9465513987974687,2,55
17,0.04292400594764339,0.35974496204791395,2,116,1.9926152638305539,0.46390756592154503,2,140,0.026786824455196173,0.21149114196499189,2,200
18,0.6400052617124905,0.8829948030985318,2,26
21,1.6225378485803066,1.1961813947428828,2,115,0.0019734348541938984,0.22558334075352726,2,149,1.3334453682177574,1.1386766660781134,2,170,0.007645866135820799,0.09368653365721305,2,200
23,0.824843643878671,0.9888785421448266,2,149,0.03821011562912127,0.24491935471693674,2,200
27,1.6876744247499096,0.882430340562548,2,49,0.04521104061101827,0.23693045125102366,2,200
29,1.7695751497857355,1.3300502870393835,2,69,0.042907846241679655,0.09587673053060097,2,200
