0,1.1114393228723203,0.7838855023360133,2,199
18,0.1361104901005754,0.29720462262630465,2,200
19,0.02871697649955712,0.18687092384323478,2,200
20,0.01934800158722373,0.0852553016319871,2,200
21,1.243285271368016,0.7317328286373009,2,118,0.014220697756917287,0.2110996121858678,2,200
22,0.8443961958229476,0.9977944210955971,2,38
24,0.04337619320114556,0.27822638012468814,2,200
28,0.11396215911812871,0.7972605228424072,2,4,8.07261131178671e-05,1.4036506079137325,2,20
29,1.1870870501578692,1.0426410996552669,2,33
31,2.835141965370737,0.9512064036809735,2,144,276.5076518451665,1.5380306442578633,2,156,0.02085781633491951,0.7277836203575134,2,167,441.75591279118777,1.8250274062156677,2,175,0.0532303974442596,1.053063486303602,2,182,94.49278368254143,1.5911130574014452,2,200
