1,0.0026553854958306076,0.18907113174597423,2,15,3.3383242293311253,0.17668650693753185,2,32,0.004384605261424502,0.6244125465552012,2,38,9.410282090331474,1.7141105633277398,2,115,421.68902926954814,1.9697050984416689,3,171,1.1522776432975617,1.6013103887952607,2,200
2,0.8164474786119161,1.0621466940641404,2,200
3,0.7134039906374152,0.7977329247583778,2,59
4,0.24442151105488197,0.4328344464302063,2,29,6.41904964486613,0.11352662306006361,2,70,15.456025349791569,1.207542414046251,2,200
5,1.153278115924905,0.5955444773839366,2,124,10.022248550623118,0.24497085613639732,2,200
6,0.0752178750551773,0.6235100515186787,2,20
7,0.38428923380949526,0.9907037419080734,2,200
8,0.3934698818070477,0.5412492188811302,2,200
9,0.4034799425894721,0.5560962115228176,2,200
10,0.8171428948127861,0.9143597948551178,2,25,56.456007643215855,1.5781322427921824,2,61,0.7535377825152968,0.49705598680235497,2,200
11,0.33818485194103093,1.0115018813312053,2,200
12,0.249759332510424,0.4814221995861031,2,86,2.2392563279512636,0.7885696627853209,2,200
13,0.2018039018260812,0.3058433034648634,2,73,1.3312199216593683,0.6048628476661021,2,200
14,0.6433859808661395,0.7613453550636768,2,200
15,0.03667189177240186,0.9278355145996268,2,44,1.289473460744968,0.20038712042219498,2,129,0.04914359415555041,0.9194951619900448,2,200
16,0.433852511287262,0.4431864050775766,2,200
17,0.24629051651629497,0.7320115146040916,2,200
18,0.2383928083628356,0.6035508796572685,2,200
19,0.41552370686030565,0.3994614375489099,2,28
20,0.18481109531653717,0.6752606578495192,2,23
21,0.5094769781708635,0.7611758239725803,2,47
22,0.4375277719890457,0.9538906002507627,2,103
23,1.448380383955128,1.0776787893940705,2,99,520.061281442126,1.9790356775809979,3,128
24,0.4884693008853842,0.609685792809441,2,42
25,0.4365353754995561,0.874605114693227,2,92
26,0.6042986778093224,0.7425155171326229,2,70
