1,0.3099826820637059,1.5529931783676147,2,8,9.806171034190278e-05,1.1709604461987813,2,20
2,0.07998868613220948,0.6067548933866862,2,74,1.1878497952499805,0.49394357133479344,2,200
3,0.5560436225039311,0.7710415866971015,2,200
4,0.25097807414690115,1.2998994266986847,2,200
5,0.45041514147205475,0.44694063782691956,2,150
6,1.2829768874533463,1.0675642066880275,2,76
7,1.4126499909463706,0.48061921723655887,2,143,26.173727098841997,0.23409684655959145,2,200
8,0.7822674136625917,0.7292399016164598,2,84,350.03475879369205,1.909275628902294,3,111,0.41977339068113684,0.6412770185577735,2,200
9,0.5785279997056217,0.6969240269599817,2,78
10,0.13587861993018624,0.6059697689861059,2,200
11,0.41445212923878905,0.8030752764969338,2,82
12,0.6684602417386434,0.6679226798670632,2,14,41.12433772414736,0.6378694452783641,2,48,0.031876045873327895,0.4051898452970717,2,138,0.9499505403973691,0.5482947345702879,2,200
13,0.7217818119865409,1.2164177227020263,2,150,4.280070408964635,0.2026301169395447,2,200
14,0.20778744971361104,0.8741177548596888,2,81
15,0.555117408246686,1.1519780111312867,2,200
16,0.737298701387512,1.394710865020752,2,25
17,0.6765652218226461,1.1558450814185104,2,123,0.0702147638281252,0.5223276386787365,2,200
18,0.08715536100061794,0.6180482485464641,2,154,19.558810409684042,0.15274372405332068,2,200
19,0.26182402363148144,0.3228858391940594,2,200
20,0.9154681615912015,1.3640585452318192,2,80
21,0.41233989139066146,0.8995078167035466,2,168
22,7.497110496791807,0.18785894587635993,2,200
23,0.22425893011673773,0.8415657201970833,2,138
24,0.520532074261607,0.5844952037205567,2,111
25,2.0333081260673045,0.322244708687067,2,200
26,0.2359514173879067,0.8257434245944023,2,200
27,0.053270945269165086,0.17934018994371095,2,72,2.850925699089309,0.09369131946004927,2,200
28,0.11838393208762234,0.5335143261378811,2,62,7.070391949808599,0.31632519173709783,2,198
29,0.17604958710186447,0.7854129526079917,2,196
30,0.5168907612901014,1.063442738159843,2,46
31,0.08195650853024916,1.2241646230220795,2,20
32,0.6343560364950559,0.5275159100098397,2,67
33,0.7107267382821206,1.2806110858917237,2,20
34,0.24157352061770715,0.8055352009005017,2,90
35,0.6362245143525858,1.4099555477019279,2,31
36,0.5636393193441857,1.2650246111785663,2,34,2.071171989281941,0.14630723614053628,2,131
37,0.18126415465394957,0.9274129070665525,2,92
38,0.6092938406813925,0.7039613118395209,2,64
39,0.5598965895262327,1.0897014899687334,2,22
40,0.0010402851010184026,1.1577766036987305,2,25
41,0.6730568756239059,1.2621968722924954,2,41
42,3.3978099366110377,0.895072078704834,2,45
43,0.21169471793597858,0.628546839175017,2,23
