1,0.28527440814971805,0.6487987898102957,2,199
2,1.1307447591563735,0.43453031062495473,2,102,12.71877394741296,1.5474933938338207,2,167,0.10145190730841101,0.3178491634981973,2,181,250.4021611152606,1.9577779958122654,3,200
3,0.33979380594971503,0.7790623205900192,2,200
4,0.43803258154832564,0.5959573642412821,2,75
5,0.23109378462345145,0.554183553648359,2,131,0.00024001944361165244,1.2645629167556762,2,141,0.17567623629677043,0.6878170522592836,2,200
6,0.2731810366283214,0.7817692369222641,2,200
7,1.8526484168493642,0.41509888984262944,2,200
8,0.7722751358177318,0.6273084168136119,2,200
9,0.5794780368616892,0.5020223270569529,2,56
10,0.975444456799566,0.9331907351811727,2,15,0.0006769068778379664,1.584177827835083,2,20
11,0.21298144428971966,0.7318740653991699,2,25,6.719441824165827,0.16490573793028793,2,121,56.054092806626436,0.1784353812661352,2,200
12,0.2372474455231408,0.8099409710887252,2,151,0.005135647554484345,0.8214866829415163,2,199
13,0.2590574441535264,0.8480262011289597,2,200
14,0.9865988072412565,0.9258473319165846,2,85,3.514825430364611,0.08940891027450562,2,200
15,0.09981110338203916,1.2871481895446777,2,10,8.716877673038502e-05,1.1703108310699464,2,20
16,0.6625154346306551,1.0144252550034296,2,21
17,0.07488176711569451,1.3766061067581177,2,4,2.0823998170918286e-05,1.1468029245734215,2,20
18,0.14574701683954996,0.4628013465272721,2,199
19,0.7069688234539399,0.8312107726931572,2,200
20,3.3212233552518677,0.4057427158822184,2,23
21,0.164927897678609,0.6594093437492847,2,200
22,0.19830016884893828,0.8638840755637811,2,196
23,0.5799908955707278,0.9057476434111595,2,200
24,0.5220398436966209,0.8143329328298569,2,200
25,0.45601155772139396,0.946180506988808,2,27
26,0.4523856694796042,0.8353078588843346,2,168
27,0.3038936281957304,0.5418394971901263,2,71,3.863499020099406,0.5540155537892133,2,199
28,0.4003252305110804,0.3840082829445601,2,200
29,0.058796360790651064,0.4723998216482309,2,78
30,0.6221266566901886,1.0125002896785735,2,200
31,0.05005225233394341,0.8296708407856169,2,21
32,0.5634049563027524,0.7953668180501686,2,53
33,0.2713822695941907,1.1962550502074392,2,95
