1,0.9842200129688506,0.8265077902211083,2,135
2,0.715259342269739,0.3325098126310192,2,146,17.415354465443,0.7317710364306415,2,200
3,0.21583914185628192,1.1150573245410262,2,87
4,0.3350638576818376,1.0290212327241897,2,200
5,0.15669744395559268,0.8219267980857465,2,159
6,0.0752083585279861,1.0534858816862107,2,200
7,0.6966330719725351,0.7257272260529655,2,28,15.338362630586525,0.16134463493214096,2,200
8,0.23607496006676487,0.7542037513852119,2,200
9,0.37778029923754936,0.8859761203825474,2,200
10,0.593502749574238,0.9920990628855569,2,70
11,10.017320303627578,0.09316204581409693,2,32,0.693926482200173,0.9380145306828656,2,111,11.526365832302947,0.10381511155139195,2,200
12,1.2991047830778037,0.7686529828442468,2,90,10.383193857222613,0.1535122580148957,2,200
13,0.861367144249385,0.6237199589421477,2,79
14,0.3644728196673415,0.8988822360387009,2,178
15,0.4649191004520617,1.0395829099597353,2,33
16,1.2641915689278198,1.3187782168388367,2,22
17,0.3280037954332979,0.978398980696996,2,120
18,0.5485432322815275,1.024324318618639,2,141
19,1.427082470238856,0.41877866213891046,2,67,17.95012769362359,0.07387600480613851,2,200
20,1.42443190315755,1.0689720229970083,2,54,3.306974717316879,0.17751326341914314,2,171,35.10105357415725,0.14211372620072857,2,200
21,0.36876107414238324,0.7619126191735268,2,200
22,0.45131263910721836,1.0157176523066278,2,67
23,0.19102056245049356,0.845109081694058,2,84
24,0.4189589981555461,0.6750488090515137,2,100
25,0.06601419891257507,1.0155592239216755,2,152,0.6097200025033459,1.3537133460243542,2,200
26,0.34406383657340556,0.6350756177306175,2,200
27,0.5316355982791171,0.9313433668017388,2,200
28,0.8973137923013188,0.5079909467544311,2,156,39.72344368050296,0.1720761815932664,2,200
29,0.5231952605099,0.8638313971459866,2,56
30,0.5947518012964823,1.0323245808021309,2,97
31,0.26124470850269016,0.9130440831184388,2,30
32,0.23921137397456227,1.1549236894655628,2,119
33,0.3520273477491514,1.040594853957494,2,60
34,1.44693783067942,1.4709838512467175,2,41
35,0.5859893658721272,0.9329303602377573,2,114
36,0.37190179982222815,1.2035189172889613,2,79
37,0.3414698338502024,0.5919961750507354,2,45
