1,0.09046037511993132,0.9469613595442339,2,11,18.66489122485521,0.10792680019917696,2,34,0.07298153927169292,0.9860022727287177,2,100,0.7817220908097963,0.2969197499752045,2,200
2,0.1202350784573919,0.41261670053005217,2,200
3,0.35480538128637784,0.7866624758050248,2,185
4,6.888049236886714,0.18480743266021213,2,96,0.732981303035482,0.7124150882900497,2,177
5,0.1633633543406973,0.5199979818180988,2,38,19.513217989812286,0.12766568234254574,2,96,0.5737445071869074,1.5890130243803327,2,134
6,0.3854926370266312,0.7635907097296282,2,11,0.000123024293809765,1.1064594056871202,2,20
7,2.0379896780296463,1.6065726895486154,2,31,0.12136915113223351,0.1759256491294274,2,70,16.53727705073796,0.16968701779842377,2,200
8,0.042082149146465755,0.35359960929913953,2,99
9,0.17097218573080689,0.6998381072824652,2,11,8.133038151036912e-05,1.0834246476491292,2,20
10,0.37797606898288744,1.2981244045495988,2,200
11,0.4876898063802095,0.8445899363548036,2,63
12,0.07052265192609022,0.9072315007448196,2,20
13,0.6985895405135948,1.1075350235004235,2,101,2.539823277298237,0.18549712981496538,2,136,10.45884088757817,0.10001876577734947,2,200
14,0.49539567499322557,0.6306496501828616,2,104
15,0.11080148288271775,0.9700429508090019,2,200
16,0.8298126418924342,0.11716711521148682,2,182,1.1357755769615017,1.5025942193137274,2,200
17,0.9986286448150954,0.9777934263646603,2,200
18,0.4023998658210289,0.45697426355220905,2,142,0.8211824581820164,1.31055499767435,2,200
19,0.2926711105454047,0.6541445011442358,2,88
20,1.0013337749675448,0.3836074867996119,2,59,71.6987527327626,0.14170594492279892,2,200
21,0.6251942851403035,0.9170839520776348,2,157,30.568293147374224,0.19564567022025586,2,197
22,0.8465662532706955,0.1626182645559311,2,62,21.125618974179023,0.08193364415479742,2,200
23,0.5715794612287441,1.154891699552536,2,92
24,0.24687201599113356,0.9277006668203017,2,119
25,1.7195377594030115,0.6334337383946952,2,68,0.18940896600897608,0.9594133895762423,2,162,3.9253947487989236,0.4795758849696109,2,200
26,1.0274047297286149,1.221036547422409,2,20
27,0.1641189077461312,1.0980126947164535,2,80
28,1.4356648398274383,1.3097093105316162,2,27
29,0.44657179205838576,0.6042197804152966,2,200
30,0.8163512711796307,1.2507992275059223,2,32
31,2.449710556849305,0.565760659204947,2,37
32,0.8494244045251214,1.0320243120193482,2,25
33,0.662990339742958,1.248136885740139,2,108,7.50061332596875,0.31770517694395645,2,151
34,0.2680180837618023,0.39068547033128287,2,105
35,0.40495559508635615,0.5345745439209589,2,82
36,0.5651682341867599,0.9369600274589625,2,89
37,0.4634266855624537,0.7781510448455811,2,25
38,0.5301779052826942,0.9500905501215081,2,95
39,2.149034164006723,0.32313286051863715,2,84
40,0.6923569588980037,0.5798986247357201,2,34
