1,0.3222581169577465,0.5988354522299457,2,154
2,0.03514366321112876,0.8426008734107018,2,200
3,0.08074530938583918,0.39079464067305836,2,28,30.235635308424055,1.824688532773186,2,45,0.2532788516453357,0.861911678314209,2,60,162.5248938591305,1.9696876576968603,3,74,0.091801523352561,0.5203845798969269,2,85,94.07782763522596,1.8519063664645683,2,126,0.04309442301859706,1.2094726694954767,2,135,237.4255873103815,1.9602671762307484,3,159,0.12975330857411316,0.7417204541129034,2,196,103.61655265897504,1.4633560478687286,2,200
4,0.6978413583950929,0.601009590625763,2,200
5,0.10497072419830082,0.35935764097505146,2,72,3.0352570674219335,0.13830995848101954,2,134,0.14036650536457426,0.49223745523980167,2,200
6,0.17641345956697635,0.5016068556159735,2,200
7,0.2768391675475437,0.6258533568680287,2,200
8,0.13243080499176801,0.6086683793365956,2,200
9,0.7720962816446856,0.661890755543548,2,178
10,0.5747836251643307,1.3097614580392838,2,200
11,0.07414609658102785,0.5498721282184124,2,200
12,0.4840506191978627,1.170213870834886,2,57
13,0.0030532110835821582,0.25318450171773027,2,41,0.9977817254290078,0.9507818716637632,2,88
14,0.4539754796776188,0.690179935672827,2,114
15,0.3234523862289259,0.7996801733970642,2,200
16,1.2811723100663066,1.0213291496038437,2,32,0.03907807666899712,0.7456706134048668,2,143,0.8081225253453572,0.8347304411101759,2,200
17,1.0463825954135562,1.19588872242947,2,98
18,0.9641573436185308,1.2190972757339478,2,25
19,0.8939286556584282,0.6520669901371002,2,50
20,0.23718510507818027,0.7377247959375381,2,200
21,0.5228633939218668,0.8724295811044226,2,139,146.0185932251997,1.862369924295144,2,200
22,0.1558304649459802,0.5942391176521779,2,200
23,0.8001900312221285,0.9079770382924296,2,199
24,0.35206816874765856,0.8315562251210212,2,200
25,0.7064706497504227,0.8139036011695862,2,25
26,0.6080640753685934,0.949848193744695,2,161
27,0.8128920292364337,1.2344008460640907,2,32
28,1.1356234457517171,1.3786318193782459,2,22
29,0.1463008662382619,0.22523270770907403,2,80
30,0.19433116408011522,1.2924976592714137,2,22
31,0.39176686333692673,0.7616031605463761,2,26
32,0.24603262391134634,0.603059010072188,2,22
