1,0.04471501063267201,0.949125760131412,2,45
2,0.10079253509996955,0.6590874674916267,2,200
3,0.11752179762858415,0.8644405575025649,2,105
4,0.23079218850674327,1.199581710100174,2,200
5,0.7014869599108758,1.04408531908005,2,63,0.06655069495882113,0.8523701775248034,2,200
6,0.4405601170754748,0.606635436117649,2,200
7,1.530832902865149,1.2252230418694985,2,37,262.3936731672115,1.884851522743702,3,53,0.4769218242407334,0.9702487129743408,2,200
8,4.378346988191209,0.5213068555295467,2,200
9,1.2012922602117324,0.7056587678194046,2,200
10,0.14289005111768088,0.7515497117257509,2,122,0.0016381660640004219,0.1467612919942388,2,175,1.4085585137796646,1.2260549020767213,2,200
11,0.02559470038721409,1.2073724508285522,2,40
12,0.7772107595105194,0.9464720433408563,2,22
13,0.37194004317793994,0.4066038507968187,2,200
14,0.15003925764900677,0.47451425863034796,2,33,10.644073808219673,0.18857543161529267,2,200
15,0.11873779700049475,0.6862278966342702,2,136,2.13724931033526,0.4612004675648429,2,191
16,1.9689987282480332,0.4997745196521282,2,200
17,0.34250861790354487,0.7014012336730957,2,20
18,0.1866983459873143,0.6128071565926075,2,200
19,1.6527838020421868,1.1343437830607097,2,12,0.00025587810024119053,1.1583333313465118,2,20
20,0.10120355322790633,0.4783380001783371,2,20
21,0.30091226946052974,1.050466155248975,2,126
22,0.9160596384223563,0.7605669960379601,2,200
23,0.14771235880625028,0.8634913262724876,2,200
24,0.8888132530244128,0.4151311022043228,2,150,9.242188048991935,0.18317021459341049,2,200
25,0.6811339375691731,0.9254420616477728,2,200
26,0.364835013635728,1.3541668635957382,2,136
27,0.19186471057579974,0.051869785112719384,2,62
28,5.008122315520691,0.6858647166768466,2,163
29,0.5163747826020381,1.0291361682342761,2,33
30,0.058396173505839435,0.1258060701868751,2,22
31,0.1898070935804016,0.6475177425891161,2,32
32,0.09793421504988621,0.9915715024826375,2,47
33,0.24592898198039567,0.6380951812973729,2,27
