1,1.9457960113900659,0.44614942200481894,2,200
2,0.9118635349694578,0.6875728079332755,2,52,9.828771523021183,0.2170634132784766,2,200
3,0.2111330729674383,0.4519795626401901,2,8,3.34306414051992e-05,1.1391233801841736,2,20
4,0.7477499667121268,0.7705602718122078,2,33
5,0.601810695786985,0.8274538425356149,2,200
6,0.5109937157330562,0.8123371315002441,2,200
7,0.31266775527062884,0.7156159988045693,2,200
8,0.6239064947042435,1.2931611163275583,2,35
9,0.10256468649454432,0.9023972671964894,2,138,0.8859612215736995,1.0834637639984008,2,200
10,0.189068977973275,1.045954009760981,2,23
11,0.31272738958600327,0.6360433238744736,2,200
12,1.9736180191414783,0.33129764999608574,2,159,37.906985539049835,0.09235712813168037,2,200
13,0.21995369000548848,0.8824961873991736,2,58
14,0.15897550452834813,1.072331724067529,2,96
15,0.234299970203657,1.0372756081819534,2,200
16,0.7114583543544633,0.7731567353886717,2,136
17,0.2530122991923206,0.9313007158041,2,200
18,0.16040463461886575,1.1196156203746797,2,200
19,0.5856271670929541,1.39280674968447,2,70,1.4817565379890334,0.4377105218859819,2,200
20,0.19912516655181128,0.6955673119425774,2,200
21,0.36062314454546,1.40245772379416,2,135
22,0.5211181778797733,1.1978537964820861,2,200
23,0.677317751901509,0.8085233271121979,2,60,7.246079402928093,1.4882337028565613,2,175,977.6719437770287,1.9750892162322997,3,185,0.2552657984517557,0.9712212403615316,2,200
24,0.33712565500388886,0.7870677506923676,2,200
25,1.2831961351745824,1.0351822481435888,2,34
26,0.5167162539837052,1.3446359634399414,2,29
27,0.4665620498494094,1.0548290938138962,2,200
28,0.49822185865641516,1.0400029579433827,2,109
29,0.2582753588990579,1.0327876582741737,2,96
30,1.1430159870682097,1.0084219114689887,2,79
31,1.1297070516386996,1.1402036496571133,2,35
32,0.6249011637315544,1.0093172752495967,2,33
