1,0.45072131343628863,1.2843148803710938,2,200
2,1.095312347472914,0.7287046281914962,2,38
3,0.2899885829659756,0.8121158084273339,2,200
4,0.3618562735928671,0.3182883863731966,2,118,5.048528220951602,0.18669934697994373,2,200
5,0.4655612430060163,0.18082571438456005,2,113,8.386450514698112,1.5609610303124386,2,180,0.17831481194422402,0.233939927816391,2,200
6,0.4648654231538046,1.078699579490489,2,199
7,0.13598005716418082,0.6605110632714315,2,199
8,0.5262756821578447,0.84634107142164,2,57
9,0.4357788469788371,0.6920822846889496,2,200
10,0.1558162886053843,0.6868185023963451,2,200
11,0.39895939020010696,0.5539573974907398,2,40,9.67671618710454,0.1377416273036341,2,167,0.5176018072866547,0.4958333743341041,2,200
12,0.05812052262417865,0.7268365581333637,2,200
13,1.0592922820672042,1.2396376823124133,2,76,0.08625062379489286,0.848015419417812,2,200
14,0.04809023086216879,0.8249710991575911,2,37
15,0.5548119405074795,0.5897929137167723,2,92
16,0.5724185371993793,0.7762187695503235,2,200
17,0.8610652675619273,1.1939887816184445,2,152
18,0.08426164308151313,0.9950259314026944,2,129,6.135044857238496,0.14985691050165578,2,167,0.09579936611271803,0.668490166013891,2,200
19,1.357972282894456,1.1488564302181374,2,29
20,0.16405375816760448,0.9661180227994919,2,200
21,0.5466115695053977,0.876046957373619,2,200
22,0.7007384874818076,0.5876964512467384,2,200
23,0.5620956406184096,1.1215869879722595,2,200
24,0.05098084383268602,0.5908391591369736,2,161,12.452712968400279,0.06966341726290874,2,200
25,0.2567820435965752,0.5274106330777469,2,152
26,0.5271555872725096,0.43395873337984087,2,200
27,0.8964867419536702,1.5360141800982612,2,56
28,0.5758950616640668,0.185211943089962,2,60
29,0.13864825665682476,0.4049491009928963,2,55,15.116309438981618,0.10446591900406982,2,194
30,0.3742416656422284,0.8439206215384093,2,193
31,0.4513155056578345,0.7646020208086286,2,35
32,0.4585646101252612,0.9245326820310655,2,182
33,0.4215353526627901,0.968376888678624,2,52
34,0.3084154505914604,0.8173315286636352,2,20
35,0.6502628395600644,0.9989968409409394,2,37
36,0.5564092591376372,0.19272098419341174,2,22
37,0.30014843455688817,1.3880004465579987,2,20
38,0.5633055370126325,0.5188459261467583,2,95
39,0.5996284940268252,1.097267060707777,2,78
40,0.5927565770397447,0.5327941372587874,2,37
41,0.5100304020298049,0.7525787603642259,2,56
