1,0.0619161673362871,0.809776634359971,2,78,1.5106291321161331,0.27714254879034483,2,130,0.06913369542401998,0.7816562599712803,2,192,11.596776396195999,0.4935568403452635,2,200
2,0.04822761953377439,1.0680290460586548,2,6,2.7583235087674405e-05,1.0059904881886073,2,20
3,0.1862721807729694,0.6367121304571629,2,200
4,0.7228880723165636,0.9066678559780121,2,200
5,1.302420996451644,0.8898301746078472,2,199
6,0.7077914796429978,0.7910955215359593,2,111
7,0.8017602038534608,0.4631893902271986,2,200
8,0.30083069494858455,0.946149929003282,2,22
9,0.38813544541988704,0.7442620977759361,2,200
10,0.02152980040639389,0.6376974565141341,2,102,1.0262108811454165,1.0959442853927612,2,137,0.0459019469486813,0.651580928810059,2,200
11,1.0098606488754638,0.843779933154583,2,200
12,0.6200337020214066,0.4915605737167655,2,103,0.8041487812124012,1.5790634470827438,2,137
13,0.5199281059876253,1.0758317708969116,2,38
14,1.9757984289336439,0.8352637583017349,2,200
15,0.3242698340099999,0.7525864353646403,2,92
16,1.5381098171546055,0.6635349209606648,2,200
17,0.4221051245207087,0.9650844672033864,2,62
18,0.015007821101369256,0.6296237736940384,2,20
19,0.03337013000415296,1.1294074189662933,2,200
20,0.9021651885449417,1.046160340309143,2,51
21,0.5025799252110847,1.1637411447671744,2,65
22,0.21207942982249495,0.4695670034736395,2,200
23,0.008926019459669513,0.7943063235896475,2,136,1.523889104348853,1.1526428560415904,2,160,0.0052079310417674,0.7070955689996481,2,192
24,0.38945041452249324,0.8423673917467778,2,52,0.0007988228833695171,0.8124759930830735,2,65,0.033650619194973655,0.5592137203732533,2,199
25,0.49040390588677485,1.0216625238719739,2,95
26,0.6498788322480964,0.518588491702733,2,73
27,1.033164203478351,1.03883789099899,2,51
28,0.12019594033026697,0.8109134256839752,2,200
29,1.9033252690012574,0.9647208039462566,2,200
30,0.8141105002405832,0.967127650976181,2,20
31,0.15814578749739078,0.9365124279260635,2,200
32,0.37132097158699906,1.5991063901356288,2,35
33,0.8812612960748651,0.8688483146048084,2,97
34,1.4667035597667508,0.7493119910928129,2,131
35,0.38910268545100046,0.6886125556193292,2,128
36,0.523139075319254,0.6785294124058314,2,35
37,0.20381272723493185,1.5286696622769038,2,75
38,0.500229057617538,0.806268713053535,2,34
