1,1.3864620417399665,0.2737297829985619,2,200
2,0.054600880342106674,0.9219263800492523,2,141
3,0.2413990593065548,0.6678050729632378,2,200
4,0.4540472259592306,1.258075018186827,2,37
5,0.05807372217079442,1.1073181954297153,2,11,5.323985288152345e-05,1.2244324949052598,2,20
6,0.5446410094622138,1.3574513329399958,2,27
7,0.629893583242107,0.9151891014792702,2,55
8,2.7795225923249043,0.44188168197870253,2,200
9,1.9230282436180433,0.7918522198994954,2,45,0.12349232771016778,0.6960690640634106,2,200
10,1.923263597977028,0.5287304493513975,2,66,20.75346534128729,0.21838624553004307,2,200
11,0.9339667083812383,0.5848261496195426,2,52
12,3.0625780703095884e-06,0.7687597409371407,2,31,7.316868687347393,0.14815696089395455,2,87,0.0016602765427244362,0.4917744994163513,2,93,14.198163814006334,0.10758528515696525,2,193,0.04112733949894716,0.6015296067510333,2,200
13,0.44297351116822997,0.787403127849102,2,200
14,0.4460073147999004,0.4602681006593951,2,116
15,0.42406679199169156,0.379842658305452,2,168
16,0.736277761552964,1.0815258838318207,2,91
17,0.05159690557884381,0.46111461453223496,2,89,0.696157862022313,0.8985847573388707,2,133
18,0.02488758510677118,0.3419177806185138,2,62,7.6788482104800835,0.32870638782673695,2,109,0.01932184164360645,0.37688090938788193,2,200
19,0.3478627591459062,0.9037102772295476,2,200
20,2.3112784892662503,0.7095624223351479,2,60,0.1444311620238093,1.017404638017927,2,200
21,0.5964998451745959,0.4938476397030389,2,67,5.8193088998117695,0.45361759530422385,2,200
22,0.2088875370698321,0.6714627656340599,2,200
23,0.355273986406626,0.6382886084818071,2,186
24,0.30488032844608937,0.1911769417985793,2,62
25,0.2488988779723922,0.9447485472089682,2,199
26,0.6914863939863723,1.0039119812158437,2,104
27,0.8816119584425156,0.7287422770607299,2,138,12.421520731500843,0.1175447077520432,2,200
28,0.9661188483169482,1.540830820798874,2,20
29,0.19243514040937806,1.2000623083114623,2,75
30,0.07626827319444959,0.5206507532492928,2,115
31,0.24557372154882198,0.5700575077817553,2,84,4.356935238057787,0.31164087522132644,2,200
32,0.09794852862892828,0.7287090063095093,2,20
33,0.383724685070985,0.4810621984172286,2,114,4.9575756891365,0.3614793180516272,2,180
34,0.00016425147473936923,1.0789381206035613,2,20
35,1.1073561635409073,0.7920448927839926,2,121
36,0.043242245642398584,1.6420539568548334,2,73
37,2.1077000021835013,0.951199966596394,2,82
38,0.26896015033207604,0.20262735541909932,2,80
39,1.6451596120348744,1.2750091314315797,2,20
40,0.007125829802751734,0.28762888042039647,2,43
41,7.542630555628463,0.15375625484046482,2,42
