0,0.4701593893326692,1.9,3,42
1,0.5341948021388382,1.9,3,24
2,0.007656914050792667,0.2466367158022794,2,11,0.5876948954731556,1.9,3,27,0.014738621265933421,0.13112202452288735,2,45,0.766758987137702,1.9,3,91
3,0.38970094437187164,1.9,3,11,0.015295808340501729,0.13459877826665578,2,30
4,0.4512891664056084,1.9,3,36,0.017133627514443042,1.9,3,43,0.30987125274838223,1.9,3,95,0.2006847983617949,1.9,3,102,0.14452549309885204,1.9,3,122,1.1051132394693188,1.9,3,164,0.015987812587426754,1.9,3,173,0.5737153487321441,1.9,3,180
5,0.1688909946577625,1.9,3,33,0.6952284532965206,1.9,3,93
6,0.4667917743361818,1.9,3,33
7,1.0902428422969774,1.9,3,7,0.005480835643541333,0.6718389524353875,2,16,0.3396475854089555,0.6133869513869286,2,24,0.014745941343830081,0.7233105897903442,2,38,0.7529242048430131,1.9,3,47
8,1.0262157769577354,1.9,3,17,0.016815766736909144,0.3327611207962036,2,27,1.3828724602252513,1.9,3,30
9,0.2232171820234115,1.9,3,8,0.5046881550433148,1.9,3,37
10,0.8285463482329093,1.9,3,106
11,3.845035372372495,1.9,3,3,0.1146816988775776,1.9,3,6,0.035695066218900076,1.9,3,12,0.6684931162391528,1.9,3,22
12,0.566885955381917,1.9,3,21,0.1094515385791311,1.9,3,26,1.4060324933616246,1.9,3,39,0.1191228574641526,1.9,3,43,0.6424573792263283,1.9,3,61,0.06390326350531111,1.9,3,70,1.1245842406857636,1.9,3,95,0.6417538599128066,1.9,3,114,0.017051276066566323,0.44180528322855633,2,129,0.5497400628128479,1.9,3,182
13,0.5824324410176257,1.9,3,16,0.1033976554400044,1.9,3,22,0.7723377601539443,1.9,3,57,0.07327217674260667,1.9,3,61,1.669585043807004,1.9,3,74,0.03203313464032337,1.9,3,79,0.017245478508946574,0.29690176579687333,2,88,0.4436676534741126,1.9,3,91,0.6411718533213975,1.9,3,100,0.1423081070859951,1.9,3,105,1.6513200923276943,1.9,3,109,0.052166878472460064,1.9,3,120,0.6661157030818111,1.9,3,189,0.023542736329971142,0.11252217943018133,2,200
14,4.196354446023512,1.9,3,6,0.014233592591604121,1.9,3,10,1.2802355527221152,1.9,3,27,0.04022142544087262,1.9,3,33,1.4221812231317845,1.9,3,84,0.11681518572903499,1.9,3,89,0.9586991005987086,1.9,3,99,0.01901957221481005,0.8051274418830872,2,104
15,1.8025458679635105,1.9,3,16,0.019941993896853877,0.9421661615371704,2,26,0.7481306584299634,1.9,3,35,0.030201020142635926,1.9,3,42,1.4086045556030742,1.9,3,96,0.9167041026840334,1.9,3,128,0.004162512011613735,1.9,3,134,3.148763742826511,1.9,3,165,0.009817962454504744,0.14058879017829895,2,181,0.9668066344267688,1.9,3,200
16,0.5263803736451548,1.9,3,18,0.018864634681893432,0.19721955139386027,2,37,0.36702898490547237,1.9,3,43,0.023643678378240895,0.30421245441986966,2,56,0.8583448678369577,1.9,3,72
17,0.5645899594934303,1.9,3,21,0.006605264820885443,1.9,3,30,1.3999052328036008,1.9,3,39,0.06970300419303786,1.9,3,47,0.34618837595726387,1.9,3,77,0.5411457226316669,1.9,3,106
18,0.1852071466395226,1.9,3,15,0.02954392980844667,0.09810513092411889,2,33,0.16383465030859862,1.9,3,51,1.379172800579838,1.9,3,55,0.014564005614210987,0.13359671305207646,2,72,0.6248298098637007,1.9,3,105
19,0.23563608994709725,1.9,3,38,0.23436555425001063,1.9,3,46,0.2565231997922724,1.9,3,85,0.009930144621540932,0.2295742891728878,2,105,0.3014133342735287,1.9,3,114,0.10367287533575852,1.9,3,118
20,0.5431849646855138,1.9,3,18,1.0580818884312724,1.9,3,52,0.07933471737068244,0.7717713798795428,2,59,0.11512761500351436,1.9,3,70
21,0.5631506869907243,1.9,3,19,0.012159421778174976,0.25985109535130585,2,41,1.8331887034508043,1.9,3,47,0.0234963601709793,0.7742047167959667,2,68,0.07107153192784965,0.7501808404922485,2,74,0.021114119294922316,0.8150012869583932,2,93,0.4496955058894401,1.9,3,97
22,0.2466555890262938,1.9,3,46,0.019071671716678538,0.35906760891278583,2,58
23,0.27578498198322116,1.9,3,21,1.0643294424927494,1.9,3,56,0.03376468079929266,1.9,3,64,0.9847210502683884,1.9,3,76,0.42992835997344153,1.9,3,82,0.013617330347978063,0.21854950061866216,2,96,0.682719011128854,1.9,3,134
24,0.011608573844436289,0.22784570058186848,2,15,0.6865469796437543,1.9,3,23
25,0.44933286998005423,1.9,3,9,0.01583832406361302,0.17074835747480394,2,19,0.6139921905982582,0.40794070561726886,2,22
26,0.01093021856613561,0.6432742923498154,2,8,0.18298870056411243,1.9,3,15,0.010608745221971057,0.5160842458407084,2,30,0.731707224208449,1.9,3,61,0.017787511908936973,1.9,3,66,0.5569295165546235,1.9,3,85
27,1.138709215399004,1.9,3,39,0.21399431203430191,1.9,3,96,0.9683283925981139,1.9,3,102,0.3252332796336742,1.9,3,121,0.6497358911522362,1.9,3,133
28,0.40140221643979906,1.9,3,45,0.07163336455942156,1.9,3,60,0.33566827293048956,1.9,3,65,0.018308044291674562,0.5605194717645645,2,75,0.46764902659735175,1.9,3,83
29,1.327738656453824,1.9,3,19,0.36476981505163986,1.9,3,30,0.01492912509334564,0.3845257886818477,2,44,0.3098703551502542,1.9,3,90,0.126205388252229,1.9,3,97,0.6672778953323197,1.9,3,107,0.027113927305616407,1.9,3,120,0.39203039697471903,1.9,3,198
30,0.8947961347870442,1.9,3,39,1.582454931292808,1.9,3,52,0.012560848315857756,0.3215058363146252,2,70,1.0368481038872934,1.9,3,92
31,0.6027360604053723,1.9,3,6,0.015265538357659309,0.7887475565075874,2,14,0.7278686583826023,1.9,3,20
32,0.5710581859288597,1.9,3,41,0.027805201691315163,0.8568812608718872,2,44,0.009245751807764912,0.6873941204764626,2,55,0.06805652750578005,0.7191782355308532,2,65,0.5404403610631272,1.9,3,86,0.01856964201366626,0.6090955029834401,2,97,0.6001483188458419,1.9,3,112,0.019390059380543175,0.13123007284270394,2,130,0.4539939820981272,1.9,3,154,0.1433474321550669,1.9,3,161,0.42628861142465546,1.9,3,165
33,0.4186221356834788,1.9,3,28,0.030178250684316132,0.3941482934686873,2,37,0.1462242525250146,1.9,3,44,0.03156761205471807,0.28640281715813803,2,61,0.5024315741368903,1.9,3,76,0.020553540710602797,0.08650639264479927,2,99,0.4389864344095016,1.9,3,136
34,1.8748472310056308,1.9,3,9,0.005046797321524999,1.9,3,13,2.2061642005029256,1.9,3,23,0.04201898265156002,0.4393255952745676,2,39,0.5027570439513845,1.9,3,56,0.9901955129211357,1.9,3,74,0.008067163385257335,1.9,3,79,0.6734233863144263,1.9,3,125
35,0.2965309379044898,1.9,3,11,0.025266774819108155,1.9,3,20,1.8383982319214416,1.9,3,31
36,0.7226928089177221,1.9,3,22,0.024797555626167846,0.7907266020774841,2,36,0.020388108455097923,1.9,3,42,0.8029309200404008,1.9,3,69,0.009908737567278591,0.6328328967094421,2,79,0.16511262032694124,1.9,3,87
37,2.072791367564271,1.9,3,16,0.396448422488377,1.9,3,26,0.01366313778191253,1.9,3,33,1.3834956256197568,1.9,3,47,0.015982601255064288,0.16869757324457169,2,59
38,1.4837513504754538,1.9,3,6,0.10641547996944455,1.9,3,10,0.5199995623129967,1.9,3,35,0.04278593680899142,0.4645826319853465,2,38,0.014646535781808311,0.2656998969614506,2,54,0.6648584344637066,1.9,3,77,0.013529388664727682,0.24715649386247,2,92,0.49244606089350207,1.9,3,117,0.019538619372366523,0.9866108198960623,2,129,1.2952423845142635,1.9,3,135,0.5061214272687868,1.9,3,183,0.015202474914852476,0.2176307812333107,2,197,0.299709825941365,0.4656345893939336,2,200
39,1.9818389452583731,1.9,3,50,0.007017021396277525,0.3389633297920227,2,63,0.6136965209137833,1.9,3,74
40,1.154502794006734,1.9,3,30
41,3.2323831005551242,1.9,3,29,1.2844171707632361,1.9,3,65,0.021690876929240755,0.7946492433547974,2,86,0.7441549345804661,1.9,3,136,0.020137336604678903,0.3480156340769359,2,150,0.026100521070238542,0.8287283405661583,2,158,0.5187934246388713,1.9,3,169,0.004001433736115925,0.3645848563084236,2,182,2.5965921505859875,1.9,3,200
42,0.423870293657714,1.9,3,5,0.05802517862030686,1.9,3,16,1.6829953692844979,1.9,3,20
43,4.483850501952895,1.9,3,3,0.02005205578138759,0.45855296552181246,2,13,0.8351458007912876,1.9,3,33
44,0.0456390067480262,0.7543261992303949,2,19,0.4979379871457173,1.9,3,22,0.033090773764037455,0.9422665098134209,2,39,0.8719310593765779,1.9,3,46,0.017138978237830997,1.9,3,52,0.4764416503297393,1.9,3,70,0.012272215629088215,0.9605903849005699,2,78,0.5379916077292477,1.9,3,99
45,0.703903115939309,1.9,3,17,0.014128957421977187,0.18370368847480187,2,30,0.265648345485738,1.9,3,38
46,0.7291710356784358,1.9,3,40
47,0.7682173508658376,1.9,3,43,0.011487420174732787,1.9,3,49,0.32283933442315604,1.9,3,52,0.0416358513362916,1.9,3,57,0.7587593798250488,1.9,3,72,0.45031210906295,1.9,3,147
48,0.23386604650921752,1.9,3,10,0.014653697388376947,0.4398023958007495,2,22,0.5103165605350197,1.9,3,35,0.009231602067882478,1.9,3,38,0.010200460661381831,1.9,3,46,0.4844308942252395,1.9,3,52,0.00695377038574468,0.6499153623978297,2,64,0.7584386140661687,1.9,3,79,0.004564421214478143,1.9,3,86,0.991917105246756,1.9,3,97
49,0.5354957105961075,1.9,3,38,0.015501296696468039,0.6705900247280414,2,51,0.19315982589102332,1.9,3,58,0.039021485243537116,1.9,3,70,0.7285743879198315,1.9,3,82,0.043774299533306714,1.9,3,91,0.2842328761984096,1.9,3,100,0.02821141372525033,1.9,3,106,0.48240710784066476,1.9,3,132
