0,0.4263240508848916,1.9,3,30,0.07469907640497706,0.9499360152653286,2,37
1,0.5689501253303871,1.9,3,8,0.0572019644190519,1.9,3,16,0.5427352904543539,1.9,3,46,0.08447139219208293,1.9,3,52,0.01312848922294721,0.3131644236189978,2,66,0.5515775935992027,1.9,3,91
2,1.110363312810254,1.9,3,45
3,0.9812918207401818,1.9,3,19,0.011789811401921032,0.19834128157659012,2,30,1.1111578170410217,1.9,3,48,0.02592890116241837,0.2977313314165388,2,62,0.3172916160039131,1.9,3,83
4,0.9553396078354977,1.9,3,32
5,2.090959396660705,1.9,3,11,0.3542667218795867,1.9,3,14,0.019034469495072214,0.9937430381774902,2,24
6,0.8178166641211143,1.9,3,32,0.02244631490337598,1.9,3,40,0.05471129511100022,0.6540658368783838,2,57,0.9346348718224055,1.9,3,79,0.018163404673028842,1.9,3,84,0.10916835861372144,1.9,3,87,0.011318337328279906,0.48405381185667856,2,101,0.5259404685558862,1.9,3,105,2.05125672881826,1.9,3,111,0.015602117393513953,1.9,3,117,0.5891593438833753,1.9,3,127
7,0.48644948850996617,1.9,3,24
8,0.655647303935192,1.9,3,60,0.1788473645386941,1.9,3,77,0.7706523187430919,1.9,3,200
9,0.3772282194727913,1.9,3,26,0.019005193080784185,0.08491665509439283,2,57,0.5369005439825086,1.9,3,95
10,1.0541982943204578,1.9,3,23,0.022772529379838827,0.2663219642071497,2,44,0.2789690348313807,0.5530489683151245,2,47,0.01899169989635949,0.15294938150680426,2,80,0.33661582789480804,1.9,3,105,0.13280814521184803,1.9,3,110,3.3391638640152954,1.9,3,113,0.011886750774121173,0.2222600022951762,2,128,0.82850147454336,1.9,3,137
11,0.4448138182316852,1.9,3,13,0.015204961284419909,0.1698806095454428,2,31
12,0.9615473716751709,1.9,3,23,0.5725460174299648,1.9,3,41
13,0.22202346401421025,1.9,3,34,0.002889246066172364,0.42836077362298963,2,44,0.37427941184155356,1.9,3,103,0.4222899828442794,1.9,3,114,0.4273870603929414,1.9,3,189
14,0.5381733427077249,1.9,3,16,0.025639979019857036,1.9,3,24,0.4310300829326432,1.9,3,62,0.018260367882311505,1.9,3,70,0.5141669921461558,1.9,3,105
15,0.35026561715360227,1.9,3,9,0.01914066830763559,0.1506594680249691,2,25,2.8281261932559456,1.9,3,33
16,0.817825503952771,1.9,3,23,0.013946173580229721,0.650267043709755,2,43,1.1051544181027935,1.9,3,48,0.0160664461246819,0.3898597190777461,2,63,0.6451989177260147,1.9,3,129
17,0.7125568915732038,1.9,3,26,0.019910488779102162,0.1074260709186395,2,38,0.7859277765042574,1.9,3,101,0.013574719535321179,0.4032916843891144,2,106
18,0.2797380606936663,1.9,3,12,0.33593313283795506,1.9,3,70
19,0.739207788915616,1.9,3,10,0.03517060797008022,0.3254564628005028,2,22,0.509134688081521,1.9,3,74,0.05856128979644565,1.9,3,84,0.6559491804527968,1.9,3,111
20,0.6876422933992625,1.9,3,81,0.4698053259312525,1.9,3,89
21,0.2932679360394705,1.9,3,12,0.1802601859629578,0.49526925881703693,2,27,0.2751460936626509,1.9,3,51
22,0.5340876825668897,1.9,3,44
23,0.7587841367068425,1.9,3,28,0.1956990674585317,1.9,3,39,0.6895761812233054,1.9,3,62,0.042602227141747266,1.9,3,76,0.28788440077510696,1.9,3,102
24,0.25030349280953806,0.8217149873574575,2,3,0.016998503313342572,0.4986413229595531,2,14,1.8494854495297248,1.9,3,19,0.00943269838381521,0.4213938794352792,2,30,2.6997379379251285,1.9,3,43,0.19004864480335223,1.9,3,48,2.213559084347925,1.9,3,68,0.8694093354599699,1.9,3,91,0.022170485355096088,0.45530492755082935,2,104,0.07884503162903346,0.6419883370399475,2,107,0.1633243474565271,1.9,3,113,0.03590572640099327,1.9,3,123,0.7781316420211852,1.9,3,177
25,0.31394547559520014,1.9,3,14,0.0648122192224462,1.9,3,20,1.4206771013038373,1.9,3,24,0.29026736517999435,1.9,3,51,0.02688353470360519,1.9,3,56,1.4516738346871059,1.9,3,59
26,0.5804638347490748,1.9,3,23
27,0.2891166439262453,1.9,3,9,0.0086584711639602,1.9,3,17,2.9349175489923742,1.9,3,20
28,0.34212793711905526,1.9,3,3,0.017031553286612832,0.32755038926475927,2,22
29,1.8678895968590281,1.9,3,5,0.018642853789532562,0.26176190056971144,2,19,0.4530427725094215,1.9,3,105,0.16146649542887165,1.9,3,118,0.696224250757085,1.9,3,125,0.09512347415597902,1.9,3,134,0.024019548681257392,1.9,3,141,0.3726837840400411,1.9,3,190
30,0.5658090789275055,1.9,3,4,0.016898181420240212,0.9407200054688887,2,15,0.7296802325260896,1.9,3,19,0.01249200130173643,1.9,3,26,0.4512900580423165,1.9,3,42,0.028095963383437342,0.9117416387254541,2,64,0.6637252979188301,1.9,3,95,0.012090215952411396,0.19488145783543587,2,107,0.5377047072325628,1.9,3,117,0.025389207117382063,1.9,3,125,0.8010795615000602,1.9,3,148
31,0.7468975416856946,1.9,3,20
32,0.6769256102222525,1.9,3,9,0.1449545807925813,1.9,3,54,0.3375863972873193,1.9,3,78
33,0.46948278761062434,1.9,3,97,0.010190307142867125,0.4137131745616595,2,109,0.9638089609832455,1.9,3,113,0.01513815762001348,0.7056908110777537,2,119
34,0.4781130988562149,1.9,3,42,0.007276555070221551,0.11620933686693509,2,54,0.34986043752799423,1.9,3,123,0.20458087480130033,1.9,3,141,0.015181990152000441,0.4585846151624407,2,162,0.4470237841556759,1.9,3,175
35,0.5815272990212231,1.9,3,34,0.00562167588365858,0.5792323323813352,2,45,0.5234421144992221,1.9,3,93
36,0.44224687669939966,1.9,3,13,0.06940659318517006,0.8906981386244297,2,29
37,0.01047526303074906,0.44391195476055145,2,8,0.6941666892300975,1.9,3,11,0.01982231199019215,0.4704793930053711,2,21,0.5486250430132866,1.9,3,42,0.019214219987917627,1.9,3,49,1.2060288705753366,1.9,3,71,0.05978998529101089,1.9,3,76,0.9033924658436638,1.9,3,90,0.4123216586381963,1.9,3,98,1.1018673988956913,1.9,3,120
38,0.3816124431426954,1.9,3,26,0.07392194425065347,1.9,3,32,0.03671879155561804,0.26461661810224707,2,43,0.7041325408255072,1.9,3,59
39,0.7149808594189878,1.9,3,72,0.03114197521251799,1.9,3,90,1.139694411874063,1.9,3,108
40,0.3661761602644813,1.9,3,19,0.12706368679115662,1.9,3,27,0.33984650468244443,1.9,3,111,0.005495614440857536,1.9,3,118,1.0994479386361906,1.9,3,139,0.00429256454904214,1.9,3,143,1.8741065089975375,1.9,3,153,0.06496004862576625,1.9,3,158,1.0832393828614792,1.9,3,175,0.0042141403634726494,0.7078397803836398,2,184,0.58284927547058,1.9,3,200
41,0.45545671469445526,1.9,3,6,0.01362750131183069,0.29739390313625336,2,18,2.9772441303611545,1.9,3,21,0.19827751940003882,1.9,3,24,1.4419178598708557,1.9,3,43,0.04124450882642135,0.6353839983542761,2,55,0.8801366117301972,1.9,3,61,0.003971762217332314,1.9,3,66,0.5683443263791348,1.9,3,81,0.039881295873931896,1.9,3,87,0.5175690176584099,1.9,3,97
42,3.200533461054297,1.9,3,11,0.054836701791132494,0.3209634910930287,2,22,2.185609743780974,1.9,3,42,0.05693575850867137,1.9,3,48,2.4689214619106887,1.9,3,51,0.01251312281550204,1.9,3,55
43,1.1690432206691876,1.9,3,13,0.1734193366689956,1.9,3,17,1.605563213415419,1.9,3,58,0.018566216169324575,1.9,3,65,0.9370624689621184,1.9,3,74
44,0.08012813050184243,1.9,3,3,0.0223794097542864,1.9,3,7,1.768282487845218,1.9,3,30,0.02464719504237901,1.9,3,38,0.9363599179692811,1.9,3,58
45,0.29416915464492344,1.9,3,30
46,0.23392415525169655,1.9,3,3,0.006408078255662846,1.9,3,6,1.193574999279787,1.9,3,22,0.03410239757911181,1.9,3,36,0.2823809460534751,1.9,3,46
47,0.016464693418041545,1.9,3,3,1.841332050568176,1.9,3,21
48,0.16993130915023755,0.9700703471899033,2,8,0.005488559246574361,0.9714002694402423,2,15,0.9908862313125051,1.9,3,37,0.019872169999633902,1.9,3,44,1.5500161144732363,1.9,3,54,0.02676569475265306,1.9,3,59,0.770644195522269,1.9,3,70,0.02001758349177776,0.8837890128294627,2,76,0.1093300066965728,0.8766222170421055,2,83,0.4293537934940987,1.9,3,88,2.0278821895195462,1.9,3,98,0.06457268503104222,1.9,3,103,0.019692413309064464,0.32502403740699476,2,116,0.2372300185256331,1.9,3,131,0.5185325116768237,1.9,3,152,0.017142121172333446,0.24923394964291498,2,165,0.5267939675048933,1.9,3,196
49,0.2358577555278677,1.9,3,8,0.015859248179000845,1.9,3,19,0.8767890841422746,1.9,3,25
50,0.5165084007936771,1.9,3,54
51,0.569702898453443,1.9,3,26,1.0930068796722148,1.9,3,40,0.522744459183881,1.9,3,76
52,1.283686322446859,1.9,3,11,0.03370787311752521,1.9,3,18,0.31600889008211497,1.9,3,28
53,0.5154402289802389,1.9,3,23
54,0.4957905116737838,1.9,3,23
55,0.44771773864218667,1.9,3,37,0.05345919590336903,1.9,3,44,0.617692935756343,1.9,3,60,0.0186638382272314,0.6184128870566686,2,66,0.0177700163188339,0.15892588198184968,2,76,0.45376554520615403,1.9,3,87,0.02150448902472001,0.1839437484741211,2,99,0.06286951336660257,0.264573613802592,2,102,0.6656939273830854,1.9,3,115,0.04976429566540561,1.9,3,123,0.49167707804409855,1.9,3,153,0.018325266277283436,0.07178816000620523,2,168
56,0.35196747992671906,1.9,3,24,0.017987103210865517,0.20663936649050033,2,38,0.5903226546070065,1.9,3,76,0.24749036565130642,1.9,3,92,0.043705463013199664,0.666088342666626,2,101,0.0148994313109771,0.6598326683044433,2,116,0.4921383680549095,1.9,3,134
57,1.255945818092315,1.9,3,10,0.2985386060636324,1.9,3,14,0.7749834862137093,1.9,3,57
58,0.8960590863880572,1.9,3,5,0.019980073045957912,1.9,3,14,0.6398620505682279,1.9,3,44,0.01382212995394575,0.2829668273528417,2,62,0.4307863556575357,1.9,3,75,0.012849295318997436,0.37790936657360624,2,89,0.836392364677094,1.9,3,131
59,0.3154568976819828,1.9,3,29,0.018960796072867506,0.19224474885884454,2,46,0.7157194204871098,1.9,3,53
60,0.3102111197646549,1.9,3,12,0.6014675413480606,1.9,3,37
61,1.1113612010205873,1.9,3,12,0.08718147327701757,1.9,3,15,0.2694534697716044,1.9,3,34,2.457726985510054,1.9,3,39,0.48952844639597026,1.9,3,78,0.041492221882853876,1.9,3,84,0.7447170025594159,1.9,3,88,0.01968506521844319,1.9,3,93
62,0.4677248147476724,1.9,3,48,0.11240851416017598,1.9,3,59,0.368825730210897,1.9,3,68,0.02547306557909016,0.6260218182030846,2,85,0.10634019609591944,0.9386103550593058,2,88,0.5331926936955366,1.9,3,123,0.10132175155060848,0.7805307019840587,2,156,0.018939309220252856,1.9,3,161,0.24495975355520913,1.9,3,193
63,0.8399312647749794,1.9,3,34,0.007916936052777974,0.20232262243242824,2,51,0.27386950852436626,1.9,3,74,0.8097840637464931,1.9,3,80,0.023893489250433997,0.294365447301131,2,93,0.14856087024363546,1.9,3,105,0.006726134801573682,1.9,3,112,0.19882632714787535,1.9,3,125,0.04034751072980859,1.9,3,130,0.5499444783918473,1.9,3,138,0.02785070266111452,1.9,3,145,0.38615269597221447,1.9,3,152,0.017868446181169714,1.9,3,160,0.4882680287815104,1.9,3,185,0.06736634280013863,1.9,3,188,0.25804007269098245,1.9,3,200
