0,0.7778909639626553,1.9,3,6,0.026022550260768416,0.9482352808117867,2,14,0.6861966522444193,1.9,3,26
1,0.39041980182574654,1.9,3,38
2,0.4013893145628788,1.9,3,80,0.5807575259860644,1.9,3,88,0.011756338012652977,1.9,3,93,1.4186356247681193,1.9,3,97,0.009873986313219642,0.12195091259976228,2,121,0.20233953085530804,0.4694041907787323,2,124,0.3417797610911113,1.9,3,133,0.010455477909096622,1.9,3,143,0.3696558262647768,1.9,3,177,0.6070480149680397,1.9,3,200
3,0.027110491364222007,0.1637106547753016,2,15,0.011441651913555468,0.13768338182797799,2,41,0.34361151263008816,1.9,3,51
4,0.4880560916485537,1.9,3,8,0.07052914363214051,1.9,3,15,0.34809429988157414,1.9,3,23,0.0018246955563794348,1.9,3,28,0.38708297500593036,1.9,3,50
5,0.6867327388015665,1.9,3,22,0.05307628092555398,1.9,3,26,0.1597824111549209,1.9,3,40
6,0.16659241673228667,1.9,3,48,0.27034110993068694,1.9,3,97,0.9163512408050631,1.9,3,115,0.37097720069064294,1.9,3,157
7,0.7917781783404834,1.9,3,33,0.0614908054273417,1.9,3,38,0.19744025885684552,1.9,3,42,0.01709087679430742,1.9,3,48,0.8172401614623329,1.9,3,65,0.05356076220362532,1.9,3,71,0.7007081931782739,1.9,3,74
8,0.10737560509493768,0.47879692912101746,2,6,0.009402798085687506,0.2072452860219138,2,27,0.46066013872038464,0.728473350405693,2,31,0.017383473744931047,0.15809583056856086,2,58,0.5347802106382116,1.9,3,96,0.03318738701305689,0.783245735698276,2,105,0.1323285448950008,1.9,3,108,0.49628933329456015,1.9,3,134
9,0.5948023687933263,1.9,3,20
10,1.424803202183994,1.9,3,9,0.06243787821928772,1.9,3,19,0.3912161678118295,1.9,3,24,0.038186934600301564,1.9,3,32,0.5891490381217562,1.9,3,87,0.11187828389304769,1.9,3,91,1.8322798142772538,1.9,3,160
11,0.976201048313052,1.9,3,22,1.929943504430186,1.9,3,47,0.01841049822888261,0.2444787988295922,2,60,0.76872704330791,1.9,3,78,0.022759041028621745,0.29380056924290127,2,87,0.899586421827255,1.9,3,90,0.0255775365806969,1.9,3,98,1.3582068168329344,1.9,3,126,0.010030847402018577,0.32457185834646224,2,136,1.679362327187958,1.9,3,143,0.013867211003270038,0.4824966758489609,2,153,0.9253155938262421,1.9,3,169
12,0.08872802416530567,1.9,3,3,0.013868647995332306,1.9,3,8,1.125016981381933,1.9,3,18,0.3668075478054603,1.9,3,21,2.2515167294058758,1.9,3,31,0.7408936101910497,1.9,3,48,0.002850166765624355,1.9,3,53,0.8938330825595168,1.9,3,94,0.03943625489796963,1.9,3,101,0.8406550770263715,1.9,3,110,0.011479010129149559,0.27583845669314977,2,131,0.4537215305417253,1.9,3,174,0.021678686836753096,0.2853876296430826,2,182
13,0.4373893557287342,1.9,3,13,0.013258155861892454,0.8156179400051341,2,30,0.45813126151243544,1.9,3,36,0.011172371716954555,0.5935752712763273,2,49,0.3244048946265287,1.9,3,59
14,0.21872934290369433,1.9,3,32,0.017207163734124366,0.24394895824102256,2,45,0.23384567499460934,1.9,3,72,0.11302199065793417,1.9,3,78,1.5540985861262446,1.9,3,91
15,2.0836500525005985,1.9,3,9,0.04593522049213625,0.749993646144867,2,19,3.656517052284824,1.9,3,24
16,1.6889445125168365,1.9,3,15,0.03046837463871036,1.9,3,20,0.45560038665070807,1.9,3,78,0.0150636713489424,0.14734976645559072,2,94,0.739185515376682,1.9,3,98
17,0.2780172288100206,0.7483945786952972,2,3,0.029629455176798335,0.29469989985227585,2,15,1.0173983955907437,1.9,3,19,1.1485933942265039,1.9,3,23,2.324204325016123,1.9,3,46
18,0.5079916921410887,1.9,3,22
19,0.7235683928776349,1.9,3,37,0.015653552119379414,0.13203416764736176,2,62,0.47277157458471264,1.9,3,76,0.05984870900417743,1.9,3,82,1.1066036798463312,1.9,3,98,0.015589825771138918,0.0450306236743927,2,110,0.9982333445232657,1.9,3,141,0.3598256987654574,1.9,3,154,0.7229083284984524,1.9,3,173
20,0.3105641452002755,1.9,3,57,0.08588468052332916,1.9,3,65,0.7592257581178739,1.9,3,76
21,0.5241208626222262,1.9,3,7,0.013455202847276951,0.2200281156433953,2,25,2.6998247134017643,1.9,3,30
22,0.6227386093640469,1.9,3,47,0.017308961538598656,1.9,3,55,0.7783824443116305,1.9,3,82,0.014809659632255416,0.7806498765945434,2,92,0.3617675086471241,1.9,3,113
23,0.4489531414204033,1.9,3,10,0.03006766859912737,1.9,3,17,0.687924368100314,1.9,3,21
24,0.387150467289324,1.9,3,11,0.14283147173629485,1.9,3,16,0.5487727629622151,1.9,3,56,0.06638485471765364,1.9,3,62,0.8333929179403452,1.9,3,103,0.030952448732927455,0.7889216740926107,2,112,0.8072466386121933,1.9,3,133
25,0.187299994739566,1.9,3,22,0.40938934834183177,1.9,3,37,0.22399916306402148,1.9,3,67,0.11600095792750309,1.9,3,76,2.1134812225910036,1.9,3,80,0.02721390258450205,1.9,3,100,2.46252732590462,1.9,3,109,0.01753460486552603,1.9,3,114,0.41134250692163216,1.9,3,145,0.010420113418819604,0.2207088495294253,2,163,0.35853725261142566,1.9,3,171
26,0.5332056928235221,1.9,3,13,1.6249779496941443,1.9,3,16,0.028760698560964356,1.9,3,23,1.3976980851448246,1.9,3,29
27,0.14065536600299394,0.7804854313532511,2,3,0.017116359499971878,0.5056587040424347,2,18,0.4467835733782566,1.9,3,28,0.017530393420713025,0.144904636992858,2,54,0.5017136802565703,1.9,3,70,0.02894984827469016,0.9280115365982056,2,79,0.35301195613510883,1.9,3,91,0.018365780784440736,0.19232839345932007,2,109,0.1367763352516052,1.9,3,122,0.020322719776326405,1.9,3,128,1.4470479259869398,1.9,3,136,0.015304925919906941,1.9,3,144,0.4382135314463243,1.9,3,155,0.08214669975157238,1.9,3,162,1.8878031836117812,1.9,3,167
28,0.5969219157037041,1.9,3,20,0.11406951274096878,1.9,3,24,0.5795684031411401,1.9,3,52,0.014498997390239684,0.1599120795726776,2,70,1.682558526805169,1.9,3,85,0.013293917709246577,1.9,3,92,1.3775711975651503,1.9,3,116,0.007147931234598452,0.39521267637610435,2,128,3.0408899230216426,1.9,3,136,0.030610458855505576,1.9,3,152,0.045352484607897654,1.9,3,161
29,0.3857291703607046,1.9,3,14,0.06957244518734691,1.9,3,19,0.4465831932774679,1.9,3,43
30,0.5377541997285853,1.9,3,5,0.0019665582031552654,1.9,3,13,2.5766590093240476,1.9,3,20,0.09324816510400463,1.9,3,29,3.990343672810904,1.9,3,67,2.2631225913420527,1.9,3,94,4.463648731733526,1.9,3,105,0.013726582564071162,0.3008819425647909,2,116,2.140505104641481,1.9,3,153
31,0.0778861518533727,1.9,3,50,0.2373621434428412,1.9,3,64,0.01649323334173313,0.5175097167491913,2,74,0.6836132793588704,1.9,3,77
32,0.6626945058267918,1.9,3,8,0.004626731311933072,1.9,3,15,0.0922381710707102,1.9,3,35,0.7144656862372334,1.9,3,39,0.02662578207127619,1.9,3,48,0.5564216229708293,1.9,3,62
33,1.0637298220254519,1.9,3,17,0.024252956022718618,0.6109114547570547,2,47,0.42895698116530223,1.9,3,98
34,0.29109881221372597,1.9,3,12,0.02461776826190701,0.39704855978488923,2,22,0.3183238302245043,1.9,3,49,0.012814333090726597,0.12402899116277695,2,69,0.2140599167701407,1.9,3,72,0.02023163332606655,0.18096168474717575,2,83,0.4404205935204166,1.9,3,93
35,0.02233993032545477,1.9,3,5,0.4194281240156806,1.9,3,49,0.03588649806297581,1.9,3,59,0.07811027779167834,1.9,3,67,0.2112282545857305,1.9,3,75,0.48969519044131693,1.9,3,86
36,1.341630791408774,1.9,3,7,0.014917656583453273,1.9,3,14,1.098066244744784,1.9,3,18,0.03563174319437538,1.9,3,25,0.7627725980461402,1.9,3,46
37,0.4734721559018428,1.9,3,3,0.08683634681315273,1.9,3,10,1.3579023294227757,1.9,3,19,0.01668633335719511,0.20351658678717083,2,37,0.5819282284955798,1.9,3,47
38,0.6064822036065498,1.9,3,24
39,0.5731480088420425,1.9,3,8,0.019364877247418186,0.5461200539554868,2,22,0.5037861641182046,1.9,3,50
40,0.49317369336046146,1.9,3,37
41,2.416864777333986,1.9,3,8,0.3104281204157658,1.9,3,17,1.5662230594220787,1.9,3,32,0.03754369254048728,1.9,3,43,0.04760558963211195,1.9,3,52,0.26159079004163394,1.9,3,76,0.04484386124033595,1.9,3,81,0.6377613836159205,1.9,3,94,0.32574719536859204,1.9,3,147
42,0.9945463886337966,1.9,3,20
43,0.7766602258053317,1.9,3,20,0.019483093912063657,0.14587683147854275,2,29,1.52949192911182,1.9,3,37,0.015226193531927546,1.9,3,46,0.41413305975720044,1.9,3,124
44,0.22493215139740885,1.9,3,22,0.561407191365292,1.9,3,53,0.06096893529724526,1.9,3,61,0.4459147104152411,1.9,3,101,0.03230558294515117,1.9,3,108,0.6390916527478229,1.9,3,117,0.06947264382875053,1.9,3,122,0.38927971111356424,1.9,3,152,0.8619712508968322,1.9,3,169,0.0041458311175012605,1.9,3,175,0.8888240950127876,1.9,3,200
45,1.280559080578048,1.9,3,4,0.1423541531082464,1.9,3,19,0.027140044693561103,1.9,3,25,2.9061765608114722,1.9,3,30
46,1.0853313586893971,1.9,3,8,0.013359183241749702,0.18375293662150702,2,20,0.8782237338317116,1.9,3,25,0.027616612697235393,1.9,3,33,0.8849216629668497,1.9,3,68,0.019605848290665074,0.9762545228004456,2,76,1.7369173519990704,1.9,3,84
47,0.5922056486357887,1.9,3,17,0.35037341597099475,1.9,3,131,0.030261800804323034,1.9,3,141,0.49061717966721624,1.9,3,149
48,0.07447420057361756,1.9,3,4,0.44873127633055315,1.9,3,10,0.02983466280158813,1.9,3,20,0.3181145441182654,1.9,3,31
49,0.4018716719529017,1.9,3,4,0.0276928639193986,0.637209865781996,2,13,0.09085392406728457,0.8590442736943563,2,16,0.01360647476827332,0.1568424142897129,2,28
50,1.4479287790828723,1.9,3,3,0.039295895899827994,1.9,3,22,0.8493319987199344,1.9,3,54,0.00809996154199708,1.9,3,59,1.010332514246333,1.9,3,100,0.04454148882655765,1.9,3,108,0.22350780603827594,1.9,3,111,0.8058659877801302,1.9,3,158,0.0151367204279638,0.37405640217992997,2,167,0.09963490165820399,0.4988380968570709,2,170,0.012492287987531669,1.9,3,178,1.9676931652915932,1.9,3,192,0.004613304511707653,1.9,3,197,0.6002726485614108,1.9,3,200
51,0.01686274714113081,0.19195003168923513,2,14,0.7562684490859808,1.9,3,21
52,0.3990551381405138,1.9,3,21,0.051314326780312655,1.9,3,27,0.5405884074406119,1.9,3,67,0.029430638647553173,1.9,3,72,0.4693002717194435,1.9,3,77,0.05552523676717944,1.9,3,84,0.9660106719698474,1.9,3,88,0.01245036538371739,0.9172594428062439,2,98,1.4261491382587292,1.9,3,106
53,0.4088965489934929,1.9,3,33,0.904546503006931,1.9,3,41
54,0.4512408597307313,1.9,3,21,0.14543014107770016,1.9,3,28,0.35501651198961814,1.9,3,45
55,0.5752612266774271,1.9,3,14,0.008834093698828798,0.1658981849749883,2,29,0.5369661261198452,1.9,3,53
