0,1.4703953529020914,1.9,3,8,0.04730256020403863,1.9,3,12,2.3198297001020416,1.9,3,15,0.02203688028465471,0.2976319326294793,2,33,0.1723194467459969,1.9,3,39,1.0019804561981756,1.9,3,45,0.08478490934155851,0.869637742638588,2,49,0.02918566118374083,0.6307152541060197,2,68,0.6162028869906236,1.9,3,81,0.02819455788003006,0.2678578134093966,2,95,0.6280982163534495,1.9,3,103,0.026307297601523068,0.48280521896150375,2,112
1,1.4650044937069526,1.9,3,7,0.582032992293426,1.9,3,28
2,0.12307563021517297,1.9,3,30
3,0.38054383100937933,1.9,3,51
4,0.7240482036327913,1.9,3,23,0.026592501482590458,0.09298240393400192,2,37,0.6491733445254741,1.9,3,46,0.017925833020048167,1.9,3,54,0.6865151516880953,1.9,3,75
5,1.0724410628324803,1.9,3,31,0.011136098647557161,1.9,3,36,0.7890934539363981,1.9,3,75,0.013700974500701997,0.41457478143274784,2,91,0.9531729318407067,1.9,3,103,0.09774481084862886,1.9,3,109,0.017456577797337485,0.8451013101471795,2,118,0.8202597092077921,1.9,3,163,0.020423150993914195,1.9,3,169,0.8624285843098833,1.9,3,189,0.039150405613344486,0.21610811352729797,2,200
6,0.09036529468175697,1.9,3,4,1.0336729959482884,1.9,3,8,0.018035180080198072,1.9,3,14,0.23097348928880637,1.9,3,41,0.013290566747895617,0.2788654292623202,2,59,1.5933635457453363,1.9,3,78
7,0.5095995661751684,1.9,3,28,0.019359110663728862,0.3076354441317645,2,39,0.7367265617321123,1.9,3,75
8,0.8326933019387475,1.9,3,79,0.010775341084927127,1.9,3,85,0.9472577414613209,1.9,3,103,0.08544065468155045,1.9,3,115,0.024768904119989894,1.9,3,121,0.8500238819322445,1.9,3,142,0.04496734174327829,0.7453950226306916,2,152,0.09549685118034075,0.798680497540368,2,161
9,0.39038785162172085,1.9,3,52
10,0.3385598543507864,1.9,3,14,0.9447723470701654,1.9,3,22
11,0.6408369804013949,1.9,3,34
12,0.867124840539388,1.9,3,27,0.03460202584201873,1.9,3,35,0.7466334255286433,1.9,3,51,0.03271691686639084,1.9,3,59,0.8257074918884936,1.9,3,90
13,0.3897565071094157,1.9,3,35
14,0.5377611770147342,1.9,3,40,0.8709843583978144,1.9,3,64,0.4417232159152033,1.9,3,105
15,0.2762062608562115,1.9,3,41,0.9759321333472557,1.9,3,64,0.04982852282233147,0.6943162842230364,2,75,0.010517225128970353,0.8958558307753669,2,84,0.9173256803338615,1.9,3,124
16,2.1036787520076987,1.9,3,8,0.021489052954723534,0.835758101940155,2,18,2.1106881765406307,1.9,3,25,0.017648188664203344,1.9,3,29,0.542083090759425,1.9,3,42
17,0.4988748375857786,1.9,3,63,0.07046897782183133,1.9,3,70,0.5322814928416741,1.9,3,117
18,0.4140655131416139,1.9,3,34
19,1.5563754133010974,1.9,3,9,0.003487703050439757,1.9,3,14,0.5842417614011787,1.9,3,23,0.019744448613428677,0.5479755811393261,2,31,1.024862110010949,1.9,3,43,0.018825823486673783,0.29599208452484826,2,65,0.7429717045501184,1.9,3,129,0.022756517431812853,0.19092699778931482,2,143,1.1173063225922617,1.9,3,153
20,0.021684199503378014,1.9,3,6,0.4228255113777342,1.9,3,44,0.008854485144129084,1.9,3,52,0.3608661833590318,1.9,3,78,2.062179117359866,1.9,3,83
21,1.2156972788399592,1.9,3,40,0.02504544360356225,0.4957459568977356,2,54,0.34462642382514025,1.9,3,57,1.7615426095615823,1.9,3,71,0.029507567582784198,1.9,3,77,3.3647991148460656,1.9,3,80,0.0017511499098364484,1.9,3,86,1.091350253819642,1.9,3,101,0.22525535835525448,1.9,3,114,0.09680845412307426,1.9,3,142,0.240856353300545,1.9,3,156
22,0.3141718253658181,1.9,3,21,0.16676556045372812,1.9,3,27,0.02540088590134198,0.4742184927066167,2,39,2.550272591733152,1.9,3,52,0.02662448200234123,1.9,3,57,0.7119092673036117,1.9,3,66,0.07803257032274126,1.9,3,73,1.06419051204774,1.9,3,80,0.020742665474505522,0.28473345935344696,2,98,0.4125852604984212,1.9,3,107,0.022741992956798858,0.13269846762220064,2,119,0.34298813376305337,1.9,3,139
23,0.3290331949168474,1.9,3,29,0.7337982715964017,1.9,3,41
24,1.249917789520203,1.9,3,6,0.1694715145352385,1.9,3,10,0.4955281846936925,1.9,3,25
25,1.0949753909259952,1.9,3,26,0.038903349949177504,1.9,3,32,0.3761350905478883,1.9,3,59,0.015091503694760991,0.3450681957460585,2,80,0.7656452080315624,1.9,3,97,0.0655255388621045,1.9,3,101,0.3754216086692853,1.9,3,114,1.9255862898303389,1.9,3,117
26,0.020759919771658877,0.14865997657179833,2,20,0.40977707023021354,1.9,3,34,0.8352828616461961,1.9,3,43,2.068009398615077,1.9,3,71,0.01057754380067598,0.6598626762628556,2,81,0.6704356465021262,1.9,3,115,0.030545623381336765,1.9,3,126,0.5230522066542884,1.9,3,155,0.06053179524556496,1.9,3,165,1.070295122734373,1.9,3,192,2.8854786618702257,1.9,3,200
27,0.009983972323187037,0.1928477378991934,2,13,0.32679662485116706,1.9,3,29
28,0.5874085115740286,1.9,3,3,0.04849560742386913,1.9,3,9,0.413349565806655,1.9,3,21,0.010971477299157185,0.2965450659394264,2,35,0.3795921408276587,1.9,3,61,0.0137321854030608,0.09143840302439298,2,78,0.5309287702278572,1.9,3,90
29,0.44082914612190904,1.9,3,6,0.055602483881974314,0.9445790137563433,2,20,0.018997476029805855,1.9,3,30,0.4248197542111333,1.9,3,37,0.01474461559925128,0.24935744232253024,2,56,1.7918387706241101,1.9,3,61,0.016883845678786466,0.2146742232143879,2,77,0.340778540008036,1.9,3,80,0.03180096927350036,0.7054825991392135,2,100,0.55015428988292,1.9,3,107
30,0.3449993587169781,1.9,3,24,0.8110636169746173,1.9,3,31
31,1.0194169907480346,1.9,3,7,0.012861345202521347,0.5689836361191489,2,18,2.1758182378275968,1.9,3,21,0.036271489895222234,1.9,3,25,0.6471705371985614,1.9,3,50,0.024819147099577565,1.9,3,63,0.8354327629514099,1.9,3,66
32,1.2737186942424283,1.9,3,42,0.04024501509107841,1.9,3,49,0.8041303812698902,1.9,3,53,0.04009068979282796,1.9,3,66,1.637846602931902,1.9,3,75,0.04637553783709985,0.6083485640977558,2,94,0.11202067342460256,0.6870640695095063,2,104,0.9037420261014519,1.9,3,121
33,0.5463411509565582,1.9,3,48,0.018032395381838623,0.1912932578060362,2,66,0.7129545953313704,1.9,3,113
34,0.3129481989709166,1.9,3,20
35,1.2924128254544847,1.9,3,30,0.46651646248409145,1.9,3,66
36,0.4005045926318094,1.9,3,10,0.04676341473759346,0.44418411395129037,2,27,1.825478865763516,1.9,3,43,0.010824094717109373,0.5769695216609586,2,74,0.35492087820357043,0.8877403020858765,2,79
37,0.6073939144503094,1.9,3,26
38,0.3234870852419792,1.9,3,8,0.1688069041486276,1.9,3,42,1.0289375647418544,1.9,3,50,0.04961076145866175,1.9,3,58,0.2933834848938597,1.9,3,61,0.0873281141112588,1.9,3,96,0.07698959160443444,0.9758429169654846,2,106,0.06264637087801278,1.9,3,121,1.0812422313219878,1.9,3,125,0.00708231123649349,1.9,3,133,0.4095310255120575,1.9,3,181
39,0.6033977481239009,1.9,3,39
40,1.5477661186025367,1.9,3,25
41,0.45738339365265396,1.9,3,16,0.014541816037237785,0.21192403481556818,2,29,0.8392007437907486,1.9,3,54,0.2032466486242239,0.49518950581550597,2,59,0.01106287415578791,0.2766595035791397,2,68,1.3020825265408904,1.9,3,85,0.020589961915840744,0.7916336870193481,2,110,0.38118718415838965,1.9,3,148
42,0.5208863293605521,1.9,3,39,0.015495177004616972,0.16176873101637915,2,52,0.12758629501791457,0.3766331225633621,2,55,0.01579382268555997,0.2495556253194809,2,80,0.3393110735284222,1.9,3,84,0.9347256294171665,1.9,3,87,0.07442288231456795,1.9,3,93,1.0532035341493267,1.9,3,98,0.10190493153885986,1.9,3,101,0.8701784866264862,1.9,3,126,0.4197478011356292,1.9,3,162,0.007011580696755331,1.9,3,171,0.6587806695717918,1.9,3,200
43,1.3775587149376396,1.9,3,32,0.0024593905323482784,1.9,3,38,0.6754157020116487,1.9,3,75
44,0.537127964489868,1.9,3,63
45,1.042717215271556,1.9,3,17,0.01656041971221519,0.35201677544550464,2,39,2.180489528247423,1.9,3,49,0.0119931306777624,0.1787437586223378,2,66,0.2927836848901643,1.9,3,89,0.756679954558015,1.9,3,129
46,0.4126331618791276,1.9,3,3,0.009834267964172484,1.9,3,8,0.6154628952803246,1.9,3,35,0.01693369599394109,1.9,3,41,0.9046131810260302,1.9,3,51,0.011758640189536504,1.9,3,58,0.7067947853727221,1.9,3,94
47,1.1238539339452174,1.9,3,9,0.020988028965358327,1.9,3,18,0.6610037268014008,1.9,3,118,1.7691684916668833,1.9,3,132
48,0.19751540738083367,1.9,3,89,0.9879255627354802,1.9,3,94,0.01438870792021391,0.5862160081213171,2,116,0.6897963730647444,1.9,3,124,0.01521021646007809,0.8810449838638306,2,145,0.09678553137789006,1.9,3,160,0.042613479796685866,1.9,3,167,0.8706296133961781,1.9,3,184,0.01772363668778513,1.9,3,190,0.8996225034809462,1.9,3,198
49,0.05141920338637067,1.9,3,4,0.7639298942801629,1.9,3,54,0.1945558485964969,1.9,3,58,0.9495456248301046,1.9,3,99,0.029641542294026286,1.9,3,104,0.3294035458308436,1.9,3,126,0.5430189333258079,1.9,3,150,0.014812056065041837,0.2228687177101771,2,165,0.6609363360337668,1.9,3,200
50,0.45001220165331834,1.9,3,23,0.017558610242773512,0.34788065354029335,2,38,0.3013530323787934,0.8557935953140259,2,41,0.948742693893127,1.9,3,70,0.3676779083951131,1.9,3,76,0.022608659302044604,1.9,3,84,4.308761812059501,1.9,3,102,0.01769373491285544,0.41643008920881486,2,111
51,0.7207107029499528,1.9,3,18,0.022977451721860373,0.4141673674950233,2,31,0.49130365335745246,1.9,3,77,0.03994655546077301,0.25129121728241444,2,85
52,0.8569110652897667,1.9,3,21,0.03816566966292012,1.9,3,27,0.5349912673244727,1.9,3,68,0.09167575691305745,1.9,3,74,0.009057246810814608,1.9,3,79,0.46569521311857187,1.9,3,117,0.04792485980395057,1.9,3,122,0.59600096498232,1.9,3,125,0.014691299181114899,1.9,3,134,0.5613748623433965,1.9,3,144,0.006655731566944541,1.9,3,151,0.02831322137278285,1.9,3,158,0.6710516913891308,1.9,3,187,0.006480658528698799,1.9,3,192,2.1999758613219997,1.9,3,195
53,0.6701727663132845,1.9,3,23,0.025116861206759915,1.9,3,32,0.78337020333208,1.9,3,58,0.012226962475373181,0.4558551245265537,2,67,1.0123773905905624,1.9,3,84,0.11918993580769945,1.9,3,90,0.5953577798817273,1.9,3,131,0.006754338938871628,0.2502729532619317,2,143
