0,0.3761418640913117,1.9,3,14,0.11425830337298526,1.9,3,25,0.022770245146772672,0.3874251455068588,2,35,0.2873269360642158,1.9,3,54
1,0.31829467630096087,1.9,3,31
2,0.09683520967239291,1.9,3,72,0.03813974008842642,0.5193934246249821,2,95,0.08511165424968437,1.9,3,160,0.7085488200297432,1.9,3,167,0.028893628770767153,1.9,3,190,1.854730999939249,1.9,3,200
3,0.27136848978356337,1.9,3,5,0.015968655770953796,0.4166716734568278,2,17,0.39445476806028024,1.9,3,31
4,0.3201808596002596,1.9,3,10,0.6915806893698493,1.9,3,69,0.01571634677106974,1.9,3,77,0.7967472457265116,1.9,3,100,0.026754537133156894,1.9,3,105,0.8433324656453064,1.9,3,125,0.01752202994872863,0.7520448982715606,2,135,1.1015373792056222,1.9,3,142,0.13511341077492772,1.9,3,146,0.678281229498689,1.9,3,200
5,0.33396509013487197,1.9,3,6,1.1823796429279958,1.9,3,16,0.005263739062206578,1.9,3,23,0.532524068593791,1.9,3,66,0.017020095412545923,0.8626160740852356,2,76,0.6031387270712232,1.9,3,104,0.02021012515741159,0.16134019258121648,2,128,0.07249165949488462,0.34269503355026243,2,138,0.0119090192576727,0.17251564065615335,2,171,0.6792862417679566,1.9,3,187,0.020623503002168326,0.14348210394382477,2,200
6,0.281896986731266,1.9,3,33,0.033228118698751176,1.9,3,42,0.06934936024415005,1.9,3,55,0.8614263493465192,1.9,3,114
7,0.14943316333802484,0.9947116275628408,2,12,0.04100407784681684,0.5250755217340257,2,21,0.41265010927592743,1.9,3,24,0.024531567594864453,0.40547170903947616,2,42,0.039946272841182566,1.9,3,52,0.025432427017483307,0.9549005508422852,2,57,3.3885037323947156,1.9,3,66
8,0.3514490969314572,1.9,3,13,0.012312737059869154,0.38256204399195587,2,24,0.20288159094792743,1.9,3,27,0.011394393730791628,0.1762910559773445,2,61,0.3711897309271612,1.9,3,73
9,0.8150322022141524,1.9,3,25,0.03357835392348786,1.9,3,34,0.4657844143900492,1.9,3,53
10,0.028523382756139855,1.9,3,4,0.49637477459135004,1.9,3,36
11,0.7836319192971675,1.9,3,12,0.22420019732827526,1.9,3,16,0.8590919513044799,1.9,3,23
12,0.1905523147730092,0.9717620611190796,2,5,0.5104905428186008,1.9,3,17,0.00449301007294635,0.44144679605960846,2,35,0.7731098753746202,1.9,3,49
13,0.6138217289217359,1.9,3,22,0.016728126651678714,1.9,3,30,1.1218849671577407,1.9,3,82,0.025752034379178366,1.9,3,86,1.0102796821225923,1.9,3,104,0.015224953179898693,0.16151127996652023,2,127,0.39264745178330773,1.9,3,133
14,0.5542011712723299,1.9,3,22,0.012644879177052345,0.8504497475094266,2,31,0.443562514044345,1.9,3,39
15,0.29208085859073585,1.9,3,4,0.021077362251365427,0.30537739793459573,2,19,0.5097553485774269,1.9,3,23
16,0.5456456194885208,1.9,3,45,0.007322672279596547,0.4169525939684648,2,58,0.8712780699264676,1.9,3,90
17,0.29143788726852127,1.9,3,3,0.06757940357623297,1.9,3,6,1.6980389052630627,1.9,3,12,0.09128989855768264,1.9,3,16,1.1627632040711717,1.9,3,26
18,0.23218110466922393,1.9,3,49,0.20686595731099,1.9,3,55,0.07774636885216264,1.9,3,58,1.6028130613564375,1.9,3,68
19,0.45361138863247147,1.9,3,46,0.011073078268472144,0.9382176637649536,2,51
20,0.857191403968558,1.9,3,3,0.0513893182315155,0.135359987616539,2,14,0.1842961807819502,1.9,3,47,0.708857407333622,1.9,3,50,2.185891994982446,1.9,3,64,0.9898137489873591,1.9,3,79,0.004696310898660551,1.9,3,84,0.49425415503666176,1.9,3,96
21,1.7820042680128159,1.9,3,6,0.013917556258041867,0.3557408672312032,2,29,0.025874080113271126,0.5882603575785955,2,41,1.252999637348818,1.9,3,53,0.12532118777237647,1.9,3,57,0.03989367285437741,1.9,3,64,0.4703644035095666,1.9,3,73,0.0736758402125121,1.9,3,77,1.0836196505767202,1.9,3,100,0.21171985913233954,1.9,3,109,1.9578072915986404,1.9,3,118,0.01843073645612924,0.18056220522052363,2,137,1.6803027333667788,1.9,3,151,0.705861066166051,1.9,3,164,0.055887963250882376,1.9,3,172,1.1898121419725651,1.9,3,182,0.21589840647216924,1.9,3,187,1.203460165245234,1.9,3,190,0.38022591268086664,1.9,3,200
22,0.04713842023000792,0.2354303714301851,2,9,1.2200946846932295,1.9,3,27,0.007075275678846437,0.31015899912877515,2,38,0.7329360449021717,1.9,3,53,0.024579100842883575,1.9,3,60,0.768626063161836,1.9,3,74,0.0987580294990857,1.9,3,82,1.8656440333337072,1.9,3,85
23,0.08357338633659148,1.9,3,6,0.3192440181933509,1.9,3,32,0.03182777171066834,0.5910585641860961,2,42,1.5501577922158019,1.9,3,47,0.019594001139543234,0.7584225734074911,2,59,0.3563567719733631,1.9,3,67,0.020960241937032394,1.9,3,77,0.2405339742434794,1.9,3,82,0.045840398660368306,1.9,3,92,0.30187811286414057,1.9,3,142,0.03836457777221171,0.33396436274051666,2,154,0.07187181313003284,0.5573219756285349,2,157,0.1073305373244386,1.9,3,163,0.8500331523919937,1.9,3,166,0.06860833903271407,1.9,3,171,0.23612448327362823,1.9,3,187,0.027830003817246707,0.8700847579882696,2,200
24,2.996793264354785,1.9,3,28,0.017170465847364376,0.29548857564275915,2,39,0.27933690454153165,0.9569222033023834,2,47,2.5087182680972835,1.9,3,54,0.0350611212177244,1.9,3,69,0.05268939884952504,1.9,3,77,0.6185512044836295,1.9,3,83,0.04064191396403284,1.9,3,92,0.5148542857289653,1.9,3,108,2.368287731330422,1.9,3,113,0.031886466746004184,1.9,3,119,2.3031644744830326,1.9,3,132,0.010136740504804993,0.19970390429863563,2,145,0.7365588146973124,1.9,3,184,0.03997860092538705,1.9,3,188
25,2.45429162466635,1.9,3,7,0.0072313504325881,0.19909164160490037,2,17,0.40999264864061824,1.9,3,30
26,0.3619755218540988,1.9,3,17,1.2168747509725375,1.9,3,20
27,0.5038483371201053,1.9,3,12,0.02874128800098829,0.8702630698680878,2,36,1.0019608831970157,1.9,3,41,0.013690949032147771,0.17357883751392364,2,56,0.27933559721150103,1.9,3,97
28,0.09932977935400383,1.9,3,40
29,0.5298149249052053,1.9,3,3,0.022487830726792165,0.6170512104735655,2,37,0.18547215497157557,0.6063687801361084,2,40,0.01723021276468864,0.57180298699273,2,49,2.2007240832448085,1.9,3,52
30,1.0244967307912671,1.9,3,4,0.01759436227590307,0.4939095207623073,2,18,1.0200373914239054,1.9,3,25,0.01646021433666565,0.22262491285800934,2,45,0.7148663489901784,1.9,3,76,0.034980264233646266,0.10952582210302353,2,92,0.451255797749118,0.7630715568860372,2,95,1.2381818467196133,1.9,3,102,0.017999635478073994,0.14828160305817922,2,117,1.5914331641546144,1.9,3,124
31,0.39524182891984155,1.9,3,35
32,0.9166097785556938,1.9,3,22,0.014602188227864566,0.07526303047225588,2,43,0.1281335288737561,0.6292149722576141,2,46,0.027070189905687884,0.5457828678190708,2,54,0.8825693694556165,1.9,3,62
33,0.34573202643246526,1.9,3,3,0.02873826029214513,1.9,3,8,1.3122395985554405,1.9,3,112
34,0.40625190161172753,1.9,3,49
35,0.027164951808974838,0.5900727084704808,2,7,1.3288385785515204,1.9,3,18,0.021048815705882743,0.1412775475870479,2,29,0.8160762664612584,1.9,3,49,0.02544013073291028,0.08697814207810622,2,62
36,0.5241943949654745,1.9,3,25
37,0.4570943988691025,1.9,3,26,0.014643787368735735,0.8288420703676012,2,35,0.083385098976288,1.9,3,56,0.4486258277964999,1.9,3,62
38,0.4808087357260558,1.9,3,3,0.039458696017546195,1.9,3,9,0.39436317398578774,1.9,3,12,0.01778132771165886,1.9,3,19,0.31492656603956504,1.9,3,39,1.3217899045049755,1.9,3,53,0.036094116447343845,0.36692108852522715,2,67,0.8978477212049868,1.9,3,82,0.016254872020790647,1.9,3,88,0.564762868263891,1.9,3,116,0.039724830892372234,0.19495582492912517,2,133,0.1756433187014937,1.9,3,159,0.012127715807585088,1.9,3,166,0.38107934013271705,1.9,3,200
39,1.7190136161335283,1.9,3,3,0.010371229356619376,1.9,3,9,0.45225352329720653,1.9,3,13,0.046820602520977445,1.9,3,19,0.42722817766433324,1.9,3,29,0.06769476444308074,1.9,3,32,0.021634046504753306,0.3543128658618246,2,46,0.3229819971087542,0.402134229739507,2,49
40,0.024761027823910813,1.9,3,3,1.1813738207262376,1.9,3,6,0.007502588078274038,1.9,3,13,0.4247215069471903,1.9,3,24
41,0.09514018591588777,0.40471192200978595,2,3,0.016368035166595254,0.19563177641895083,2,21,1.48629507440309,1.9,3,25,0.009692064895215777,0.8283721937073601,2,34,0.5887093670433372,1.9,3,75
42,0.8660676579880907,1.9,3,22
43,0.6120601242854226,1.9,3,31
44,0.154805306679828,1.9,3,10,0.4652189909047646,1.9,3,24
45,0.6149274470155572,1.9,3,20,0.31373476151033747,1.9,3,42
46,0.12233711224252745,0.7314875324567159,2,3,0.044936440394696485,0.8493393182754516,2,13,0.03429265369247015,0.20160493955892675,2,30,0.5317408625267572,1.9,3,35
47,1.053745230166122,1.9,3,4,0.1733001530025201,1.9,3,8,0.6691366171897598,1.9,3,52,0.03662390970540167,1.9,3,61,0.4951633649736338,1.9,3,104,0.9300524675408229,1.9,3,114,0.02785526290367741,0.714138544522799,2,127,1.094317282377691,1.9,3,146,0.04120779109878516,1.9,3,153,2.2820693335296443,1.9,3,172,0.03118663375000028,1.9,3,181,0.3379498411951397,1.9,3,184,0.03401051792680915,1.9,3,192
48,0.5962081573779388,1.9,3,7,1.2865365536212972,1.9,3,20
49,1.0194420798545185,1.9,3,14,0.01926463560853823,0.76043159195355,2,28,0.48803119269527384,1.9,3,40
50,0.8178045720419524,1.9,3,17,0.016220312817481562,1.9,3,23,0.55839815149344,1.9,3,44,0.02960918728232582,1.9,3,49,0.7621172535591265,1.9,3,74
51,1.0402191086269081,1.9,3,7,0.027955635324094355,1.9,3,13,0.3512101459545295,1.9,3,23
52,0.6384841804248914,1.9,3,3,0.020153168091742495,0.8984941736511562,2,26,0.2931748616013328,1.9,3,61
53,3.2810717055278102,1.9,3,9,0.018501318319260752,1.9,3,15,0.7151441859304726,1.9,3,44,0.016172486299118907,0.16789284100135168,2,56,1.5704562205090806,1.9,3,80
54,1.0815381048548365,1.9,3,7,0.03111110968257844,0.5858336320290198,2,20,1.84196433869064,1.9,3,41,0.013086412519224629,0.27954288639805536,2,52,1.0132010283416595,1.9,3,103
55,0.6633914589979698,1.9,3,12,0.01777050547592483,0.49217886726061505,2,24,0.937062424306939,1.9,3,27,0.023575707805224583,0.5015514731407166,2,37,1.9708767693533265,1.9,3,43,0.010764282356390147,0.14377514100991762,2,56,0.7142198889041379,1.9,3,73
56,0.7334270164034783,1.9,3,4,0.021189252190343885,0.483325719833374,2,15,1.0951263133947133,1.9,3,27
57,0.6177393224713397,1.9,3,15,0.014775886353587836,1.9,3,25,0.3133866522403403,1.9,3,46,0.07260530054932139,0.8208637595176697,2,51,0.013037569403444733,0.59194375872612,2,61,0.045476103202494254,1.9,3,70,0.2572720300929083,1.9,3,90,0.5577471613826271,1.9,3,97
58,0.33049416881818167,1.9,3,30
59,0.6097252916684176,1.9,3,14,0.02366388219145444,0.16363538006941478,2,44,0.4785612560168118,1.9,3,59,0.18473081031303273,1.9,3,63,0.6744042716643055,1.9,3,98
60,3.6366767462765717,1.9,3,7,0.2700047714515049,1.9,3,33,2.1313648620266714,1.9,3,40
61,0.429715167718218,1.9,3,22,0.019211267941787444,0.3318093307316303,2,30
62,0.5044450809002188,1.9,3,34,0.016959772340037572,1.9,3,39,0.8064943784420552,1.9,3,45,0.024772287889688435,1.9,3,51,0.33165824097561664,1.9,3,64
63,0.39637826013787986,1.9,3,25
64,0.4492537556619477,1.9,3,7,0.020407904390084167,0.09585460594722203,2,21,0.9749695076823799,1.9,3,25,0.01728515617031887,0.16386973544170982,2,44,0.45488124546987524,1.9,3,71,0.024139573347766355,0.2582658052444458,2,81,2.1768263126532332,1.9,3,87
65,0.8316722793906492,1.9,3,6,0.05433563283227158,0.542774206825665,2,20,1.5929294495364974,1.9,3,25,0.349556285386446,1.9,3,134,0.06766036767148126,1.9,3,144,1.3388013126025287,1.9,3,148,0.034818015608436184,1.9,3,156,1.2404186768240306,1.9,3,161
66,0.5516299373635883,1.9,3,20
67,0.24720143105655282,1.9,3,5,0.022980217026327236,1.9,3,14,0.35155420738094184,1.9,3,18,0.10650801197602976,1.9,3,23,0.4231763600129338,1.9,3,29
