0,0.34861375798760214,1.9,3,5,0.03758583883166168,1.9,3,9,0.5956390629232119,1.9,3,20,0.12250085692088249,1.9,3,26,0.03375607342144906,1.9,3,32,0.4961040487682212,1.9,3,121,0.08976937238245719,1.9,3,125,2.201510931830363,1.9,3,128,0.022814509174222994,1.9,3,136,0.8058175985984787,1.9,3,160,0.06094786287767918,1.9,3,169,0.13498174889748618,1.9,3,181,1.4574783173225438,1.9,3,185,0.16124675984748155,1.9,3,200
1,0.07323830013357337,1.9,3,8,0.10337954472723081,1.9,3,84,1.6486401145110512,1.9,3,107,0.015886493485064712,0.16237079683277342,2,125,0.30349452889008605,1.9,3,138,0.012473569348888209,0.1261860929105593,2,161,0.4370631795249678,1.9,3,169,0.2037863345509867,1.9,3,180,0.03259546796269539,1.9,3,197,0.15052139617034513,0.9608132044474283,2,200
2,0.025920275832546705,0.438175407739786,2,13,0.037346540601965184,0.979073272811042,2,22
3,0.7054999154844979,1.9,3,4,0.01096542810670414,0.35264841963847476,2,16,0.4859856960004321,1.9,3,21
4,0.6628747754583572,1.9,3,20,0.016306751581282104,1.9,3,26,1.8161220306173598,1.9,3,43,0.013107681005409409,0.16683672467867533,2,58,0.6990350662717765,1.9,3,64,0.02092006988109291,0.9718302885691324,2,73,0.22834047997780418,1.9,3,101,0.4588602549607102,1.9,3,111,0.03945266567497108,1.9,3,118,0.9807154728468519,1.9,3,130
5,0.4980592357228877,1.9,3,23,0.09558106660674776,1.9,3,29,0.03930635908636835,1.9,3,40,0.4647322621953333,1.9,3,85
6,0.476087393869427,1.9,3,26
7,3.0006357101860615,1.9,3,3,0.2142213122820472,1.9,3,10,0.018643630351159977,0.5113695508667401,2,38,0.7686257064686385,1.9,3,55
8,0.6863387927474555,1.9,3,11,0.025720271192167073,0.6401004615951987,2,45,1.330218526334017,1.9,3,54,0.026301783026233247,1.9,3,74,0.5766642989434716,1.9,3,78,0.030094407603898796,1.9,3,83,0.02781437818743317,0.5324286688119173,2,99,0.07360666538554798,1.9,3,105,0.5412917454709548,1.9,3,127,0.028336435464055384,0.6293196167264666,2,148,0.6920665354724114,1.9,3,171,0.033853933113140215,0.4056905686855316,2,186,0.18583449244384626,0.5067612528800964,2,192
9,0.5543982496125727,1.9,3,20
10,0.5701837777874916,1.9,3,66,0.9509122222258785,1.9,3,84
11,0.04599426333247574,0.10233820123331887,2,7,0.015417756805034669,0.12780686517556508,2,22,0.4348228534984537,1.9,3,41
12,0.9643889987476657,1.9,3,43,0.017613193474041777,1.9,3,47,1.2309958052006342,1.9,3,71,0.023769545732500542,0.6174916128317515,2,80,1.8649115497900994,1.9,3,135
13,0.013471898556303218,0.3516678586602211,2,8,0.23449290661780542,0.38592698628252203,2,19,0.8989747769444354,1.9,3,26
14,0.05344067299143183,1.9,3,5,0.3824821108976533,1.9,3,31,0.3177716418494524,1.9,3,39,0.02789923009214153,0.6784998774528503,2,59,1.0783293946229051,1.9,3,69,0.015450186640230611,1.9,3,74,2.1433061147046937,1.9,3,80,0.01867339970290978,0.1750757752945929,2,113,0.3969980626061712,1.9,3,155
15,0.7334078121721981,1.9,3,10,0.03395798782567471,1.9,3,18,1.176563499269048,1.9,3,24,0.0716587038745605,1.9,3,42,0.6834406711665487,1.9,3,47
16,0.22288258440902428,1.9,3,3,0.013833153520378751,1.9,3,10,0.013251503863861702,0.1847774926573038,2,26
17,0.2947376772704143,1.9,3,25,0.0318406728899943,0.9091942635449496,2,36,0.15492654878347525,1.9,3,64,0.9072785488653766,1.9,3,75
18,0.5693348558499783,1.9,3,20,0.032755625910106854,0.9004462361335754,2,29,0.010927476549360828,0.8923456788063049,2,34,0.6581795726312193,1.9,3,79
19,0.8771251431036888,1.9,3,5,0.015105697599838605,1.9,3,11,1.3767813887709939,1.9,3,15,0.0067843379620593615,1.9,3,23,0.08720206383060479,0.8754335244496664,2,26,0.01663965171740112,0.639033783565868,2,37,0.3838951887880427,1.9,3,44,0.055675803187502364,1.9,3,67,0.5222208543850951,1.9,3,80,0.07661176424637521,1.9,3,86,0.03092100941934147,0.7019609034061431,2,96,0.6059377291221973,1.9,3,138,0.01391607405702909,0.3971863180398941,2,148,0.900924764935296,1.9,3,167,0.01955738355555067,1.9,3,174,0.17704189644652255,1.9,3,193
20,2.395135285859398,1.9,3,15,0.03621786645243508,1.9,3,20,1.7279797575888471,1.9,3,32
21,0.20580115756197426,0.8284663359324137,2,3,0.01887026686090856,0.7594648599624634,2,12,0.602119653661868,1.9,3,27,0.02327954947162188,0.14823276681058548,2,44,3.5976953964415497,1.9,3,49,0.02190359032837054,0.4304287154227495,2,65,0.647133807299966,1.9,3,77,0.01380620484137702,0.289015893638134,2,87,0.6537817396358706,1.9,3,115
22,0.3953615890383806,1.9,3,47,0.019805958119652134,0.26808002023469835,2,68,0.017503711535523825,1.9,3,75,0.5470904997972118,1.9,3,123
23,0.09594073057657611,1.9,3,5,0.6852847199073712,1.9,3,25,0.011272836269435484,0.18755764100286695,2,34
24,0.7656756063463789,1.9,3,23,0.016104777075562408,1.9,3,33,0.24259405248987242,1.9,3,43,0.014531307214072059,1.9,3,51,0.910993766035954,1.9,3,74,0.20134096704446713,1.9,3,77,0.6293301267010041,1.9,3,113,0.025745058552908897,1.9,3,118,0.8348929901211365,1.9,3,128,0.021678411755776988,0.23304296679356518,2,145,0.3514884652534586,1.9,3,181,0.010835238421507673,1.9,3,188,0.9652499740078895,1.9,3,191,0.0018270240355694606,1.9,3,196,1.0656982572923408,1.9,3,200
25,0.007674464043125236,1.9,3,5,0.6649460467577543,1.9,3,16,0.02054756904477089,0.7909656167030334,2,26,0.42208823876342166,1.9,3,33
26,0.5688111372830875,1.9,3,51,1.6807026838510957,1.9,3,70
27,0.5901035143504475,1.9,3,10,1.9713248347881325,1.9,3,20,0.00644060436565077,1.9,3,29,1.864575544548991,1.9,3,32,0.028074539424197808,1.9,3,37,1.5286702305348439,1.9,3,58,0.02142235929526756,0.5237126861299787,2,72,0.7793334126286868,1.9,3,114,0.22899261078209499,1.9,3,118,0.9756013043684622,1.9,3,140,0.02618675774819612,1.9,3,148,0.05187185582357982,1.9,3,154,0.2955798363024852,1.9,3,161,0.9991562116664795,1.9,3,181,0.47099767204337617,1.9,3,200
28,0.43105943055166185,1.9,3,50,0.06778786806577192,1.9,3,59,2.6239807697668067,1.9,3,66,0.05376220984523125,1.9,3,73,1.9550023938876004,1.9,3,81,0.6311197454973126,1.9,3,92
29,0.8178989201994746,0.8322345813115438,2,3,0.02750344317110787,0.6712835674936121,2,25,0.47517754579498195,1.9,3,34
30,0.785959382162482,1.9,3,31
31,1.4084353927848154,1.9,3,16,0.022860943110633303,1.9,3,24,0.5685043314206537,1.9,3,48,0.058448684306499125,1.9,3,55,2.5748391447500625,1.9,3,60
32,0.8498006561846624,1.9,3,3,0.07689339801550335,1.9,3,9,0.004577844974106172,1.9,3,15,0.35465332171828196,1.9,3,21
33,0.5252254437444145,1.9,3,24
34,0.5874792655009916,1.9,3,3,0.014505634600523046,1.9,3,9,0.20023381381296704,1.9,3,12,0.004030003592363132,1.9,3,17,0.1779527169349616,1.9,3,28
35,0.702425039892457,1.9,3,70,0.24595659586023838,1.9,3,97,0.7187238079587542,1.9,3,155
36,0.3530019044474976,1.9,3,63,0.08760500192153423,1.9,3,69,0.01597379885700097,0.3552325665950775,2,81,0.3732869815777103,1.9,3,95
37,0.9587214260901337,1.9,3,3,0.18253815054917244,0.8283518637929644,2,10,0.05478598872911843,0.817754100669514,2,21
38,0.2971236552251287,1.9,3,42,0.06583452482708045,0.5262374103069305,2,52,0.12477402134873788,1.9,3,65,0.5062211677340434,1.9,3,116
39,1.2197936019904734,1.9,3,4,0.05146583964561449,1.9,3,16,0.49938216906446037,1.9,3,35,0.014403345891506594,0.1593900424869437,2,54,0.945628011035046,1.9,3,75
40,0.4577303162488112,1.9,3,8,0.4090189564823862,1.9,3,48,0.01533939672936636,0.20164079262929804,2,65,1.0200473727682058,1.9,3,71,0.1355061756973609,1.9,3,86,0.06602744395892184,1.9,3,94,1.3294450255945196,1.9,3,110,0.04229325286152371,0.6180992788738675,2,119,0.3134076442023271,0.591208795706431,2,125
41,0.5392487142315169,1.9,3,29
42,0.5673166230231488,1.9,3,44,0.005976795701920444,1.9,3,52,0.9179065864488901,1.9,3,55,0.18977055655722333,1.9,3,60,0.06755434862617962,0.773305606842041,2,70,0.02073465448239549,0.8739236354827881,2,85,0.8364198247859602,1.9,3,95,0.03890712678405341,1.9,3,101,1.1613580083665789,1.9,3,120,0.014715334638033125,0.0880642430140422,2,146,1.007796251720656,1.9,3,161,0.010145943723881709,0.345018380218082,2,170,1.4870109272321193,1.9,3,191
43,0.1075680557870114,1.9,3,18,0.32373988562964,1.9,3,38
44,1.4005958343916136,1.9,3,3,0.010758738782199791,0.8233307227492332,2,11,0.5408913892782318,1.9,3,29
45,0.2039496939466646,1.9,3,25,1.7097644895467379,1.9,3,29,0.02773445261106106,1.9,3,37,0.7452589942312225,1.9,3,49,0.007072996680705483,1.9,3,55,1.427192074815367,1.9,3,68,0.8070284453562329,1.9,3,71,0.687552094780487,1.9,3,96,0.4475035264726028,1.9,3,134
46,0.7490678883731567,1.9,3,25,0.013281306665321067,1.9,3,30,1.0377741284523387,1.9,3,41,0.04958640549072972,1.9,3,47,0.6147906105376431,1.9,3,81,0.03391686399771319,1.9,3,91,2.933614753381423,1.9,3,101,0.28589230504903995,1.9,3,120
47,1.0243483612149231,1.9,3,15,0.029532273621657702,1.9,3,20,1.0822260132316424,1.9,3,89,0.009788035238572053,0.6650104314088822,2,99,1.4550591329347813,1.9,3,114,0.039311676225144136,1.9,3,120,0.9660646961106414,1.9,3,129
48,0.9248312367642696,1.9,3,24
49,0.6735554671665565,1.9,3,30
50,1.421519981396568,1.9,3,5,0.013640233021402628,1.9,3,12,0.4864595995275823,1.9,3,81
51,1.0595057432922237,1.9,3,32
52,0.6256935677749415,1.9,3,8,0.020773348738292514,0.2614271839459737,2,23,3.3410967113798344,1.9,3,28
53,0.4805511384275296,1.9,3,5,0.012603156009208622,0.16975648142397404,2,21,0.6488653157521387,1.9,3,34
54,0.4371080759186932,1.9,3,34,0.04411702644502797,1.9,3,43,0.34862608105753823,1.9,3,88,0.09258582250497487,1.9,3,94,0.7461913148851671,1.9,3,113,0.015227933435475946,0.1295970417559147,2,125,0.7071566629984477,1.9,3,130,0.016182017870118613,0.3209417990662835,2,141,0.48804553745189383,1.9,3,156,0.02986121502324467,1.9,3,167,0.35165751456585487,1.9,3,171,0.01525885284270476,0.28755129054188727,2,191,0.18442864029740302,1.9,3,200
55,0.738569222120532,1.9,3,22,0.012217503372868293,0.2820725432213615,2,39,1.5073009541093298,1.9,3,73,0.023547048386559202,0.5712918370962143,2,83,0.8884245445184912,1.9,3,94
56,0.429762257852457,1.9,3,65
57,1.2098509928378893,1.9,3,6,0.02837232773224563,0.7105133920907974,2,26,1.9927776283134713,1.9,3,36
58,0.008502902864836978,1.9,3,6,1.4572522370124164,1.9,3,11,0.01583541197180671,0.2502840335170428,2,23,2.755013934350029,1.9,3,32,0.032647574933463326,1.9,3,38,1.8810279124937133,1.9,3,71,0.990019729687717,1.9,3,84,0.13608150754154624,0.492345979809761,2,89,0.016990180941479978,0.13985052704811096,2,100,0.6549992519547326,1.9,3,128,0.007601840292167796,1.9,3,134,0.32479655566168375,1.9,3,142,0.039897724154337025,0.37160252998856935,2,159,1.6990449991724839,1.9,3,166,0.010029394282491238,1.9,3,173,0.6769503439158397,1.9,3,200
59,0.48931300254326265,1.9,3,55,0.01648941190545422,0.4845308317587926,2,68,1.1968900845664143,1.9,3,74,0.11078770330144558,1.9,3,78,1.4895510535080516,1.9,3,84
60,0.45264917395823806,1.9,3,10,0.010259184279533552,0.25601491873914545,2,21,1.12510498222689,1.9,3,28,0.019709351890902206,0.5591057274076674,2,37,0.21364716880863574,0.35816701253255206,2,40
61,0.7069475092400518,1.9,3,75
62,0.1961437459873954,0.2937602748473485,2,3,0.01836609355245922,0.09699461857477824,2,27,0.6996390892645825,1.9,3,45
63,0.6724862614629947,1.9,3,17,0.10316580707853744,1.9,3,34
64,0.025464127637224252,1.9,3,5,0.9728524903036038,1.9,3,27,0.01758178911029419,1.9,3,32,1.1446149410723658,1.9,3,43,0.5120711394459796,1.9,3,73
