0,1.235958739166872,1.9,3,17,0.025643879399097916,0.19791605724738195,2,30,0.1309986541334066,0.226793073117733,2,34,0.11058202868034032,0.5271076830950651,2,45,0.168179422815265,1.9,3,50,0.8801667483717787,1.9,3,65,0.13149236527189576,1.9,3,69
1,0.49048704397960086,1.9,3,21,0.00870699463318877,0.7045572941953485,2,32,1.0980580000195277,1.9,3,74
2,0.42341048086751,1.9,3,16,0.017718809690428567,1.9,3,22,0.4608100631753239,1.9,3,61
3,0.34260866215397756,1.9,3,24,0.3799062378285543,1.9,3,30,0.008375809673511439,1.9,3,34,0.08823010208341461,1.9,3,37,0.004699428561545234,1.9,3,45,3.530222888523371,1.9,3,65,0.02426808282421564,0.16046966363986334,2,83,0.36407186758618004,1.9,3,92,0.016320371641570172,0.2618508502840996,2,112,0.6175057895352617,1.9,3,168,0.023999033395273612,1.9,3,177,2.4507819879444885,1.9,3,193,0.06051452605909775,1.9,3,197,0.24486789654565558,1.9,3,200
4,0.7208021696477559,1.9,3,12,0.0657523781045667,0.8537011640412467,2,47,0.19009612473268014,1.9,3,57,0.017532989453018274,0.28431171064193433,2,70,0.4013635731822013,1.9,3,78,0.010700276106985155,0.289660933342847,2,89,0.6081225922975675,1.9,3,92
5,0.013500217440796717,0.5710771254130772,2,7,0.29903361949220136,1.9,3,32,0.03359011573180214,0.1797929803530375,2,50,0.9054754914545292,1.9,3,63,0.020525678325246634,0.14925815050418562,2,76,2.440301979932756,1.9,3,80,0.27373131884902124,1.9,3,87,0.04686454510779905,1.9,3,95,0.35510313834636387,1.9,3,98,0.02312807792810313,0.1109827272593975,2,106
6,0.23378864643372507,1.9,3,8,0.022598272077878647,0.9760959876908196,2,17,0.9712086719756704,1.9,3,21
7,0.6103640205052153,1.9,3,30,0.39870356057200096,1.9,3,118
8,0.4438437185443737,1.9,3,18,0.010819460447329248,0.2960091600815455,2,33,0.02542124252915679,0.5061258435249328,2,43,0.47499056906927734,1.9,3,63,0.01414409238451722,0.10206123335020882,2,77,0.6299945754702697,1.9,3,110,0.00818098967886369,0.25023051482789654,2,127,0.8317047336378889,1.9,3,142
9,0.7540582350517748,1.9,3,8,0.28589015816148633,1.9,3,33
10,0.7628636122268694,1.9,3,3,0.24974014765508026,1.9,3,17,0.010005657652741105,1.9,3,24,0.7673463005250768,1.9,3,44,0.018993263167962928,0.31571047220911297,2,58,0.8297050904079903,1.9,3,69,0.01691562931873014,0.1593021075515186,2,86,1.0320305959037488,1.9,3,102,0.0625395822444682,1.9,3,110,3.1091477687909292,1.9,3,118,0.015300462613661107,1.9,3,124,0.9477540351983792,1.9,3,149,0.03641438350497404,1.9,3,156,1.2287075010295028,1.9,3,178,0.0873990467259298,1.9,3,183,0.7808248340306417,1.9,3,186,0.02874638289225725,1.9,3,194,2.957051253554683,1.9,3,200
11,0.8651172326446983,1.9,3,8,0.20075044490200178,1.9,3,32,0.4901826299083728,1.9,3,42
12,0.02248231135420962,0.3546278700232506,2,8,0.254743280253448,1.9,3,11,0.4811694510335124,1.9,3,22,0.08979580827316976,1.9,3,31,0.5335123664578222,1.9,3,78,0.027979732656543552,0.2867029329140981,2,93,1.8392399965389572,1.9,3,100,0.01808092520771469,1.9,3,105,0.11623339168530067,1.9,3,110,2.5420756359369414,1.9,3,131
13,0.07595851949987212,1.9,3,11,0.31827463067979794,1.9,3,18,0.014384874874222749,0.35332559380266404,2,36,1.036747387009511,1.9,3,45
14,0.7087732874721111,1.9,3,80
15,0.3224991795002001,1.9,3,5,0.7939744788138896,1.9,3,39
16,0.35366465523457374,1.9,3,21,0.021725115991322527,0.37520570240237494,2,32,1.3419136989786593,1.9,3,37,0.027484418399574738,0.5288897027140078,2,60,0.15674074053654793,1.9,3,70,0.02636511023883076,1.9,3,75,0.5407021949466808,1.9,3,97
17,0.5372630186814971,1.9,3,31
18,0.016899387259767338,0.34580057859420776,2,7,0.09284873426756701,0.9939134291240147,2,21,0.10752914574145542,1.9,3,50,0.41626802150062203,1.9,3,130,0.9329637058721443,1.9,3,140,0.0177118311511914,1.9,3,148,0.35465603883176994,1.9,3,200
19,0.8309982382257288,1.9,3,34,0.006371820365275227,0.2034555333001273,2,41
20,0.5708942253476725,1.9,3,13,0.04549083001982411,0.6158193214373155,2,24,0.40224006066330514,1.9,3,76
21,0.3926222685547288,0.507900188366572,2,3,0.02358470331287434,0.3211783915758133,2,17,0.9286449216213701,1.9,3,28
22,0.1769435220242594,1.9,3,6,0.021122419723646604,0.8099452919430203,2,15,0.597669446810985,1.9,3,82,0.0084758053171145,1.9,3,91,1.0556483945175212,1.9,3,107,0.018669682489412608,0.3971880115568638,2,123,1.0868269324957598,1.9,3,138,0.00277525208537999,1.9,3,146,3.0974026910624874,1.9,3,166
23,0.28551191001370063,1.9,3,18,0.022665165427791095,0.3307304057207974,2,29,0.4677654451945601,1.9,3,41,0.020857334066063205,0.20690717548131943,2,51,0.8042955743894791,1.9,3,57,0.016766165159684602,0.10418761397401492,2,69,0.7022571837808758,1.9,3,80
24,0.63167388045281,1.9,3,22
25,0.3359117790816877,1.9,3,20,0.11969127399241501,1.9,3,24,0.40582656741382145,1.9,3,57
26,0.39641972621377675,1.9,3,21
27,0.6751413126077835,1.9,3,30,0.010672536818677225,1.9,3,36,1.2017165972602513,1.9,3,46,0.016568413319377716,0.17832803070545197,2,71,0.743903828767596,1.9,3,83,0.059365427002188456,1.9,3,92,1.3557438678688178,1.9,3,123,0.021481271758107393,0.4998387545347214,2,135,0.06594842224565059,0.6107513805230459,2,138,0.01541531807609083,0.3753599248149178,2,193,0.8626615020475483,1.9,3,200
28,0.6015731861356295,1.9,3,30
29,0.47655693180541486,1.9,3,35,0.08141274977102146,0.9194871187210083,2,39,0.03010498743667231,0.8266313142246671,2,48,0.40828368718081265,1.9,3,95,0.1533900028665674,1.9,3,104,0.5241096232356404,1.9,3,118
30,0.3377622363472426,1.9,3,26,0.022592177854784005,0.7699407225146013,2,60,1.2006805064620976,1.9,3,108
31,0.37153157457112795,1.9,3,20
32,0.5465161380146726,1.9,3,19,0.1284443953657367,1.9,3,29,0.521477631570692,1.9,3,59,0.00854007045173778,0.12564993717453696,2,70,0.6475722010768283,1.9,3,77,0.019354005952630635,0.12588117644190788,2,89,0.7797323877714761,1.9,3,103,0.024203422794686107,1.9,3,112,0.4194653788308363,1.9,3,115,0.11578316908113274,1.9,3,121,0.5387101371893996,1.9,3,177,0.021326717449487678,0.6036449782550335,2,185,0.1124265152633655,0.5176981886227926,2,188,0.021059461276753746,0.1984502673149109,2,200
33,0.5632839030355951,1.9,3,4,0.011307672393143845,0.7655533194541931,2,14,0.028078855691239267,1.9,3,22,1.191924005298461,1.9,3,33,0.028648112082496256,1.9,3,42,0.29164273398342594,1.9,3,45,0.04305934638626193,1.9,3,52,0.8136867864529989,1.9,3,75,0.04362327847969469,1.9,3,91,0.34332540255054494,1.9,3,136,0.003265912696385166,1.9,3,143,0.6285530650969876,1.9,3,147,0.006313538921209269,1.9,3,153,0.36981801580887447,1.9,3,169,0.10016179593393437,1.9,3,175,0.33218662496212237,1.9,3,197
34,0.4904609770506865,1.9,3,28
35,1.4420595012210853,1.9,3,8,0.11051221948661354,1.9,3,11,0.5127178789200028,1.9,3,131
36,0.4268987980025839,1.9,3,22,0.015915258531895793,1.9,3,32,0.05782147260744165,1.9,3,48,0.6252717488318128,1.9,3,62,0.016483403985994183,0.1235450471823032,2,75,0.48512958086852614,1.9,3,155
37,0.03235305619871075,0.42434777567783993,2,12,0.5534149120257204,1.9,3,25,0.11980469179757672,1.9,3,28,0.3385946453982591,1.9,3,47
38,0.2136437340949224,1.9,3,9,0.014529636148045325,0.13817825317382812,2,29,1.0300336129166139,1.9,3,32,0.1335132232714387,1.9,3,102,0.46243683652996576,1.9,3,143
39,1.0050544261261405,1.9,3,27,0.02375813967168656,1.9,3,33,0.09825742760792872,1.9,3,39,0.300384310350192,1.9,3,58,0.03174657330546252,0.3303458442290624,2,82,0.43477543717019973,1.9,3,100
40,0.30638426177276307,1.9,3,83,0.08494182421786756,1.9,3,99,0.6399971841035352,1.9,3,106,0.05545234860068024,1.9,3,111,0.578842356661543,1.9,3,114
41,0.5801736539816841,1.9,3,64,0.03295733092024634,0.7712235178636468,2,87,1.000955717561248,1.9,3,108
42,0.6220377798923598,1.9,3,24,0.021322595927705825,0.22863549925386906,2,40,0.6097165270270347,1.9,3,78,0.015356724352376753,0.17919608081380525,2,90,0.284476429950178,1.9,3,93,0.48447501035621543,1.9,3,120
43,0.6273947036033977,1.9,3,29,0.023224952594559818,1.9,3,35,1.1509650867014216,1.9,3,63,0.18618024447890655,1.9,3,67,0.1271593410717896,0.6187862588299645,2,76,0.030219694687421455,0.8071725794247219,2,83,0.9341467972430214,1.9,3,150,0.028294875821937602,1.9,3,155,0.9868044612575301,1.9,3,179,0.01951151123730968,0.27821569822051306,2,190,3.7855101404308704,1.9,3,196,0.6369043850460894,1.9,3,200
44,0.5882777750193823,1.9,3,21,0.016793515150682104,1.9,3,28,0.5944702131759249,1.9,3,32,0.041178083897388675,1.9,3,40,0.2476487570244399,1.9,3,100,0.013588802567200376,0.4792875072785786,2,114,1.1128645480331913,1.9,3,194,0.12722822610367218,1.9,3,200
45,0.5653915158548132,1.9,3,7,0.05464456141698123,1.9,3,12,0.7631671340299749,1.9,3,18,0.050256674743030756,1.9,3,28,1.3463660316896386,1.9,3,32
46,0.2593075937206161,1.9,3,48
47,0.48195796932011525,1.9,3,9,0.01620654150033268,0.556694335407681,2,18,0.5313559398896314,1.9,3,44,0.8769318564816917,1.9,3,84
48,0.5993506260116525,1.9,3,5,0.034246897875982465,1.9,3,11,0.5804223339066068,1.9,3,57,0.06756416351058848,1.9,3,63,0.5340977332964926,1.9,3,79,0.07947285493148194,1.9,3,83,1.8651570143894909,1.9,3,127
49,0.41013941893714534,1.9,3,90
50,0.6822670090321686,1.9,3,26,0.039205081754979616,1.9,3,41,0.551759213586054,1.9,3,57,0.27361050760958233,1.9,3,102,0.5198013726458718,1.9,3,112,0.08469807500686748,1.9,3,117,0.8405433856157349,1.9,3,131
51,0.08348552639631868,1.9,3,10,0.7242600039421093,1.9,3,104,0.035610299526860636,1.9,3,111,0.8821439028509981,1.9,3,141,0.33509499818245814,1.9,3,159,0.1635616615139167,1.9,3,170,1.6616785328029138,1.9,3,174,0.03170333991624771,0.647896538178126,2,192,0.38333453063307593,1.9,3,200
52,0.24526517870767572,1.9,3,27
53,0.603184497596274,1.9,3,15,0.007108318914774815,0.3224490135908127,2,27,1.2461198398234457,1.9,3,30,0.011375350934162361,1.9,3,35,0.5388995133550221,1.9,3,53
54,0.8046301023767138,1.9,3,3,0.009754712633346646,0.31101514399051666,2,15,1.2079215760634399,1.9,3,23,0.018079300138303906,0.2962961805363496,2,35,0.10244092931952394,0.4474570155143738,2,38,0.01801912021545838,0.5299862722555796,2,47,0.9616044459904409,1.9,3,60,0.022041644638876118,0.20078748340408006,2,72,0.9466308100979417,1.9,3,78
55,0.018854887435675476,0.1967653289437294,2,10,0.26599206375815,1.9,3,15,0.04233760979795868,1.9,3,24,0.014372300260777134,0.30249597470868717,2,46,0.8967672148363809,1.9,3,86,0.00565653608809934,0.39135439197222394,2,92,0.20674882681047188,0.4387545982996623,2,95
56,0.7975460232915699,1.9,3,8,0.022214780714460206,0.16946037196450764,2,26,1.634439853215987,1.9,3,41,0.024554371097294542,0.42689677476882937,2,51,3.779980667986304,1.9,3,56,0.015201184225801648,0.244161893427372,2,66,0.35410395911663195,0.5440383777022362,2,70,0.5126756361200164,1.9,3,126,0.14903246331975625,0.596779640763998,2,130,0.008380922727646754,0.2708339307989393,2,137,0.9234794957246604,1.9,3,145,0.019628217105470514,1.9,3,151,1.117053609135,1.9,3,179,0.06566795941024531,1.9,3,186,0.5239205627930448,1.9,3,200
57,0.3289709189531629,1.9,3,54,0.050080665731842784,1.9,3,68,2.372830797478118,1.9,3,71
58,0.3714610584874504,1.9,3,10,0.3178786285848782,0.8919945557912191,2,16,0.45586879344717235,1.9,3,26,0.06182736871357412,1.9,3,33,0.6730371540024618,1.9,3,40
59,1.0636795174839757,1.9,3,22,0.3303868471480619,1.9,3,40,0.014105995025478752,0.2525157534024295,2,57,0.06771558976973875,0.46091169118881226,2,60,0.016914364471722395,0.12744291470601007,2,73,0.4699368552660797,1.9,3,79,0.19536297906320793,1.9,3,107,0.38908666816139537,1.9,3,133
60,1.9852110829473293,1.9,3,26,0.06507792645203107,1.9,3,30,1.3549055121095817,1.9,3,37,0.024343339719580314,0.3875714302062988,2,47,1.8769062683305722,1.9,3,60
61,0.6032182661006341,1.9,3,6,0.019389647344905007,1.9,3,14,0.8600479526224113,1.9,3,39,0.018303548899503364,0.26735695265233517,2,55,0.2624789055785535,1.9,3,70,0.031822824677402536,1.9,3,80,2.8572150156385177,1.9,3,86,0.031761612152510624,0.24179090822444244,2,103,1.381876617967478,1.9,3,136
62,0.46845454483563587,1.9,3,14,0.12434471626148723,1.9,3,18,0.5826494805103759,1.9,3,30
63,0.466417928312041,1.9,3,24,0.012391346821811026,0.8836511611938477,2,34,0.4473744641731348,1.9,3,61
64,0.9586639070155974,1.9,3,8,0.065040692315685,1.9,3,12,0.7118477519338429,1.9,3,18,0.03107378021882027,1.9,3,25,0.2794039793067642,1.9,3,28,0.022860696814693268,1.9,3,32,0.0765752138300223,1.9,3,38,1.5081763773687464,1.9,3,41
65,0.6357579725336948,1.9,3,12,0.2026518828978292,1.9,3,17,0.6496810986037266,1.9,3,26,0.0027397769183214616,1.9,3,34,2.842739127935229,1.9,3,43,0.11305306186195606,1.9,3,64,0.06112170902847636,0.8406373675052936,2,77,0.9668178742352256,1.9,3,114,0.02348361778630826,1.9,3,125,0.5577286750592606,1.9,3,194
66,0.6326148414555217,1.9,3,50,0.03833273131763558,1.9,3,56,0.855986132347036,1.9,3,65,0.04991513897378958,1.9,3,79,0.45380247983656813,1.9,3,100,0.02865088571763339,1.9,3,113,0.7063186261286363,1.9,3,147,0.010197211979713903,0.2695387819638619,2,160,0.4761608849893202,1.9,3,174,0.003763083513215919,0.4939562946557999,2,184,0.18443509616657952,1.9,3,200
