0,0.7205213642771948,1.9,3,9,0.02685593573069511,1.9,3,14,2.3335820538178753,1.9,3,21
1,0.5689398147311961,1.9,3,20,0.09751130038004437,0.4487403854727745,2,24,0.01595204583486862,0.17488090287555347,2,35,1.252279920222768,1.9,3,55
2,0.029089923158719413,1.9,3,3,0.7759944690885575,1.9,3,31,0.02754420136448811,0.3342325443571264,2,42,1.386059096306333,1.9,3,46
3,0.5318710154419688,1.9,3,25
4,0.7922210465176049,1.9,3,61,0.01835593905051692,0.4553265306684706,2,70,0.5472810271931579,1.9,3,119
5,0.35642228109332086,1.9,3,23,0.05883804324687495,1.9,3,32,0.8307626606271099,1.9,3,38,0.022985850958603164,0.1547162781159083,2,62,0.7442670676124069,1.9,3,68,0.017326447986605112,1.9,3,72,0.3140990118948384,1.9,3,86
6,0.10689944415626722,0.5603061566750208,2,3,0.010159096781422213,0.1925275447693738,2,14,0.3465098647418967,1.9,3,22
7,0.4202567565513268,1.9,3,36,0.004895826804214718,1.9,3,43,0.8208698954007975,1.9,3,62,0.03206050597789572,1.9,3,71,0.4942637006543778,1.9,3,126,0.02332368621175028,0.4917443454265594,2,146,0.42877872622022256,1.9,3,176,0.08804217763874995,1.9,3,181,0.3047782378830723,1.9,3,184,0.04434981702075051,1.9,3,193,1.0030521315767127,1.9,3,200
8,2.442403619929316,1.9,3,28,0.016344047440379764,0.5240240668257078,2,40,0.04240790325551954,0.8245912790298462,2,49,0.0524803648590681,0.7755779246489207,2,79,0.8207513823051371,1.9,3,107
9,0.28219766582762956,1.9,3,28,0.017341911056062746,1.9,3,36,0.6931758532734656,1.9,3,66
10,0.46160871773415196,1.9,3,6,0.09859119179965427,1.9,3,10,0.777881198908731,1.9,3,15,0.1639220470664395,1.9,3,23
11,0.19401667141250623,1.9,3,32
12,0.4791242189395502,1.9,3,38,0.030186661012739275,1.9,3,48,0.7817912976858542,1.9,3,65,0.012039951110719656,0.7920125544071197,2,75,0.8581279319627825,1.9,3,126
13,0.1111042597166202,1.9,3,3,0.023297357130709715,1.9,3,19,0.1942506466638677,1.9,3,23
14,0.3839574304400081,1.9,3,21,0.020091159962849044,0.20984623620384618,2,40,0.4810408628264277,1.9,3,68
15,0.39028687767788933,1.9,3,23,0.012252771667738513,0.4973834858221166,2,40,1.4019720141326055,1.9,3,52,0.1375229116702578,1.9,3,56,0.030436545413876047,1.9,3,62,0.13797118967568645,1.9,3,65,0.00977974943131543,1.9,3,75,1.331519726206661,1.9,3,84,0.02456543792389687,0.5037474203854799,2,100,1.1092269076437489,1.9,3,114,0.38931412649069186,1.9,3,117,0.03382563440121534,0.5576383857815354,2,144,1.1172530405015981,1.9,3,148,0.02988157697185978,1.9,3,155,4.263769059416956,1.9,3,159,0.6055300838161799,1.9,3,190
16,1.2494985987945693,1.9,3,11,0.016903862766748864,1.9,3,17,0.5780097437494158,1.9,3,58,0.05382065867068971,1.9,3,68,0.3519408539292846,1.9,3,80,1.0896645071522442,1.9,3,111,0.015679729056011095,0.2726950811015235,2,120,0.9272447811710509,1.9,3,137
17,0.412635707831522,1.9,3,38,0.06579705105344653,1.9,3,44,0.7098746686809445,1.9,3,87
18,0.3725054212260114,1.9,3,22,0.012542717254120034,0.21374018241961798,2,40,0.7615256152200062,1.9,3,54,0.0034974470895920897,0.18357182497327978,2,65,0.010144934073085579,0.18211927016576132,2,68,2.248860566038078,1.9,3,72,0.011873844538298706,1.9,3,81,0.4893184712322402,1.9,3,134,0.023032333847188904,1.9,3,140,0.02065290958751016,0.8547144748947837,2,151,0.6156120559339623,1.9,3,164,0.042316730120916766,1.9,3,171,1.0036340215613384,1.9,3,189,0.034332986121694435,1.9,3,196,0.03746439124958722,1.9,3,200
19,0.59854019633755,1.9,3,22,0.004298604451856428,0.637187157358442,2,29,0.019338042805730152,0.8015789786974589,2,32,2.52176795099642,1.9,3,38,0.006415922988614292,0.3083361089229584,2,50,0.29150753600629753,1.9,3,53,0.03858380100275668,1.9,3,57,0.36698906452793806,1.9,3,60,0.013814649940692578,0.31236568424436784,2,78,0.7219410725394693,1.9,3,112,0.341762726281215,1.9,3,122,0.05738423333574593,1.9,3,135,1.129250160848882,1.9,3,164,0.1429854529047406,1.9,3,167,0.6146642842480163,1.9,3,174,3.0946295614372255,1.9,3,200
20,2.0208010388415367,1.9,3,5,0.014300964349950714,0.282949323952198,2,15,0.872900568376741,1.9,3,25
21,1.0634652143684813,1.9,3,9,0.018348715244478918,0.12989016539520687,2,27
22,1.610551652876932,1.9,3,6,0.019278242506315907,1.9,3,10,0.22223054055482808,1.9,3,20,0.12827678544772547,1.9,3,24
23,1.0759496357637182,1.9,3,44
24,0.9304228440264667,1.9,3,57
25,0.26960822147639346,1.9,3,28,0.014333313478343723,0.15921990987327364,2,46,0.465621660375873,1.9,3,70
26,0.5256867603191137,1.9,3,14,0.026589209986285126,1.9,3,19,0.3540201197753924,1.9,3,86
27,1.2361099809305838,1.9,3,7,0.6026352412270141,1.9,3,74
28,0.7261436664700358,1.9,3,37
29,0.5081628063745423,1.9,3,34,0.0489561655969428,0.22530433038870493,2,40,0.011933856298902182,0.11364586800336837,2,70,0.6033099651521574,1.9,3,81,0.0139886842627761,0.5885853111743927,2,91,0.5028936303199661,1.9,3,106
30,0.7477550908932751,1.9,3,40
31,0.05176928985734739,0.9616973797480265,2,3,0.009304984793392892,0.9770557483037313,2,9,1.4491979179027985,1.9,3,28
32,0.5177491702733241,1.9,3,123,0.032954638301250117,0.6430088769305836,2,134,0.5493483952626017,1.9,3,185,0.012890467384698685,0.3485198885202408,2,200
33,2.496285304090204,1.9,3,18,0.015691729727409353,1.9,3,23,1.7044593709267153,1.9,3,136
34,1.1810305041969058,1.9,3,6,0.4023307236505773,1.9,3,28
35,0.2687942891611323,1.9,3,18,0.6557687683070179,1.9,3,28,0.2621876421097287,1.9,3,38,0.02462903551677315,0.37993893524010974,2,50,2.5499532194470453,1.9,3,60
36,0.2733758339698895,1.9,3,9,0.011178641915967557,0.5679411264983091,2,20,2.4106204211217848,1.9,3,33
37,0.39876086094668417,1.9,3,14,0.013222674553338826,0.4286601208150387,2,22
38,0.8151536618145987,1.9,3,22,0.04089583249357487,0.6276659607887268,2,32,0.44927711390432706,1.9,3,44,0.013201448105164893,0.3329083851792596,2,55,1.0013907891041418,1.9,3,60
39,1.2687494511967226,1.9,3,57,0.0012942607000652098,1.9,3,63,1.8377533009535911,1.9,3,78,0.02972328229954603,0.36721123077652673,2,100,0.081565995152016,0.47740414312907625,2,107,0.8168402618343136,0.9930640856424967,2,110,1.4396228446135115,1.9,3,169,2.291546529753853,1.9,3,192
40,0.6591406546491948,1.9,3,59,0.059690623557777815,0.5957545340061188,2,63,0.010846624915457691,0.43086833506822586,2,71,2.4922882474438697,1.9,3,83,1.174503630665914,1.9,3,125,0.09288521281595624,1.9,3,132,0.39587866217169093,1.9,3,166,0.056855085024035176,0.8848734855651855,2,176,0.3000756976922919,1.9,3,192
41,0.5645793242698761,1.9,3,20
42,0.5415317762809274,1.9,3,12,0.03969781773699659,1.9,3,19,0.8064727695522599,1.9,3,71,0.03272918213140802,1.9,3,78,0.26742150758902383,1.9,3,83,0.7105960977829928,1.9,3,92,0.019274666627290868,0.35313452644781634,2,103,0.7618106157922323,1.9,3,115,0.010333229063896502,0.7453122138977051,2,125,0.5337170743038574,1.9,3,161
43,1.196502493959662,1.9,3,17,0.40710710323407917,1.9,3,26,1.2863837988326763,1.9,3,42
44,0.9984213970654977,1.9,3,4,0.02312164504407164,1.9,3,11,0.42713174162732387,1.9,3,75,0.6992697343013102,1.9,3,106
45,0.5508635400472156,1.9,3,51,1.1730852100796147,1.9,3,68,0.04951926393925868,1.9,3,72,0.8106284116275516,1.9,3,81,0.01498950307506644,0.18458086958057002,2,100,2.105744690566649,1.9,3,110,0.7141995340095516,1.9,3,120,0.02754786551832913,1.9,3,126,4.511906597864947,1.9,3,152
46,0.5629847058205963,1.9,3,39,0.012081183068318135,0.34028779408510995,2,56,0.18812556557825127,1.9,3,62,0.04574631708706915,0.7796073485823238,2,79,0.4028906835244796,1.9,3,103
47,0.5171894009217967,1.9,3,38,0.01343965716247205,0.14669766873121262,2,48,0.5926048256624789,1.9,3,61
48,0.10152186678828795,1.9,3,31,1.1546538513300177,1.9,3,63
49,0.7651655537500324,1.9,3,3,0.2185787358896289,1.9,3,26
50,0.023840382362391475,0.4819805068629129,2,21,1.167684065128094,1.9,3,27,0.01613758649350314,0.7856203556060791,2,32
51,0.27628848107864623,1.9,3,40
52,1.1170740258498826,1.9,3,17,0.26859681446923495,1.9,3,57,0.11677289811150783,1.9,3,72,0.6352913974142665,1.9,3,79
53,1.1218563255866083,1.9,3,54,0.6288714847276025,1.9,3,78,0.009076385814856881,1.9,3,87,5.08988015934453,1.9,3,90,0.658802651562524,1.9,3,128,0.047101883972505025,1.9,3,135,0.9689921888575693,1.9,3,166
54,0.3983676198300301,1.9,3,13,0.7132426388396614,1.9,3,38,0.03375144629917938,1.9,3,42,0.6033865922649527,1.9,3,87
55,0.9768079209641334,1.9,3,13,0.030264244135480744,1.9,3,19,0.4580011489586738,1.9,3,34,0.008049106835234335,0.33754458154241246,2,46,0.8139439829154033,1.9,3,56,0.14168267662009487,1.9,3,82,0.4187004321905055,1.9,3,134,0.019209082569072607,0.3141595327428409,2,148,0.6453305821246045,1.9,3,154,0.032866435125821776,0.25060657991303337,2,163
