0,1.0149775434696888,1.9,3,31,0.004145571816249781,1.9,3,36,2.6635595640072105,1.9,3,45,0.012865209781681609,1.9,3,49
1,0.5373899700415159,1.9,3,23,0.018949167110719128,0.3823406050602595,2,35,0.18750301389056004,0.583059025662286,2,42,0.6131190502862068,1.9,3,56,0.01976138355818924,0.17636811503997216,2,69,0.8243279676464373,1.9,3,90
2,1.7726244957694657,1.9,3,7,0.013295687974124872,1.9,3,25,0.03255410697899484,0.9286824006300706,2,38,0.5426204334528693,1.9,3,56,0.019610071208655974,1.9,3,65,0.07037341228579501,1.9,3,72,0.5314652508549106,1.9,3,104
3,0.9299743138929706,1.9,3,56
4,0.37985400408575093,1.9,3,114
5,0.36604960639036327,1.9,3,38,0.22148038624921454,1.9,3,49
6,0.7006380197093285,1.9,3,8,0.06350108193806096,1.9,3,29,0.008435306420119823,0.7602111829651726,2,38,0.281884094010251,1.9,3,112
7,0.49943250163833797,1.9,3,38,0.024735918602822506,0.3959841590661269,2,51,0.9455962713271382,1.9,3,91
8,0.5736879199452881,1.9,3,7,0.10766106709425986,1.9,3,17,0.303493634152156,1.9,3,21,0.01053256915556014,1.9,3,28,1.6534756215168944,1.9,3,31,0.017072213092155043,0.12912436922391254,2,46,0.6005618595695337,1.9,3,76,0.08593604219693024,1.9,3,81,0.858216580751132,1.9,3,101
9,0.721479087722059,1.9,3,8,0.018138506892113392,0.3384909272193909,2,18,0.3849557566322888,1.9,3,23,0.033782044322765124,1.9,3,31,0.6466353212796,1.9,3,34
10,0.191132250009582,1.9,3,45
11,0.04857815143686029,1.9,3,3,1.2230770620581237,1.9,3,27,0.014380902927011796,0.7421667695045471,2,42,0.2358726544025738,1.9,3,45,0.007775852875128187,0.8567783615805886,2,56,0.44699018593763473,1.9,3,82,0.8631531379720977,1.9,3,114,0.03758823690411444,0.7919225414594014,2,144,0.879220879962723,1.9,3,150
12,0.6026956725614778,1.9,3,6,0.008872445353616167,0.7586978806389703,2,15,0.28686597050102075,1.9,3,91,0.7520823585596834,1.9,3,94,0.026997868422497205,0.5962807392251903,2,123,0.9784788385318511,1.9,3,130,0.0500332274240312,1.9,3,140,0.12922019082787248,1.9,3,150,1.5994799061344018,1.9,3,159,0.004659141581363426,1.9,3,166,0.502268857629266,1.9,3,200
13,0.28765723756487127,1.9,3,17,0.016644863508865817,0.19282382463707642,2,34,0.2475511205300382,1.9,3,43,3.0365594166654555,1.9,3,47
14,0.4498153499117778,1.9,3,33
15,0.24281077461614972,1.9,3,58,0.01257770702501889,0.118353471159935,2,78,0.08543069158665048,1.9,3,88,0.47391991726278887,1.9,3,91,0.03898082744127859,1.9,3,99,1.9409334242367426,1.9,3,104,0.04542575779091791,1.9,3,113,2.4088732193653355,1.9,3,116,0.013398048589986762,1.9,3,124,1.2609839212433585,1.9,3,137,0.33563455693230027,1.9,3,157,2.2754401107298627,1.9,3,164,0.01021924273906073,0.5214794494888999,2,175,0.6266130251460369,1.9,3,200
16,0.04574541595477037,1.9,3,8,0.6031426924865556,1.9,3,87
17,1.422951123337116,1.9,3,20,0.0199595019007208,1.9,3,26,0.6753869668283435,1.9,3,94,0.007633777384325785,1.9,3,103,0.04376420693631399,0.9889523029327393,2,113,0.7569446236155427,1.9,3,127,0.029467238978743975,0.8409963473677635,2,135,0.9804246756658674,1.9,3,170,0.01005645144672997,1.9,3,177,0.652328010865696,1.9,3,200
18,0.27899448092054285,1.9,3,6,0.013003834081377062,0.18143946620134208,2,32,2.138007635277382,1.9,3,36,0.03431293200283472,0.9384065866470337,2,42,0.023243309238545232,0.18612182554271486,2,60,1.1644644189932214,1.9,3,75,0.03329004860776877,1.9,3,81,1.0521222305598215,1.9,3,122,0.44186731689143677,1.9,3,126,0.014713461226275308,0.5101996049284935,2,146,0.5445290210017083,1.9,3,150
19,0.5909677525363568,1.9,3,4,0.06715470106183895,1.9,3,12,0.6242684122272283,1.9,3,32
20,0.4705211603267679,1.9,3,6,0.07679136691730777,1.9,3,9,0.411984917248871,1.9,3,15,0.06703493509754424,1.9,3,20,1.085598755318511,1.9,3,23
21,3.930351520935205,1.9,3,5,0.013931946691785923,1.9,3,12,0.4688456956685715,1.9,3,29,0.010794826747594412,0.23357120313142476,2,48,0.801182002176016,1.9,3,54,0.01701503843209044,1.9,3,59,0.7619607434988518,1.9,3,96,0.015863716574249228,0.5384041011333466,2,106,0.15389972185655396,1.9,3,111
22,0.6538464725118907,1.9,3,36
23,0.017604074439148194,0.3694118734668283,2,17,0.06314800671526982,0.3187631169954936,2,20
24,0.46121250952282994,1.9,3,6,0.019406421999160886,0.23123904182152313,2,28,1.8650813685721612,1.9,3,32
25,0.7591581039111975,1.9,3,33
26,0.6244943227840507,1.9,3,67,0.2839198927192503,1.9,3,72,0.09553943913846043,0.7912622292836508,2,75,0.017190464887512247,0.609687864780426,2,83,0.25610606969064087,0.8390782594680786,2,88,0.014388379862754078,0.6624030012350816,2,101,0.6045919814452929,1.9,3,182,0.03994995938840029,0.8879412690798442,2,197,2.481040135479834,1.9,3,200
27,1.4191765426258227,1.9,3,26,0.10054977387857222,1.9,3,31,0.04961992256688132,0.5099939020241008,2,48,0.7790497056547696,1.9,3,117
28,0.008484909843072156,1.9,3,5,0.610875043015401,1.9,3,14,0.013244256282767217,0.11959348406110491,2,28,0.528253014299851,1.9,3,69,0.016615413481181264,0.7146718204021454,2,77,1.2736936194839141,1.9,3,89,0.01699423029997918,0.13920585624873638,2,105,0.6910840236831799,1.9,3,158,0.01938763763242701,1.9,3,166,1.3337311035867654,1.9,3,176,0.0361152983166182,0.6710856494804224,2,200
29,1.2820624084649075,1.9,3,43
30,0.48761959035159813,1.9,3,25,7.618895302250753,1.9,3,28
31,0.7188318702188924,1.9,3,35
32,0.46237992498120295,1.9,3,20,0.022137811766474384,1.9,3,28,0.49556534724144513,1.9,3,64,0.0077275061438122124,0.20636966505220958,2,78,0.558002760892939,1.9,3,137,0.013575498036935927,0.412225678563118,2,153,0.027822403457289438,0.6427538514137268,2,168,0.3349363455015845,1.9,3,193,0.05729203197199246,1.9,3,200
33,0.7904580677819999,1.9,3,54,2.3553864185626594,1.9,3,57,0.018172616670131685,1.9,3,64,1.323640112944018,1.9,3,67,0.0509710491474757,1.9,3,78,0.23927537528576315,1.9,3,107,1.6313851934342765,1.9,3,136
34,1.105112613014063,1.9,3,5,0.006590751200918247,1.9,3,10,0.8555934424035168,1.9,3,13,0.0056989549926347175,0.7419072058465745,2,22,0.3850740391940727,1.9,3,27
35,0.04873793951093648,0.5022948205471038,2,10,0.28333004660613775,1.9,3,25
36,0.22953514909577158,1.9,3,24,1.2798485578206913,1.9,3,29
37,0.5837682612971684,1.9,3,52,0.9052301909988312,1.9,3,72
38,0.3977991181175219,1.9,3,19,0.46752421119921156,1.9,3,31,0.06068712960376576,0.7896886914968491,2,39,0.019643329490553797,0.5949786847287958,2,50,0.37140164421706057,1.9,3,59,0.009515098398687171,0.5608719736337662,2,69
39,0.29923526145261997,0.8597025871276855,2,3,0.015252331678347707,0.18512827370847976,2,17,0.5565147523797424,1.9,3,26
40,0.42431446099255626,1.9,3,42,0.014643471612871738,1.9,3,51,0.5657734900944217,1.9,3,55
41,0.9256117927751087,1.9,3,14,0.003402438129248033,1.9,3,20,0.8060664311290732,1.9,3,64,0.023333565155026666,0.3849334180355072,2,79,0.3917326963276078,1.9,3,92,0.8458804866104511,1.9,3,107
42,0.48662421168944336,1.9,3,25
43,0.8417959095338566,1.9,3,35,0.09279113738272889,1.9,3,39,0.8448701963796543,1.9,3,78
44,0.39488569286974934,1.9,3,4,0.04042145731538618,1.9,3,10,0.3770237003971722,1.9,3,21
45,1.05082338390034,1.9,3,16,0.017229642175106807,0.7920636932055155,2,49,0.5634931254275763,1.9,3,61,0.011662838540528348,0.5586586329672072,2,70,1.2261776664507709,1.9,3,78,0.027206025934941657,1.9,3,83,0.8695039968456082,1.9,3,138,0.017829754479045952,0.5286361674467722,2,147,1.2102197650182318,1.9,3,188,0.008617719616168024,1.9,3,194,3.1055627793541247,1.9,3,200
46,0.483293871964947,1.9,3,33,0.010731810889317479,0.3760269463062286,2,48,0.10337642820177476,1.9,3,51,0.0286075345787719,1.9,3,56,0.5224744079169316,1.9,3,136,1.5490275310648902,1.9,3,140
47,0.758098307440933,1.9,3,20
48,0.5052056696194562,1.9,3,22,0.015155933139082195,0.18238202273845672,2,47,0.7957153675738569,1.9,3,78,0.07443784900983055,1.9,3,92,1.4219483291796853,1.9,3,95,0.018935314856368023,1.9,3,102,0.6340034282623757,1.9,3,152
49,0.3012562025419181,1.9,3,31,0.05104254083534645,0.15506684247936522,2,45,0.39142614044589585,1.9,3,67,0.9224099751917099,1.9,3,75,0.049974765408659146,1.9,3,79,0.6603289228619674,1.9,3,91,0.3441109453038148,1.9,3,107
50,0.07073721530905763,0.4697304003768497,2,9,0.5979811970043089,1.9,3,29
51,0.888810549130069,1.9,3,10,0.07061936406497038,1.9,3,18,0.0323816628105968,0.4268541246652603,2,28,0.38977112994252455,1.9,3,40
52,1.9034873046954732,1.9,3,10,0.015287851703796174,1.9,3,15,2.847955214183228,1.9,3,22
53,0.2819959237550035,1.9,3,9,0.010871153171236055,0.13949350494405496,2,32,0.5477991322737763,1.9,3,51,0.0400965994196447,0.5965401604771614,2,59,0.34355310370186387,1.9,3,85
54,1.3803752676271943,1.9,3,4,1.623831304141248,1.9,3,31,0.015747424888483366,1.9,3,38,0.8255167293493608,1.9,3,81,0.007553933142626142,1.9,3,91,0.41474827291153166,1.9,3,100
55,0.3287661552321997,1.9,3,14,0.0437858069047041,1.9,3,29,0.7725046415460783,1.9,3,33,0.018717753000112445,1.9,3,39,0.5725702517791972,1.9,3,90
