0,1.6855501485124622,1.9,3,9,0.014799131524057214,1.9,3,14,0.4528509892593647,1.9,3,72
1,0.5873179054936886,1.9,3,28,0.02971878322417101,1.9,3,34,1.0333631445308187,1.9,3,41
2,0.49969334137003724,1.9,3,50,0.021418057511109357,1.9,3,57,2.533560657134219,1.9,3,63
3,0.007604196040074395,1.9,3,5,0.45204840320855555,1.9,3,15,0.013147630752017638,0.12112618868167584,2,28,0.4189031725525453,1.9,3,55
4,0.28007385485752373,0.85112564265728,2,8,0.36820319135691687,1.9,3,89
5,0.020187162911613484,1.9,3,3,1.4323294730563552,1.9,3,6,0.07076544947921305,1.9,3,10,0.907347463270728,1.9,3,29,0.00834951352600722,1.9,3,36,0.5074647729331586,1.9,3,41,0.01624541948890481,1.9,3,47,0.45456598429666145,1.9,3,57
6,0.7183589292193359,1.9,3,53
7,2.84831341740785,1.9,3,28,0.022574496543860286,1.9,3,33,0.9484627539774725,1.9,3,72,3.742250650768979,1.9,3,77,0.011235626481605952,1.9,3,84,1.6581403293545751,1.9,3,97,0.010786328712810657,0.18636211493740912,2,120,1.37081607391496,1.9,3,127,0.017862680186019126,0.262815922498703,2,138,1.157473422718047,1.9,3,158,0.013437389467148042,0.1359321428462863,2,174
8,0.653474488367716,1.9,3,41,0.04128952386107613,1.9,3,51,1.8082104833093013,1.9,3,54,0.016742077509321777,1.9,3,63,1.166689149762283,1.9,3,92
9,0.45997297428081774,1.9,3,23,0.02635319223456521,1.9,3,32,0.2575282641305763,1.9,3,36,5.092628102185009,1.9,3,39
10,1.0862160494041717,1.9,3,6,0.02042469623662274,1.9,3,11,1.0385771070973007,1.9,3,45,0.011629128069527931,1.9,3,53,0.9670090922084577,1.9,3,85,0.0248895642385504,1.9,3,91,1.510486515545112,1.9,3,98
11,1.1034210346599782,1.9,3,22,0.07774481456325277,1.9,3,26,0.3940983781589272,1.9,3,43,0.0033252903425608758,1.9,3,50,0.6718490006770073,1.9,3,83,0.2431579654435869,1.9,3,150,1.8536925589957267,1.9,3,157
12,0.24133386228815093,1.9,3,8,1.087678961212513,1.9,3,13,0.022175615655305778,0.20704794336449017,2,24,0.3087715661559907,1.9,3,81,0.7019320602370537,1.9,3,109,0.04838770452458373,1.9,3,115,0.5571591416573323,1.9,3,151,0.42350354040094096,1.9,3,156
13,0.8005114763639773,1.9,3,37,0.024756392947250565,1.9,3,45,0.43419096680904273,1.9,3,48,0.042151237049904415,1.9,3,57,0.4246847623671485,1.9,3,87
14,0.9335596610513355,1.9,3,16,0.0182102064684533,1.9,3,21,1.9797824341078694,1.9,3,52
15,0.9233999563341719,1.9,3,62,0.004272396683611399,1.9,3,69,0.7774630751516374,1.9,3,121,0.05228053693525836,1.9,3,125
16,0.27049704386581636,1.9,3,6,0.034068041703673065,0.6613492759374472,2,32,0.754738795043805,1.9,3,72,0.39093414518445413,1.9,3,87,0.09049172245160002,1.9,3,100,0.04817426912924061,1.9,3,108,0.5031209676505266,1.9,3,149,0.011345113371932253,1.9,3,157,0.6465275700001646,1.9,3,176
17,0.009316281711370479,1.9,3,6,0.5130863410392912,1.9,3,46,0.01615304576067461,0.35307569098141456,2,82,0.5009827469529343,1.9,3,121
18,0.47377962074475405,1.9,3,59
19,0.7486176967652115,1.9,3,60
20,1.1187256671325305,1.9,3,25,0.009722764746177576,0.45996920420573306,2,38,1.5427431822691664,1.9,3,42,0.06311824523471067,0.2920429577430089,2,57,0.6013803271860578,1.9,3,101
21,0.3487649850206237,1.9,3,35,0.7411273036334848,1.9,3,51,0.182193663650501,1.9,3,65,0.737845031656402,1.9,3,88,0.02089599658511997,0.42866928449698855,2,102,0.20337584836010325,1.9,3,106,0.026625544749146832,1.9,3,118,0.30001855543673234,0.7278599341710409,2,121
22,0.5814130251665457,1.9,3,19,0.06790689367616329,1.9,3,24,0.9808722379086839,1.9,3,42,0.01584544650471325,0.4430024862289429,2,57,0.6172869705527836,1.9,3,73,0.08156845478198176,1.9,3,80,0.7340857289697575,1.9,3,83,0.011809390348048197,0.44271538578546965,2,96,0.6580321345999022,1.9,3,130,0.013861056371134347,0.17651994850324548,2,153,1.3336160529909626,1.9,3,160,0.053386992078695475,1.9,3,167,1.4837623172227195,1.9,3,172,0.02539256004295675,1.9,3,178,0.0310211337200586,0.970437867300851,2,185,0.6641637645034504,1.9,3,200
23,2.7435711789056714,1.9,3,10,0.023638788541688917,0.698987929444564,2,29,0.15787504038415234,1.9,3,38,0.01871578317516025,0.35897436551749706,2,54,0.4880405322703374,1.9,3,72,0.015468063947974463,1.9,3,79,0.7280988892260516,1.9,3,90
24,0.6129333329008689,1.9,3,26
25,0.30060555513425025,1.9,3,20,0.024398544021732613,0.12131147545117599,2,33,0.9013041667800228,1.9,3,39,0.0269802055518366,1.9,3,45,0.39476162324434144,1.9,3,67
26,2.044070022015139,1.9,3,3,0.018162607545093367,0.22727986704558134,2,19,0.7904036577818556,1.9,3,31,0.006759784050845907,0.5513053834438324,2,40,1.4630449296008115,1.9,3,49
27,0.07866111517552855,1.9,3,6,0.3959146929252848,1.9,3,55,0.013211361367952515,0.07254782777566177,2,68,0.7712290724384457,1.9,3,138
28,0.08166476379248323,0.5065017342567444,2,3,0.01271799457423231,0.3932417730490367,2,12,1.415202983136117,1.9,3,15,0.3564227169842928,1.9,3,49,1.4220240431909028,1.9,3,55,0.01998450137790923,0.14858595755967227,2,77,0.3938852932111419,1.9,3,85,1.0403589551959165,1.9,3,98
29,0.7862535115755236,1.9,3,5,0.02500620296532629,1.9,3,14,0.301035386038451,1.9,3,27
30,1.8584012909267664,1.9,3,3,0.027625677964576975,0.23119553923606873,2,23,0.457497478860144,1.9,3,28,0.013725216529351776,0.8228383839130402,2,38,0.6521479355765929,1.9,3,60
31,2.054879735265587,1.9,3,20,0.05929735036728212,0.6132976164420446,2,38,0.007641711049481057,0.71456678211689,2,44,1.9391466195793943,1.9,3,70,0.011346450388418661,0.20843111333392916,2,91,1.5141591005520196,1.9,3,107
32,0.6994058705119954,1.9,3,12,0.018967947776376073,0.32014698134018826,2,25,0.2838485656731803,1.9,3,47,0.34638789940172365,1.9,3,77
33,0.19714985313549016,1.9,3,20,0.7440723875215598,1.9,3,44,0.013910741994011351,0.10843076836317778,2,60,0.2673146998990713,1.9,3,133
34,2.189100467724179,1.9,3,6,0.01467937050931897,0.1401190400123596,2,16,0.5143145878678157,1.9,3,47,0.047029414883057535,0.2595434129238129,2,82,0.5841895526313038,1.9,3,126
35,1.7531578671104953,1.9,3,6,0.008555166885660067,0.2286172149082025,2,18,0.6991426490442462,1.9,3,34,0.01738229177599338,0.3293825343251228,2,44,0.48216384337667717,1.9,3,54,1.8907947557904408,1.9,3,73,0.6156575610784537,1.9,3,88,0.4197208101302242,1.9,3,121,0.15379792342228657,1.9,3,130,0.3342214971382852,1.9,3,154,0.015989853059422507,0.8892173171043396,2,162,2.494123526894189,1.9,3,165
36,0.719876768446605,1.9,3,12,0.02348408361637762,0.1393934923868913,2,25,1.1192485392276075,1.9,3,40,0.01873497326890439,0.14860638348679794,2,59,0.9121640723901893,1.9,3,148
37,0.00868058922988876,0.5936596840620041,2,8,0.348914391029186,1.9,3,20,0.014158046153833696,0.15895952952319178,2,49,0.6943059255079191,1.9,3,52
38,0.4302493003539797,1.9,3,9,0.06185595523433318,1.9,3,15,0.6173321109108102,1.9,3,43
39,0.4305212100118213,1.9,3,66,0.07689733974287805,1.9,3,74,0.8726164256137109,1.9,3,94,0.01649762938374189,0.056557138760884605,2,115
40,0.2613301718367179,1.9,3,23,0.03327099528515098,1.9,3,30,2.3241373519219803,1.9,3,52,1.0376728955956107,1.9,3,110
41,0.26371125241194815,1.9,3,35,4.037920644526722,1.9,3,44
42,0.392365986036599,1.9,3,23
43,1.373084618458018,1.9,3,23,0.003301250246253647,1.9,3,29,1.8025772632210235,1.9,3,51,0.01029703574505006,1.9,3,57,0.5058562233236198,1.9,3,126,0.011144191561554564,0.948316901922226,2,130
44,1.5952988891185764,1.9,3,47,0.020278897458189334,0.5132138758897782,2,57,0.8147867611934905,1.9,3,74,0.015063645161771099,0.5632508223255476,2,98,0.8709521481224134,1.9,3,123,2.671678634209009,1.9,3,126,0.007719243253266303,0.5140137428587134,2,137,2.264870850646529,1.9,3,160,0.14690982266362684,1.9,3,175,0.6567464428084796,1.9,3,200
45,0.3161969693615664,0.9322113891442617,2,6,0.011007291558320042,0.09454348869621754,2,22
46,0.43622964908204837,1.9,3,6,2.4377027774458315,1.9,3,9,0.023019892613508657,0.4750949330627918,2,21,0.7210014681072782,1.9,3,47,0.009678437750810969,1.9,3,57,0.6197333156907694,1.9,3,75,0.023768220968122748,1.9,3,86,0.4235146715480574,1.9,3,95,1.4141196670061413,1.9,3,100,0.10943512565196989,1.9,3,110,0.04018101135878771,1.9,3,118,0.5792201549683637,1.9,3,128
47,0.49042902684240075,1.9,3,19,0.00690505124745601,1.9,3,28,0.36446321482013944,1.9,3,69
48,0.8998702303593115,1.9,3,9,0.019897947747566622,0.48877685321004766,2,28,3.3668520617854756,1.9,3,34,0.40328921155188574,1.9,3,37,1.598994084060946,1.9,3,40
49,0.3254725613267105,1.9,3,62,0.05163342950203906,0.5160355730490251,2,73,1.6315190013012366,1.9,3,77
50,0.5093312790539648,1.9,3,36,0.022318264384051562,1.9,3,43,1.0265210416281951,1.9,3,63,0.07238923024506555,1.9,3,76,1.0877242426007323,1.9,3,106,0.013729129492791389,0.4865478846159848,2,117,1.26166074760396,1.9,3,130,0.01723088174102182,1.9,3,136,0.8737086604513299,1.9,3,143,0.044404660330160384,1.9,3,152,1.1845058298389788,1.9,3,160
51,0.8749381451609142,1.9,3,19,0.01385343543116151,1.9,3,27,1.1746049059417114,1.9,3,30,0.006911213086699406,1.9,3,39,0.5019186775639246,1.9,3,79,0.03873704812540903,1.9,3,86,0.8868603253372823,1.9,3,90,0.02635411454432183,1.9,3,96,1.7429338690719902,1.9,3,107
52,0.5001204115764099,1.9,3,44
53,0.43242645992533707,1.9,3,66
54,1.6143840703658296,1.9,3,25,0.017385012559736863,0.9345917344093323,2,35,0.8740260653292009,1.9,3,50,0.015496826022788549,0.20342077190677324,2,62,0.45130708260166735,1.9,3,93,0.7639579921911218,1.9,3,137
55,0.8990182740000243,1.9,3,15,0.04117947849719452,1.9,3,34,0.5101620118214433,1.9,3,50
56,0.5301852266332558,1.9,3,22
57,1.701317511747005,1.9,3,44,0.09902008657664071,1.9,3,55,1.2265389973719665,1.9,3,74,0.04784544131080702,1.9,3,79,0.5824189475660637,1.9,3,133
58,0.5636291282283684,1.9,3,33,0.20109633351043077,1.9,3,36,1.8633426460826927,1.9,3,47,0.006480630719044942,1.9,3,53,0.8639277083583646,1.9,3,85
59,0.26598541401581227,1.9,3,79
60,0.7162418336496065,1.9,3,14,0.06341805144601699,1.9,3,20,0.30625771847505645,1.9,3,68
