0,0.9752228383169411,1.9,3,14,0.030318476222243113,1.9,3,24,0.6913047777727159,1.9,3,34,0.03158008297633836,1.9,3,42,0.5472709841937332,1.9,3,45,0.15839238033537192,1.9,3,57,0.451853439446488,1.9,3,77
1,3.3687407580274176,1.9,3,24
2,0.998473926040285,1.9,3,57,0.07630541620959541,1.9,3,63,0.8964403698683169,1.9,3,67
3,0.4095345696845194,1.9,3,29,0.01568458401207801,0.6113148612134597,2,46,0.8630885155284778,1.9,3,162,0.5400645114542785,1.9,3,200
4,0.3801887816523799,1.9,3,42,0.016172388637493106,0.03965711792310079,2,57,0.4148765974656408,1.9,3,77,0.006699297449718118,0.9895380205578275,2,86,0.3398738678463324,1.9,3,99,0.7438486504385495,1.9,3,133
5,0.4646180385469106,1.9,3,63,0.02006678955789538,0.4414877678666796,2,77,0.1613347767806384,0.6065810680389404,2,82,0.035364615325772654,0.6826361332620893,2,89,0.2133039917679205,1.9,3,92,0.024877096821927756,1.9,3,100,0.6403211525370912,1.9,3,109,0.01749041749352542,1.9,3,115,0.46953530206519184,1.9,3,153
6,0.4778141461436767,1.9,3,95,0.7909049197152396,1.9,3,121,0.012008742048785296,1.9,3,127,1.7686645991468983,1.9,3,136,0.12807119995585897,1.9,3,139,0.5819461069094847,1.9,3,164,0.03541084059452938,0.35386497154831886,2,180,0.5048780972153863,1.9,3,197
7,0.6192519358182912,1.9,3,6,0.015348074406025907,0.1524252749979496,2,26,0.8261343414577039,1.9,3,53,0.19466231765673203,1.9,3,57
8,1.2646558422678797,1.9,3,25,0.020494969219590497,0.15567548147269658,2,39,0.9983164835369279,1.9,3,80,0.002493567668572956,1.9,3,87,1.3661616548375313,1.9,3,101,0.024928665702574394,0.13756216689944267,2,117,0.7094952673423578,1.9,3,141
9,0.8260999851401412,1.9,3,27,0.026332105211343847,1.9,3,34,0.8116858296763874,1.9,3,53
10,0.1507417676443736,1.9,3,3,0.024624900632280258,0.930048155784607,2,23,0.8233859120809767,1.9,3,28,0.05129713685729741,1.9,3,36,0.008028885010273929,0.6876368621985117,2,42
11,1.051388690985697,1.9,3,14,0.022430010294570393,0.07048405821506794,2,27,0.32558062469558297,1.9,3,84,0.016998812856954162,0.12329993148644765,2,96,2.0593192725309732,1.9,3,147
12,0.9166074766349364,1.9,3,24,0.03475948821042668,1.9,3,31,1.5534207361870949,1.9,3,52,0.21158875381746955,0.6620515286922455,2,58,0.016109910938608276,0.8548620045185089,2,64,0.5245876422043637,1.9,3,67,0.016483903491696848,0.4871973291687343,2,90,0.030118626167467424,1.9,3,98,0.45682991377964133,1.9,3,155,0.024298340059607536,1.9,3,160
13,1.4977662233441782,1.9,3,33,0.4739680176680329,1.9,3,37,1.6914039536808725,1.9,3,54,0.025046213583155324,1.9,3,59,0.44242706850358127,1.9,3,73,0.17338751014107184,1.9,3,80,0.4737553141642637,1.9,3,135
14,0.1420213460546045,1.9,3,12,0.5447275051173335,1.9,3,25,0.19375210782335656,1.9,3,29,2.532889128942453,1.9,3,32
15,0.5057559101613545,1.9,3,17,0.008014845364309272,0.2192392388979594,2,32,0.4854715946482618,1.9,3,36
16,0.01994230049667276,0.32373811801274616,2,9,1.9987013911533937,1.9,3,20
17,0.014088451329112359,0.18705037832260132,2,10,0.5506028177290924,1.9,3,22,0.023634037101583384,0.6214920617640018,2,30,1.045758551515549,1.9,3,36,0.013656097974197388,0.07917858087099515,2,49,1.6039501456748029,1.9,3,57,0.011927284615207867,0.34448663393656415,2,66,0.6733840632553754,1.9,3,74,0.023506664823052952,1.9,3,86,0.015587653478697316,0.04664489805698395,2,136,0.3223159719704434,1.9,3,139,0.8940937094864909,1.9,3,143,0.05098799487632798,1.9,3,149,1.894674744640806,1.9,3,155
18,0.48557949341945694,1.9,3,73
19,0.6412386383323567,1.9,3,30,0.0057814666732886304,1.9,3,37,1.1481799263302637,1.9,3,70,0.4989754046041384,1.9,3,82,0.012151241979621818,1.9,3,90,1.0374792325794207,1.9,3,108
20,0.6240761807012494,1.9,3,31
21,0.463200325209978,1.9,3,68
22,0.5036036889920799,1.9,3,29,0.02347619816858247,0.4918015718460083,2,49,0.0982171215198511,0.7669802606105804,2,63,0.7332062930690575,1.9,3,83,0.013021443490847795,1.9,3,93,0.4045615322820686,1.9,3,96,0.05464960218444114,1.9,3,100,0.7616562803388074,1.9,3,129,0.02202589175181088,0.2799614825669457,2,146,0.6313392381225528,1.9,3,167
23,1.5179814646877072,1.9,3,24,0.02666661960401505,1.9,3,31,2.0553604195514295,1.9,3,35,0.25140441491666854,1.9,3,43,0.5471871868200812,1.9,3,110,0.015065014674063312,0.24356164336204528,2,125,0.36553248298257285,1.9,3,140,0.8089335308757329,1.9,3,154,0.09897399677033965,0.5865226089954376,2,157,0.014596903156952008,0.10124722810891959,2,170,0.33052465271179143,1.9,3,200
24,0.27391118509334866,1.9,3,84
25,0.45167721150159446,1.9,3,4,0.06498322068268736,0.9001869757970175,2,16,0.1804847298196397,1.9,3,36
26,0.19952348718946994,1.9,3,12,0.03159292067144495,0.525662986934185,2,22,0.34499784141625794,1.9,3,35,0.18573992681830537,1.9,3,50
27,0.4184258751420847,1.9,3,20,0.015597732747136394,0.13276776383000036,2,51,0.027262180197422173,0.3682412611586707,2,65,0.6912156900567842,1.9,3,93,0.1593350340068908,1.9,3,97,0.02145378015992974,0.6296689037014457,2,114,1.9195427179157043,1.9,3,119
28,0.5923923355930586,1.9,3,44
29,0.9910845608286747,1.9,3,93,0.0505875847147784,1.9,3,108,0.6121193095084041,1.9,3,121
30,0.9647063576467713,1.9,3,13,0.009960934845186599,1.9,3,18,2.9855399791574384,1.9,3,23,0.02919651515898766,1.9,3,29,1.1011008727043397,1.9,3,61
31,0.4363009395105131,1.9,3,28
32,0.732336394929311,1.9,3,4,0.023430442892089114,0.6930322647094727,2,18,0.6414784676148181,1.9,3,40
33,0.5467119029362998,1.9,3,43
34,0.3392440680950454,1.9,3,11,0.034499975724095834,1.9,3,17,0.6895002195630673,1.9,3,27,0.020756907826143634,0.3159797489643097,2,37
35,0.867687132799882,1.9,3,7,0.01433211297978252,0.12760964408516884,2,23,0.6993680697261313,1.9,3,69
36,0.2935013639000053,1.9,3,5,0.9784105490946363,1.9,3,12,0.08290272763097213,1.9,3,16,1.0503142919436483,1.9,3,22
37,1.254481403804433,1.9,3,18,0.01952014715394576,1.9,3,22,0.4561707192558671,1.9,3,32
38,0.5872094723320054,1.9,3,17,0.13028954361033282,1.9,3,26,0.5738428500012319,1.9,3,68,0.16747718138698203,1.9,3,73,1.0368958710944982,1.9,3,80,0.011591850068362232,0.182246249757315,2,99,0.7565874109988453,1.9,3,155,0.08666075538954379,1.9,3,168,1.1916159996696634,1.9,3,171,0.09445404493145564,1.9,3,174,0.9785506369811369,1.9,3,185,0.027828294721607673,0.13743509749571484,2,200
39,0.33019580362100376,1.9,3,108
40,0.8748842263561732,1.9,3,98,0.022135350729331,1.9,3,103,1.1662103497355363,1.9,3,114
41,0.5557565152977054,1.9,3,11,0.02305179400718926,1.9,3,16,0.6148876568448166,1.9,3,31,0.010687928634561169,0.15393689647316933,2,55,0.4951573098843786,1.9,3,88
42,0.7029205152073777,1.9,3,8,0.04288793797500975,0.842697670062383,2,14,0.029503179320041224,0.19181283687551817,2,26,0.520768858892557,1.9,3,49
43,0.02316806263263786,0.2995454668998718,2,32,0.5466427106751134,1.9,3,62
44,0.01019198487498081,0.2324121778502184,2,17,0.6441328260491578,1.9,3,25
45,0.359337286189531,1.9,3,10,0.01597864703198575,0.8723849773406982,2,20,0.7458766515235995,1.9,3,41,0.06733404614552049,1.9,3,44,0.01570889345490885,0.9865203201770782,2,50,0.9246756268693495,1.9,3,81
