0,0.585339525053291,1.9,3,74
1,0.39322834434730203,1.9,3,10,0.028665165674508917,1.9,3,18,0.5603089164886492,1.9,3,25
2,0.7483317047925624,1.9,3,30
3,0.6456434856138995,1.9,3,16,0.011196927748087102,0.5201034545898438,2,25,0.1402702330664724,0.7943015694618225,2,29,1.0252979485044575,1.9,3,43
4,2.370959609274584,1.9,3,6,0.36545747579186794,1.9,3,50
5,0.6907651760285977,1.9,3,51
6,0.7821462645578718,1.9,3,23,0.008197671054852945,1.9,3,29,0.7853353631484036,1.9,3,92,0.12150550531517898,1.9,3,100,0.6626931131356664,1.9,3,106
7,1.3858523043207476,1.9,3,22,0.004387486571770902,1.9,3,27,1.0881716520568645,1.9,3,48,0.19848535202310405,1.9,3,55,0.8028901068514003,1.9,3,87,2.1824715662869845,1.9,3,112,0.02541462767613175,1.9,3,117,2.163628609970345,1.9,3,128,0.021577638377437446,0.20697742979973555,2,144,1.1920734215149096,1.9,3,188,0.016561821045567787,0.951594318662371,2,195
8,0.8844307789522587,1.9,3,7,0.021896009209831955,0.20282548453126634,2,21,0.5916796333142492,0.37829164663950604,2,24
9,0.8486437365732026,1.9,3,24,0.44598951776459245,1.9,3,35
10,0.4115941947326215,1.9,3,17,0.05370993009456935,1.9,3,21,0.1436158905542428,1.9,3,119
11,0.38650726248177164,1.9,3,15,0.07280005291011721,1.9,3,21,0.05833554709586377,0.9082499796693976,2,32,0.3165401038216066,1.9,3,46,0.004845136232322477,0.8101283311843872,2,52
12,0.45170947519079924,1.9,3,35,0.005439664098410651,1.9,3,42,3.1728685572080257,1.9,3,46
13,1.8198883938651207,1.9,3,25,0.19289946481993134,1.9,3,30,0.5109410932758716,1.9,3,57,0.008466874018439095,0.2750487744808197,2,77,0.9897504203873313,1.9,3,92,0.10195849956025793,1.9,3,97,1.2708056062152968,1.9,3,124,0.033554192233727936,0.6869055799075535,2,131,0.014893435598603481,0.39164752947787446,2,155,0.63323941559207,1.9,3,173
14,0.5660434576144356,1.9,3,29,0.007823761985331957,0.9486571252346039,2,35,0.018451487125837013,0.9827419022719065,2,47,0.11164954734015325,1.9,3,53,0.6732951978162537,1.9,3,58
15,0.4074543378454177,1.9,3,4,0.0033559529880758496,0.7020717024803161,2,14,0.5973121959438852,1.9,3,31
16,0.43626499234188165,1.9,3,35,0.05989163391922725,0.6479491591453552,2,38,0.0182179241621398,0.17280806388173783,2,52,0.6665209813064426,1.9,3,127
17,0.5390781241694537,1.9,3,23,0.23018431747791385,1.9,3,106
18,0.36967923008446024,1.9,3,24
19,0.5848494605730459,1.9,3,17,0.009501917871325058,0.3914026847252479,2,30
20,0.23066291925353957,1.9,3,16,0.018673545901078004,1.9,3,24,0.014032721978535369,0.3359433428237313,2,43,2.365582187905827,1.9,3,49,0.021647363465329365,1.9,3,56,1.9740602621203374,1.9,3,59
21,0.3939475112359942,1.9,3,12,0.015633292354166703,0.4235319128403297,2,25,0.9948041287210367,1.9,3,29,0.02104057248410386,0.45632759233315784,2,41,0.6927904429711788,1.9,3,50,0.005710618996614358,1.9,3,58,1.4956226717999728,1.9,3,67
22,2.2388370548675587,1.9,3,7,0.006447086310594047,0.8184782564640045,2,17,0.45488258009851357,1.9,3,50,0.01787954037999095,0.6077477931976318,2,60,0.6291023778632749,1.9,3,69,0.02651324556288058,1.9,3,78,1.0543587072456877,1.9,3,84,0.02713006646952982,1.9,3,90,0.271536087361485,1.9,3,99,0.8036455524556974,1.9,3,119,0.02438678164852303,1.9,3,123,0.09603954367375443,1.9,3,126,0.015042510925398274,0.24794011137315206,2,140,0.8193283229333707,1.9,3,151
23,0.05564102985603045,0.7338717897733052,2,15,0.5238293743373815,1.9,3,51,0.012360876176768582,1.9,3,59,0.3736100984745299,1.9,3,76,0.15045737946747054,1.9,3,84,0.029220788045411446,0.8904049822262355,2,91,0.43366930077948196,1.9,3,150
24,0.5813856872349424,1.9,3,13,0.013994436960303542,0.9260712994469537,2,22,0.12873450801272493,0.924246609210968,2,28,0.05351267765304768,1.9,3,37
25,0.31480344850984227,1.9,3,21,0.00769863045430837,0.23422842759352464,2,34,0.9167722419778147,1.9,3,49,0.04048386824431117,1.9,3,55,0.6924749018338621,1.9,3,75
26,0.5392284507841888,1.9,3,68,0.020053429125201108,0.15973978371996628,2,87,0.5864455226232114,1.9,3,105,0.04381615713951469,1.9,3,109,0.9662052857324298,1.9,3,129
27,3.2620935671961755,1.9,3,4,0.0732959409358642,1.9,3,8,0.02427217137773456,0.5690362577637037,2,20,0.96195379233537,1.9,3,63
28,0.019441248501184293,1.9,3,11,1.03984255605952,1.9,3,37,0.001241992441287687,1.9,3,43,1.3335594853729107,1.9,3,46,0.4805494148555212,1.9,3,76,0.16162448918947048,1.9,3,80,0.7397524840718942,1.9,3,102,0.03628777524017528,0.63951021974737,2,113,0.6270200942355165,1.9,3,122,0.02134404342632559,1.9,3,130,0.8302176268298941,1.9,3,139,2.4685895275563743,1.9,3,151,0.04907205934258041,1.9,3,158,0.8648064492424684,1.9,3,183,0.025009399668815824,1.9,3,191,1.580555870633312,1.9,3,200
29,0.5006472058908876,1.9,3,43,0.018572685506639288,1.9,3,49,0.6223628657129452,1.9,3,63,0.03406978361154687,1.9,3,68,0.7444571912682467,1.9,3,74
30,0.048349602199130245,1.9,3,5,0.7121783759872773,1.9,3,24
31,0.4571294077460909,1.9,3,7,0.018943507366203833,0.6775318537439619,2,42,0.3492485366093807,1.9,3,97,0.018997616998573923,0.34818694392840066,2,112,0.6701211192230864,1.9,3,127,0.14570892259323565,0.7456017255783081,2,132,0.02000644314300782,0.2254104271531105,2,142,0.45518096503635863,1.9,3,157,0.00921294610990642,0.4055106181364793,2,170,0.80367763548762,1.9,3,178,0.030150732470343455,0.3295346819437467,2,191,0.04308597796298921,0.6562683085600535,2,197,0.5893970998919958,0.8038364251454672,2,200
32,0.31826992325000825,1.9,3,8,0.5412358202161752,1.9,3,14,0.03617459230594085,1.9,3,21,0.5278948017939897,1.9,3,43
33,1.5191008830086068,1.9,3,17,0.00450610416269727,1.9,3,22,2.4709829357831166,1.9,3,49,0.03077869203635692,1.9,3,54,2.6783278678921145,1.9,3,85,0.011123088656560615,0.18183055023352304,2,97,1.3553106990313506,1.9,3,117,0.036015925039375625,1.9,3,123,1.310029703342317,1.9,3,138,0.6556061834629052,1.9,3,156
34,0.29344542271008106,1.9,3,37,0.026273208588870597,0.3106949245557189,2,53,0.1141780800811162,0.5852949768304825,2,57,0.6348690572837921,1.9,3,192
35,0.19564950214895868,1.9,3,10,1.1978551024063673,1.9,3,17,0.02631822327433843,0.6073215067386627,2,27,1.3772417092583678,1.9,3,54,0.017217253087379335,0.3482993175001705,2,71,0.3746464988259895,1.9,3,96,0.803765198212275,1.9,3,124
36,0.1467112898355565,1.9,3,48,0.5509348783333057,1.9,3,67,0.006272680468421135,1.9,3,71,0.21955405827934243,1.9,3,74
37,0.6641961278855198,1.9,3,19,0.037646167482290716,1.9,3,26,0.7614128753330548,1.9,3,31,0.09472082158231228,1.9,3,37,0.5338830390475615,1.9,3,46,0.17149292911673486,1.9,3,51,0.6911515976715038,1.9,3,57,0.021522450741514456,1.9,3,63,0.22206871425863955,1.9,3,66
38,0.090513723590295,0.994662344455719,2,3,0.017236858749186984,1.9,3,7,0.3917198127422783,0.9145634174346924,2,11,0.019621046772117366,0.2151563512161374,2,27,0.4572736688296701,1.9,3,34,0.09112924087209526,1.9,3,39,0.01912250494347837,0.21611678955100833,2,60,0.6706224736848431,1.9,3,79,0.03419005900621621,0.769557515780131,2,88,1.0496382892630267,1.9,3,93
39,0.9248164973390222,1.9,3,20,0.07790096579857038,1.9,3,26,0.028240702570380062,1.9,3,31,0.9797377970895379,1.9,3,34,0.05652065677325162,1.9,3,37,0.4608655690068701,1.9,3,40,0.007187686697919092,0.37815871462225914,2,56,1.024592261882794,1.9,3,63,0.059505017198530456,1.9,3,68,1.1421470456277987,1.9,3,89,0.00978372995159408,0.10845268269379933,2,107,0.021763701356233105,1.9,3,114,0.679895506982284,1.9,3,125,0.006986654634484437,0.27394837682897394,2,136,0.158441346684657,0.38622166713078815,2,139,0.009951754446526852,0.09353460040357378,2,148,0.5773959123540098,1.9,3,161,0.015902418396713892,0.19587794691324234,2,189,0.09854424152128759,0.5479150488972664,2,197,0.6212834155142973,0.5425769289334615,2,200
40,0.223531878611975,1.9,3,87
41,0.14248236940046363,0.6944549878438314,2,3,0.026185477238924972,0.5441576262315114,2,18,0.36447342695725193,1.9,3,26
42,0.48917755927827367,1.9,3,35
43,1.194133122754667,1.9,3,61,0.30728402265595905,1.9,3,72
44,0.3273849502296999,1.9,3,4,0.03275754965735509,1.9,3,14,0.33510678182628123,1.9,3,25,0.011004330265005828,0.14828393915120294,2,42,2.7564687022000895,1.9,3,45,0.011061016223608751,1.9,3,48,0.002058328604565274,1.9,3,51,3.8540377378785036,1.9,3,54,0.026114635550485935,1.9,3,59,3.9366662400469563,1.9,3,67,0.013806055442178115,0.11932829939402066,2,80,0.4369415975882685,0.96201953291893,2,83,0.01780303777479817,0.036066765968616195,2,96,0.7958465720028455,1.9,3,99,0.0510671241736795,1.9,3,107,0.609509916368799,1.9,3,169,0.04315713605214013,0.3392050128716689,2,182,0.0751364681473887,0.7282543612851037,2,200
45,0.7279684573293358,1.9,3,3,0.019714738593184757,0.8694065279430814,2,12,0.2200600337496722,1.9,3,19,0.37301911772311397,1.9,3,27,0.6348430725819081,1.9,3,65
46,0.8463229572905284,1.9,3,9,0.027805091342109973,1.9,3,17,0.8388366394964092,1.9,3,30,0.022676933783252733,1.9,3,37,1.0162415431379008,1.9,3,43,0.043380865565286135,1.9,3,52,0.5958604480183385,1.9,3,70,0.09566307397027207,1.9,3,80,1.3664820455224251,1.9,3,124,0.17950254228494247,1.9,3,129,1.1936431564556926,1.9,3,139,0.02367346838749733,0.5084130316972733,2,163,0.03633114633663802,0.8340884372591972,2,171,0.8785670071322307,1.9,3,187,0.03750818941735021,1.9,3,192,1.0594853869972343,1.9,3,200
47,0.5078604265679414,1.9,3,39,0.012855155736152979,0.03925771315892537,2,54,0.8355760365967524,1.9,3,76,2.524294518967384,1.9,3,86,0.016725075862923267,1.9,3,91,0.8274429731195189,1.9,3,127,0.10948081196519698,1.9,3,134,0.009043607549178271,0.8148523032665252,2,144,0.04960992511597732,0.8075137237707773,2,150
48,0.035781468269150546,1.9,3,4,0.35901529248332137,1.9,3,10,0.01500844908319583,0.11244279318130933,2,36,0.13299006710705172,1.9,3,56,0.016081164124759337,0.11466528889205721,2,74,0.2493912689941697,1.9,3,90
49,1.354644431986019,1.9,3,50,0.013527741130985139,0.14870400130748748,2,65,0.9205965188121648,1.9,3,98,0.023428127583566632,1.9,3,106,0.8759253612027519,1.9,3,116
50,0.4739858024801723,1.9,3,45,0.05194713360745638,1.9,3,54,0.986526640639784,1.9,3,63
51,2.1197427729596807,1.9,3,14,1.0569663122216744,1.9,3,34,0.02185658675338836,1.9,3,41,0.698850838417809,1.9,3,90
52,0.5762902285459663,1.9,3,22,0.03265682990440448,0.5669149822658963,2,40,1.2297768682541896,1.9,3,56,0.14705101391210437,1.9,3,61,0.7682282256748009,1.9,3,110,0.0754877395540297,1.9,3,116,0.7241398602085307,1.9,3,175
53,2.0321166072654595,1.9,3,10,0.025012364588013404,1.9,3,18,0.7543312789303517,1.9,3,47
54,1.845225709963429,1.9,3,27,0.02760036116055402,1.9,3,35,1.8390663416155988,1.9,3,38
55,0.4319628468674303,1.9,3,19,0.17398640179961608,0.6705577522516251,2,23,0.01766866490403014,0.2751862125264274,2,32,0.48942730544326035,1.9,3,96,0.016022293440949967,1.9,3,106,0.4670798475890798,1.9,3,140
