0,0.17662371065264712,1.9,3,43,0.1265157678701426,1.9,3,106,0.07152482145121553,0.9578841924667358,2,110,0.003189911297069953,0.2685849790771802,2,122,0.3180492639043229,1.9,3,127,0.05390824486481171,1.9,3,132,0.5292019692557142,1.9,3,144,0.009585763048880872,1.9,3,152,2.3344172436521453,1.9,3,159
1,0.4864762416271327,1.9,3,85
2,0.6072781047734963,1.9,3,22,1.9591853593154926,1.9,3,27,0.012639929504250393,1.9,3,32,0.1338396747644706,1.9,3,35,0.01721390387813108,1.9,3,40,2.1631219342557086,1.9,3,43,0.013834272544435944,1.9,3,51,2.1973419201751607,1.9,3,61,0.033559762280595866,1.9,3,68,1.2833822741110104,1.9,3,90,0.6744669768182647,1.9,3,118
3,0.4485200095639707,1.9,3,40
4,0.9035141894982385,1.9,3,19,0.013980966693217363,0.22095115745768829,2,36,1.2229691530511229,1.9,3,46,0.6571252171658718,1.9,3,117
5,1.4308047474971157,1.9,3,17,0.010364192888600474,0.9792888628111945,2,26,1.2534315979642323,1.9,3,64
6,0.1506363275733743,1.9,3,3,1.7596664125840322,1.9,3,29
7,0.12719341121172226,1.9,3,19,0.7259468274479693,1.9,3,44,0.013585953957269635,0.4036981761455536,2,49
8,0.4586331464091899,1.9,3,11,0.015269033409928684,0.8288325667381287,2,18,0.16741953941215656,0.5426087975502014,2,21,0.038744179669786,0.4502218940428325,2,35
9,0.3742898747129138,1.9,3,4,0.024160884428491385,1.9,3,10,3.4086531304350824,1.9,3,30,0.0496101600167728,1.9,3,33,0.7196305820659297,1.9,3,54
10,0.3364136368820501,1.9,3,17,0.016899419367331414,0.1416164045372317,2,48,0.38713658980525045,1.9,3,68,0.09276538058387675,1.9,3,75,1.0008087578080347,1.9,3,86,0.03159826848137984,0.5532268009015492,2,100,0.13435033924120948,0.5200911581516265,2,110,0.014429051785732365,0.2739234504600366,2,122,0.5274694253110489,1.9,3,162,0.04788443177185006,1.9,3,165,0.03822923943638849,1.9,3,173,0.7645988065298635,1.9,3,189
11,1.115221718593971,1.9,3,26,0.012276675148573337,0.18020717716879314,2,44,0.42576062638212214,1.9,3,51
12,0.4774120377399504,1.9,3,38,0.9363921872819574,1.9,3,52
13,1.0381892021262438,1.9,3,31
14,0.8871002227398682,1.9,3,14,0.028591096457991252,0.10833566316536494,2,28,1.2349059075649127,1.9,3,33
15,0.6855106027896813,1.9,3,6,0.01745538538324712,1.9,3,10,1.6304726069199498,1.9,3,14,0.025049898284308637,0.4882737100124359,2,27,0.22433902425234303,1.9,3,41,0.09090720717830367,1.9,3,45,0.019520985101964563,0.39400200274857605,2,67,0.12126811085429692,0.6168840825557709,2,70,0.016056865162607573,0.17169934511184692,2,84
16,0.5139714460906771,1.9,3,21
17,0.5633294081590324,1.9,3,116,0.04265030495048125,1.9,3,127,1.243339788686477,1.9,3,130
18,0.5155665235558593,1.9,3,12,0.04514751488535295,1.9,3,20,1.2126896458876593,1.9,3,42
19,0.4656057382479219,1.9,3,21,0.014373725850786853,1.9,3,28,0.8218121910429576,1.9,3,36,0.08375992944405652,1.9,3,43,1.0164609804744043,1.9,3,61,0.04080269241431685,0.8650649150212606,2,76,0.24841555338454066,1.9,3,80,1.9755103346801093,1.9,3,83,0.0404738164762583,1.9,3,92,3.5927183622159498,1.9,3,110,0.07228249446045347,1.9,3,120,0.16845944420387673,1.9,3,131,1.813950999078416,1.9,3,147,0.009836222526603548,1.9,3,152,0.4412193188768924,1.9,3,160,0.0369413447707604,0.2984134331345558,2,172,0.5925363094996401,1.9,3,200
20,0.9173537745987488,1.9,3,7,0.022921767377341376,0.7756703078746796,2,17,1.3026677065509455,1.9,3,22,0.011439735036959477,0.8055498383261941,2,33,0.8955881641544006,1.9,3,93,0.03160800937788043,1.9,3,102,1.0767411164930942,1.9,3,110,0.011730350769951938,1.9,3,115,0.7643540733061043,1.9,3,138,0.01569296680848088,0.5645998219648997,2,150,1.1273413879268623,1.9,3,171
21,1.6700339524907586,1.9,3,55
22,0.3125222974985988,1.9,3,14,0.04135637895851988,1.9,3,19,0.22167936975683508,1.9,3,31,0.8867490839279015,1.9,3,65,0.027850582359318754,1.9,3,73,0.0183291167155289,1.9,3,83,0.38424008559082395,1.9,3,123
23,0.5816283444646008,1.9,3,36,0.011070103604967844,0.5127682035619562,2,47,0.3338181473220747,1.9,3,62,1.7412723197823026,1.9,3,84,0.04256617240076404,0.9994590282440186,2,90,0.5987132751147203,1.9,3,112
24,4.233494506904908,1.9,3,4,0.4581693660245207,1.9,3,10,0.002439232763088889,1.9,3,16,0.8347686477068206,1.9,3,37
25,0.39734213821122905,1.9,3,40
26,0.7897455925941549,1.9,3,17,0.30395458175440226,0.8096628487110138,2,21,0.005864943554164628,0.9374567369620005,2,27,0.22362847168029873,0.8628125786781311,2,30
27,0.4789566110363395,1.9,3,40
28,0.4150545323716565,1.9,3,24
29,0.6691134807837769,1.9,3,22
30,0.336170453642016,1.9,3,7,0.013744106041406598,0.17703527785264528,2,20,0.6354839009822822,1.9,3,34,0.047359771695165524,1.9,3,42,0.4992539071341575,1.9,3,63,0.029095349200159704,1.9,3,70,0.5530163678309262,1.9,3,81,1.359025875995274,1.9,3,93,0.004326491627957272,1.9,3,100,0.6549012186558071,1.9,3,115
31,0.43377795699579624,1.9,3,19,0.05337837658688776,1.9,3,28,0.48568139357098195,1.9,3,44,0.023196613161965553,1.9,3,53,0.8569967375499845,1.9,3,60,0.031121320127379407,1.9,3,67,0.013112541618614406,0.3880683839321136,2,77,0.7285782094580322,1.9,3,90
32,1.2097107048477886,1.9,3,26,0.019475871419398695,1.9,3,32,1.5185521892497398,1.9,3,41,0.005768956870224047,1.9,3,47,0.9170989587083526,1.9,3,57,0.009239653491478603,1.9,3,65,1.3277148742824931,1.9,3,68,0.07777370807559966,1.9,3,78,0.31184116002836754,1.9,3,132
33,0.9396901041549917,1.9,3,20,0.01007467646380108,0.7141791343688965,2,30,0.7819141691782113,1.9,3,71,0.013434713398730746,1.9,3,77,0.6724274278082387,1.9,3,99,0.0645983401742062,1.9,3,116,0.832771909489798,1.9,3,125,3.2988757567678686,1.9,3,131,0.03974464151445021,1.9,3,139,0.8810299952818231,1.9,3,142,0.01606679334804717,1.9,3,147,0.34555197250021646,1.9,3,163,1.355586585875226,1.9,3,190,0.028854865574668813,1.9,3,194,0.5697216512791362,1.9,3,197
34,0.5919499992209091,1.9,3,21,0.031238746998983418,0.6749162881270699,2,44,0.22328766986521578,1.9,3,52,0.020485960107207497,0.37627662040970544,2,63,1.6236441909403028,1.9,3,110
35,0.7607425848980829,1.9,3,24,0.004913841197417592,1.9,3,31,1.1481907610176416,1.9,3,37,0.018645774808844766,1.9,3,42,0.5747576651750909,1.9,3,57
36,1.4196344156436433,1.9,3,3,0.002756318857324236,1.9,3,8,0.45061916572344657,1.9,3,16,0.06003980878086234,1.9,3,23,0.7247870980045295,1.9,3,37,0.4365997671468342,1.9,3,82,2.3901495776623705,1.9,3,90
37,0.5475320909337839,1.9,3,31,0.015032038090114108,1.9,3,37,0.7240966208136933,1.9,3,46,0.011999316977340602,0.08689893980820974,2,61,0.8695864620055924,1.9,3,75
38,0.25851404050701815,1.9,3,25,0.8665028592121216,1.9,3,40,0.08535847320036923,1.9,3,45,2.572305592027534,1.9,3,49
39,0.6904486267740176,1.9,3,21,0.017051194939881355,0.7676941752433777,2,33,0.5484051663713214,1.9,3,65,0.01563988432837188,0.5810695703213031,2,78,0.31869486831312976,1.9,3,85
40,0.6448038267110937,1.9,3,7,0.028523614506433745,0.9281550824642182,2,17,0.09781963068751884,1.9,3,21,0.5258030973750801,1.9,3,34,0.026358834071851085,0.17913114173071726,2,41
41,0.007741765713796171,0.6240731202639066,2,13,1.147818605246997,1.9,3,42,0.49740173649579605,1.9,3,66,0.09142139671173209,1.9,3,71,0.8582135806128935,1.9,3,94
42,0.3867328024732838,1.9,3,15,0.01747253668833581,0.08214924312554873,2,28,0.4076670009892203,1.9,3,46
43,0.6604612138267414,1.9,3,37,0.010283470909658279,0.4268761391823108,2,50,0.2523973861297864,0.8450258203915187,2,64,0.4263341675700692,1.9,3,81
44,0.5982983275552823,1.9,3,13,0.011480675408716607,0.13458410253127415,2,43,0.4645503630399063,1.9,3,57
45,0.4404503715902198,1.9,3,22,0.008815802415445922,0.2114662915468216,2,32,0.4771613247359557,1.9,3,39,0.11422567560965047,0.16448596864938736,2,45,0.01649075573008108,0.11074486540423499,2,54,0.5072944886344439,1.9,3,151
46,3.055972925606573,1.9,3,32,0.023603298406315712,1.9,3,40,1.6339942146714619,1.9,3,49,0.025664229732595165,0.611772620677948,2,59,0.3113114837457108,1.9,3,71,0.018623752144788296,0.420142255226771,2,86,0.5834009238269827,1.9,3,118,0.008823697923061783,0.22687547179785642,2,129,0.5711180974857868,1.9,3,167,0.02932616343787831,0.6780972480773926,2,182,0.12394871659902985,1.9,3,186,0.03548880582270357,1.9,3,191,0.4819818468556218,1.9,3,200
47,0.23194356859445642,1.9,3,17,0.032267452156303895,0.1001257880737907,2,36,0.3015599620038453,1.9,3,58,0.9445543702586874,1.9,3,69
48,0.5126433894411616,1.9,3,25
49,0.09026396591364559,0.8877634604771932,2,3,0.02048108095051387,0.9812146989922774,2,22,0.10036445264725885,0.9007039268811544,2,25
50,0.020463644178489053,0.1499413905872239,2,18,1.7838554168233676,1.9,3,24,0.09008583566296616,1.9,3,28,0.03785271158905214,0.32945819323261577,2,40,0.5158123739274219,1.9,3,56
51,0.7913304500442334,1.9,3,24,0.26297753268979823,0.9922961393992106,2,30,0.02437101554561239,0.5540605068206788,2,40,0.6322678444476943,1.9,3,68,0.10087801727191112,0.3976048131783803,2,71,0.02599625223803872,0.3870441274983542,2,78,1.278248369751317,1.9,3,133
52,0.016051844612619232,0.18615056042160308,2,14,1.2415413804534532,1.9,3,17,0.007587176938500812,0.37019407884641126,2,28,0.6856768142212382,1.9,3,52,0.016638046246357032,1.9,3,60,0.8169868563894731,1.9,3,148
53,0.4097558933598614,1.9,3,37
54,0.4418001527278126,1.9,3,20
55,0.11575375371713907,0.5391775288365104,2,11,0.022842491339232808,0.720162014166514,2,17,0.21840990012991313,0.6021927297115326,2,20
56,0.5553378863328141,1.9,3,70
57,0.4593737022558164,1.9,3,71
58,0.8991203224155302,1.9,3,23,0.06181392856377192,1.9,3,27,0.3971280351153958,1.9,3,35,0.8870777786539699,1.9,3,63,0.07351780113643462,1.9,3,78,0.42049550328242374,1.9,3,86,0.01899648945152921,1.9,3,90,0.6113660538053095,1.9,3,100,0.360727846854712,1.9,3,103,0.021685043227953768,0.9447186837593714,2,115,0.6423892336152062,1.9,3,165
59,0.7976337599222543,1.9,3,17,0.03987584959291287,1.9,3,24,1.7251858682851582,1.9,3,33
60,1.0011707918903465,1.9,3,73
61,0.30487336462117576,1.9,3,27,0.8185079420862518,1.9,3,48,0.015564048308013945,0.15814909126077378,2,62,0.4591821493245262,1.9,3,91,0.10843592974512607,1.9,3,99,0.4884529002592025,1.9,3,109,0.0195281383504167,1.9,3,117,1.7007151591332137,1.9,3,140,0.019520350004771262,0.1817382353803386,2,163,3.0216018008710153,1.9,3,167
62,0.24472633619139028,1.9,3,15,0.09319429756978431,1.9,3,21,0.8386961411626283,1.9,3,25,0.0812453644595111,1.9,3,52,0.4927579789250971,1.9,3,61,0.0441749364941507,1.9,3,68,0.024950520890019475,0.14832935575395823,2,84
63,1.4332155116833247,1.9,3,8,0.02292779349745461,1.9,3,16,0.43753106999935293,1.9,3,24
64,0.3286722921469636,1.9,3,3,0.006864071227971926,1.9,3,11,1.113691036497777,1.9,3,82
