0,0.5653596654548158,1.9,3,34,0.01269527579773895,0.6391824228422982,2,41,0.5158702021449852,0.8582398096720377,2,44
1,2.3880535631534094,1.9,3,23,0.038022138617923563,1.9,3,29,0.0586788744419946,1.9,3,40,0.016404918395024132,0.17440420031547546,2,65,0.014594550863087292,0.7906668682893118,2,77,0.5925798097633298,1.9,3,95
2,0.49240094227727893,1.9,3,48,0.007881739391728688,0.2402766805428725,2,61
3,0.31181492796973853,1.9,3,44,0.020516709833052302,0.2375953495502472,2,51
4,0.6853727667637529,1.9,3,63
5,0.5410655374490712,1.9,3,20
6,0.5368612727051414,1.9,3,111,0.022489249270207425,0.1904830440878868,2,131,0.34244785235178427,1.9,3,194
7,0.3648993446845596,1.9,3,7,1.7065306170932975,1.9,3,28,0.030062108773848198,0.08343783233846937,2,42,0.6939245645738009,1.9,3,49,0.13521740955980696,0.7317643591335842,2,56,0.019318466406416174,0.1564192726560261,2,79,0.7747247146265569,1.9,3,104,0.37867189799893547,1.9,3,143,0.9068629434517019,1.9,3,160,0.012667647220550124,0.5756316597645099,2,173,0.6373920394222256,1.9,3,196,1.6634552310692627,1.9,3,200
8,1.4493330359455072,1.9,3,4,0.021449831927433563,1.9,3,12,0.3407589992530725,1.9,3,27
9,0.7259599120594329,1.9,3,13,0.04209126244458605,0.14483732879161834,2,23,0.05567938614556259,0.6368701805671056,2,26,1.5508845665552253,1.9,3,64,0.018565509181710425,0.730681985616684,2,73,2.9133107824277023,1.9,3,86
10,0.43165494058084325,1.9,3,8,0.09875377023930146,0.8605697651704153,2,14,0.02629627904962373,0.8071415045044639,2,36,0.4424571213052116,1.9,3,52
11,0.5154560145667092,1.9,3,28
12,0.49722393340080506,1.9,3,175,0.0082853379021094,1.9,3,185,0.7149909187729094,1.9,3,200
13,0.26512444491049436,1.9,3,17,0.04844793415684083,0.7332452535629272,2,26,0.6157774282676867,1.9,3,43,0.1780786894879662,1.9,3,76,0.2844039573385593,1.9,3,81,0.6335765393131436,1.9,3,115
14,0.6374617168626613,1.9,3,3,0.03498085614446283,1.9,3,6,0.8838047196037351,1.9,3,9,0.111743953318512,0.9007335230708122,2,17,0.028238254277663834,0.7652152389287948,2,37
15,0.9377307229823996,1.9,3,28,0.0023773442623220955,1.9,3,33,0.5642317999285809,1.9,3,47
16,0.7023938941775761,1.9,3,48
17,0.45936093445338105,1.9,3,3,0.7533587446010971,1.9,3,31
18,0.5561751461327681,1.9,3,34
19,0.7007773678129706,1.9,3,8,0.028291158351356083,0.292908543577561,2,21,0.6479344020199003,1.9,3,34
20,0.5591277848496421,1.9,3,45,0.0069565998915494,1.9,3,52,0.8110067826124389,1.9,3,68,0.005804782056240539,1.9,3,74,0.2692952867557642,1.9,3,80,0.023375473710136794,0.8341384896865258,2,93,0.7426395985467331,1.9,3,108
21,2.257315315192435,1.9,3,28,0.03032980180840181,0.8160907804965973,2,48,0.029101891760498867,1.9,3,63,2.7769681109568074,1.9,3,80,0.028967185864890357,0.6949370463689168,2,95,0.11112333937924883,1.9,3,102,0.9659135807099739,1.9,3,134
22,0.440374507548497,1.9,3,29,0.005725801162503652,0.3686061352491379,2,35
23,0.685375631143865,1.9,3,28,0.04614646165693519,0.38414237399895984,2,40,2.3382976607682875,1.9,3,94,0.0063694626941994,1.9,3,100,2.954132881449861,1.9,3,125,0.018462421218953605,1.9,3,132,0.707448553546038,1.9,3,137
24,0.5522370561090594,1.9,3,7,0.0200884358492143,0.15397469699382782,2,22,0.5506811273452964,1.9,3,40
25,0.9133819583791545,1.9,3,44,0.01627042508459083,0.7390213370323181,2,54,0.037843239898493,0.853797131463101,2,73,0.458104669496974,1.9,3,95,0.006250084725429685,0.4689631919066111,2,110,1.18800281397798,1.9,3,114,0.042079732364980894,1.9,3,118,0.03387619960098409,0.5836766163508097,2,127,0.5171660094353033,1.9,3,161
26,0.3997406597523552,1.9,3,34,0.01925145509231694,0.4977893829345703,2,44,0.5043652820542478,1.9,3,47,0.049212081646091574,1.9,3,55,1.0530702367391032,1.9,3,69
27,0.34062805059283824,1.9,3,12,0.03668510479103488,0.8080228239297866,2,32,0.20851305050499788,1.9,3,35,0.4048666619589094,1.9,3,98,0.26513140793652723,1.9,3,167,1.7077099408610328,1.9,3,182
28,0.05332578044028162,1.9,3,21,0.24911176289129514,1.9,3,48,0.01550783586646312,0.4109937399625778,2,62,0.08572381083586564,1.9,3,72,0.04973009081964638,0.56240547200044,2,78,1.0252774143630372,1.9,3,88,0.047089797144388455,0.8738143195708593,2,100,0.010242002926340022,1.9,3,111,0.34741792781406494,1.9,3,142,0.09927371587929781,0.940248441696167,2,152,0.9548724481324372,1.9,3,171
29,0.07506214349078755,1.9,3,7,0.5218184464042954,1.9,3,53
30,0.7116224054566037,1.9,3,5,0.09315379299322496,1.9,3,19,2.4109527142377485,1.9,3,23
31,1.147079972886125,1.9,3,6,0.017105561291073795,0.4068099876244863,2,21,0.22159901337725635,1.9,3,26,0.5634357165761357,1.9,3,53,0.0935440756310214,1.9,3,62,0.3333328414769448,1.9,3,92,0.07428320327670188,0.6393442645668983,2,112,0.2473297723910495,1.9,3,139,0.027122661614502913,0.41304261867816633,2,152,0.11448280406952833,1.9,3,157,1.2412576323403752,1.9,3,169,0.298412197412337,0.8533607522646586,2,175,0.940591789608729,1.9,3,200
32,0.6421583850644306,1.9,3,11,0.04457166275645068,1.9,3,18,1.5405896087331634,1.9,3,64,0.27278953593275684,1.9,3,83,0.03837565500857488,1.9,3,89,0.5182959316498488,1.9,3,143,3.119823912101512,1.9,3,147
33,0.2513098875829022,1.9,3,28
34,0.5877840753829161,1.9,3,32,0.013756604526476467,1.9,3,37,0.047370887253925416,1.9,3,40,0.4929757662390977,1.9,3,57,1.0024562226500215,1.9,3,89,0.4180751249648626,1.9,3,156,0.03565376739221947,1.9,3,164,0.5676550657527355,1.9,3,181
35,0.6042622351811483,1.9,3,15,0.06698488738505667,1.9,3,22,0.7743512394237377,1.9,3,42
36,0.9789491794418768,1.9,3,34,0.024680987666392682,0.9503150028841836,2,48,0.3322356014620811,1.9,3,54
37,0.7597053515807238,1.9,3,32
38,0.410621328701533,1.9,3,26
39,0.6163988237029296,1.9,3,5,0.04375183896043368,1.9,3,24,0.04006915135857472,0.45563097085271564,2,38,0.9126852390314669,1.9,3,55,0.06908913900518977,1.9,3,60,0.3392063083477555,1.9,3,104
40,2.176654234835975,1.9,3,4,0.0037110961848576844,1.9,3,9,1.2887359739173845,1.9,3,53,0.013593278405833032,0.11837820261716843,2,73,2.210510937068607,1.9,3,124,0.028888907256720747,1.9,3,131,1.9245817611400526,1.9,3,139,0.20624036661127504,1.9,3,142,1.1244780942496202,1.9,3,155,0.028809158442864313,1.9,3,161,1.5670961609309417,1.9,3,186,0.045975172669107514,1.9,3,192,5.0169076626932645,1.9,3,200
41,0.6448183370496958,1.9,3,8,0.01645472892868885,1.9,3,14,0.5217699258186429,1.9,3,27
42,0.7360985436020541,1.9,3,12,0.023199356335873632,0.8444831924779075,2,26,0.02253363649807075,1.9,3,29,0.44738381011683004,1.9,3,32,0.027344569211065328,1.9,3,39,0.8575378307366277,1.9,3,43,0.006176278914944576,1.9,3,49,3.1508956005548336,1.9,3,77
43,0.643696420695653,1.9,3,35,0.03388465220295771,1.9,3,41,0.08050286002370736,0.3868387242158254,2,44,0.015147236827213806,0.21474726895491283,2,59,3.3141741427745024,1.9,3,68,1.10553738404438,1.9,3,138,0.7613777770263043,1.9,3,177
44,0.10499839841139205,1.9,3,13,0.3647632335074736,1.9,3,42
45,0.5666998096199795,1.9,3,8,0.01270719116436688,0.7604204482502408,2,17,0.027504243610567948,1.9,3,26,0.6098824046951281,1.9,3,38
46,0.6606965675106018,1.9,3,67,0.011018301396162713,0.8314827084541321,2,78,0.7997230398913981,1.9,3,89,0.01349729047863423,1.9,3,97,0.13106471234524658,1.9,3,104,0.011924955700263262,0.1307148574428125,2,126,0.20812799788073644,0.8008338809013367,2,129,0.4975658361073059,1.9,3,134
47,0.7415097196255417,1.9,3,27,0.016085217602777386,0.126365485944246,2,46,0.4774637482458428,1.9,3,69,0.15242330467072193,1.9,3,76,1.836458462719267,1.9,3,86,0.009383866191713691,1.9,3,91,0.1440723173221279,1.9,3,96,0.046865281567687295,1.9,3,101,0.5093384893136005,1.9,3,110
48,2.1672987681260514,1.9,3,3,0.04955983541856392,1.9,3,18,0.3040987020916912,1.9,3,32,0.07918418064894742,1.9,3,40,1.256226565871372,1.9,3,50,0.018071236506131707,1.9,3,56,2.138573829093765,1.9,3,60,0.007881616774711827,1.9,3,65,3.0385717549458895,1.9,3,70,0.0071476719114555816,0.39836358107053316,2,83,0.5311419784150101,1.9,3,86,0.03648014211854299,1.9,3,92,1.4697765308128516,1.9,3,110
49,0.6272797120448552,1.9,3,4,0.021489058263392292,0.3248248209555944,2,19,0.38361266675971234,1.9,3,49
50,0.6074306623163258,1.9,3,29,0.015309150440481435,0.6344197551409404,2,44,0.028377030404546543,0.6131573830332074,2,58,0.6469936979959016,1.9,3,102,0.033619821151897496,1.9,3,110,3.395147415816148,1.9,3,123,0.024106621270444186,1.9,3,129,3.9408901978378195,1.9,3,144,0.297426772400903,1.9,3,185
51,0.8798424285174261,1.9,3,30,0.01002160030734202,0.22597075005372366,2,39,0.6682911863484567,1.9,3,99,0.029855400363067438,0.685607721931056,2,118,0.5122852551666184,1.9,3,138
52,1.369851000506075,1.9,3,3,0.03734756152497188,1.9,3,13,1.4544598410133063,1.9,3,20
53,0.6723096049259473,1.9,3,15,0.010787221389694067,1.9,3,21,2.3235315176483424,1.9,3,30
54,0.588874625659254,1.9,3,16,0.06484915345962551,1.9,3,22,0.8415215077580217,1.9,3,40,0.0787649866740186,0.49799020703022295,2,53
55,0.12063027103208876,1.9,3,10,0.8831851871163455,1.9,3,14,0.014758943037523713,0.6138472755750021,2,32,0.9730017097817568,1.9,3,39,0.04055227277442453,1.9,3,45,0.5882987606055009,1.9,3,65,0.01757737707568584,0.6963931962295815,2,92,0.5253547727504835,1.9,3,141,0.02691600654865347,1.9,3,148,0.594251475405987,1.9,3,172,0.01139761882764953,0.2778312861919403,2,183,1.194165565734243,1.9,3,195
56,0.7252673621921146,1.9,3,27
57,0.4361656505754948,1.9,3,39
58,0.2535808274797407,1.9,3,74,0.014690970303222329,0.39637322127819063,2,84,0.017150804649691438,1.9,3,90,0.5194109156324889,1.9,3,136
59,0.7481508459665763,1.9,3,16,0.21665915464564517,1.9,3,22,0.11819305397416494,1.9,3,32,0.05148056473844008,1.9,3,42,1.3034725023945086,1.9,3,45,0.0030617313968930343,1.9,3,50,0.6759154192889277,1.9,3,68
60,0.6876105290391723,1.9,3,57
61,0.5639325778142947,1.9,3,28
62,0.13087360332879247,1.9,3,8,0.4223473627796091,1.9,3,40,0.04375067659025467,1.9,3,51,0.4837803783486764,1.9,3,65,0.2601057184554693,1.9,3,105,0.8140964695646641,1.9,3,110,0.13231002156331376,1.9,3,116,1.891809115977386,1.9,3,121,0.043554456861203746,1.9,3,128,0.03838356488845841,1.9,3,136,3.8884722543496144,1.9,3,142,0.011619710877371823,1.9,3,150,1.2158235018005052,1.9,3,158
63,0.5332737173331142,1.9,3,4,0.03446404913772258,1.9,3,8,0.437031427812345,1.9,3,28,0.05646100834149184,1.9,3,35,0.20554425439041346,1.9,3,39,0.5233956448879101,1.9,3,87
64,1.353722643369136,1.9,3,10,0.7000733043213117,1.9,3,27,2.126001125914151,1.9,3,34,0.0017874736832136065,1.9,3,39,4.046511370424429,1.9,3,59,0.01706617871806168,0.3956195240219434,2,71,2.0409714031727075,1.9,3,88,0.008195717064440647,1.9,3,95,0.7557480931939808,1.9,3,98,0.033763980406667594,1.9,3,105,0.8058746027333945,1.9,3,111
65,0.41558810138710023,1.9,3,24,0.01891602219458199,1.9,3,29,1.124194139384976,1.9,3,74
66,0.018619727633337,0.1391677214549138,2,13,0.6363707723182176,1.9,3,53,1.613082315741484,1.9,3,59
67,1.0336864318524797,1.9,3,62
68,0.12008185815430682,1.9,3,20,0.5394774885120753,1.9,3,31,0.027090837182980086,1.9,3,37,0.7473005956628473,1.9,3,52,0.01871130699336983,0.15787350883086523,2,70,0.2440793187601276,1.9,3,76,0.010934409608147354,0.14152486125628153,2,94,0.20721510462283393,1.9,3,97,0.02364217865915478,0.653836423700506,2,108,0.39744847431571356,1.9,3,116,0.011049545718391719,0.2808449324220419,2,124
69,1.0085673158390738,1.9,3,56,0.009206326995627522,1.9,3,63,0.6260345537456257,1.9,3,77,0.044989497240443516,1.9,3,86,0.47581739031705633,1.9,3,111
70,1.0317508873368166,1.9,3,6,0.015264693630563942,0.15380146900812786,2,21,0.5891815118052984,1.9,3,31,0.01415201099114102,0.4656636118888855,2,36
