0,0.7978167837404838,1.9,3,15,0.016260200521767566,0.17370464321639803,2,33,0.5119389813519072,1.9,3,44
1,0.10473306229751353,1.9,3,21,0.34568094405046684,1.9,3,31
2,2.0301000165529928,1.9,3,17,0.4684794406399126,1.9,3,20,0.007729918612014212,1.9,3,24,2.051278805130393,1.9,3,33,0.03204569553118387,0.44803085923194885,2,46,0.7711507622434726,1.9,3,110,2.366017624882568,1.9,3,148
3,1.3512791679462708,1.9,3,14,0.007598119706208645,0.9282328188419342,2,22,1.4455459021404493,1.9,3,37,0.016452259520592306,0.6021081157352614,2,60,1.7997324767392724,1.9,3,67,0.014918332084703454,1.9,3,75,2.9769361215701475,1.9,3,79,0.011529111271337746,1.9,3,84,3.1361855236804046,1.9,3,112,0.02367043084699961,0.16272279247641563,2,128,1.7983886535479352,1.9,3,132,0.1302992028480267,1.9,3,139,1.163231382651383,1.9,3,159
4,0.5089282397751592,1.9,3,13,0.00444408450690501,1.9,3,20,0.28102215628588273,1.9,3,23,0.04993778248623326,1.9,3,32,0.7983002079499005,1.9,3,50
5,0.29097182061417143,1.9,3,67,0.1624435872997314,1.9,3,76,0.1459681963296615,1.9,3,81
6,0.21861189723866062,1.9,3,5,0.05509057293255038,1.9,3,13,0.5362470269570123,1.9,3,30,0.014735042133643262,0.40766118715206784,2,42,0.9565779734835752,1.9,3,75,0.01443227761218958,0.272368797659874,2,85,1.018292458691733,1.9,3,97,0.010237587333241805,1.9,3,103,1.5100607647875335,1.9,3,155,0.05248874869931058,1.9,3,163,0.4001642963498977,1.9,3,166,0.006286773591832216,1.9,3,172,0.7190867953094001,1.9,3,190,0.03007027320508031,1.9,3,200
7,1.183871890052198,1.9,3,39
8,0.7095074913976391,1.9,3,5,0.1410213408301094,1.9,3,11,0.5290138193736542,1.9,3,14,0.041797120285930384,1.9,3,23,0.6295877275202907,1.9,3,64
9,1.7596327512106538,1.9,3,12,0.020944628322764666,0.22550834384229448,2,21
10,1.216247858713835,1.9,3,7,0.05913775063187977,1.9,3,11,0.25821751384632485,1.9,3,17,1.3580342434153703,1.9,3,30,0.011393072562703785,0.36926737886208755,2,43,0.877164333960199,1.9,3,58,0.013775015231737523,1.9,3,62
11,0.9275695544131625,1.9,3,11,0.05647350082971223,0.8798384269078573,2,20,0.18690394103539817,0.8255841665797763,2,29
12,1.1364949680975376,1.9,3,11,0.01122779798402848,1.9,3,16,3.444245749421792,1.9,3,20
13,1.0311600494175623,1.9,3,7,0.022432879074634256,0.4758565196624169,2,20,0.225753588325819,1.9,3,29,0.05099809001994733,1.9,3,34
14,0.7203431304643615,1.9,3,38,1.3644796373026329,1.9,3,53,0.0662092995736655,1.9,3,64,0.014713116090512911,0.9391842087109884,2,79,0.6104381344155277,1.9,3,120,0.06643772092377646,1.9,3,128,2.535568755754325,1.9,3,132,0.057387959625379945,1.9,3,152,0.2511525832955248,0.8221363623936971,2,155,0.021613313684194318,0.996325321495533,2,163,0.7767173875934059,1.9,3,177,0.07117753577870874,0.7263275757431984,2,185,0.36977875400529703,1.9,3,200
15,2.486031972921294,1.9,3,6,0.03178454722045439,1.9,3,16,0.2877122401234119,1.9,3,83,0.03214639721188804,1.9,3,91,0.8869362008363566,1.9,3,101,0.009777867552318796,1.9,3,106,1.0196659895366706,1.9,3,112,0.0037757131869542867,1.9,3,117,0.045950842010885784,1.9,3,123,0.3658041661917705,1.9,3,188,0.012476212603989284,0.7640490664376153,2,197,0.13932859151261753,0.6166686415672302,2,200
16,0.1564566160586196,1.9,3,8,0.06461678363756103,1.9,3,16,0.030803324768872584,0.845738933636592,2,29,0.3399293394424372,1.9,3,35
17,0.5753048992807588,1.9,3,5,0.01344216069972926,0.4155205984910329,2,14,0.357054630454094,1.9,3,27,0.01438003886550653,1.9,3,37,0.9896449718518383,1.9,3,54,0.012646434675071561,0.80896251476728,2,67,0.909174790688452,1.9,3,70,0.006482533833696309,1.9,3,77,0.368557209122729,1.9,3,85,0.04375052647672734,1.9,3,93,0.7252181013701225,1.9,3,104,0.02731825768980472,0.8910784909599706,2,123,0.46304681762744015,1.9,3,137
18,0.14746151820873007,1.9,3,3,0.013605491608506043,1.9,3,9,0.33149290700249484,1.9,3,13,0.04338606337585094,1.9,3,21,4.142869426090091,1.9,3,24
19,1.4264824105345677,1.9,3,27,0.01727211435712941,1.9,3,32
20,2.9396864815258126,1.9,3,7,0.010548333265547903,1.9,3,13,0.547340427866776,1.9,3,27,0.08580954746432265,1.9,3,32,3.1709855644746585,1.9,3,49
21,0.8048927314155371,1.9,3,19,0.5427586366049414,1.9,3,24,2.196662230497624,1.9,3,33,0.6263415218019914,1.9,3,36,0.03144353854095288,1.9,3,47,0.14301325610927942,1.9,3,85
22,0.30204138180614853,1.9,3,8,0.09663045535160093,0.8767712652683258,2,18,0.4452193509781108,1.9,3,41,0.03676859508433941,1.9,3,49,0.02150713854209504,0.8148828082614474,2,58,0.809836239223149,1.9,3,66
23,0.6408952092175414,1.9,3,4,0.03522392494804351,1.9,3,10,0.19251372641042863,1.9,3,43,0.48443877227944054,1.9,3,48
24,0.14377853746573824,1.9,3,3,0.3953077070986691,1.9,3,22,0.052922972228573784,1.9,3,30,0.9056118759973482,1.9,3,51,0.08025512570885805,1.9,3,78,0.9819248524651051,1.9,3,88,0.44139533449913504,1.9,3,91,0.03727207366019727,0.8928414185841879,2,94,0.022360621413474585,0.6279222088701585,2,111,0.09742357565896277,1.9,3,118,0.032072632516514946,1.9,3,135,0.335718515960142,1.9,3,166
25,0.25845603392329874,1.9,3,3,0.012338933233126634,1.9,3,11,0.03641382881556163,1.9,3,40,0.3313042735901069,1.9,3,110
26,0.5872145860910076,1.9,3,9,0.010301658699759483,0.393546183904012,2,21,0.47746467009028204,1.9,3,30
27,0.4357536647424286,1.9,3,7,0.001791493650352991,1.9,3,13,0.3222845271097225,1.9,3,45
28,0.45621692246357193,1.9,3,10,0.014270641314668755,0.9082511723041534,2,20,0.5269428264366381,1.9,3,23,0.19676497065780468,1.9,3,54,1.4026408640380252,1.9,3,60
29,1.4424179391176226,1.9,3,3,0.027140062076102464,1.9,3,9,0.7966433691256517,1.9,3,18,0.018892373482907857,1.9,3,27,1.1253965537090171,1.9,3,43,0.009672035759216284,1.9,3,50,1.9829768039046287,1.9,3,53,0.46073952306898647,1.9,3,58,0.024891597957934993,1.9,3,62,0.5572626875535507,1.9,3,96,1.4916359177446832,1.9,3,106,0.5485733597316492,1.9,3,112,0.01414855138977939,0.392698925275069,2,138,0.596333924480771,1.9,3,177,0.08252452125001346,1.9,3,182,0.2483986389019155,1.9,3,189,0.9972808446504061,1.9,3,193
30,0.2525192476678933,1.9,3,3,0.021161003809377413,0.800622067451477,2,28,1.2052977406501577,1.9,3,33,0.19059444992717953,1.9,3,39,0.5354801580030105,1.9,3,46,0.032833917916281444,0.25710685178637505,2,66,1.3598344952214936,1.9,3,88,0.024356586807971984,0.24528303245703378,2,100,0.026174304820343493,0.7756672576069832,2,108,0.8061502552519808,1.9,3,132
31,0.7394081493906947,1.9,3,59,0.026574172844036483,1.9,3,63,0.6503088531710252,1.9,3,108
32,1.3340413699099856,1.9,3,8,0.024158712851929876,1.9,3,16,0.3939079945754725,1.9,3,19,0.09175427294991449,1.9,3,28,0.9346094574463734,1.9,3,34,0.04616871294812115,1.9,3,38,0.02179992177821537,1.9,3,47,0.15666125004769657,1.9,3,50,1.1461985712583598,1.9,3,78,0.010499411895534267,1.9,3,84,2.497198924554077,1.9,3,87,0.02320812601983661,1.9,3,91,0.736297287356732,1.9,3,128,0.0442951644800839,0.6169777512550354,2,142,0.027932944799181084,1.9,3,150,0.7828569487196196,1.9,3,161
33,0.8474669209979163,1.9,3,44
34,1.3791963060390318,1.9,3,16,0.011336625784460581,0.42218886067469913,2,28,0.5244674728809079,1.9,3,36,0.04249874850231638,1.9,3,44,1.0597417416062176,1.9,3,57,0.029407661134141408,1.9,3,65,2.6439031719787254,1.9,3,88
35,0.29635730924694753,1.9,3,44,2.9595687681574034,1.9,3,56
36,0.5264800954976285,1.9,3,13,0.03446617818115253,0.9553101778030395,2,23,0.017535574294379214,0.9085999005719235,2,42,0.14634192905292978,1.9,3,45,0.035360734732117635,1.9,3,51,0.2947667268846416,1.9,3,86
37,2.541321021151414,1.9,3,3,0.7778104255045917,1.9,3,25,0.012402511667634123,1.9,3,33,0.8178094225589295,1.9,3,36,0.10334860385140719,1.9,3,41,1.8918738585437158,1.9,3,46,0.08322335829778352,1.9,3,55,1.8333299733471327,1.9,3,68,0.0158263061756389,1.9,3,73,0.4375160794897876,1.9,3,80,0.2789445736758622,1.9,3,83,0.017113000416024485,0.207602795958519,2,93,0.4608674272751679,1.9,3,124
38,0.7478445902348401,1.9,3,23,0.2550561323386529,1.9,3,30,0.058760721375282515,0.670161281313215,2,44,0.2212888755021419,1.9,3,47,1.20823096698046,1.9,3,81,0.02427590964561356,0.31502349560077375,2,94,0.9947118087209281,1.9,3,107,0.014221794651109836,0.13050814668337504,2,122,0.6817353625365691,1.9,3,157,1.0290999737022757,1.9,3,191
39,0.22461594809684804,0.9385258555412292,2,3,0.013724527699287444,0.6619840562343597,2,24,4.579855509468805,1.9,3,35
40,0.7322698628641708,1.9,3,15,0.3765323969782148,1.9,3,49
41,0.4069567113524455,1.9,3,15,0.009530043550566032,0.22639322467148304,2,31,0.5166699152911568,1.9,3,63,0.0068153598612991795,0.37806978449225426,2,71,0.20509151041304496,0.2772478510936101,2,74
42,0.2854984118206208,1.9,3,27,0.09544320323467792,1.9,3,32,0.9182713680916901,1.9,3,45,0.171856860792154,1.9,3,105
43,0.8740693856495263,1.9,3,57,0.5152019837136418,1.9,3,75,0.02757382613216766,0.4927302022775014,2,90,0.6430727660988452,1.9,3,137
44,0.42428105347779727,1.9,3,15,0.056816973598708576,1.9,3,19,0.6342251276868542,1.9,3,56
45,0.4285108625376443,1.9,3,96
46,0.6275533436208534,1.9,3,13,0.028093841657172124,0.1408949779967467,2,25,1.8642347424441978,1.9,3,30,0.021069439754257357,0.43036385253071785,2,54,0.8310148683309667,1.9,3,58,0.15095843338105405,1.9,3,68,0.7452342208730497,1.9,3,86
47,1.5668500612834422,1.9,3,8,0.013505150692424165,1.9,3,18,1.1749179521105138,1.9,3,41,0.01635934672743326,0.3202131977587035,2,74,0.8915791446357725,1.9,3,86
48,0.9019997092866395,1.9,3,53
49,0.6135581057425674,1.9,3,44,0.02667977280675469,0.4349754194418589,2,59,0.3922030188725557,1.9,3,103,0.7747842699409808,1.9,3,132,0.10814553579106376,1.9,3,139,0.773124026675209,1.9,3,200
50,0.40719115758825875,1.9,3,59
51,0.7211300701516417,1.9,3,28,0.04796858417038565,1.9,3,40,0.5655444346247991,1.9,3,57,0.029168042798246946,0.14527320563793183,2,72,0.2895172943245391,0.7169125278790792,2,75,0.5019797821280713,1.9,3,102
52,0.37616618014479375,1.9,3,37,0.10512033828240759,1.9,3,44,0.7124757670214082,1.9,3,52,0.011485724941878503,1.9,3,61,1.1614271025254106,1.9,3,75,0.010635909365777903,1.9,3,82,0.7171897571665666,1.9,3,90
