0,0.5693643657496099,1.9,3,21
1,1.9383629177976716,1.9,3,9,0.007064523469616929,0.8864817693829536,2,17,0.16836682663874752,0.8203601470360389,2,30,2.2286718707065054,1.9,3,67,0.006843184127739764,1.9,3,73,4.690946588179582,1.9,3,83,0.14117339381575245,1.9,3,86,0.5408193711305715,1.9,3,94
2,0.5052128387031842,1.9,3,43
3,0.36587541766483994,1.9,3,30,0.01037694539551605,1.9,3,35,0.5076540343820775,1.9,3,87,0.009893112890061033,1.9,3,101,0.6935088544253439,1.9,3,147
4,2.919347337971094,1.9,3,7,0.00840095512644733,1.9,3,13,2.0062548357473085,1.9,3,41,0.021852958057841553,1.9,3,45,2.3931859676803793,1.9,3,54,0.017111384308632405,0.4701775773005052,2,65,0.6500069968035506,1.9,3,86,0.034609896929466415,0.5793398162897896,2,103,1.0519536418638793,1.9,3,119,0.015724374095494046,0.3603656842158391,2,132,0.4552052773963478,1.9,3,152
5,0.3799746174233032,1.9,3,39
6,0.789634934571691,1.9,3,15,0.19520644121828068,1.9,3,22,0.06192943503665819,0.7619005714853605,2,34,0.05710401349110574,1.9,3,45,0.5665546533602152,1.9,3,77,0.013333013701707476,0.25114860385656357,2,89,0.36837153365332637,1.9,3,98
7,0.5840352814572919,1.9,3,9,0.0181841844466133,0.19965222477912903,2,27,0.8705201826653607,1.9,3,39
8,0.45189973450755416,1.9,3,58
9,0.5913748401048912,1.9,3,25
10,1.6547205839581556,1.9,3,84,0.006399219274895876,1.9,3,90,0.9735851617674186,1.9,3,148
11,0.37464886345067816,1.9,3,33,0.049478192338952454,1.9,3,44,0.3941183983984696,1.9,3,67,0.011722317060422224,0.3299379615407241,2,86,0.7211124587723274,1.9,3,100,0.010593594486294034,1.9,3,105,1.6198901574261266,1.9,3,110,0.016696643622471287,1.9,3,120,0.7023704854620012,1.9,3,144
12,0.15965701747962266,1.9,3,6,0.010441233390750097,0.32947126732153054,2,23,2.0456439169840874,1.9,3,28
13,2.8376018271976693,1.9,3,5,0.8118241526465156,1.9,3,34
14,0.27607093307735786,1.9,3,23
15,0.6988759665089816,1.9,3,30
16,0.2990332468046662,1.9,3,22
17,0.32415651465043455,1.9,3,18,0.016155639385755774,0.23025570674376053,2,29,0.5228556464082972,1.9,3,60,0.020049300149972245,0.1716660721146542,2,83,0.7548754994968911,1.9,3,114,0.019343022435497292,1.9,3,120,5.3798023491382105,1.9,3,135,0.07360471738399965,1.9,3,141,2.8400075064441506,1.9,3,200
18,0.05780910681133126,1.9,3,12,0.6365012157625113,1.9,3,19,0.09788543757037013,1.9,3,28,1.007808580251786,1.9,3,63,0.08195805940253308,1.9,3,74,0.8270846581870955,1.9,3,96
19,0.2856348696729063,1.9,3,36,0.014002142904048883,0.26476646214723587,2,56,1.7445392701393878,1.9,3,68,0.01678658556923903,1.9,3,76,1.538776136805921,1.9,3,105,0.0158809132359051,0.22565680344899494,2,120,1.9423871140019158,1.9,3,130,0.013935447757471572,0.0640624360791568,2,159,0.8017705631790442,1.9,3,172,0.023772324603364675,1.9,3,178,2.008020464297893,1.9,3,194
20,0.26055126713704635,1.9,3,24
21,0.5495072376037011,1.9,3,15,0.2315986435981819,1.9,3,48,0.6118767790050793,1.9,3,90,0.03760881781148078,0.670990491354907,2,117,0.7924651373155294,1.9,3,129,0.0407568782210834,1.9,3,133,0.3536711352609392,1.9,3,152,0.7129015640996494,1.9,3,190
22,0.02324781854491704,0.4580394114766802,2,7,0.8584766974438337,1.9,3,10,0.04396690638524592,1.9,3,17,1.0133071265371467,1.9,3,23,0.01481407444300822,0.15195293062263066,2,41,0.9590441035907182,1.9,3,63
23,0.4879171423394052,1.9,3,4,0.028241353868121592,0.32274804602969775,2,26,0.5574949148862518,1.9,3,73,0.14286690244029365,1.9,3,78,1.571654568691288,1.9,3,90,0.008055539850392113,1.9,3,96,0.24100418616789754,1.9,3,106
24,0.15126365634174413,1.9,3,19,0.018740479563420204,1.9,3,30,0.6122225696261367,1.9,3,40
25,0.4340019060044609,1.9,3,9,0.013287125094986951,0.19147751597981705,2,28,1.3866771640157236,1.9,3,43,0.015264058135273649,0.32971833510832355,2,54,0.030461844163178483,0.7914441078901291,2,62,0.33370135810418095,1.9,3,71
26,0.7631163396005647,1.9,3,28,0.2769191629425204,0.8213158994913101,2,36,1.435877995932799,1.9,3,54,0.01344660633235175,1.9,3,63,0.38135745355994366,1.9,3,66,0.03481639331478282,1.9,3,70,0.9505217725392062,1.9,3,86
27,0.7348627665768807,1.9,3,86
28,0.3918235810657281,1.9,3,27,2.869594601409044,1.9,3,32
29,0.686434227248425,1.9,3,31,0.02671631300359885,0.7071124775843187,2,53,0.7551596023383113,1.9,3,60,0.2852141060601515,0.9405517101287841,2,65,0.014188022006665899,0.2471826442827781,2,89,1.1413167683488643,1.9,3,157
30,0.7375873316610113,1.9,3,36,0.04918079759421513,1.9,3,42,1.0567539402070019,1.9,3,56,0.039140378574391975,1.9,3,60,1.0592421241538061,1.9,3,90
31,0.7750707443888836,1.9,3,3,0.1277764509471732,1.9,3,22
32,0.5158273329212543,1.9,3,27
33,2.3452559845792975,1.9,3,18,1.3474181981093596,1.9,3,56,2.416848973388361,1.9,3,87,0.01415752564236224,1.9,3,95,1.7583806640395134,1.9,3,108,0.006882595888330807,1.9,3,113,1.2032348413021374,1.9,3,149,0.014871966119575602,0.4879104842742284,2,161,1.372729098864379,1.9,3,200
34,0.9711988399778476,1.9,3,10,0.019526870464478298,0.7072983119222853,2,19,0.4309631609552414,1.9,3,67,1.5097816311055994,1.9,3,71
35,0.8086272429925004,1.9,3,35,0.018183208977188225,0.12910484841891698,2,49,0.5779128348142156,1.9,3,83,0.10150794978282322,1.9,3,96,4.804896058997464,1.9,3,99
36,0.8831133484324124,1.9,3,17,0.13612405818335555,1.9,3,28,0.342778695754825,1.9,3,61,1.0696940653106137,1.9,3,66,0.018695007113214125,0.462322103480498,2,78,0.4263203520466851,0.8370194236437479,2,81,0.024982426379435905,1.9,3,94,0.09329494861179272,1.9,3,97
37,1.5682084539019907,1.9,3,12,0.053746386697067904,1.9,3,16,0.8743171438944263,1.9,3,48,0.026147801230244728,0.26944659579367863,2,69,1.6560341241621617,1.9,3,73
38,0.41123863253578136,1.9,3,9,0.04724183336429083,1.9,3,16,0.5987816355798934,1.9,3,47
39,0.5439431785627471,1.9,3,31
40,1.0216188600960945,1.9,3,10,0.004227459348777788,1.9,3,16,1.8542102558771167,1.9,3,25,0.010324579981442795,0.32469252149264016,2,40,0.5515762866497183,1.9,3,53
41,0.44318480164104235,1.9,3,3,1.4629750868678786,1.9,3,8,0.013014988208932151,1.9,3,12,1.4037681173965626,1.9,3,16,0.12849451893428573,1.9,3,20,0.6875466859188023,1.9,3,77
42,0.5403924623369615,1.9,3,5,0.025752397534346414,1.9,3,13,0.5777258626112926,1.9,3,25,0.050171512889775366,1.9,3,34,0.018132840451472603,0.12201284101376167,2,47,0.6035717355978089,1.9,3,163,0.023419090067912828,1.9,3,171,1.0650800926132016,1.9,3,178
43,0.6560401510184496,1.9,3,38,0.2226930180140416,1.9,3,42,0.030929970115537362,1.9,3,47,0.4367738189024632,1.9,3,97,0.019157722550192383,0.8035538867115974,2,105,0.6685274049169345,1.9,3,127,0.021805509220198614,0.7378738820552826,2,161,0.33036505321190585,1.9,3,177,0.03359963994475948,1.9,3,189,0.06091870690136248,1.9,3,194,0.24906850453848697,1.9,3,200
44,0.3032128458698278,1.9,3,35,1.4283662509759145,1.9,3,53
45,0.8893179638085436,1.9,3,16,0.14057624420984038,1.9,3,20,2.222844150570833,1.9,3,27,0.012902386184858108,0.7743122908804152,2,36,0.1966789771556407,1.9,3,43,0.5644159722984509,1.9,3,52,0.031131713144510763,1.9,3,57,1.0457867605167517,1.9,3,62,0.023247258821987433,0.6629580557346344,2,66,0.026797239070789847,0.22070554457604885,2,74,0.35829463582776294,0.8847370147705078,2,77,0.4904657218530511,1.9,3,107
46,0.2378336498189439,1.9,3,25
47,0.024597985376967526,0.22491572424769402,2,8,0.29006395145133684,0.9191029576154855,2,21,0.019995678190867793,0.4227477550506592,2,31,0.33599945065440157,0.5793924033641815,2,34
48,1.3101047899099054,1.9,3,7,0.03156134636762365,1.9,3,11,0.7449312702073657,1.9,3,52
49,0.9668715320750364,1.9,3,36
50,0.03779384080535989,0.7711315751075745,2,6,0.7486678516214224,1.9,3,73
51,0.22231163454955527,1.9,3,22
52,0.05252580975105329,1.9,3,3,0.02913956182949846,0.7782710932549977,2,24,0.42923018495181203,1.9,3,37,0.021726952142812835,0.7147921857080961,2,56,0.0894686256064704,0.7727643648783366,2,59,0.01973181607775139,0.6397051140666008,2,67,0.7784194560697896,1.9,3,72,0.009064633181453742,1.9,3,78,0.3159981393211753,1.9,3,92,0.025999910815499523,1.9,3,100,0.505805147934866,1.9,3,114
53,0.06193394364944859,1.9,3,32,0.35870828077016165,0.9047529300053915,2,35,0.018307500985823504,0.7784898962293353,2,42,4.571572426315395,1.9,3,60
54,0.980462644747949,1.9,3,24,0.05415389483587396,0.7021096442875109,2,43,0.1932540226340562,1.9,3,54,0.016655616276003402,0.4682367568214734,2,66,0.7750816833005546,1.9,3,72,0.04017681402281468,1.9,3,78,0.3877759288423243,1.9,3,83,0.017012183948836437,0.39150734360401446,2,96,0.8299599859313634,1.9,3,106,1.8642803799777876,1.9,3,124
55,1.393245741326353,1.9,3,12,0.02303408514504079,0.9250869676470757,2,20,0.7249664353738959,1.9,3,39
56,0.3848126240505654,1.9,3,58,0.03311597970102874,0.8187353448434309,2,69,0.5765373357678192,1.9,3,149
57,0.39351114109639324,1.9,3,34
58,2.335432093017962,1.9,3,11,0.013345206499453921,1.9,3,21,0.3513668944675037,1.9,3,29,0.012509669225379709,0.2100558438721825,2,46,0.8063333355209569,1.9,3,50,0.009070248977263209,0.29689908027648926,2,63,0.3043102416781566,1.9,3,82,0.016709046437298546,0.13778588368046668,2,113,0.7600347892783912,1.9,3,116,0.021876906118862567,0.18339803020159404,2,146
59,0.529446093586105,1.9,3,15,0.40118023729857155,1.9,3,34,0.23291961183521148,1.9,3,60,0.03620280037453749,1.9,3,69,1.55109471956881,1.9,3,90,0.1770682104323656,1.9,3,107,0.8040551726163561,1.9,3,110
60,0.8294133606148901,1.9,3,28,0.03000418042938655,0.8634662926197052,2,38,1.5908538084249075,1.9,3,42,0.03529889032179928,1.9,3,46,0.015764314086170624,0.6424802094697952,2,58,1.1099535055482606,1.9,3,68
61,0.08508007011511312,0.9667476415634155,2,3,0.012902069611738303,1.9,3,9,0.4771553930374054,1.9,3,38,0.021396600223154278,1.9,3,43,0.22720955477656002,1.9,3,53
62,1.7290903943590197,1.9,3,16,0.03417771968249652,1.9,3,20,1.0632281019844483,1.9,3,30
63,0.8708635759244473,1.9,3,86,0.34287221121941575,1.9,3,108,0.04969114853270099,0.20450613428564632,2,125
64,0.7161744317604803,1.9,3,22,0.020394868867136047,0.17388590105942317,2,36,0.41421445544375013,1.9,3,50,0.014617774996836707,0.3235808936032382,2,61,0.7631751510994578,1.9,3,76,0.25479678383685206,1.9,3,82,0.6533700676917569,1.9,3,110
65,0.8472604955606198,1.9,3,42,0.3571971214281316,1.9,3,60
66,0.4021141896721816,1.9,3,25,0.02414326103192294,1.9,3,32,0.4752936890990006,1.9,3,38
