0,0.5326180651925316,1.9,3,26,0.2295996083179509,1.9,3,56
1,0.419470679089659,1.9,3,5,0.0418729060407588,1.9,3,11,0.8066458657026112,1.9,3,31,0.012576526141530832,0.2058424949645996,2,46,0.7620499478691847,1.9,3,53
2,0.6825662421875003,1.9,3,26
3,0.46423596585161264,1.9,3,34,0.05334868726452123,1.9,3,39,0.7395300342753455,1.9,3,53
4,1.7136081803127807,1.9,3,6,0.019706050171689183,0.55440554022789,2,13,0.07936997728967907,0.700630267461141,2,16,3.820776076478626,1.9,3,21
5,0.46483013692565484,1.9,3,35,2.0095904371405795,1.9,3,42,0.008468323431474079,1.9,3,48,0.5777457490884875,1.9,3,70,0.09392383156097223,1.9,3,85,0.17242218150273195,1.9,3,157,0.330840205670827,1.9,3,200
6,0.011669082229939022,1.9,3,5,0.5771559135506321,1.9,3,49,0.01701136458579252,0.4515307009220123,2,59,2.9611580901902754,1.9,3,62
7,0.38849707790384475,1.9,3,10,0.02169264454187096,0.5394564785740592,2,21,3.6653688941528055,1.9,3,24
8,0.35829595806613623,1.9,3,18,0.006495624006712758,0.8145192980766296,2,23
9,0.2801754936094575,1.9,3,25,0.684318040655137,1.9,3,36,0.016722730920274258,0.5204054603451177,2,55,0.6947926433770432,1.9,3,64,0.01451847776945001,0.32660624597753796,2,78,0.3778871015411002,1.9,3,99,1.7999478178857737,1.9,3,109
10,0.411434285085523,1.9,3,17,0.04406291937135993,1.9,3,23,0.3302697245550913,1.9,3,26
11,0.6576628495853655,1.9,3,8,0.014911869132485543,1.9,3,16,2.269175216209397,1.9,3,28,0.008149145015886712,0.4565995305776596,2,48,0.5157555185619943,1.9,3,74
12,0.5391313676349344,1.9,3,34,0.10454440102141697,0.3020198196172714,2,37,0.018209037354244676,0.21041308449847357,2,51,0.4663752964484879,1.9,3,112
13,0.5076815523662813,1.9,3,28,0.049821613585415765,0.22481092148356968,2,37
14,0.01609839179083585,0.5343524976210161,2,11,0.4856393809038216,1.9,3,37,0.02851456563876368,1.9,3,43,0.524387615667335,1.9,3,54
15,1.290459235941815,1.9,3,37,0.11914887835890599,1.9,3,40,0.9124175346325459,1.9,3,96,0.04424491996199846,1.9,3,101,1.405858505611086,1.9,3,108
16,0.46191840026162473,1.9,3,44
17,0.14224908089417018,1.9,3,7,0.7782397072604099,1.9,3,20,0.015346085912335121,1.9,3,26,0.04890489435006297,1.9,3,33,0.27701261030453384,1.9,3,47,0.8123055548396217,1.9,3,93,0.007179498547847859,0.22195962195595106,2,105,1.5671699863445236,1.9,3,110,0.020520277856323967,1.9,3,115,1.5506549920775288,1.9,3,144
18,0.917936959377237,1.9,3,25,0.005725638395966471,0.308266934293967,2,38,3.8858968126806324,1.9,3,53,0.0941270872853433,1.9,3,57,1.2518107612493885,1.9,3,66,0.012482173466027032,0.07403756358793803,2,80,0.5809130694515315,1.9,3,94
19,0.3130293609783912,1.9,3,32,1.4668356048577638,1.9,3,96
20,0.4938096493903398,1.9,3,22,0.09126459336273532,1.9,3,26,0.7921491155093581,1.9,3,65,0.016105882261667127,0.6535717513826158,2,74,0.7213512477350913,1.9,3,97
21,1.3436220057494348,1.9,3,5,0.46345965701828745,1.9,3,33,0.016748753365934,0.3093333052737372,2,40
22,0.21546194228356325,1.9,3,29,0.039934537607843205,0.5936642451719805,2,40,0.13024203175683313,1.9,3,65,0.3636420051244423,1.9,3,78
23,0.79388571289671,1.9,3,24
24,0.8118825300594814,1.9,3,35,0.011867237247153212,1.9,3,42,0.6475926273126119,1.9,3,100,0.024464022203368612,1.9,3,115,0.5207111446748047,1.9,3,150
25,1.5605877489389783,1.9,3,27,0.012512305664756538,1.9,3,33,0.27675092051458766,1.9,3,157
26,0.01738801440937329,0.6473051363771612,2,11,1.370387346546363,1.9,3,45,0.03153953837483646,1.9,3,51,0.801626733555656,1.9,3,91,1.8573650511751083,1.9,3,98,0.020049054147866206,0.7266227584896665,2,131,1.0013715059235078,1.9,3,143,0.021277960456157936,0.7472760856151581,2,153,1.012622945276653,1.9,3,165,0.010227680869391957,1.9,3,171,0.03869847138696926,1.9,3,174,2.400083212014333,1.9,3,178,0.018406670997511292,1.9,3,186,4.297021265554394,1.9,3,199
27,0.6046531903016381,1.9,3,86,0.016776791791803174,0.32002419233322144,2,102,0.05782391883701829,1.9,3,108,0.2084818885669256,1.9,3,111,0.029023510656954504,1.9,3,119,0.651908879317835,1.9,3,139
28,0.4634081038063126,1.9,3,56,0.02627160718493619,0.5664829115072886,2,59,0.010602675863844942,0.27171827394228715,2,72,0.3037625790137467,1.9,3,155,0.8374317708623433,1.9,3,183
29,1.2023016166585272,1.9,3,14,0.12057650008260071,1.9,3,21,0.9131811870400207,1.9,3,44,0.046380938963438374,1.9,3,50,1.9361112527430875,1.9,3,61,0.007527684155106024,0.27065108716487885,2,84,0.5023796568954891,1.9,3,96,0.042068212372185755,1.9,3,103,1.2730838114920906,1.9,3,125
30,0.5604206964341548,1.9,3,3,0.03390310576858802,1.9,3,14,0.5514370341198742,1.9,3,20
31,0.06983468996798806,1.9,3,5,0.9940027761441728,1.9,3,13,0.014811676870539687,0.2424256131052971,2,23
32,0.39166608342094505,1.9,3,23,1.4121179302926536,1.9,3,39
33,1.831063147033135,1.9,3,18,0.01135258932044574,1.9,3,22
34,1.8767989164685286,1.9,3,10,0.01859168138485734,0.2778780867656072,2,25,0.6219201646817433,1.9,3,39
35,0.9551161943700833,1.9,3,23,0.1698399482117089,1.9,3,36,0.7727115024946528,1.9,3,64,0.03621757130376802,1.9,3,73,2.757267664788234,1.9,3,97
36,0.3474216535117999,1.9,3,3,0.07308177466338263,1.9,3,8,0.9490523489254902,1.9,3,13,0.0018260301678568456,1.9,3,19,0.5258585928189697,1.9,3,29
37,0.49753928197651703,1.9,3,11,0.014014210028712865,0.21542784145900182,2,32,1.212551338469619,1.9,3,42,0.043361046762116426,1.9,3,50,0.4958171822508138,1.9,3,105
38,0.14991172773302078,1.9,3,3,0.556262780512186,1.9,3,44
39,0.8408233361939113,1.9,3,8,0.015084627535723082,0.4321622014045715,2,18,0.904997150541796,1.9,3,86
40,0.8058464464242266,1.9,3,43,0.010907836391827835,0.3004871942102909,2,63,1.5333016202259335,1.9,3,77,0.016799549600256782,0.05293941327503749,2,112,0.05748794147726299,1.9,3,118,0.5751545641217043,1.9,3,140,0.020029323740721392,1.9,3,149,0.6674684197227969,1.9,3,200
41,0.8890377361101905,1.9,3,38,0.008059799438468004,0.7184760624712164,2,49,0.2743762231892811,1.9,3,58,0.012935496798059486,0.574957549571991,2,72,0.8570992740146375,1.9,3,149
42,0.030260702105354552,0.5276820404188973,2,7,0.5633921218854551,1.9,3,32,2.2082763898855893,1.9,3,46,0.03663896495571477,0.5038549195636403,2,57,0.5087488778744276,1.9,3,88
43,0.4944513270975517,1.9,3,34,0.03394922095345248,0.19622459901230677,2,48,0.727728573379211,1.9,3,77,0.07418274094407475,1.9,3,86,1.0203657270471413,1.9,3,89,0.014711162212718723,1.9,3,95,0.7094834236575609,1.9,3,110
44,0.5754581756533328,1.9,3,11,0.03665877348009061,1.9,3,17,0.37075992049003625,1.9,3,35,0.015610052246489373,0.40795108924309414,2,47,0.3428490091409111,1.9,3,70
45,0.5337281719177642,1.9,3,25
46,1.207768022068226,1.9,3,22,0.02368300837504089,0.2396398733059565,2,31,0.0641897438589641,0.2033832911401987,2,39,0.24729002380753004,1.9,3,83,0.04964114489312993,1.9,3,90,0.2874558617377801,1.9,3,144
47,0.4067954817213078,1.9,3,25
48,0.238227839296362,1.9,3,30,1.3423867239628253,1.9,3,37,0.023580455294297947,0.551483616232872,2,57,1.0947999660212204,1.9,3,63,0.06299458863535436,1.9,3,70,0.011615164087431663,1.9,3,76,0.9488639682834525,1.9,3,79
49,0.9977530236120893,1.9,3,3,0.024065541959814803,0.4337676444223949,2,17,0.610858873152485,1.9,3,30,0.02307579944376984,0.6139671703179678,2,39,0.5835674470932732,1.9,3,57,0.01659562367214239,0.5279314716657003,2,66,0.506869196100133,1.9,3,69,0.033821554844996195,0.8575519080515261,2,96,0.4151364334113938,1.9,3,99,1.0360178956933188,1.9,3,127
50,0.4612516088643664,1.9,3,12,0.015525150079447138,1.9,3,18,0.3289989067948321,1.9,3,21,0.014028504487871116,1.9,3,26,0.49985026975123936,1.9,3,34
51,0.7612585132321702,1.9,3,21,0.025331338499984164,0.6260230640570322,2,30,10.55797309982709,1.9,3,33
52,0.9448787148751226,1.9,3,4,0.05829626565944118,1.9,3,11,0.2781133359760587,1.9,3,14,0.006054908228691921,0.6195794211493598,2,23,0.8880858414927659,1.9,3,31,0.019364224680710345,0.3099014610052109,2,49,0.4744787655667089,1.9,3,52,0.05502001139223853,1.9,3,55,0.4977217222121414,1.9,3,122,0.02055167692330151,0.5537412241101265,2,138,0.6901053752343556,1.9,3,168,0.012982384406217058,1.9,3,174,1.5647586926520296,1.9,3,184,0.0926092289136213,1.9,3,195,0.27536550898843243,1.9,3,200
53,1.0877658759996636,1.9,3,54
54,0.40638894912109114,1.9,3,13,0.01158590222105509,0.15959125521935916,2,32,0.11495877478430391,0.287315974632899,2,35
55,0.551528523492603,1.9,3,14,0.25830117343707104,1.9,3,53
56,0.52565817083017,1.9,3,21,0.020477015146117234,0.1131794131719149,2,34,0.48543055029255994,1.9,3,48
57,0.4981967939839723,1.9,3,17,0.018435839535366313,0.5382543152028864,2,28,0.6259888789072884,1.9,3,50,0.046896678280096055,0.5923250458742443,2,69,0.010101070860527094,0.7657253543535868,2,78,0.4926684629519908,1.9,3,96,0.011215898189388045,0.1830829679965973,2,117,1.240400659076048,1.9,3,121,0.018327365248496517,0.17376450230093562,2,138,0.23426485381754458,0.4521678686141968,2,141
58,0.5744161411171171,1.9,3,20,4.357209713236698,1.9,3,31
59,3.718558821667142,1.9,3,10,0.0065944693307842224,1.9,3,13,0.032997718775028925,1.9,3,16,0.5540848329445819,1.9,3,39
60,0.4239740003296823,1.9,3,18,0.006494305059024097,0.29524478722702374,2,29,0.7807935248740432,0.5753273367881775,2,32
61,0.5605910091283484,1.9,3,5,0.02394870593402369,0.5267160281538963,2,25,0.5211537212919835,1.9,3,44
62,0.4305058851298522,1.9,3,28,1.068303680609009,1.9,3,44
63,0.37039923803323493,1.9,3,38,0.5406863461127355,1.9,3,115
64,1.3692197002930002,1.9,3,3,0.01481376908575966,1.9,3,10,0.8492629596282634,1.9,3,22
65,0.41118157120058446,1.9,3,26
66,0.5857196420697736,1.9,3,92
