0,0.3761504137779401,1.9,3,10,0.02401737842013659,0.4237427145242691,2,20,0.8392821235479924,1.9,3,24,0.09406856983205043,1.9,3,30,0.03161114159351706,1.9,3,36,0.35959611992523965,1.9,3,59
1,0.3193418303693425,1.9,3,17,0.03940527401253105,0.17480909526348115,2,32,0.03473800607802249,0.8979851484298706,2,37,0.4935812768494706,1.9,3,43
2,0.32427014200314064,1.9,3,64
3,0.9903662299944631,1.9,3,45,0.017878251250643025,0.309007389978929,2,56
4,0.23190883595930348,1.9,3,49,0.07114198887094496,1.9,3,56,1.3161946124070862,1.9,3,87
5,0.9020972681258786,1.9,3,3,0.02268071444277172,0.32751737021166705,2,32,0.6223933788012777,1.9,3,41,0.02004387838721486,0.9365611553192139,2,46
6,0.44356312395253805,1.9,3,35
7,1.855355921278397,1.9,3,16,0.01432154753825781,0.2301749328772227,2,31,0.6838876044647609,1.9,3,43,0.061191271866856245,0.31658803423245746,2,46,0.016067969561531514,0.28478877885001047,2,67,1.3010246872055207,1.9,3,78,0.42763629939551484,1.9,3,81,0.02255535588827543,1.9,3,89,0.5500993944412633,1.9,3,126
8,0.9256452080852579,1.9,3,17,0.004282547460783081,0.927009105682373,2,27,0.9088104020310768,1.9,3,110,0.025347426107773983,0.9621529579162598,2,117
9,1.733739229029989,1.9,3,36
10,0.7510579122623757,1.9,3,24,0.017849815582699408,0.4695117808878422,2,32,4.527516730375291,1.9,3,55,0.8792178079501003,1.9,3,61,2.7213826377969164,1.9,3,75,0.01857245913219756,0.5812470316886902,2,96,1.1443278241486212,1.9,3,103,0.057542189868436115,1.9,3,111,0.9608975734659573,1.9,3,144,0.02148289873040589,0.9756668673621284,2,153,0.04525767791998385,0.5856742024421692,2,168,0.7980841376684552,1.9,3,200
11,0.5000412718725182,1.9,3,35,0.010048998000676592,1.9,3,40,0.9353035785230536,1.9,3,47,0.3707892613152947,1.9,3,103,0.12311691542581843,1.9,3,110,0.6511398109676404,1.9,3,152,0.011656018418433391,0.2849413216114044,2,172,0.5491885454430262,1.9,3,197
12,1.2806454294799416,1.9,3,5,0.11877237219018222,1.9,3,17,0.3288378266821086,1.9,3,54,0.09030147145555834,1.9,3,65,2.170165686437127,1.9,3,81,0.007104240081624186,1.9,3,86,0.16961706981069266,1.9,3,90,1.372503026492517,1.9,3,97,0.0816751217655115,1.9,3,104,0.735930747511481,1.9,3,112,0.019142137312642166,0.2463962481572078,2,125,2.1426298833418103,1.9,3,130,0.009880278711465438,1.9,3,136,1.4076336722144196,1.9,3,166,0.19622586826725336,1.9,3,170,1.1138253095225144,1.9,3,195
13,0.262504342796729,1.9,3,17,0.11596327097103792,1.9,3,32,0.5885803814361468,1.9,3,99
14,0.30395742055340896,1.9,3,15,0.8912209397746312,1.9,3,20,0.0893465319388084,1.9,3,24,0.3492479195874898,1.9,3,35,0.020621269743073312,0.6982545256614685,2,52,0.03548823387350407,1.9,3,59
15,0.2624883580265249,1.9,3,22,0.41651741843647433,1.9,3,62
16,0.3754458521306295,1.9,3,12,0.9748686274096255,1.9,3,23,0.29655209263234406,1.9,3,26,1.9674835795601586,1.9,3,40
17,0.4894158142942866,1.9,3,7,0.014468508670763276,1.9,3,16,0.3912371768586258,1.9,3,26,0.025442042280262835,0.6707363069057465,2,36,0.8787693992201426,1.9,3,39,0.013112783010900223,0.45931772887706757,2,45
18,0.6722105383875351,1.9,3,58,0.01512753784308204,0.2963127981532704,2,69,0.6487672147849437,1.9,3,74,0.017856199229279324,0.30977192608749166,2,91,1.0354388609563956,1.9,3,105,0.035961070587081416,0.294824954867363,2,115,0.2005286159480672,0.8792872031529745,2,118,1.312902270015278,1.9,3,126,0.02600680281063325,0.5992715110381445,2,138,0.7655039080026516,1.9,3,183,0.022824542089069682,1.9,3,191,3.4051161218123807,1.9,3,200
19,0.5766607343971726,1.9,3,29,0.010129056827027612,1.9,3,38,0.7086806859668073,1.9,3,47
20,0.9026834552680448,1.9,3,4,0.006657705934429787,1.9,3,9,0.35566838283077495,1.9,3,37,1.082747182864654,1.9,3,53,0.012598912759113826,0.20877688864003058,2,76,0.6419455822941975,1.9,3,83
21,0.6805123373848793,1.9,3,42,0.005471320356722898,1.9,3,48,0.4393824963291216,1.9,3,91
22,0.46331047873345543,1.9,3,74,0.2570673497438847,1.9,3,78,0.016744087150902545,0.1415179967880249,2,90,0.4466964784357562,1.9,3,134,0.07778158164189915,1.9,3,137,0.5372720014525975,1.9,3,167
23,0.288327384580932,1.9,3,65,2.1702903116190733,1.9,3,70,0.06886994596510067,1.9,3,75,0.792237368688709,1.9,3,96,2.387883919883978,1.9,3,108,0.01859028621632951,1.9,3,117,0.7649271438715372,1.9,3,200
24,0.35032735120500386,1.9,3,3,0.08721596679935975,1.9,3,11,0.3617038719810279,1.9,3,26
25,0.8691771560952496,1.9,3,27,0.03190867762900701,1.9,3,36,1.0424364432856479,1.9,3,160,0.2416213744291447,1.9,3,168,0.011523063686183993,1.9,3,174,0.7168045297036097,1.9,3,182,0.013384807211839057,0.861712720659044,2,191,0.6805032892635884,1.9,3,200
26,0.6051163662453052,1.9,3,28
27,0.6855556228602869,1.9,3,3,0.025552995386412647,0.2976898882876743,2,25,0.4987054734549322,1.9,3,40
28,0.35785912427310396,1.9,3,12,0.04537090978108765,1.9,3,21,0.944596228360867,1.9,3,33,0.5113488969880378,1.9,3,75,0.004281780506287121,1.9,3,83,2.171089089414454,1.9,3,108
29,0.26775453983346514,1.9,3,49,0.02245883284775262,0.7795463734202914,2,67,2.1564364451066425,1.9,3,73,0.026245083068705453,1.9,3,76
30,1.0845344426207306,1.9,3,56,0.015993073556702,0.376277893781662,2,73,0.362637334472262,1.9,3,130
31,0.6092859831671623,1.9,3,16,0.013322793401947784,0.1436491393380695,2,43,0.8097703671037482,1.9,3,129,0.11244304195530694,1.9,3,135,0.8191547349199371,1.9,3,177
32,1.4795886905183795,1.9,3,23,0.04211972745371747,1.9,3,27,1.098406171472028,1.9,3,40,0.06100754128835206,1.9,3,44,1.196039133317874,1.9,3,62,0.011500410613801065,0.27871899902820585,2,77,0.5191446260974415,1.9,3,151
33,0.32221806058062374,1.9,3,7,0.11709397922919212,1.9,3,12,0.638357968424313,1.9,3,49,1.436661888147983,1.9,3,55
34,0.8737174327390719,1.9,3,100
35,2.5458524431093115,1.9,3,31,0.5432252105180044,1.9,3,38,0.04725485071077523,1.9,3,45,0.3196459615332266,1.9,3,91
36,2.8958216737532383,1.9,3,17,0.015536309196803424,0.40120580104681164,2,30,0.3637470946103645,1.9,3,40
37,0.5335761515042297,1.9,3,10,0.20319953323633383,1.9,3,14,0.023997334982553287,0.2888474605977535,2,34,0.8866147100978581,1.9,3,57,0.021478938882088877,0.6159407744805018,2,81,0.5162676969721691,1.9,3,101,0.022655277595429825,0.2717470285984186,2,114,2.133810351445383,1.9,3,120,0.19771134669388812,1.9,3,124,0.9188660146023295,1.9,3,131
38,0.5576534773815128,1.9,3,6,0.041983280190256614,1.9,3,16,0.3678764284988331,1.9,3,22
39,0.4354677561601533,1.9,3,11,0.01547152075960721,0.3667120818908398,2,24,0.4577667912344662,1.9,3,32
40,0.5750377984404313,1.9,3,20,0.024763296152924576,1.9,3,31,1.264437679680192,1.9,3,38,0.1354823191716183,1.9,3,63,0.01005099478092346,0.6841244548559189,2,75,0.20925224950920165,1.9,3,130,0.11093025087818814,1.9,3,138,0.4783752428643322,1.9,3,159
41,1.188596676545518,1.9,3,24,0.3047636049795588,1.9,3,34,0.9083858697639711,1.9,3,81,0.09623932795987385,1.9,3,87,0.5694327568593358,1.9,3,133,0.18853041953663657,1.9,3,138,1.0141074964347214,1.9,3,164
42,0.7338330416056346,1.9,3,27
43,0.307676838017861,1.9,3,20,0.07314626270544568,1.9,3,29,0.608943129834655,1.9,3,63
44,0.5421017004424635,1.9,3,17,0.009688521855743176,0.9715620875358582,2,25,1.8428738836021872,1.9,3,45,0.009677800825784852,1.9,3,52,2.299801355345486,1.9,3,75,0.015296033348085564,0.30164438486099243,2,96,0.47519315558279374,1.9,3,145,1.1789526570971658,1.9,3,153
45,0.6069209872197762,1.9,3,31
46,0.5000752780245348,1.9,3,17,0.03326201717143774,0.25309964548796415,2,33,0.6504259360099882,1.9,3,59,0.03798643238109621,0.9078322781456841,2,68,0.4142008070581269,1.9,3,80
47,0.652038712344556,1.9,3,44
48,0.7660208147088068,1.9,3,25
49,1.5631596991183208,1.9,3,22
50,0.6697890864149247,0.854015564918518,2,5,0.02114478273810173,0.6111355189766202,2,33,0.7854998267452072,1.9,3,55
51,0.6403026801526577,1.9,3,12,0.03420258347095577,0.34914817341736387,2,26,1.2493686509385913,1.9,3,54,0.0036268595261768504,1.9,3,59,0.9586824574207137,1.9,3,62,0.017686161091332205,1.9,3,67
52,0.5122482401433115,1.9,3,93,0.010790998742111296,0.29691717945612395,2,106,0.3137512993283758,0.7040905356407166,2,109
53,0.7095750451719615,1.9,3,14,1.251121710017161,1.9,3,36,0.019756997721760483,1.9,3,44,0.6348043160540032,1.9,3,75,0.014911760152711895,1.9,3,79,0.549603124399304,1.9,3,93
54,1.5145983301199795,1.9,3,25,0.09489911973619529,1.9,3,33,1.8707098384974012,1.9,3,46
55,0.31226444606781245,1.9,3,64,0.009540735230947558,0.2161191783168099,2,75,0.4484018971893892,1.9,3,85
56,0.03577643927401176,0.43915449760176917,2,11,1.9148256461893154,1.9,3,25,0.3079049844491705,1.9,3,30,1.5844349585434327,1.9,3,37,0.7256519350958665,1.9,3,57,0.004739517839977763,1.9,3,66,0.43468437271611177,1.9,3,74
57,0.17828413551283295,1.9,3,4,0.04725586842752318,1.9,3,13,0.2709704170911183,1.9,3,22
58,0.31796212263650714,1.9,3,41,0.006875222201824472,0.22134488733375773,2,58,0.7312600572902397,1.9,3,75
59,0.45083402602362654,1.9,3,28,0.04269853240733178,0.9691437602043151,2,48,1.2105237044807713,1.9,3,55,0.015123523388163114,0.6807982193099128,2,64,0.8137161007671095,1.9,3,101,0.009767496393461923,0.3061010241508484,2,114,0.5960120044081015,1.9,3,126,0.014057203832162739,0.21859669536352158,2,146
60,0.2584576591252061,1.9,3,20
61,0.5781256532677039,1.9,3,53
62,1.4288347463324547,1.9,3,20
63,0.619317275334301,1.9,3,15,0.03230626638669349,0.16057849036795752,2,29,0.7581505429740945,1.9,3,83
64,1.2874655677396298,1.9,3,27
65,0.7746914785533371,1.9,3,47,0.054596255592332686,1.9,3,51,0.49078380437666624,1.9,3,54,0.011983175853685657,1.9,3,61,0.039825739021671074,1.9,3,69
