1,0.06179509789263472,0.8546171284491016,2,31
2,0.5296257240996217,1.021132893727294,2,112,8.898519825951944,0.26281397342681884,2,137
3,0.5284734979695893,0.3280542068183422,2,200
4,0.537488874900578,0.9782986332263265,2,112,8.824826122765817,0.27864335763912934,2,138,39.66779154648026,1.7715040560691588,2,200
5,0.29773544212856734,0.6075011747223991,2,49
6,0.4789246478192399,0.8939427813887596,2,200
7,0.14267584466547548,1.1066749981931738,2,148,1.8614304845943273,0.3660655440046237,2,200
8,0.6003803804920775,0.4376796131523756,2,104
9,0.4096679474351333,1.0584395589197384,2,136,4.307808488612869,0.23931001359596848,2,200
10,0.31121946617564994,0.45496232852339746,2,200
11,0.1723625927551784,0.790658920109272,2,200
12,0.42636970552834547,1.1489060067530699,2,159
13,0.12073129876078022,0.7232541197538376,2,200
14,0.1333968126001101,0.9500194567441941,2,200
15,0.20596935485007956,0.9182429331190446,2,34
16,0.11940474653805119,0.8892196774482727,2,200
17,0.30781543344173207,0.9885046607255936,2,200
18,0.41125450465241786,0.6924776816368103,2,200
19,0.6723639947490734,0.7949158165490988,2,132
20,0.054174288666272545,0.2656465960294008,2,200
21,0.5642256503602349,1.1014636526716517,2,47
22,0.30301782655988513,1.3366353193918863,2,30
23,0.052158220665126924,0.6049591869115829,2,200
24,0.2954665782134486,0.6945477056503296,2,200
25,0.4441726519912822,0.8583997601850165,2,72
26,0.20513986178077517,0.8561808034485462,2,51
27,0.1312826570308577,0.633682238869369,2,64
28,0.18997369126715227,0.9490241834095546,2,133
29,0.5826403319448916,1.1829841755613495,2,79
30,0.4625034289595834,1.2512500608960788,2,48,26.101988274035733,0.17230123056000785,2,200
31,0.13347672006599243,0.2508519947528839,2,20
32,0.16482059241579786,1.2491508078575135,2,200
33,0.3231931998420722,0.36993768230080604,2,200
34,0.13525893002453473,0.5410147819025763,2,145
35,2.831550249385138,0.6304678883403539,2,200
36,0.029803426906799983,0.7278052666608025,2,85,6.604613139781186,0.41290104130040045,2,108,0.020205941026905594,0.8327043063037998,2,199
37,0.35417141455076717,0.8506639558693458,2,29
38,0.6849944965590643,0.869184922426939,2,64
39,0.3833274551232211,0.8342558505400172,2,53
40,0.8221462433943326,1.4702854834350885,2,51
41,0.46989131282106317,0.742766934633255,2,20
42,0.805056128811372,1.2002871206828527,2,21
43,0.7173675869508609,1.247816732951573,2,35
44,0.7756179995268667,1.4984795905294872,2,42
45,0.1789278266162678,0.8578813883566088,2,31,0.00019937204289716725,1.1722678244113922,2,35
46,0.20506910866548006,0.7501106691360474,2,25
