1,0.6053305452952273,0.9714895981114086,2,41
2,0.23014230863049084,0.6351486536860466,2,200
3,0.2140518370722558,0.5466059657931328,2,200
4,0.06395151411275962,0.8519708749651909,2,200
5,0.4168003048168039,0.49636910169843645,2,63
6,0.17256793479673854,0.7243081709742546,2,200
7,0.34721588285444926,0.5389148026704789,2,200
8,0.9361004420763732,1.108969265818596,2,200
9,5.325031696637443,0.2808181619644165,2,200
10,0.3264394320094346,0.4476249660764422,2,35
11,0.380313422113009,1.2366012663257366,2,98
12,0.13232531753245716,0.529601554274559,2,200
13,0.39033790031435533,0.7699785012465257,2,65
14,0.20244606306312932,0.4268615134060383,2,200
15,0.1588995481084873,0.7722987693548202,2,200
16,0.20490653245999402,0.9123348528146744,2,200
17,0.06433163835865491,1.282435953617096,2,6,2.9130180332212393e-05,1.0555460963930403,2,20
18,0.5658593876345838,1.163339713686391,2,76
19,0.14406002783152982,1.139741354584694,2,200
20,0.7555380587974788,0.7061371188610792,2,200
21,0.2833914057288938,0.29129010185599324,2,200
22,0.2281498572792038,1.35772707760334,2,200
23,0.1904951335726223,1.056105223732378,2,199
24,1.0803725529317563,0.22872788778373174,2,28,8.756604113176105e-05,0.8412699332604041,2,41,0.19378527565526135,0.4997720447453586,2,52,0.0008725162668137933,0.5016230600220817,2,73,4.713930146560591,0.05723850493845732,2,96,0.03315313033313113,0.45864876432746066,2,147,1.491480018491349,0.10402067680403872,2,200
25,1.0528942935681134,0.26113440624127787,2,48,0.1281352112459157,0.5506077000969335,2,200
26,0.1463464950377498,1.3015026450157166,2,6,6.793719772179747e-05,1.1956409045628138,2,20
27,0.20295530238664863,0.21222480483353137,2,200
28,0.3453386215028409,0.48750502148165775,2,199
29,0.6817541710705173,0.3839144119620323,2,200
30,0.7211858241637993,0.5939414119720459,2,200
31,0.18734269233791434,1.4271556727297894,2,154
32,0.31485241058251867,1.1432566973898146,2,36
33,0.735848915355661,0.9043701556713685,2,92
34,0.2515107220456602,1.3205008966376983,2,83
35,0.45769289211419845,0.8227555425394149,2,42
36,0.0706697730370918,0.3339326492240352,2,31
