1,0.21818020574330343,0.18668554738163948,2,200
2,4.454799465273109,0.10945255822605557,2,180,1.517866269346059,1.513854730129242,2,200
3,0.045496211273169926,0.9356226807832718,2,200
4,0.013445358333576362,1.140534709095955,2,200
5,0.5443547339963412,0.6274333173036575,2,200
6,1.3122263910541356,0.36428450863316375,2,159
7,0.7771466612869291,0.7635530652850866,2,200
8,0.2710445492084149,0.9304137533903122,2,200
9,0.612893553978908,0.9481833373481904,2,199
10,0.4568724868148714,0.7452250969409943,2,200
11,0.4133600037975901,1.204277338385582,2,200
12,0.6420947429004937,1.0159649467468261,2,50
13,0.5162204696101419,0.479835483370368,2,194
14,0.21306474363737873,0.7188233861327171,2,200
15,0.11763650228759504,0.48216892302036285,2,200
16,0.15295331473055093,0.1401066550364097,2,24
17,0.09625089979391561,0.05511999609214919,2,56,2.75856708865522,0.1408614113719927,2,200
18,0.3627296689502097,0.5881734897450703,2,41
19,0.12945256944732444,0.29894492380321025,2,200
20,0.41454921872734213,0.6928060523101262,2,14,0.0004781281894011718,1.0234495103359222,2,20
21,0.42721961041203727,0.7424738217622806,2,195
22,0.36600159035295254,0.7849294302626426,2,161
23,3.3413276636420055,0.3942600159347057,2,200
24,0.18851667947643214,0.8485728363196056,2,75
25,0.0792692902782765,0.9027981417519706,2,7,5.457715828321968e-05,1.133722369487469,2,20
26,0.05281545788512407,0.7102272084355354,2,200
27,0.08777124694914518,0.4185705904662609,2,200
28,0.7104598459180139,1.117669957407405,2,89
29,0.12473328784925058,0.47097064316272735,2,200
30,0.5731635453999262,0.8327637657523155,2,200
31,0.6492384462272942,0.5146393117308616,2,200
32,0.5516758456219114,0.7671252590305401,2,106
33,0.7521992990438676,1.004014937245116,2,49
34,0.3846658174707804,1.3307648329507737,2,21
35,1.2464217089520087,1.1869570943388608,2,101
36,0.1859556420047367,0.6868862028305347,2,52
37,0.6580983857488468,0.6674289405345917,2,36
38,0.6449623764962568,1.0699463215741245,2,44
