1,0.3225949840863743,0.27424037650227545,2,200
2,0.6818778383309875,1.1982180585143387,2,186
3,0.047345026151603256,1.0245399808883666,2,200
4,0.4723390088291793,0.5657619471848011,2,200
5,0.1472620383010063,1.008687286110191,2,143,1.3116630891099683,0.6604794692574886,2,200
6,0.35049592738045027,0.5629865060746669,2,200
7,0.018235318237985278,0.4801299879679809,2,185,1.2250619531838756,0.4260142376025518,2,200
8,0.31078655680796957,0.5643333834409714,2,200
9,0.3704398934463685,0.7397312694787979,2,200
10,0.10476516528338797,1.106977243423462,2,200
11,0.3187553950195761,0.9259529091962954,2,82,5.913960399749143,0.08742707114443819,2,199
12,0.7993889006762093,0.8114579385519027,2,200
13,0.20657289321484457,0.8196618798375129,2,200
14,0.028638493426066263,0.46293609273635733,2,59,63.13372266541813,0.24309584498405457,2,65,0.022845115843699297,0.5300078336839322,2,200
15,0.13533727682362118,0.3268569211661816,2,200
16,0.11347218926075185,0.9673264517856004,2,199
17,0.09707987291297245,0.8258907217828054,2,126
18,0.7744320868705393,0.8854827213287354,2,200
19,0.9732722186115367,0.5311541242897511,2,200
20,0.30868199005554425,0.7865994009375572,2,200
21,0.34448617458196534,0.49613659709692004,2,200
22,0.6894928766460101,1.044564255475998,2,200
23,0.16018783138489603,0.3106299297511578,2,200
24,0.41585049945614383,1.0882977199554444,2,200
25,1.7655430289003944,0.4455172333785956,2,139,0.15174438841274404,0.7898711860179901,2,195
26,0.8557851995638974,1.1569562327001512,2,194
27,0.11646056910381489,0.41901304332290107,2,127
28,0.054102202520766626,1.363212184388508,2,129
