1,0.090148179356248,0.9323157113790512,2,200
2,1.8462622936523931,0.4834233333170414,2,200
3,0.1324658529523285,0.5068899678890822,2,61,4.9117992138380835,0.18531751311082634,2,200
4,0.24108027368798296,0.6582952688722049,2,170
5,0.599869792999997,0.34095538467168807,2,200
6,0.09318782016709083,0.6851262247562409,2,200
7,0.6551134385633056,0.9486074650287628,2,200
8,0.6511927935655079,0.9800956306687321,2,83,5.519896909254634,0.16216152944625953,2,200
9,0.024687821479530064,0.5941817730665206,2,200
10,0.10475075875885691,0.9130866557359696,2,200
11,0.08046864931200984,0.5698090454806453,2,92
12,0.0032145026941375904,0.18561801552772522,2,200
13,0.025420726486389142,0.0543338617682457,2,200
14,0.6867672769424233,0.19095836445689202,2,200
15,0.6550002518231002,0.26375254802405834,2,200
16,0.41262236074273706,0.9412783575057984,2,200
17,1.1256498984009893,1.2333542031794786,2,200
18,0.2616388836508662,1.4375545779863994,2,6,5.649002575479629e-05,1.0678621104785375,2,20
19,0.4070203412157538,0.8907811443010966,2,45
20,0.06136917265226961,0.7794773218035698,2,200
21,0.655727654741029,1.0571194821596146,2,200
22,0.019997532986076386,0.43035455882549284,2,200
23,0.2531024622178921,0.46465607918798923,2,32
24,0.19579631072789405,0.29895795285701754,2,40
25,0.07974108493036482,1.07874245762825,2,200
26,0.7879183287971273,0.7554693692922592,2,200
27,0.37262257748204347,0.941705584526062,2,27
28,0.617114214489824,1.0813209397692076,2,71,2.002616693141789,0.1741858654552036,2,98,13.38378882596972,0.10964655090164352,2,189
29,0.12824610598292396,0.7943460998081026,2,42
30,0.15689298815577515,0.9388906260331472,2,24
31,0.2799586255771849,0.7236878871917725,2,43
