1,0.21565905108514985,0.324247041838852,2,199
2,0.2819536900581247,1.0877117037773132,2,20
3,0.2963271802826114,0.630314761698246,2,200
4,0.8039095260677664,1.1911916583776474,2,200
5,0.12275717563911219,0.48708910450339316,2,200
6,0.3993576698822548,0.5927602822581927,2,24
7,0.2625022180713318,0.799719617664814,2,200
8,0.2140117332720906,0.7182673974470659,2,11,4.8410662600016906e-05,1.0679803821775649,2,20
9,0.295815543508266,0.8343501108884811,2,200
10,0.09038962715779528,0.5692151233553886,2,200
11,0.07947099371180233,1.1296217782156808,2,7,5.1729353129805026e-05,1.1231669737742498,2,20
12,0.052668178766828534,0.7917964255809784,2,200
13,0.2980813046773801,0.48574228296356814,2,124
14,0.9615419375478196,0.28098235942423344,2,200
15,0.3194903680854574,0.4202183786034584,2,200
16,0.5304736592849553,1.2191295623779297,2,20
17,0.13115946200315634,0.5673201131820679,2,200
18,0.14458002664477826,0.42622413247823715,2,200
19,0.07551512353899544,0.8742391514778137,2,200
20,1.3876104406875405,0.6867848332971335,2,200
21,1.5716208275181842,0.5819232429449375,2,78,59.150331164194846,0.15802869515519746,2,149,2.8820463812418056,0.3632320735384436,2,200
22,0.004928679715098375,0.6590276589645213,2,199
23,0.50470473396734,0.49358961191670647,2,145
24,0.1525947371818131,1.0554462204808774,2,69,3.0527555300762153,0.2902478229908543,2,200
25,0.1883397742410111,0.5912600137152761,2,106,1.1892693153693534,0.4049013501152079,2,200
26,0.19368776337125057,0.32153544752370744,2,42
27,0.3523161036558793,0.5627673523766654,2,42
28,0.09976392659400507,0.6784771802559705,2,142
29,0.7886501941218972,1.5100967645645142,2,30
30,0.0871154659231168,0.8043747797608376,2,200
31,0.1338999766663842,1.3646772597209518,2,83
32,1.153115877413732,0.5829503348895482,2,105
33,0.4830502925920412,0.388766914755106,2,200
34,0.5792953366172312,0.44782576903700827,2,200
35,0.10860971449932305,0.8508291513216301,2,122
36,0.30533707740007204,1.4382878525037293,2,141
37,0.0762686182651526,1.042042638063431,2,200
38,0.16691575800214767,0.713625879056992,2,155
39,0.17886076759717326,0.8817079392346469,2,33
40,0.6741768896893896,1.3937111525308519,2,84
41,0.7599396337719946,1.0013718400150537,2,128,3.007831671654019,0.13888712791782437,2,194
42,0.9388443318128478,0.6181424727311006,2,37
43,0.9102694479316134,1.5594136889387922,2,41
44,0.5084294053071967,0.8937959889570872,2,30,13.79698968202716,0.25267668923393627,2,91
