1,0.12352795456418515,0.37578905486699304,2,99,3.080112009010983,0.14699083876491773,2,200
2,0.013062515731927718,0.4035252000391483,2,200
3,0.14894636980638185,0.6510501700639725,2,200
4,0.22988022453776777,0.9483829787373543,2,200
5,0.22947162527065623,0.703407641057368,2,143
6,0.37919056022820935,0.720209408402443,2,200
7,0.026160971638828884,0.8133271312713624,2,200
8,0.09142687971150916,1.0329088753461837,2,200
9,0.01704590668725242,0.7195427072048187,2,200
10,0.4108165171273439,0.8154696580767632,2,200
11,0.2800625664358858,0.7527266565041665,2,78
12,0.2858326210353364,0.620628273487091,2,200
13,0.13145915967931365,0.6268587425351143,2,200
14,2.202629350181324,0.33567160038753996,2,86,17.27576538762512,0.0766394976199719,2,200
15,0.23116865441172438,0.902494495511055,2,200
16,0.046370130367178686,0.5023514734208584,2,200
17,0.6520321673625805,0.7270001059770584,2,200
18,0.3525361734662089,0.9432285451889038,2,200
19,0.05798491461610421,1.3164275586605072,2,8,3.2129276518925816e-05,1.0654685844977696,2,20
20,0.46758347434496905,0.7485709038376808,2,200
21,0.08375444129026653,1.5557672466550554,2,7,3.913447746384789e-05,1.1037910076288076,2,20
22,0.43100465821725414,0.5681939981085189,2,94
23,0.10616336370094391,1.4240765454063953,2,142
24,0.4830611211909289,0.4574287323653698,2,200
25,1.80081104609697,0.4995816506445408,2,200
26,0.22092036507144164,0.19123879581689834,2,200
27,0.03858604913492283,0.6131836503744126,2,200
28,0.4002777780987941,0.639496902624766,2,6,2.7905969823025566e-05,1.0743792397635323,2,20
29,0.401321884552324,0.7725709646605374,2,178
30,0.19516004059505093,0.9949123325943947,2,200
31,0.04189900992969542,0.5588886737823486,2,200
32,0.0839068895008626,0.738299711048603,2,200
33,1.1303041861384413,0.09550447366675552,2,49,1.0565035030963332,1.015129145781199,2,199
34,0.0675121824873916,1.0908699363470078,2,200
35,0.38009600725761405,0.32986844413810307,2,36
36,0.17320868559528144,0.9406870413910259,2,22
37,0.18915108580330153,1.1357753478563748,2,65
38,0.39860501563916234,0.9465885499249334,2,46
