1,0.05717230160360599,0.522392430305481,2,200
2,0.04315213634622302,0.40894744291901586,2,200
3,0.6356957984652676,0.6268096700006601,2,98
4,6.4897458802389165,0.20968055710196495,2,200
5,0.5315300893326931,0.9489073657989502,2,200
6,0.05474386305245858,0.5597424743076166,2,24,4.931525127967973,0.19703700054775586,2,57,0.08613977052779494,0.5362984015878323,2,170,6.714471289653697,0.1209959755341212,2,200
7,0.08607769332083845,0.9949867278337479,2,8,2.6828064637417565e-05,1.0544283986091614,2,20
8,0.5746009983794695,0.45870429277420044,2,200
9,0.31548612370993284,0.6792997880415483,2,11,9.686872061481995e-05,1.1017875803841486,2,20
10,0.4920374307298441,0.4152513432502747,2,200
11,0.4151911574282975,0.4281886799633503,2,200
12,0.07242461199061985,0.18928511887788774,2,200
13,0.35159410155234466,0.5819192409515381,2,35
14,0.5954158362863978,1.1821316003799438,2,20
15,0.4843689829080931,0.5081579542160034,2,200
16,0.1362461315723272,0.05797549443585532,2,84,7.981041414009778,0.148022894758776,2,167,0.20240669248448107,0.11005963746345404,2,200
17,1.0906169419233191,1.3049410116874565,2,59,5.641927062253958,0.048582257969038825,2,199
18,0.5732719229506166,0.6624063136428595,2,200
19,0.41805317471946113,0.3806699429452419,2,200
20,0.18042820551051483,0.3527605138719082,2,200
21,0.033328480979792095,0.06132112056016922,2,200
22,0.3469299920987521,0.9982005008837072,2,41
23,0.6429734909100725,0.6686879369481724,2,199
24,0.24328468479234006,0.6861257630586625,2,200
25,0.3087683064680957,0.8920227076326098,2,42
26,0.6041101104062299,0.7993898268827458,2,97,25.581921321656687,0.06727725778724633,2,199
27,0.18891400294845362,0.35949422594378977,2,51
28,0.14351547429680342,0.566598950548375,2,94,13.29030832008966,0.11840966503534998,2,150,0.1767872918851809,0.3488552299141884,2,200
29,0.9044213009512766,0.533145944758128,2,186
30,1.165211077260757,1.7046440203984579,2,30,3.417618423739053,0.022440484347375663,2,178
31,2.5224664466701103,0.7611996244328717,2,96
32,0.8993524581734532,1.0251106141043491,2,61
33,0.4113179932034242,1.1495109551093157,2,68
34,0.8947186489185657,1.4185225534439088,2,25
35,0.4320750554069296,0.8805031471474226,2,43
36,0.24867960037615766,0.8260708038623517,2,39
