1,0.35853282791277985,0.5290101778507232,2,200
2,0.10258695689253244,1.2609437084197999,2,200
3,0.023903046803491347,0.5653986157476902,2,200
4,0.07071022326091865,1.1492237448692322,2,6,3.052783914488985e-05,0.9930738679000309,2,20
5,0.13125126414821944,1.041016624524043,2,13,6.290459188589916e-05,1.1522408042635237,2,20
6,0.3079322399654788,0.4739943709969521,2,200
7,0.2996886477156686,0.22537034762198807,2,122,7.3257170140580605,0.08145566227344367,2,200
8,0.18604699598751012,0.8288821905851365,2,200
9,0.12203666151508724,0.9621404927709828,2,69,0.8174392412478603,1.1256457940312743,2,200
10,0.2744856870794299,0.6738485598909683,2,69
11,0.27624354011583907,0.7201094925403595,2,200
12,0.04717477906563264,0.7561723366379738,2,108
13,0.30102532215641375,0.48266879975795746,2,200
14,0.2327460562142908,0.44257773220539093,2,200
15,0.8101873423184464,0.9420047998428345,2,113
16,0.29602830621830684,1.2421980994939803,2,200
17,0.3082715931788948,1.021019919514656,2,200
18,0.14321343460489894,0.18096365312953572,2,91,5.465492774235922,0.21506471453456705,2,200
19,0.7912932359309944,0.9730573871679473,2,57
20,0.21508167775666806,0.8087006786228281,2,113,3.6512742537242637,0.4742230949388153,2,200
21,1.516229331207983,0.5885633911937476,2,200
22,0.7071150339016034,0.989075654669653,2,79
23,1.070519497144314,1.1821097465271646,2,94
24,0.5042735234860737,0.3782292479241388,2,169
25,0.38820960566038554,0.7778870019316674,2,200
26,0.02101716569718723,0.7771852079033852,2,200
27,0.2290977435128036,0.19928797369086465,2,86,32.619600418322186,0.7508988701380216,2,99,15.274094197232927,1.4607646713162412,2,200
28,0.2866071739065156,0.8472086159528884,2,113
29,0.5467525177242695,0.3077179690202077,2,84,11.971782027873969,0.39750527050988427,2,200
30,0.5553165591502845,0.6138634833693505,2,200
31,0.2117701882621339,0.6615397286141056,2,87
32,0.4387684161979543,0.8982791704790932,2,70
