0,0.9449812112932062,0.9159726196527481,2,200
1,0.9546974873554375,0.9210916640251641,2,127
2,1.0600970495441742,1.151037810922979,2,91
3,1.294141949840367,1.0300546701137836,2,26
4,0.7092495175602632,1.2418830561083416,2,43,0.021713506421106647,0.05025372311875627,2,80
5,0.9550675850501559,0.959174329439799,2,75
6,0.8560089030278663,0.8695927041548269,2,27
7,0.5998348120206177,1.1429310178756713,2,25
8,2.082364823277529,1.2145744930837572,2,97,0.015093910295558939,0.22348748795364215,2,120,1.8207709344499678,1.2361617609858513,2,200
9,0.9853254708510163,0.9543772482872009,2,200
10,0.5707813590479007,1.0315389527214898,2,45
11,0.739585501362041,1.00403821627299,2,75
12,0.7694044384143697,1.0159361716359854,2,128
13,0.5522887223441281,0.9068009365688671,2,22
14,0.826655636528109,1.1079333322804148,2,41
15,0.9606589048348569,1.0316513668407092,2,110
16,0.9957225274269336,1.098224652514738,2,85
17,0.5908148557864649,0.9919835263490677,2,200
18,0.6006367857845284,1.083338962151454,2,78,0.014815316141195951,0.04532303404612619,2,200
19,1.627470079193324,0.8919264131784439,2,200
20,0.789976476049316,1.0461935145514352,2,21
21,1.3458217862096649,1.1311927750959234,2,59
22,0.5642491906696281,1.0515487499726124,2,39,0.017784518676901773,0.042568279025347336,2,131,0.7077089361608597,0.9523958900700444,2,200
23,0.4800247394420826,1.0343655675649643,2,200
24,1.0278916890984444,1.0221580519581472,2,151
25,0.7302999581272215,0.9843781954050064,2,200
26,1.5768493653708489,1.1112477034330368,2,48
27,1.5128202209116348,1.3000770944815416,2,130
28,1.13886208174781,0.9600441086292267,2,200
29,1.1092255112501048,1.0716933929920196,2,200
30,1.365446248538215,1.0709997444618038,2,82
31,1.4720917194791832,0.7267279975554523,2,34
32,1.3567144225339391,1.3636440932750702,2,28
33,0.47421721266593825,0.9950019386079576,2,90,0.012539739088119554,0.10600326706965764,2,120,0.4948230301715683,0.9633919596672058,2,182
34,0.6874881330474562,0.8313381809454697,2,26
35,1.0446215655457933,0.9310084755728845,2,147
36,1.051589727241569,0.7161441549920199,2,57
37,1.0156067667512108,0.9913612462706485,2,59,0.015973040416505047,0.10330706949417408,2,98,1.749209670168009,0.2593265275160472,2,107
38,0.8748761166154827,1.0771415002884404,2,31
39,1.2825593343457629,0.9239636460940043,2,21,0.017024775051407384,0.05072969901111891,2,74,1.079664384202963,1.0785631469317845,2,144,0.018176029627236388,0.35272003071648733,2,158
40,1.2595553862960844,1.0695000564245354,2,133
41,1.3590355287282958,0.8387086822631511,2,47
42,0.6362631184203178,0.9524194800853729,2,200
43,0.7683842358038927,1.0380086511628241,2,117
44,0.8312835396773248,1.025178132987604,2,41
45,1.551052914158348,0.8941516235470772,2,200
46,0.5609013654414278,0.8898377752304077,2,200
47,0.6592434022241684,1.0728601614634197,2,3,0.010834665830346417,0.1483154055373422,2,32,0.8688542000283954,1.0253445353618889,2,75
48,1.393245564651037,0.95813181579113,2,200
49,0.5676113056606357,1.1106147290887058,2,148,0.011664223846609855,0.16149033061586893,2,200
50,0.5259618764490593,0.9064750188589096,2,200
51,0.7531272509493228,1.0266017991304397,2,200
