0,0.2892498508542702,0.5127511322498322,2,3,0.012030713523406325,0.051372896465990275,2,75,0.5561689103022842,0.5456917583942413,2,86
1,0.6548769171747209,0.8726067614555358,2,25
2,1.4959679564913275,0.9875442078619292,2,33
3,1.307949522482992,0.9389053809642792,2,100
4,0.9761649870712912,0.9115978699922561,2,200
5,0.8907850168518897,1.0838712183934338,2,106,0.015177856326692713,0.1508616163980129,2,149,1.3047319772609112,1.0863145870320938,2,200
6,0.8791393644726943,1.0505649042981011,2,168
7,1.0873380904561905,0.9880890618352329,2,68,0.012996294744201005,0.04053714510166284,2,200
8,1.1639752294846797,0.6381801779453571,2,39
9,0.7022238636624892,0.9854591282514426,2,52
10,1.1464878844869215,1.4312901735305785,2,15,0.01712280946170399,0.06834493080774943,2,69
11,1.03402312150281,1.0726129838398524,2,49
12,1.0768769715857478,0.9344871018973875,2,142,0.013683352173489201,0.05802336078265618,2,200
13,1.4837057807117737,1.034730032682419,2,200
14,0.9264675297831982,0.9914098784730241,2,148
15,0.29453582091835523,1.2134651753210253,2,31
16,0.33912499457596196,0.9470505945144161,2,62
17,0.36252581079706103,1.038505981950199,2,34,0.017927646913999395,0.10362259126626529,2,60
18,0.7950830785181696,0.9504133788868785,2,128
19,0.966667154056029,0.7395351446908096,2,58,0.010827504296549764,0.3589497407277425,2,70,1.507719501500567,0.9659400383631388,2,118,0.01631085351564943,0.20896680951118468,2,143,0.9850718187767831,0.9154241942522818,2,200
20,1.1522531537308611,1.084393522143364,2,200
21,1.353497741653819,1.227028238773346,2,50
22,1.7151628410861706,1.1909765270021226,2,27
23,1.471266232797427,1.1247496175765992,2,200
24,0.9552294803529082,0.9289907217025757,2,4,0.015524701873270439,0.09951696809261076,2,35,1.0017114984242577,1.1575562303716487,2,46,0.0174869663971273,0.09721895510500128,2,68,1.2594321549386103,0.9276579767465591,2,200
25,0.5707585764113856,0.9709505182366038,2,172
26,1.4232287801191423,0.8642712810209819,2,56,0.15820905140222588,0.8727174202601115,2,59,1.4351041614586921,0.8581695645413501,2,200
27,0.9154379338249558,1.0691233521699905,2,200
28,0.5898480451732423,1.1506539702415466,2,15,0.015659208412720078,0.07808491816887489,2,67,0.5836926243777919,0.9713564971461892,2,195
29,0.9592830180234555,0.9369047755002975,2,200
30,1.1663313123545935,0.8922697613979208,2,58
31,1.505120719219274,0.989610450408038,2,85,0.0264986184243956,0.18518109023571014,2,110,1.4444696690616694,1.1421940514915867,2,129
32,1.4365419671689006,0.9286396932601929,2,200
33,1.2307956770538284,1.1650591182037138,2,71
34,0.918267225744432,0.9954427772760391,2,200
35,1.5303875892359795,0.6569136579831442,2,24
36,1.204736694187789,1.1396387694538503,2,69
37,0.7257064494656005,1.1568365675030332,2,33
38,0.026622513200881236,0.28715792496999104,2,15,0.7114382339181035,0.1312038627537814,2,26
39,0.7122905176188503,0.7588166939584833,2,38,0.901097966951573,1.0770050713686439,2,161
