0,0.8986042005370972,1.0304388846120527,2,31,0.017877323749573387,0.05409025144763291,2,95,0.5640532868867839,0.6679023930004665,2,102,0.01662193802108007,0.049290232542084485,2,143,1.8247288265167092,1.120477701488294,2,200
1,0.6259876816740223,1.116014769444099,2,26
2,0.6883726333566317,1.0171603405917133,2,135
3,1.5781594187519763,1.2059618924793445,2,38
4,0.7694420986657773,0.924745741880165,2,53
5,0.8350941573154136,0.9952257000482999,2,52
6,0.6792979934445805,0.9005920205797467,2,42
7,0.49906884245006256,0.7776995524764061,2,24
8,0.4875903323902515,0.9820702791213989,2,25
9,0.36718688933990323,1.0793605103637234,2,33
10,0.46392306610486717,0.8339428294379756,2,53
11,1.0000173558950463,0.7693103849887848,2,12,0.02700064318836959,0.5066884045417492,2,25,0.7561683877355242,1.1605212100564617,2,98
12,0.8269796393710029,1.1533263751438685,2,21
13,0.7961644307343193,0.99068213973129,2,57
14,0.36107137725028826,0.35892756779988605,2,3,0.017465669687292358,0.15447481255978346,2,19,0.4384184849045505,0.5463437338670095,2,22
15,1.2296105147374972,0.8368087783455849,2,32
16,1.3395486741870462,0.700012281173613,2,41
17,1.1084511942058277,1.0555685422789882,2,71,0.016926637463481928,0.09282005548477174,2,121,0.815059480172403,1.032260623159288,2,200
18,1.1491937896366402,0.7255399644374847,2,30
19,2.907312449763594,1.2250967979431153,2,5,0.017226074395369554,0.04669084664314024,2,98,1.4393380955938808,1.033726414044698,2,200
20,0.6124130923033124,1.0085374774604008,2,29,0.01534814371731189,0.05336348258930704,2,75,0.6440456538330533,0.9493997494379679,2,120,0.03604369726165952,0.32245570255650413,2,129,0.5559690635925854,0.977393348452071,2,200
21,1.1724389595209173,1.0076075971126557,2,40,0.012525494995045162,0.08879054236559221,2,121,1.3668660259956664,1.1866150248435237,2,152
22,0.5802046206756869,1.1587692824277012,2,22
23,0.9679918782217376,1.2498328167459238,2,23
24,2.4857859409402714,1.2223627056394304,2,28
25,0.8161120747691268,0.9310865208506585,2,200
26,0.9873904615339023,0.9860582399368286,2,200
27,0.8079441762774601,1.064158462882042,2,200
28,1.5365861739998339,0.8774394856558906,2,81
29,1.5858698446347426,1.0714526275793712,2,96
30,1.8281646633075936,1.403573150275856,2,93,0.018357343057903402,0.31380345225334166,2,103,1.360293402754646,1.0605101415089198,2,110,0.015089180223850085,0.07089144768922226,2,156,1.865165007858178,1.3696402927924847,2,185
31,1.3644326198776366,0.4594650983810425,2,5,0.016038210021296382,0.06585546050752912,2,33,1.3074382028614127,1.1677187598413892,2,105
32,1.3257323901397169,0.9931342508278641,2,51,0.01406853974663971,0.10167880459078427,2,80
33,0.7479643791520381,1.0180782727369173,2,127
34,1.0125530923096935,0.9810927760216498,2,62
35,1.0444469683565105,1.0751490264857582,2,109,0.016447786010063893,0.06278992223215628,2,200
36,0.9512602906190928,1.0567335325479508,2,200
37,0.8105438844630037,1.2778150183813912,2,7,0.01597159527037777,0.052615467458963394,2,55,2.1275809334218465,1.3668747288840157,2,69
38,1.182801720663609,0.9877122077313099,2,182,0.019345674396174555,0.15469128638505936,2,200
39,0.788371333303906,0.500695766210556,2,25
40,1.4660647631782462,0.973869818561482,2,106,0.014182823457876012,0.23378845520557895,2,137,2.625264010252898,0.7996792395909628,2,143
41,0.8498136853466183,1.1018574251369997,2,88
42,1.3921532469733957,0.8529294343061851,2,71,0.013572176978996089,0.10795347848717048,2,120,1.3862819362045729,0.974974517469053,2,147
43,0.977207919798996,1.1064003297727403,2,146
44,1.1331087081815083,1.1320722259581089,2,160,0.01956377138617731,0.21875703055411577,2,176,1.2815393453086144,1.1865642468134563,2,200
45,1.0417539096354071,1.1333349867069975,2,47
46,1.2374844646843586,0.8474601789524681,2,38
47,1.1149635555476836,0.9970552701950073,2,125
48,0.5937761374946164,1.190912652015686,2,45
49,0.538355954429447,1.0867900012694682,2,97
50,0.5185810560218865,1.2490694344043731,2,20
51,0.6609976180186194,1.0521494269371032,2,200
52,0.4463061609183977,0.819163208658045,2,44
53,0.3279521636541292,1.06652493910356,2,22
54,0.8286750872465803,0.9874465097256793,2,123,0.013130371123422357,0.17496765553951263,2,138,0.9706818202193285,0.9472355515726151,2,200
