0,0.9046339726182527,0.9305842757225037,2,200
1,1.2167170997549115,1.0570242068706415,2,39
2,0.9705719152589957,0.5835932330651716,2,22
3,1.4235996416759709,1.119223361214002,2,24
4,1.404397747451571,0.9089425221085549,2,40
5,0.935666843590125,1.0491582548618317,2,200
6,1.3170575856993587,1.186161712104199,2,51
7,0.8147920170822786,1.0018971687869023,2,76
8,0.6502930199021106,0.9596616296391738,2,76
9,0.7206094441497856,0.9866387110948562,2,200
10,1.1908574031188837,0.9913384974302359,2,199
11,0.44603801369618934,1.0134473985433579,2,200
12,1.2278456069193906,1.2647991044180733,2,35
13,1.116555314118577,1.0112006199359893,2,200
14,1.611196972128135,0.9262768313036127,2,59
15,1.120957254133605,1.0518819252649942,2,15,0.01462057977239615,0.047936619053015835,2,200
16,1.261671722891256,1.107893427213033,2,24
17,0.9642920646453708,0.9699323858533587,2,168
18,0.6223955056449398,0.6140508340752643,2,23
19,0.9131797052193215,0.9967476785182953,2,200
20,0.9640803135661807,0.5796676737921579,2,35
21,0.6612339375124148,0.9709209775924683,2,200
22,0.020693059898372373,0.042027382431803526,2,37
23,0.38274914446710206,1.025274859024928,2,26
24,1.3539082202639943,1.1218783151019702,2,22,0.009965283128040035,1.1546076536178589,2,27,0.9451877109650808,1.1574651002883911,2,31
25,1.2411465950150427,1.0241079238744883,2,52
26,0.21518407801534936,0.2766226331392924,2,3,0.014071330469074996,0.04105594947183733,2,142,0.7780876753523679,0.9094516686324415,2,200
27,1.1533805303832414,0.9608223857265887,2,101,0.4342207315976448,1.2329146067301433,2,110
28,1.3251604396963226,0.9801298693606728,2,133,0.0217203975907717,0.1053262629053172,2,167,1.6814376669747917,1.0060382684071858,2,200
29,1.0105992036637912,1.0171271337837469,2,122,0.01762573197989696,0.0509451904740089,2,200
30,0.7418508189472748,1.0875554619164303,2,29,0.014483333934221371,0.06041020464587521,2,106,0.9321979906015865,1.061570173815677,2,125
31,0.7499976290625708,1.1522375778718428,2,33
32,0.9261017619047396,1.072373815329678,2,166
33,0.490311815992064,0.8908001071528384,2,95
34,0.8527396008919244,1.0714587596746592,2,65
35,1.7124045809492754,0.13111447170376778,2,20
36,1.4983871322951563,1.280280270359733,2,44,0.032842968381306986,0.26973560750484465,2,59,1.5081044185824672,1.1098698223790815,2,90
37,1.420863298478904,1.187928837973897,2,82
38,0.9005372062938884,1.1895139797313794,2,37
39,0.6395989899472703,1.1697962564580582,2,17,0.013502292668697893,0.07380815893411637,2,87,0.32528385503240825,0.2353120557963848,2,91,0.8947999829721428,1.1118799130850976,2,200
40,0.5463072682850748,0.8195572541310236,2,104
41,0.6363574567845726,0.9435087519082409,2,171,0.014555278938460054,0.12347083102012503,2,200
42,0.8641894394245182,0.9308296263217926,2,70,0.016054601825505076,0.11916907178238034,2,134,0.8467499245825357,1.0504263729760142,2,200
43,0.6530278535389831,0.9706172627561233,2,170
44,0.5741877739459762,1.0068629908561706,2,200
