0,0.7292934406917758,0.734886646270752,2,20
1,0.7014087163683909,0.9504198917636165,2,54
2,1.0183428371470225,0.9735422454229216,2,41,0.015081826018459862,0.11955639560307775,2,69,0.8521412510296453,0.6863714000758003,2,86
3,1.201270506082434,0.8545054584741593,2,20,0.01108569306266026,0.10910567588039807,2,48,0.821338998961631,0.9429469449179513,2,62
4,0.5832311289763699,1.1095679944211787,2,22
5,1.430940173404585,0.971318991716243,2,121,0.00935800110280545,0.14442922999250127,2,168,0.2568302022940707,0.3052396575609843,2,171,0.020245857357546877,0.0963480297861428,2,200
6,1.0761489593995324,0.9644328533918008,2,87,0.009568422414430238,0.11335107735518751,2,145,1.217696305798814,1.1225753805854104,2,200
7,0.828349484643808,1.1173809409815039,2,177,0.015229175554981565,0.14501555458359097,2,200
8,1.2644958781258544,0.6191986140451933,2,38,0.012665725173924742,0.0694824225943664,2,96,1.041906381358252,0.3326594928900401,2,99,0.019025839164652177,0.15899178106337786,2,115,1.189699102317763,0.8742790551746593,2,200
9,0.7210132160788066,0.8342337721586227,2,200
10,0.641858785292207,0.9464720398821729,2,94
11,1.1300974475245178,0.984627098441124,2,200
12,1.1752209997275587,1.0347399842739105,2,200
13,0.6971443607060606,1.2684117352090232,2,41,0.04755402957770467,1.1445721685886383,2,45
14,0.8998455504349913,0.8966114886485748,2,137
15,0.451872680636099,0.9338946545124054,2,200
16,0.5463729839392861,0.9264011609554291,2,200
17,0.9825984336372676,0.7328018615643184,2,60
18,0.666753424109447,0.9744639344837355,2,23
19,1.220853798652421,0.8256811002890269,2,18,1.2475940110600734,1.0876093526462933,2,200
20,0.667359659505692,0.9247631132602692,2,12,0.018508912112504425,0.419231154024601,2,20,0.8761174967308647,0.9226075172424316,2,35,0.016563515604949383,0.16575209630860221,2,62,0.848021110545369,1.013570999753648,2,200
21,0.6635952509344427,0.8970576316811317,2,86,0.0158503248429752,0.041104388305510595,2,173,0.9818228819304877,0.9054436242138898,2,200
22,1.0130402260165778,0.9900121998786926,2,200
23,0.6295162384882982,1.025963631272316,2,200
24,1.5434237403511764,0.88703723102808,2,200
25,1.1913673298512384,0.8213669367738672,2,74
26,1.560811633011361,0.8812718860646511,2,94
27,1.0440995805174573,0.9905498642187852,2,130,0.013856667358627612,0.23296248274190084,2,158,1.2418732793243705,0.9354692158244905,2,200
28,0.7222596157847664,0.8330636927485466,2,200
29,0.7167048948054194,0.968031474522182,2,35
30,0.9491858789836307,1.018030315041542,2,200
31,1.2852712771724228,1.1278256635665893,2,125,0.019871475061886072,0.1253312118848165,2,200
32,0.7318453044194141,1.066293171473912,2,21
33,0.6413249711148395,0.856198625237334,2,51
34,0.6413254298241831,1.0450063404829606,2,115,0.020677405771751114,0.3151071530122023,2,128,0.6129597490384182,1.0459833860397338,2,148
35,0.7816956783973579,1.088901232589375,2,154,0.01496817452184478,0.11410921844451324,2,200
36,1.0842991360395717,0.85191225923904,2,73
37,0.969151653287502,0.8496576063032073,2,123
