0,1.4063781388806806,0.9540280550718307,2,16,0.016110205815135746,0.05152379348874092,2,96,2.255109150653385,1.0090206804729642,2,117,0.03399626999032584,1.0360458374023438,2,122,2.0071955165522235,1.004873324663211,2,200
1,1.5212957854650335,0.999616641998291,2,200
2,1.0689998548744262,0.9502226251544375,2,165,0.02223053273193043,0.11649163705962044,2,200
3,1.1602124391737767,0.8986919873952866,2,100
4,0.5049110697251512,0.8580117332083839,2,28
5,0.874858132636255,1.2598991473515828,2,30
6,1.139973514633253,1.0771678393741824,2,53
7,0.991477333961263,1.0594420236349107,2,200
8,0.9257591269698133,1.0443033831460136,2,7,0.009344281981539844,0.12233943939208984,2,27,1.0017758839369926,0.37480995059013367,2,31
9,1.7844857619316237,1.0214311784505845,2,200
10,1.0300968488406337,0.9747122836112976,2,200
11,1.0756679052319875,0.8911460711244952,2,57
12,1.0388719227068264,1.02040139124507,2,84,0.017349474596905237,1.0123305082321168,2,89
13,1.6539412712217574,1.1432153210043907,2,48,0.020284800330799532,0.08703558507465547,2,110,1.495593165618456,1.1163616842693753,2,200
14,0.7621866606196603,1.009064136147499,2,200
15,0.4285620412927938,1.058385010276522,2,28
16,0.013986043947224285,0.10625925774757679,2,26
17,1.1172276558475231,0.9174298338321825,2,193,0.04113659915375203,0.7003349661827087,2,200
18,0.8381347090261724,1.0980282037488875,2,155,0.01680808916101079,0.09376117752657996,2,200
19,1.2408021129829925,0.9511762833354449,2,99,0.018492350562887526,0.13364958383289038,2,150,1.310342216345305,1.0075214743614196,2,200
20,0.6928581567354243,1.0129583851199284,2,107
21,1.321850980734026,1.0570452630519866,2,20
22,1.3052191139565745,1.2959440725821036,2,27
23,0.9889417267190072,0.8731535399282301,2,37,0.014310504142375806,0.044630976849132115,2,127,0.7894715990675408,1.0172255530076868,2,144,0.016521891810110392,0.09402951438512121,2,172,0.8978896072793183,1.0693418170724596,2,200
24,0.9042471224701869,1.1455678671598435,2,200
25,1.2174705226957478,0.8169192243367434,2,32
26,0.4126320392869043,1.1065451135026647,2,47,0.02058211721494283,0.22403195149758282,2,64,0.5007982098247821,1.050637510689822,2,119
27,0.8048588090385588,1.0012624646132846,2,53
28,1.4844627013454228,1.1390614835839523,2,95
29,1.7514541465004014,1.248880408312145,2,38
30,1.6500225915911566,1.1361866350527163,2,27
