1,0.40661623885483067,1.934518927335739,3,20,0.0037438873519299275,0.5596384465694427,2,65,0.2086162412882221,1.5599531972849812,2,119
2,0.4843302680205811,1.8389703381660931,2,179,161.34547990594677,1.963069688706171,3,200
3,0.1308217805957053,1.6833504090061435,2,77
4,0.34031937677695423,1.8113725629719821,2,110,0.0015238601370588304,0.6486395398775736,2,125,0.09040624031482916,1.4402281657854716,2,200
5,0.21677096176880722,1.5006637781858445,2,40
6,0.040133247505100667,1.2668072250154283,2,9,9.222481260514337e-05,1.2795208367434414,2,20
7,0.6704945945933769,1.709147336808118,2,44,0.00013637361811967195,1.6605661273002625,2,54,0.06493565465892392,1.6329421859521132,2,80,0.04196424356547926,0.9611675786972046,2,130,0.002138302364466799,0.3112904578447342,2,158,14.530543233493656,0.6939462820688883,2,164,0.0010867011408573657,1.2624303499857585,2,170,2.198419955048124,0.8315425206874979,2,199
8,0.8188211329241807,1.389949238859117,2,32,174.14488837344769,0.14067216139090688,2,108,1.739612634532793,0.6187450003165466,2,160,416.30314672124337,0.1449773488221345,2,187,0.12743600164705962,1.4718852134851308,2,200
9,0.05591447404400847,1.575690253575643,2,30,0.00019099910671740007,1.0750745620046342,2,37
10,0.7706391193026583,1.6709031235815874,2,67
11,3.017103266573237,1.9381732046604156,3,24
12,0.3927252156437071,1.6330455899238587,2,20
13,0.05417910194205883,1.5752957999706267,2,20
14,0.5805891967485663,1.6403288473101223,2,170
15,0.33424823568281953,1.789121778506153,2,53
16,0.002541619252967213,1.2430117395189073,2,9,1.6509322223982288,1.909084764393893,3,20
17,0.5971665228132568,1.8070985441622527,2,23
18,0.08835641799071957,1.4221263059547968,2,28
19,0.4329285823478704,1.78310315086417,2,73
20,0.7708415419417927,1.6142221265114272,2,52,1078.0333609954237,1.99,3,79,0.004535217541479064,1.583039295105707,2,100,0.6285866879576878,1.6336989280055552,2,185
21,1.2099240635610324,1.9228751020772117,3,28
22,0.6368172931830298,1.635515437406652,2,17,0.0010121153075172843,0.8407843817364086,2,28,0.4221722356150437,1.769364508765715,2,136
23,0.4815857210544597,1.5998762851894492,2,101,0.001113059817557529,0.7288263663649559,2,117,0.6597840282721326,1.7797281344731648,2,141
24,0.08653516556593452,1.6620711011271323,2,31,0.0013244421391987958,0.359991904348135,2,55,0.4691346871339375,1.8691941608082165,2,88
25,0.12284216644535698,1.7248622104525566,2,32
26,0.6088356830695517,1.8039705450572665,2,63,2010.9211789011854,1.9859735306273116,3,110,3.692993599088144,1.390582177374098,2,119,3256.958410396645,1.9742563115923029,3,157,1.351115100684239,1.4392489592234294,2,160
27,0.5000671762000461,1.6969332536061605,2,15,0.0003511063009894803,1.3125081300735473,2,20
28,0.79297628083642,1.9150200366973877,3,15,0.0006218241752842892,1.2098024845123292,2,20
29,0.3275698298267152,1.4016297934711843,2,69
30,0.6626011038200137,1.4899467139533071,2,66
31,0.24511153110059736,1.807075011509436,2,108
32,0.24177769914170405,1.8368469290435314,2,32
33,1.6692168115403833e-05,1.1680748322430778,2,17,0.28572368120481356,1.328735113143921,2,25
34,0.34783362504290954,1.7932963904212502,2,85
35,1.4944437521728373,0.9795239733867958,2,61
36,0.013620784865156348,1.0884549021720886,2,29
37,0.5743329224099799,1.808869533760603,2,43
