1,0.06802738033001389,1.6334210688417607,2,66
2,0.06351345545042718,1.7470486391450941,2,97,9.256025683893329,0.5081656156551271,2,139,428.7504393277491,0.08159500262776359,2,200
3,0.3133241258685562,1.9280336817105612,3,30
4,0.778416968258832,1.2738575035211992,2,49
5,0.017757273673741265,1.3281859517097474,2,20
6,0.15778256665482387,1.529256010055542,2,10,0.00012567574977058173,1.2491115570068358,2,20
7,0.547236053840861,1.5662509982163708,2,96
8,0.10041092397870582,1.7669702146364294,2,46
9,0.29153950777140464,1.7352289151061664,2,44,0.0010390974037120012,0.41666145871082944,2,56,3.4740621210282616,1.8439723610877992,2,66
10,0.12797155700886564,1.7570679546684347,2,93,0.9363006438654347,1.7071135881099295,2,187,0.0031145343693072575,0.4790824124446282,2,200
11,0.02382110208094191,1.0418391411121075,2,13,2.7699272755268955,1.0198914007771582,2,55,557.7906896631034,1.9233492563168209,3,79,1.0029490145080073,1.4269431318555559,2,86,2099.866168546808,1.9560719975109757,3,115,0.09657813777357002,1.265940557355466,2,138
12,0.8379385427339548,1.6344234118094811,2,13,0.00818795900876251,0.42268855725565263,2,44,0.5100962280601186,1.7841795373845983,2,98
13,0.2412121137345398,1.8089107432786156,2,68
14,0.24692254106274097,1.8679118778394617,2,46,0.0004000156286706073,0.8204789996147156,2,51
15,1.7431690033793603,1.8772398630777996,2,6,0.0026595565514711517,0.9350930282047817,2,41,0.41525275229054764,1.8178963033776534,2,117,0.0028442142902573857,0.6783875733613968,2,137,0.30823093423692394,1.75337310821291,2,200
16,1.0316726339014233,1.410560695188386,2,42
17,0.008743056451820427,0.8393241224750396,2,31
18,0.1252456953369581,1.5970285683870316,2,8,4.995524114795951e-05,1.320563683907191,2,20
19,0.00041835058968871865,1.1225869476795196,2,20
20,0.06326314905176046,1.117085581344943,2,31
21,0.015545164230509103,0.7158156447940403,2,45,0.46613951676597976,1.3273813081500323,2,137
22,0.9728890073468743,1.4786277376768882,2,114
23,0.4145992697904737,1.8346729857581003,2,70
24,0.14593019535917007,0.8367014760556428,2,23,28.826083055678097,0.18666142142481273,2,41,0.004186386149593577,1.1083459513528007,2,48,48.02711666583137,0.16867043901430934,2,162,0.05263272319186304,1.4558880022593907,2,197
25,0.2867256424046867,1.7027877644887046,2,63,0.001021267081341126,1.625247870172773,2,70,289.4284894804101,1.9295613623183707,3,162,0.005393941817564495,1.526160016655922,2,170,1264.9507695268421,1.9768783037479107,3,183,0.0069207548804485946,1.4836092114448547,2,193,75.76667280169141,1.2435380220413208,2,196
26,1.8454737339710554,1.9138123307909285,3,28,0.0006695087665949449,0.5928959792310541,2,39,0.0842864412038388,1.565874037288484,2,81
27,0.17834667197610707,1.350151551887393,2,64,103.60652861653428,1.4188516382561174,2,107,0.342254632974762,1.7548846542835235,2,147
28,0.00729554921182905,0.6935634494505145,2,44,0.18009989363296558,1.4452670916568402,2,87
29,0.008896276683036539,1.0096030871073405,2,15,1.7073275459363362,1.8190360864003499,2,27
30,0.4294222424537674,1.6117094176657059,2,68
31,1.0811607136910166,1.5187620639801025,2,5,0.00010690055723146028,1.0747448523839316,2,20
32,0.007886650851207051,1.496236489369319,2,13,0.5527918478697212,1.6405238598585128,2,53
33,0.30795395543824416,1.7018933296203613,2,9,0.00010509349640777206,1.4129441868175159,2,20
34,0.1073879369590321,1.8011918190198066,2,39
35,0.7962689565056436,1.758287672813122,2,26
36,0.1640970889734115,1.2630838968165934,2,73
37,0.06259743949167097,0.994158161984336,2,62
38,0.004802535490696053,0.6343608143237921,2,26,0.7946465405001283,1.3317079156637193,2,61
39,0.15181231147985408,1.5340732052922248,2,40
40,0.13107308910678156,1.37458036839962,2,30
41,0.8099501712809793,1.2055652538935344,2,36
42,3.001367269022765,0.8790853788023409,2,23,0.007024582701597191,0.12953909114003181,2,31
43,0.4163470859081386,1.6373347821442976,2,23
