1,1.4665349578893088,1.704487925484067,2,42,1684.067237385972,1.9429585933685303,3,50,0.07390222253344904,1.264547049999237,2,54,2965.803082733941,1.9446657631132338,3,72,0.5431414904310305,1.740240008111984,2,135
2,0.20584608870193624,1.6631113905459642,2,64
3,0.432938510728933,1.8805604331633623,3,51
4,0.04464055645598204,1.3313313871622086,2,24
5,1.0358172556331868,1.451843157876283,2,64
6,0.8245244353192398,1.81660715171269,2,21
7,0.3813835019448219,1.844372426049184,2,59
8,0.38655508627744967,1.734887456893921,2,20
9,1.1190851292103805,1.8926025132338207,3,12,0.00013398105593281597,1.4439460933208466,2,20
10,0.26978864215209164,1.6435305546412522,2,174,0.016216576435948708,0.8204049124167516,2,200
11,0.590851734884571,1.6325422005011485,2,130,0.0006423553541905434,1.2263693511486053,2,138,0.5325867448432852,1.8726338930428028,2,170
12,0.4398640969906433,1.5113539973894754,2,30
13,0.1975015117374812,1.4600359916687011,2,5,5.644854876958195e-05,1.0898667017618815,2,20
14,0.187007401849863,1.583936282106348,2,37,0.00022764381032506378,1.0640483349561691,2,45,0.44320367153701506,1.7653425315330769,2,103
15,0.829394757257506,1.717095704639659,2,17,0.017327103425414634,1.1451314985752106,2,48
16,0.8871288524814366,1.7941725987654467,2,13,0.001101561047266459,1.148803949356079,2,20
17,0.4783196158840346,1.793631759556857,2,66,0.0003366893754516709,1.385049019799088,2,99
18,0.37019588698640654,1.8140240469757392,2,147
19,0.3132253186799486,1.8262131702704507,2,61
20,0.5549867730282064,1.7872724136845632,2,88,434.4641765634888,1.8625169396400452,2,98,0.13877009085303932,1.5369499163194136,2,109,383.2573036183722,1.6053951467786516,2,116,0.2307301479092813,1.6191569247416087,2,200
21,1.626689399955532,1.4797377809882164,2,24,0.007206836903797697,1.4009724617004395,2,39,2.0538206874799294,1.1266306898810647,2,94
22,1.2686712902041555,1.628462314605713,2,4,0.0010904813830824268,0.3057110600173473,2,24,1.3552071957833915,1.755358636379242,2,32
23,0.1151715615500674,1.4602334084718123,2,23,0.0002703285458421379,1.4509828090667725,2,47
24,0.10489780444196999,1.6719725728034973,2,20
25,0.5439688755122982,1.6433361726147788,2,28,71.86755774897941,0.20865221235614556,2,80,0.8523986906141695,1.32623404595587,2,116,39.738335332266495,0.3208148174342655,2,200
26,2.2063575022642046,1.060216208299001,2,42,0.0034811382874111734,0.5956218881266457,2,49,4.026229850227253,1.1773535360892613,2,139,0.012811162444746137,1.1786365603858775,2,183
27,0.28540993181193236,1.7100175817807515,2,12,0.00010912440921751275,1.4426710903644562,2,20
28,0.04550359023685033,1.4775887992646959,2,27
29,0.36822869024942523,1.8006114463011424,2,24
30,0.04911189213061287,1.5615921815236409,2,6,4.898739416208373e-05,1.0905176060540336,2,20
31,0.6075467467754171,1.590356633067131,2,8,0.0016788489106594091,1.372126003106435,2,20
32,0.0016818809338175577,0.9950162334875627,2,11,0.9950373979112097,1.8379101861606946,2,33
33,0.27550994488360186,1.577681941645486,2,14,0.00030756749154162833,1.3395952781041462,2,20
34,0.2609406402594714,1.7566174152985359,2,103,0.7382928115105717,0.7196236721106938,2,110,6.706462376618432,0.6802166161998626,2,141
35,0.05871002338986671,1.3185760182877109,2,73,11.110285591246587,1.7576944629351299,2,85,0.0036606850814819803,1.5762155652046204,2,95,1.6642615564900112,1.7381854397909982,2,158,219.68632517483545,1.9619890699783962,3,182
36,0.5427528660557244,1.893405292060349,3,91,0.020759929184947554,1.5620019802680383,2,117
37,0.20572022975599422,1.7570799867312112,2,30
38,0.358668565890774,1.8258243441581725,2,80,0.004459128939424591,0.1610011003911495,2,100
39,0.1282358684958804,1.8107965389887493,2,27
40,0.5099735104126117,1.4101559258578868,2,89
41,0.22182518134742088,1.5268429199854532,2,45
42,0.2688794957079967,1.6671527278038762,2,31
43,0.03818023318873365,1.133226135602364,2,52
44,0.5182450155933459,1.954548684989705,3,34
45,0.7263553749398666,1.8393013298511505,2,20
46,0.0003469629847498624,1.4036986121424921,2,27,0.17428016454444487,1.5996950566768646,2,35
47,0.6305116669794789,1.705877348780632,2,16,0.005812269598557038,1.0064212999692776,2,57,0.7809650818693343,1.8394747055493867,2,96
48,0.27535191273532034,1.7844715946599057,2,95
49,0.24204911342392785,1.8246163174791157,2,53,0.004116688790205302,0.6935108780860901,2,93
50,0.38417067735221366,1.8408462442457676,2,32
51,0.03848385683165756,1.0575121907477683,2,47
52,0.707192794532212,1.7640796989202499,2,40
53,0.03331228540247659,1.6641167776925223,2,35
54,1.2952794841716173,1.9113683174638187,3,34
55,0.22922317664647576,1.765882478819953,2,27
56,0.7864126494303477,1.7303458948930104,2,24
