1,0.15623755467082137,1.6768131131927173,2,48
2,0.1658341415834223,1.749186877851133,2,27,13.007055804991273,0.2207455758641406,2,68,0.04967384359680838,1.7909137985923074,2,79
3,0.5129126623271406,1.7197894520229764,2,27,186.63720671107913,1.8575985552900929,2,86,0.8209104765138415,1.8544909165455745,2,151
4,0.5668934428359695,1.8249595325167587,2,82
5,5.527557669910988,0.40789235204458235,2,50,11.658023004940572,1.4408659361026905,2,77,363.0534080814745,1.8253384629885356,2,131,0.00023151232394315124,0.8526436752743192,2,140,706.5809283423911,1.9187565326690674,3,155
6,5.523405612807844,0.9920968922173105,2,41,0.131928545595041,0.6050764199760225,2,86
7,0.06004678403890653,1.2667309396473088,2,133,2.2621536254098253,1.413136836308152,2,200
8,0.49547309466917894,1.7930614168398848,2,107,0.00015649245504879557,1.0426200261482825,2,120,0.4937265146364389,1.8839252978563308,3,200
9,0.3012413375001857,1.578651027245955,2,44
10,0.6088951113209408,0.7681128256596051,2,52,0.01932385380104578,0.854982411577588,2,94,1.4535835764572886,1.7953397794203325,2,105
11,0.5200607541814091,1.846308209002018,2,32
12,0.05666766209251612,1.56541314907372,2,48
13,0.470519484926601,1.9581598109669156,3,36
14,0.2005706042966198,1.5846437941426816,2,69,0.001726448986320177,0.5828002462020287,2,82,0.6689124840340965,1.8077046624175064,2,193
15,0.5720545584950614,1.8525225241978964,2,15,135.35893508794717,1.7886902130011357,2,114,0.009630133644777165,1.6520509839057922,2,124,0.7934409528261185,1.6498368831931567,2,185,69.6074675436559,1.586060070991516,2,200
16,0.007903764287578323,0.6363996409061479,2,41
17,0.7361047618879973,1.5442554859014659,2,13,0.0005518960557186639,1.2809110198702132,2,20
18,0.6668713839202995,1.7452763031268943,2,29
19,1.6596325590065117,1.6222215745900128,2,37
20,0.06123543759954927,1.6229093074798584,2,5,3.329330729599688e-05,1.1037325620651246,2,20
21,0.03669345757107594,1.2037135904904492,2,97,15.431928584326052,0.5962804839015007,2,117,0.6311222265281665,1.7774967342974193,2,200
22,0.03834427914193603,0.918763938622597,2,39,0.864127601441667,1.2008680964325682,2,120
23,0.03991736630969761,1.2950548507950523,2,55,0.5876657884055767,1.4205449428409338,2,119,0.0025257562348136014,0.6917351399149213,2,126,125.44151552294312,1.7722163651440594,2,200
24,0.06755854363791626,1.5770888924598694,2,4,4.011685712921867e-05,1.1433284617960453,2,20
25,0.1308517688372438,1.8469787372483149,2,108
26,0.31429098926187776,1.6194894313812256,2,20
27,0.17667017432145982,1.6941390207835607,2,21,49.39689655228992,0.18360817941223703,2,103,0.880736303615563,0.16432997229553403,2,124,0.8868684591089829,1.1281967480977377,2,199
28,0.3102019248616234,1.7231826135004409,2,198
29,0.049028546796568484,1.603945986220711,2,38
30,0.17963271937415412,1.7119234442710876,2,20
31,0.6496056664596422,1.8129501938819885,2,42,13.10042758731286,0.37375314634394,2,190
32,5.027237498356978,1.8940804481506348,3,45,0.002411389115763697,0.2400314398109913,2,69,1.0031487907250114,1.8607438732596004,2,86,0.0010640398752368733,0.5886694916657039,2,100,0.8538371298601085,1.8714513855595742,2,131,122.4419981309685,1.820359440950247,2,144,0.0313251758831762,1.5617008209228516,2,153,102.5856917198171,1.8430135754438548,2,179
33,0.10881524811356895,1.6554057863023546,2,36
34,0.5345192422242656,1.7786124254527844,2,19,212.23550176475953,1.7081317996221876,2,145,0.8154134419071417,1.8002942531339583,2,176
35,13.588295734200178,0.9389757325009602,2,41
36,8.501871211974015e-05,1.4688126065514304,2,22,1.0841317442925562,1.5925299394421462,2,63
37,0.12222111897503236,1.3731146233026372,2,43
38,0.41322819783612086,1.6625290513038635,2,28,319.1583376398898,1.8605743163748631,2,107,1.0860073796295444,1.4844285547733307,2,119,4901.066217787459,1.9560747146606445,3,125,0.5412825594040087,1.5784723535180092,2,141
39,0.12946739540997823,1.5901445529677651,2,22
40,0.31966080073617525,1.7193641424179078,2,30
41,0.036397078735988984,1.3781143881025768,2,21
42,0.18140341609849617,1.7839306238535289,2,37,937.433835352165,1.987500834465027,3,57,0.2814589042390292,1.8264423517080455,2,70,1935.383019914476,1.9599967082341512,3,100,0.012586127171616399,1.2057413339614869,2,105,2264.53562595763,1.94077933828036,3,117
43,0.8794298595589517,1.9791135434751157,3,27
44,0.2007732084847778,1.783984899520874,2,11,0.00018346978842927308,1.4557463725407918,2,20
45,0.0676321304105049,1.54812291264534,2,12,8.841002094433741e-05,1.347404420375824,2,20
46,0.2080611417736472,1.8251304825146992,2,66
47,0.14915235021254677,1.5004388127062056,2,36
48,0.45009763969418404,1.6584247824820606,2,44,0.0061792487573924006,1.2315177700736306,2,55
49,0.8994390945020339,1.8298564468111311,2,42
50,0.11374713312905484,1.5485845162318304,2,39
51,0.7542392671041389,1.8602838822773524,2,35
