1,0.5786914506719881,1.6899801066943578,2,56
2,0.26734741046103994,1.7788009643554688,2,64,0.002801000981675345,0.3803728719552358,2,79,0.554192933462703,1.6501212384965684,2,124
3,1.8827977955896913,1.658477741938371,2,26,66.3310593953034,1.741754056126983,2,134,0.6205662913084213,1.8011788165930547,2,200
4,0.34516302548010636,1.4437795281410217,2,38
5,0.08043194216599177,1.7240254163742066,2,20
6,0.012460768765271756,1.1228489641632353,2,28,0.822831952931137,1.8693651019073114,2,69,0.02835254917310394,0.9982381649315357,2,105,221.2012373368539,1.7628221392631531,2,135,2.8073833924696605,1.5793489380316301,2,179,358.9831526944207,1.906212534223284,3,200
7,0.10836594000231622,1.0438507126598824,2,82
8,0.5150461030352521,1.628747090271541,2,140,0.0003848945146601039,1.4116521179676056,2,148,0.09338110297842167,1.1519920923388922,2,200
9,0.9920801884010152,1.730910137295723,2,16,0.004469588300364125,0.6949212767861106,2,49,0.23262725803652967,1.4515877604484557,2,104
10,0.1974736947009799,1.7043110227331202,2,94,0.007610116217331663,1.056994711575301,2,140,0.8440459407238036,1.3245844329396883,2,200
11,1.307672195526741,1.8744862994482352,2,43
12,0.5105607771757236,1.4361835217310324,2,72,95.79985049680197,1.7388645112514496,2,80,0.0026866089918264613,1.1601617813110352,2,85,266.6784154737793,1.8860951531678438,3,149,0.06803030401387732,1.46968487664765,2,200
13,5.001528174712451,1.4782007932662964,2,3,0.0001229019846116519,1.252589555347667,2,20
14,0.0705301311506812,1.2111505720209568,2,47
15,0.055655420088824195,1.4711183603707847,2,77,8.178004845574009,1.739075227578481,2,107,0.0015230135988451537,1.4025375247001648,2,117,0.27772835450111677,1.7873597273955475,2,191
16,0.5382696508447065,1.8224978176030247,2,22,0.0031660998465011534,0.11821435034275055,2,47,0.4003863789230421,1.7437744179924766,2,138,364.15425374638824,1.9545858339829878,3,149,2.892174098492361,1.4439486136623458,2,200
17,0.009516738959516793,0.466489822914203,2,60,0.9359791115265677,1.489336300252089,2,127,0.00846062265618859,0.5112622509831968,2,150
18,0.29319639794462915,1.9167917370796204,3,32,0.001065303600108644,0.46958816051483154,2,45,0.6081599202720547,1.7873928984006247,2,75
19,0.7242490823038953,1.885111695953778,3,56
20,0.43622705313465227,1.7926210821891317,2,49
21,0.2886029399586069,1.618152957789752,2,49
22,0.06969816023729748,1.546109561920166,2,25
23,0.053495730955996496,1.186462956316331,2,34
24,0.014939039595237147,1.168761125077372,2,46,0.3851747007561861,1.6552157182442515,2,84,63.605305364926124,1.8038979979122387,2,101,0.08517278035676906,1.1567926277391245,2,162
25,0.06466382668519112,1.4804351670401437,2,21
26,0.8396396813513639,1.842336231470108,2,20
27,1.5079821809403688,1.4939412933588028,2,150
28,0.623143696296916,1.6525475893701826,2,28
29,0.24933672607398347,1.6746343241797552,2,9,9.340394996540228e-05,1.1939773234454067,2,20
30,0.5788325918648205,1.740137292193128,2,77
31,0.1557469559463278,1.6184801277907,2,23
32,1.4091268509102024,1.804540222341364,2,22,0.010744410365228036,0.8109922746817271,2,37
33,0.01249742467076969,0.9825112670660019,2,32
34,0.9446015668797205,1.6861136163984025,2,35,29.604041311613457,0.20969133491699513,2,100,3.3865801934793702,1.3827349146207173,2,106,2079.291793973183,1.884999535300515,3,117
35,0.4938731829038351,1.503650357015431,2,112
36,0.002305709760467883,1.1555813948313396,2,9,0.7196673377739609,1.8741930782794953,2,29
37,0.07280121579058198,1.5340185761451721,2,56
38,0.026861042574250874,1.5468799650669098,2,20
39,0.14938576585599647,1.3147030472755432,2,20
40,0.008102647639906153,0.6779637984000146,2,32,0.20046923450667517,1.7278972560504697,2,85
41,2.0285809886008415,0.7073903072964062,2,55
42,0.22508382402913316,1.619570359351143,2,63,0.0005255040263586211,0.7246344884236654,2,69
43,0.7476074648084216,1.8437991286769058,2,33
44,11.564253909365183,0.6822075247764587,2,35
45,0.10027777859933897,1.8114889426664873,2,22
46,0.0006553179876470239,1.4870667517185212,2,20
47,0.2879380684983762,1.2905100844800472,2,32
48,0.4738409739208014,1.8263059746135364,2,33
