1,0.5522323802407553,1.6708444520538928,2,51
2,0.3709099072579407,1.6449066815525293,2,200
3,0.21749718444539523,1.8990565286232874,3,52
4,0.7398351888271593,1.7528525761195592,2,7,0.00013515261586715354,1.1364637429897602,2,20
5,0.003948237344648095,0.721410106528889,2,11,0.20985612112689583,1.7529434543483111,2,158,307.5340711721034,1.9643058639306288,3,184,0.16940397927050316,1.8202200010418892,2,200
6,0.9344440798761806,1.7984202682971955,2,20,0.005611856037311142,1.146652716729376,2,56,0.29899899497657384,1.8055958892359878,2,89,0.013186117330497666,0.9234283789321109,2,200
7,0.17128825900029376,1.4731161526913912,2,53
8,0.25339248881951953,1.507240848278436,2,127
9,0.5783224795045344,1.6758713862475227,2,17,281.8956892887775,1.9371019535594516,3,35,0.31017781543881084,1.8285180872136897,2,57,0.0014615023278620315,0.43853810131549836,2,77,0.6871235959509927,1.8397242700467344,2,199
10,0.24657380794698697,1.7973293211009052,2,74
11,0.27150506417502535,1.5490313960860174,2,96
12,0.48696094208654667,1.838776069028037,2,14,0.0005535361419005907,1.2895584503809612,2,20
13,0.09365507429322606,1.7176508955903105,2,91,0.577775573424616,1.801687014212302,2,200
14,0.02051382359343151,1.0878769367933274,2,20,0.6461519492019826,1.4735014243204085,2,81
15,0.10332141929341067,1.5069006566078431,2,31
16,1.2337655871941655,1.574370268177479,2,47,187.71900808362838,0.19756339490413666,2,61,0.19468162272343523,1.7140198734742176,2,140
17,0.08202001071004505,1.7231921061873436,2,80,1.2359216109798024,1.877764968548791,2,139,0.012582372882381511,0.6383961280807853,2,171,1.4587693947370306,1.8531808853149414,2,186,174.13524778638626,1.9573392697743006,3,200
18,0.42493900566376935,1.335589488754507,2,122,0.0027123276774082606,0.4098452760985023,2,141,0.5441104044836907,1.644251369294666,2,183
19,0.015853939953753667,1.2739894156870635,2,23,14.143863559226762,0.22564386271617629,2,67,0.004209495592468927,0.34046302469713347,2,95,3.298626898953049,0.9882770850435718,2,186,0.014012136831647145,0.44704351100054657,2,197
20,0.38894593496643326,1.737218005316598,2,7,0.0017411241876500992,0.6533019883292062,2,42,0.17610039436554453,1.3956138936566636,2,113,7.9198398259102945,0.9199338898062706,2,193,0.0050602209197430905,1.224531582423619,2,200
21,3.0228457441370775,1.043609009770786,2,85,0.0014017798685259772,0.30209098880489665,2,97,0.3568502029600363,1.7478684747920317,2,114
22,0.7200356709299545,1.7337971885999044,2,30
23,0.040662611732568486,1.0196521431207657,2,20,1.2926770168231592,1.9062849172326022,3,63
24,0.004065524839271153,0.6287735755796786,2,27,7.614767590462281,0.4298368216522278,2,120,394.31332686873844,0.15530098378658294,2,195
25,0.9737316064256097,1.859848275910253,2,115,63.49553031347378,1.8088282227516175,2,135,0.0009699021007212137,1.396725681093004,2,144,0.8333973576436454,1.915775806563241,3,179
26,0.021444467552019647,1.2748117057176738,2,26
27,1.9586588067660937,1.1120786787498564,2,63
28,0.15359388028699505,1.5950088508072353,2,84
29,0.0027788723436775425,0.7931836614775103,2,43,0.6809370018851695,1.3766386805836,2,175
30,0.2531325580382097,1.8986559665721396,3,46
31,0.07519350488449031,1.4662995629012585,2,60
32,0.08266748493004208,1.6792591352547919,2,112
33,0.32864708473005316,1.5661341553809596,2,51
34,0.2465747765049555,1.7105017957233248,2,21
35,0.15090680762686953,1.6077463413352397,2,67
36,1.5177633804742654,1.4624552806982627,2,52
37,0.9980214217966368,1.8358511541570937,2,28
38,2.363837854378103,1.8356420653206962,2,7,0.007924394246558178,0.9119896561868729,2,38,0.6478202800466375,1.8936083383030362,3,56
39,0.6420549291146325,1.7044866565201018,2,72
40,0.05661714538861615,1.5088062378076406,2,52
41,0.7083233248133717,1.8977974653244019,3,13,0.0071080599844133615,1.14875731865565,2,37
