1,0.5771416233355371,1.8663391505970675,2,51
2,0.3607311393694851,1.7855964284194143,2,95,295.9424911747525,1.9465551238793593,3,147,0.5484016417144785,1.9018539451971286,3,188,0.00684034419208345,1.6587670246760051,2,200
3,0.5949507489175789,1.9512989044189453,3,35
4,0.0041647935411168215,1.2507223427295684,2,20
5,0.11617778287499075,1.5804558396339417,2,20
6,0.07243503138037023,1.4245203220567038,2,86
7,0.5676288889915871,1.9478635867436727,3,15,0.0007356706592792643,0.8310724258422851,2,20
8,53.307227524908924,0.21896365069680743,2,90,579.7102444131135,0.07488689940666483,2,197,0.059259297269771555,0.6259015401204427,2,200
9,0.009641761374481408,0.9193812434871992,2,24,1.5193707504311542,1.8116130152745034,2,91,177.22247508636795,1.5721404552459717,2,112,0.32169492981598824,1.7595079080625013,2,156
10,2.872162116122485,1.842934106525622,2,38,424.90817186874136,1.867623918397086,2,73,0.4842824984378871,1.3981809055103975,2,90,2112.3079588271275,1.8766951220376151,2,97,0.43201672686025294,1.8502497851848603,2,137
11,0.17385166382983164,1.628388375043869,2,8,7.935639473883818e-05,1.2818706631660461,2,20
12,0.04801073997262867,1.7219892621040345,2,40
13,0.37368237054603415,1.0526145364750514,2,44,437.24369556076465,1.9086906537413597,3,60,0.08918122450800296,0.8038296320221641,2,71,174.949541207291,1.7488726768337313,2,132,0.06367506882296865,1.8061652967804356,2,170
14,1.5774285499063245,1.8632389307022095,2,7,0.0008821416186735273,1.4884284138679504,2,15,0.6343684805726441,1.4713430259908948,2,85
15,0.03884247575981057,1.4091223667065302,2,30
16,0.2413145490351512,1.7253806442022324,2,64
17,0.0866708358119646,1.4108486005859653,2,137
18,0.09480175819957212,1.5442307811034353,2,38
19,0.08989948160390696,1.1873177814483642,2,25
20,0.10849073252707768,1.7761828638613224,2,32,4.609392891234719,1.8900680939356487,3,50
21,0.059070996673839436,1.4055559210705035,2,66
22,3.9430830600483726,1.6982010311550564,2,45
23,5.989239343479341e-05,1.124765807390213,2,20
24,0.0467561233341381,1.4551634788513184,2,4,3.8544170552698546e-05,1.1920482143759727,2,20
25,0.27872204302956294,1.6389475107192992,2,20
26,5.82746250128734,0.6749022037818514,2,58,203.0659597976101,0.2221106349253187,2,109,6.685152391443884,0.32328618317842484,2,129,0.6421759471696354,1.815715411017018,2,191
27,0.02128770677565997,1.2970097615168645,2,26,2.399025937696009,0.8790548731045551,2,109,371.90428215284174,1.0396945532095634,2,168,0.03960618410578766,0.4932294711470604,2,172
28,1.4377368514539424,1.9004933323178972,3,14,0.0008136922955324898,0.8740812689065933,2,22,1.3434923383484452,1.8499781926472982,2,37,0.0009228720750985532,1.6778900921344757,2,45,299.00455260417715,1.9240987442307553,3,104,0.38016785231472877,1.7160011768341064,2,159
29,0.5879428586840205,1.68009352684021,2,6,5.977945645531507e-05,1.2394067559923445,2,20
30,0.3203250391935268,1.9756798661032389,3,43
31,0.3920453131402225,1.6643533945083617,2,10,0.00020482352591550976,1.0823912024497986,2,20
32,0.07689726548183942,1.653596577545007,2,48
33,0.23463304373474056,1.5054068064280586,2,102
34,0.7348945999630784,1.7630006906598112,2,43,0.005997175255148725,0.833743073619329,2,69,3.483490383667947,1.5605142414569855,2,89
35,0.2900128361234434,1.8265338752950941,2,56
36,0.22953380840587845,1.7778354841120103,2,85
37,0.9758136205969818,1.7438342053935212,2,53
38,1.2902633520107294,1.878627061843872,2,39
39,0.04780035147935785,1.0819608113344978,2,34
40,0.1932278287614937,1.6259207264069588,2,31
41,1.4529772845375866,1.7761723160743714,2,10,0.0002871126326469446,1.3235881447792053,2,20
