1,4.612837356317648,0.3653118945658207,2,28,0.01350974280569477,1.7588855107625325,2,43
2,0.395708788555987,0.8014021615187327,2,12,53.2406457383119,1.6486530419053702,2,157,0.04107969465157414,1.7413841208746268,2,200
3,0.28591552034541734,1.8731941149152558,2,29,0.002972329307484022,0.6619137889809079,2,47
4,319.9652978087738,1.683896788779427,2,68,678.7585536682791,0.48841070011258125,2,84,0.012342135546772732,0.35418540239334106,2,88,47.56404325004414,0.12582293857953378,2,200
5,2.536724705722145,1.736441195011139,2,4,0.002053712462534083,0.5293577062647518,2,45,0.10476201859316585,1.7121202083344156,2,92
6,0.640831509322734,1.8827611558577593,3,17,0.006889902379586931,1.042739005649791,2,34,98.67130650305991,0.20232460315687112,2,200
7,14.884300835948146,0.19282954466807378,2,77,0.08432103461683327,1.6471447453779333,2,94,9.465063530731136,0.21280511072341432,2,141,0.002103840970163356,0.7612280746301016,2,147,1.9505809534778855,0.34865183369168695,2,200
8,0.9125530536645609,1.9463958967299688,3,21
9,0.34564996604968057,1.7318404446477476,2,23,39.83073160625979,0.5292175147802599,2,54,0.02861213021261012,1.1818408727645875,2,59,1153.5983709657276,1.6835784912109375,2,65,0.0037741753212046664,0.3605850075974184,2,82,0.8708360463472717,1.572060496046923,2,151
10,0.20096438641111022,1.8755378596326138,2,47
11,0.26102830546132094,0.6591954288574365,2,52,27.09499673144777,0.37536082370206714,2,84,0.004626098860166357,0.6021091275744967,2,93,2.1768872781713258,0.5527316578503313,2,122,37.87748910170758,0.22519502750574014,2,200
12,0.7318228284374773,1.6272802767546282,2,23
13,0.26893738457973704,1.6562088816254228,2,27
14,0.15207159739516946,1.6386143054280962,2,14,0.0001779032737306814,1.3661512732505798,2,20
15,0.03557501359893822,1.208624282891446,2,94
16,0.0029105598371803963,0.4833955802023411,2,8,0.911979986463597,1.8170274220980132,2,21
17,0.12355754760252861,1.5412943959236145,2,4,3.446068862919753e-05,1.1452482379972935,2,20
18,0.010769419142411077,1.5740344524383545,2,24,0.6395675034456172,1.6449397349899466,2,134
19,0.02095662913393783,0.7734019190073014,2,20
20,0.2616279656792302,1.7784772846433852,2,36
21,0.409660309562655,1.4979198376337688,2,15,0.0005222595047083753,1.2761030197143555,2,20
22,0.548970742927546,1.7121556418282644,2,35
23,0.8366788876954416,1.529185836131756,2,78
24,0.31008964804303357,1.7880113201085912,2,86
25,28.952226783139658,0.3703201421038814,2,189
26,0.2479819746018758,1.8215393490261502,2,45
27,2.086542522945851,1.3863494873046875,2,5,0.00012024796725534067,1.1654128313064576,2,20
28,0.6528019828498658,1.052247141969615,2,29,18.154334726329033,0.9657835066318512,2,63,0.1423961174064174,1.776666545205646,2,99
29,0.09054064127257928,1.36567971855402,2,16,79.43820727694731,1.711692613584024,2,70,0.002130856852467032,0.6091660481123697,2,112,0.32656833148119163,1.6183619563643996,2,149
30,0.4336464438884204,1.727636188699331,2,173
31,2.9602996319421627e-05,0.9793853597207502,2,11,0.03679628831809165,1.033563538812674,2,63
32,0.17808435558157307,1.6391822773477305,2,23
33,0.379422893930491,1.5872647028702955,2,39
34,0.40770582723496396,1.8423960534009067,2,22
35,1.7682237860108308e-06,0.9011628089412567,2,31,0.012188077029196314,1.3199716657400131,2,39
36,0.6152900550279251,1.8455334722995758,2,20
37,0.7569347094321976,1.7858026365064226,2,53
38,0.2268460456438605,0.15821026563644408,2,10,0.00047777407876873983,0.4460170492529869,2,18,3.4158141260842494,1.722443770479273,2,45
39,0.5667660157478835,1.6284461677074433,2,50
40,0.40133952380526583,1.6876820081319563,2,39
41,0.12102528971318864,1.7852073625514382,2,38
42,0.35416188890166267,1.8246003329753875,2,20
43,0.13996556759444181,1.5635523349046707,2,8,5.4333639644086887e-05,1.2778506974379222,2,20
44,0.008066220128543319,0.5481844649270728,2,27
45,0.8506868862923159,1.7495836198329926,2,20
46,2.11664372742593,1.8266804069280624,2,8,0.0011297125301420084,0.42975322902202606,2,20
