1,0.6711494926311267,1.7395243779668268,2,53,0.002719751923551702,0.25403394624590875,2,73,1.1772294758436848,1.7599423148415305,2,117,0.003425625609243782,0.24184782349545023,2,140
2,0.2692959412129607,1.6126916960666053,2,95
3,0.18532995606261146,1.3604040280827936,2,53
4,0.3772908862430168,1.766217664623937,2,141
5,0.7552937421609511,1.848102327187856,2,30,0.0100508261003083,0.8963087317016389,2,84
6,0.13922125580049516,1.4397247234980266,2,3,3.4868702433162714e-05,1.1375187810729532,2,20
7,0.5079422019549651,1.7850724652216032,2,77
8,0.1322195931446116,1.5970871865749359,2,20
9,1.4973741997831633,1.7606791257858276,2,6,0.0017998265964938496,0.2686388244231542,2,21,0.20312887557704673,1.77511684995302,2,92,411.41959723187693,1.1424810110646135,2,126,0.6389372370534002,1.3887653464362735,2,147
10,0.05555257992841377,1.229875454338648,2,93,1.03705970728149,1.5281506283818005,2,200
11,0.10167010877640427,1.6741841971874236,2,20
12,0.6712740657669712,1.8160627734276555,2,31
13,0.2626828130887598,1.6315875362466883,2,54,0.009847278325893254,1.117874684242102,2,93,1.0680133422723994,1.903135176215853,3,121
14,0.003231328342486721,1.3169870206287928,2,7,6.1757866366135366,1.8412913741736576,2,123,0.0009683524142103183,1.5264557259423392,2,130,0.8208088611986515,1.8364999456839128,2,174
15,0.3589067536047193,1.838315664110957,2,74
16,0.50460213885444,1.6925817741904148,2,86
17,2.8413817655961515,0.5097765277482962,2,76,120.89691394887771,0.22518640035583126,2,200
18,0.07767072865100862,1.5483210861682892,2,20
19,0.06285892849307768,1.5960191080444737,2,38
20,0.42745767709874954,1.6478268085642065,2,47
21,1.067719618237917,1.1160242408514023,2,48
22,0.14527357137635577,1.4683601973103542,2,51
23,2.8220735613990158,1.9405726024082728,3,28,0.01003178783743663,1.153390427998134,2,63,13.472787688257958,1.7867005441499793,2,86,0.10629364975204564,1.2172422168716308,2,117
24,0.16260415037843415,1.7942354295213343,2,59
25,0.034178805184506826,1.0767480122546356,2,48
26,0.061489531252420265,1.671636449756907,2,67
27,2.208709637664824,1.2464760310120053,2,72
28,0.04354828042387851,1.3850620488325756,2,27
29,0.6067359185268414,1.6535294097717677,2,107
30,0.12032947623150038,1.2179464789728323,2,60
31,0.44613480366719654,1.9766059949480255,3,29,0.002465272882514358,0.7067210540689272,2,58,0.5262711033589176,1.9628875536077164,3,75,28.7954980609728,1.3926963912266674,2,141,0.35901898304774305,0.9787447253863016,2,156,327.7077910231011,1.9873550061521859,3,185
32,0.6206379734122073,1.7882054646809895,2,36,1.1273684201590406,0.30634062985579175,2,51,101.70419847193048,0.205380402218837,2,103,3.767152246194355,0.668435012773862,2,166
33,0.26100246260316695,1.7660227060317992,2,30
34,0.8215011558630189,1.8317456164143302,2,44,0.00491668567189418,1.0784545068083138,2,73,0.1772519191924799,1.7167472893541509,2,95
35,455.84832244049176,1.831781233350436,2,24,0.09879527687646711,1.3254844903945924,2,29,824.7497442959792,1.8859896341959634,3,59,0.041484792811725554,1.7448868318037554,2,81,251.98306359950647,1.8377559556335699,2,142,0.01811327161532169,1.0144691925782423,2,155,3573.6252665510124,1.7944239179293315,2,161
36,0.35871501422956603,1.8121746590262966,2,19,18.935204425466488,0.15479024599737196,2,86,0.012543945979468571,0.7154365175714096,2,110,0.506070527393862,1.9052924669307212,3,156
37,1.3413436363711182,1.3392369406563895,2,35
38,0.05606428832506965,1.5252905786037445,2,4,3.734693413754045e-05,1.1687130890786648,2,20
39,7.031028869766786,0.7814354705421821,2,46
40,1.518363325328251,1.4060893530069396,2,43,194.80306302070792,1.7985829260291122,2,84,0.13120526900664967,1.446786491572857,2,134
41,0.42910468840929894,1.7024622875101425,2,51
42,0.5796909374644081,1.8092873692512512,2,28
43,0.09906376462422034,1.6426383944658132,2,52,0.005004402856574878,0.5302594325759195,2,107,0.7155067272255314,1.3520939840989954,2,124
44,0.6419915311474975,1.7097424918955022,2,11,0.00030393285419743444,1.287555416425069,2,20
45,0.005682866075197385,0.3868400064798502,2,13,13.743982023498862,1.0029660259805075,2,54,477.9796140170916,1.9390263557434082,3,88,2.3558588583815427,1.5994274512581204,2,111
46,0.13080530210351296,1.5782589647505019,2,27
47,2.8368227665538805,0.9139242921120081,2,39
48,0.6053183099374033,1.513376604426991,2,33,0.001821190318983434,0.9176017262718894,2,44
49,0.5626633309602764,1.986099200863992,3,31
50,0.3823657083887886,1.5829101911297552,2,54
51,0.5032433807752991,1.8589623613016946,2,28
52,0.0645293618242096,1.2074251762694783,2,36
53,0.1633236516195789,1.5770826441901071,2,35
54,0.4357988940598459,1.763358331643618,2,26
