1,0.5599301114882377,1.8611625536628391,2,23
2,0.0404542463307436,1.7119751024246215,2,25
3,2.645088159389864,1.3879016978400094,2,168,2240.5842338144216,1.99,3,188,0.1630253421199347,1.1522842446962993,2,200
4,0.6648456047579179,1.55347529022964,2,97
5,0.05900017615992327,0.8034941879185763,2,33
6,0.7651949611987939,1.6983183301412141,2,26,0.0026448313922486227,0.49040091037750244,2,38,0.910817859251852,1.7654033624208891,2,64
7,0.0036793117118650025,0.8189503124782017,2,21,0.20333216337061635,1.6772323653504655,2,58
8,0.34765636203947126,1.8362972736358643,2,25,93.82508436063166,0.2018862928856503,2,47,3.34514702899272,0.6338405726620784,2,151,391.4769819474401,0.228961904259289,2,168,0.4252539780662831,1.8464272171258926,2,200
9,0.06349622372320035,1.4681694242235732,2,73
10,0.4760583062969061,1.496949421098599,2,52,0.7427196568961528,0.4477976206690073,2,60,102.1299952838798,0.2319183413158445,2,196,0.06190744650859901,0.7951421737670898,2,200
11,0.8932247824322851,1.5044509788898572,2,146
12,0.5025608725969011,1.8359267308678426,2,71,0.0017615500875219595,1.5099904139836628,2,86,1.5197899984856724,1.798617353806129,2,99
13,1.1548768038987596,1.743369782672209,2,34,0.0029216743482855033,0.2385262741762049,2,51,0.15032400157848785,0.9797370034456253,2,101,8.584344148717506,1.5628171093536145,2,200
14,0.1227488956697748,1.3379836479822795,2,6,6.172951890517609e-05,0.9840057151658195,2,20
15,0.04920162686343456,1.4389118311496882,2,130
16,0.009738862660747322,0.8426561494668324,2,30,0.8084474017710115,1.696828971306483,2,42
17,0.36611004443285994,1.8209707386353438,2,17,0.18270288555381836,0.672182066573037,2,53,0.0019214872062198018,0.8308037718137106,2,62,48.82501990946051,0.28780516280212265,2,200
18,0.2025121394161765,1.1397897331044078,2,32,29.820362969793422,1.071848303079605,2,75,0.0037097408036127735,1.1448918581008911,2,83,78.36779168281045,1.7863338589668274,2,113,0.003921692525155151,1.7503095467885335,2,122,0.661566455726415,1.738422207398848,2,177
19,0.6624673959273236,1.3738796934485435,2,120
20,6.499891957579065,0.5418757606263555,2,109,0.06090142314626134,1.1944840466910667,2,200
21,0.643264262579136,1.059824789392537,2,29,1.6117901476672585e-05,1.1705207313810075,2,57,0.19720008480045453,1.7347650339728908,2,95
22,0.3006337380652762,1.6551598727062184,2,93
23,0.14901966447274814,1.5351879308963645,2,29
24,0.34790095462488135,1.7928578928112984,2,32
25,19.278098218491735,0.9557132212953134,2,44,0.28243823108513844,1.7984346221936376,2,120
26,0.017800658252246436,0.9598590542490666,2,26,0.5787643155082588,1.3040338137100653,2,123
27,0.5036656839716422,1.5558510876413603,2,67
28,0.7750402718239507,1.8422767341136932,2,20
29,0.25373086491834734,1.699053165030806,2,146,0.01473821292613937,0.944620169699192,2,170
30,0.4328856978079651,1.7327652831667477,2,97
31,0.25753853711358016,1.7733104546864829,2,90
32,0.3241658583939078,1.5163551342487336,2,50,35.26512753023325,0.4348281360254055,2,91
33,0.40450136158124905,1.8486095894588512,2,89
34,0.2295710427022766,1.5561054429765475,2,59
35,0.0011444389052774845,1.3452730008534022,2,7,0.944071786921949,1.6133048075896044,2,20
36,1.3071056583338827,1.9042064168236472,3,11,0.0001540061042467022,1.0334389077292547,2,20
37,0.12071049646246548,1.49602709710598,2,46
38,1.2189852638378653,1.8435321225060357,2,45
39,0.4956784591145704,1.8977741517803886,3,44
40,0.6389431928836096,1.931875581326692,3,23
41,0.49073951881288896,1.9270581740599413,3,13,0.0027548115892469284,0.22317214806874594,2,31
42,1.254816943725751,1.575063935915629,2,15,0.001313038193587512,1.6830777883529664,2,20
43,0.47444801377202356,1.8471229771773021,2,24
44,1.6367008244632377,1.7989091475804646,2,15,0.0027765645682151226,0.5495487749576569,2,24
45,2.514425062141251,1.1750288994415947,2,23
46,0.008177441482139107,0.3056281175125729,2,22
