1,0.12498573164817443,1.1977705145875612,2,60
2,0.6123968515256575,1.5724805930081536,2,85
3,0.44896549383688555,1.2952280625362287,2,88
4,0.2559534988556387,1.3463317121284595,2,69
5,0.144508842319782,1.5990478092051568,2,94,34.29431503042645,0.09834293808255877,2,115,0.02350573882390326,0.38640815317630767,2,120,131.7797443688814,0.20155203696340324,2,200
6,0.46847875968359437,1.7620670524510471,2,22,4.528650899438597,0.20854000144061588,2,64,130.06209892050833,0.23468065155403955,2,92,81.54025965896012,1.5552867908369412,2,136,2.3357185186235565,1.8951539737837655,3,150
7,8.148393293299312,0.9008384719491005,2,36,0.001375381582311033,1.1632163763046264,2,46,0.49913501464594945,1.7397434881755285,2,60
8,0.7183431948170995,1.2588734876025807,2,55,0.003670750848927996,0.5864163683010981,2,68,86.78585464114134,1.6576929827953906,2,115,0.03036690540059257,1.1713836669921875,2,120,2011.5303070887783,1.874647706747055,2,124,0.22039868270684618,1.711247940858205,2,154
9,2.6363208457908094,1.1445826755629644,2,9,347.9125440346993,0.11739966189749887,2,116,0.4852083651442368,1.6619756911930286,2,135,0.0007874843651407985,0.9162763494711655,2,148,0.331067693103733,1.775031137924928,2,200
10,0.007239159322375167,0.9601426385343075,2,32,0.5139164824497334,1.8855135288893008,3,134
11,0.08806393273340624,1.7270630538463592,2,20
12,1.7793798370831795,1.436792068976037,2,47,0.012184493048607614,1.1366083780924479,2,62
13,0.18226569250672248,1.6976915259420136,2,81
14,0.001827248093973943,0.7556636184453964,2,8,2.742266821916842,0.5046391791353623,2,56,0.0006178467239134258,1.5328381402151925,2,63,17.54640008510707,0.4384257708277021,2,70,0.5805817671975722,1.7991929802488773,2,164
15,0.7417560272866216,1.6833614761179143,2,22
16,0.4137490584311396,1.6927232638649319,2,23
17,0.21644682506270627,1.3198234929279848,2,55
18,0.7320927456213082,1.775705519475435,2,19,0.0031802486906691583,1.5416510999202728,2,39,0.2861982847541817,1.7471675013794619,2,107
19,0.7007677118026369,1.749864038606148,2,177,324.0903585190412,1.9744968258816262,3,200
20,0.031171577837915902,1.2640214385954958,2,38,11.79237798429588,0.38740640511879554,2,103,0.0029397822175686026,1.4223018033163888,2,110,85.27399316882236,0.250052480896314,2,200
21,0.3638040493816705,1.841865940226449,2,72
22,4.018706535057887,1.6543712549739413,2,54,0.00992643261126364,1.0409725904464722,2,59,89.94943556701202,1.0047617634137471,2,74,0.2790052783024513,1.874644352217852,2,133
23,2.0090804519143,1.3125878255449088,2,102
24,1.1871078203418957,1.9458695793151854,3,25,0.005021836663385783,0.782123109469047,2,51,1.430525645862259,1.342084967253501,2,108
25,0.31956718454994315,1.7421116780261605,2,98
26,1.1982003296233568,1.7893841883231854,2,29
27,0.5095968708290065,1.8409483324397693,2,44
28,0.5526020380031177,1.8582316377888555,2,23,19.050375670633127,1.0414337598615222,2,59,0.20950378145869536,1.492476673193381,2,130
29,0.4655036259447854,1.8253285186044101,2,29,298.3730566466581,1.9010327778645415,3,163
30,0.24330100084187847,1.9313363980074398,3,122
31,0.010373452854706379,1.100211658261039,2,11,2.4793443677992093e-05,1.1768241362138228,2,22
32,1.0338219656993521,1.407642386431964,2,106
33,0.03698907055325127,1.1772687021763093,2,93
34,0.4625009730173467,1.7391834478378296,2,125
35,0.17384282917286314,1.548139106004666,2,39
36,0.35971374929204164,1.446694622869077,2,46,0.0019361850373933707,0.4717112295329571,2,82,0.4767731483153397,1.606961993070749,2,121
37,0.34595541623643583,1.787214087679031,2,94,0.003508245273239795,0.06169177237011138,2,115
38,0.10616377346192776,1.486736981957047,2,27
39,0.20818251805070204,1.6048063609911047,2,23
40,0.07243178127036835,0.9934058569523753,2,49
41,0.32720445946407456,1.8188102018265497,2,63
42,0.5653133383760224,1.7853193092346191,2,25
43,0.10206614684296589,1.3168929822742939,2,40
