0,0.2261042367452127,0.9829315494846653,2,37
1,0.17260554267821093,1.2373489704999057,2,110
2,0.14159506068887628,0.4065023985173967,2,45
3,0.7102034351343213,1.1263382732868195,2,28
4,0.5672834960157459,1.0728461480140685,2,200
5,0.2923459028920653,0.5401059610503061,2,35
6,0.6355695833803797,0.8521597836956833,2,33
7,1.8014817961258316,1.5414315717560905,2,28,0.5082870732472777,0.2589575926405053,2,200
8,0.20548604940870221,1.2137116134166717,2,200
9,0.22428196270053458,0.6048875284194947,2,200
10,0.3585745596233117,0.9880835934424065,2,71,0.016024554275374032,0.2533151257422663,2,133,0.8051886163845253,1.3528892517089843,2,143
11,0.023161710296728685,0.3523276517557543,2,43
12,0.2128015719080592,1.2335614843802019,2,110,1.3027418468634158,1.2455647506497123,2,154,0.13820404369117822,1.206822343494581,2,200
13,0.27433218982660107,1.0359406343528204,2,42
14,0.1468301121175376,1.2416382379829884,2,80
15,0.20178255986116386,0.8482406955957412,2,200
16,0.9939268545659952,1.1469415498502327,2,33,0.12395086292067153,1.1605330570015364,2,200
17,0.7627101724063035,1.309740036725998,2,32,0.28603635050317033,0.5596294816406,2,200
18,0.2299382645929638,0.5053584742546081,2,200
19,1.2220271951713069,1.2820097231864929,2,50
20,0.24722754201273756,0.34868596524000167,2,200
21,0.9032553525736615,0.76508226364851,2,200
22,0.1094328171948037,0.5240675648053487,2,30
23,0.11613667456548553,0.3189477561687937,2,49
24,0.8403995667526056,1.6233900693746715,2,13,0.5056791572460703,0.4468396929177371,2,200
25,0.697717310791875,1.2584712785833023,2,51
26,0.560383861861421,0.8330023270664793,2,33
27,0.5018341719895889,0.8899247646331787,2,73
28,0.320770387612433,1.2903374320751912,2,74
29,1.012104852727675,1.249126935005188,2,60
30,0.2609983621502387,0.5143433590233326,2,200
31,0.3595502693078172,0.9922918033599853,2,75
32,1.9282786673061292,1.5320616483688354,2,10,0.0358845509701224,0.5637952111385487,2,64,1.9024573374685545,1.6737171014149983,2,76,0.039102353788352334,0.6556256012578981,2,189
33,1.6253040186490346,1.3214138012665968,2,26,0.13906978385298607,1.0002389757529548,2,72,1.110148977579721,1.2092822225470292,2,110
34,1.834446856990413,0.6291256030400594,2,15,0.1535195558217435,0.3192890240533932,2,200
35,0.509092922425629,0.554752775033315,2,60
36,0.40511309673782553,0.6049550103418755,2,33
37,0.8657519225442456,0.959838060537974,2,60
38,0.2975335576020388,0.6626699057221412,2,200
39,0.544514259015829,0.9308097579649517,2,70
40,0.4983420909793808,0.6617188030673612,2,62
41,0.614966217155299,1.0341179406464989,2,67
42,0.702085797278757,0.8964925074094051,2,74,0.537384636553349,0.05548601420152755,2,200
43,0.7467001312478504,0.687126135384595,2,27
44,0.9169666507773255,0.9775850754517775,2,130
45,0.36538434368983475,0.767940995416471,2,112
46,0.5403243132814155,0.6456054238712087,2,51,0.9770043695753389,1.4158834523624844,2,141,0.4451396192332294,0.6538040779404721,2,200
47,0.20166013321468446,0.8056613278869015,2,149
48,0.12801896563404155,0.4641005392372608,2,200
49,0.4910246935952414,0.9685844314098359,2,200
50,0.41236989558015236,0.6989727029204369,2,200
51,0.726078980602719,0.9931677296048119,2,105
52,0.8611994649134344,1.3179952708157625,2,55
53,0.4998032563694266,1.07513279403959,2,35
54,0.5566478929630513,0.7179150819778443,2,200
55,0.7247192762541037,0.9295743472482029,2,152
