0,1.125176921588821,1.2066778171630133,2,21,0.7939061366206643,0.4248705342296482,2,150
1,0.08290027808600596,0.361195070669055,2,96,1.2347277068685316,1.4783326542895774,2,142,0.07840474569910831,0.1583182937626181,2,200
2,2.1038533355399895,1.314441482226054,2,30,0.036444875263662885,0.3319884974439189,2,136,1.216289437572933,1.2023874409496784,2,168,0.03301460511959011,0.1825823316971461,2,198
3,0.793955540479369,1.3127867841720582,2,25
4,0.5845924045449888,0.528489120860598,2,67
5,0.5239294971096203,0.7982391906636102,2,28
6,0.5984258567602107,0.6153038324211999,2,139
7,0.2508632256374987,0.8127115516782665,2,139
8,0.14864377499782155,0.8146594369411468,2,50
9,1.6435729608428813,1.4876382303237916,2,25,0.10752683865428124,0.5238804280757904,2,90
10,0.4238471602709598,1.2279137750951254,2,41
11,0.08054956467184592,0.2826581295579672,2,200
12,1.531256180833024,1.095109418818825,2,19,0.1188029101166462,0.6220828131772578,2,147,1.141924840683921,1.1873361996884615,2,200
13,0.1956216465061075,0.9975892590439838,2,92
14,0.41775406405570603,0.8000937903799662,2,82
15,0.5768503378105373,0.7849752688780427,2,64
16,0.8253609247953901,1.2950652811262342,2,45
17,0.6250905313971806,0.847439076602459,2,200
18,0.6973985246361383,1.2299012184143066,2,200
19,0.1435436086420373,0.382842258371488,2,198
20,0.6810452275903981,1.2053441360311687,2,106
21,0.5386358013468714,1.0614711281657219,2,200
22,0.12519421639699613,0.22524448484182358,2,16,0.9534074915171633,1.3143648127073884,2,109,0.11176723089604905,0.16439731161181742,2,161,1.5430846917912697,1.4260711272557576,2,200
23,0.06397155042650891,0.6683663940429687,2,25
24,0.2375775865745186,0.8418419566750527,2,200
25,0.5136919653961877,1.1499796639318052,2,46
26,0.4176004177618115,0.9943181924960193,2,136
27,0.09242708024924624,0.581533461511135,2,200
28,0.051087353031709505,0.12682059049606323,2,25,0.9055050400731577,1.031981110572815,2,43,0.02607361746148288,0.3561383525530497,2,73
29,0.31792671095201824,0.5806358845337577,2,23
30,0.3967142650370398,1.1029841044674749,2,23,0.2730483073918465,0.2318331534411274,2,200
31,0.5012521868606097,0.6835860932195509,2,111
32,0.2546509839618726,0.92294474366967,2,131
33,0.4934321677804391,0.4352886039018631,2,200
34,0.28059685817324165,0.47300240923376646,2,102
35,0.6640379938937991,0.7470794424414635,2,200
36,0.5659388242979171,0.7764712870121002,2,200
37,0.22983712574119367,0.9618449154354277,2,168
38,1.0281440918400389,1.4300229368465287,2,112
39,0.5047041058445285,0.8775192138760589,2,43
40,0.5940681067829364,0.8369912968741523,2,27
41,0.7508613690858317,0.679786707728337,2,156
42,0.0870311713069428,0.703635419542725,2,74,1.0052136441856923,1.1100101669629414,2,122,0.08117286445330835,0.50092041072173,2,200
43,1.4264388938313233,1.1370294501509848,2,79,0.12665300809357238,1.3386557030677795,2,179,1.1269479412821133,1.1537360236758278,2,200
44,0.26986994104567386,1.3344960761070253,2,200
45,0.8249327123886936,1.1082586193084716,2,200
46,0.5382454922281142,0.4524048503677724,2,59,1.1432276250686273,1.3479499717553456,2,83,0.1750229479448345,0.24726962126218355,2,200
47,0.21255435971802933,0.8239464354007802,2,47,1.334886613022371,0.9115792689500032,2,74,0.13900340829301824,0.6407266913867388,2,196
48,0.6277473078340601,0.6851321247220039,2,200
49,0.47786507453290894,1.1569127277894453,2,22
50,0.365762475535766,1.1837555252272507,2,29
51,0.6205310713213795,0.9205645820673775,2,170
52,0.9010733790428854,1.1434824448823928,2,200
