0,0.418700112936968,0.970120824277401,2,200
1,0.6453810052582721,1.2194977374303908,2,84
2,0.19694661180978865,0.7365809518098831,2,200
3,0.4174801662918078,1.1427948313951493,2,200
4,0.13897583530718158,0.4737152403051203,2,66,0.6717848155684014,0.9677006836120899,2,131,0.1381474890797811,0.8076926962189053,2,200
5,0.9532800090247354,0.8563327879121859,2,73
6,0.7292444929017076,0.9894417971372604,2,24,0.13979919489236642,0.9015130559829149,2,200
7,0.09794848683584995,0.4500275653387819,2,56,0.838437685522184,1.1974258093457473,2,132,0.05931617623206846,0.48691385151708827,2,200
8,0.37309677416706694,0.689552517682314,2,200
9,0.41380115310978094,1.0852511036396026,2,200
10,0.7437671324210129,1.049232188463211,2,200
11,0.36303327717159783,0.8434882900118827,2,200
12,0.04223976606108075,0.7339858294409864,2,136,0.7772227586543071,0.9064274579286575,2,160,0.05333627747724545,0.8153327092528343,2,200
13,0.6328030743094945,1.0252072432602959,2,174,0.18449332334625354,0.14090081132375276,2,200
14,0.11348485162637938,0.9866596201370502,2,145
15,0.3697632750111581,0.9382010465860366,2,200
16,0.6213605434801667,0.8534415486454964,2,200
17,0.5551495679767686,1.1622001899255288,2,37
18,0.2921651502576991,0.4806343859434128,2,200
19,0.25318594868376193,0.8941186865170797,2,69
20,0.8194691417977543,1.2450839757919312,2,10,0.050784846714698205,0.8789658918339982,2,127,1.041671666270308,1.366699682040648,2,171,0.06025802383805497,0.8047317759744053,2,200
21,0.042155636398132225,0.3327343778477775,2,54,1.3578644923107626,1.4483813217708044,2,68,0.01897095216128271,0.07630098182143587,2,200
22,1.4425123803317543,1.462791735711305,2,46,0.16712840098376325,1.3251388137404982,2,120
23,0.29696868629306394,0.9604186401810757,2,172
24,1.0495674561841482,1.2327880514295477,2,38
25,0.8041442019159448,1.1177902312382408,2,92
26,0.03622054418110821,0.22407673858106136,2,24
27,0.031767958721016995,0.32199872508645055,2,60,0.7784975702719615,0.5239192882309789,2,83,0.026351279187213444,0.2872321574311507,2,102,0.6214943792318828,0.6979342443602425,2,116
28,0.16119284940816284,0.7522060689330101,2,200
29,0.797252409811895,1.2438099228817483,2,23,0.09227243472211322,0.5142404629124535,2,68
30,0.8500984324850331,1.4573699116706849,2,30,0.09103163093608554,0.9805218199888865,2,60
31,0.5400489083652008,0.9618698824197054,2,128
32,0.5844324363098073,0.9577798313564725,2,63
33,0.08504666106233882,1.1454752045617977,2,71
34,0.4940250485937998,1.1325414317899045,2,113
35,0.3663285272204943,0.8810766134943281,2,35
36,0.2693776210976509,0.7399903158346812,2,30
37,0.6185965870350494,0.8014043228239076,2,117
38,0.4158818711716022,0.6988016913334528,2,24
39,0.6823402117933612,1.1151548767089843,2,25
40,0.811626281919505,1.0726671355962754,2,200
41,1.0656988348456262,1.3101447195303244,2,61,0.07085474742349772,0.46851901337504387,2,77
42,0.6610331573651825,1.254376779794693,2,200
43,0.021902375917920554,0.1495876908302307,2,9,1.0713127114087382,1.1423964085786238,2,32,0.027873006045164826,0.12724689910045037,2,45,1.504339487245534,1.2900433954985246,2,68,0.02021336416331466,0.1477786281834478,2,183,1.2033810820368966,1.4954427831313188,2,200
44,0.22585189496530286,1.4532306560381192,2,127
45,0.6311128392134991,0.8960703956853052,2,157
46,0.425413967817661,1.1325865200161933,2,200
47,0.6464241194220617,0.9230238199234009,2,60
48,0.4477342937440002,0.5677549070119858,2,200
49,0.5630236851069286,0.8623398286104202,2,200
50,0.2784327067078458,0.8032342024147511,2,200
51,0.19747174313662422,0.6102747775614261,2,200
52,0.37679765277461086,0.47137985151746997,2,23
53,0.3120626712785597,0.8774555544058482,2,30
54,0.1550328805618825,0.2733507215976715,2,20
55,0.36840610444479854,0.9415766463467949,2,76
56,0.3556761354514732,1.201834679245949,2,200
