0,0.6291029711581962,0.9994931370019913,2,16,0.014986781847227928,0.0568218483374669,2,29,0.9530561874328858,1.0428569221070834,2,57,0.04987933826498452,0.2784572714253476,2,95,0.7644487949595112,1.133045240684792,2,122,0.017352847891115318,0.06634977909753907,2,175,1.2434944072365364,1.0935524368286134,2,200
1,0.04241381938323784,0.7939446523785592,2,40
2,0.31846598087306555,0.637073048055172,2,200
3,0.2096797820956605,0.06316058818371065,2,62
4,0.08509728725141952,0.4901444874112568,2,63,0.7119491253625323,1.1063363497907466,2,129,0.1981617024423533,0.7004727998249968,2,200
5,0.26386567152259466,0.17429226227514036,2,91,0.6618772666528129,0.9383715157415352,2,142,0.39806425059357836,0.05605068724406393,2,180,0.8340641867211868,1.0645887672901153,2,200
6,0.8932854271334147,0.875724008208827,2,19,0.08683057211803244,0.6285843450527686,2,173,1.8152135832073943,1.4046332747847945,2,200
7,0.501074901640098,1.0290928572416305,2,200
8,0.9553799634410292,1.1295907317467455,2,53
9,0.33013335308344005,0.7101134061813354,2,20
10,0.5734258379511963,1.2605269095476936,2,34
11,0.34802861397630974,1.0327211633324622,2,200
12,0.1820812894959499,0.6270120377838612,2,200
13,0.45200205351240896,1.1361973186333973,2,120
14,0.2023966281434341,0.19747391198911973,2,31,0.8529193006384177,1.090047760210799,2,200
15,0.45703036947827336,1.2537000662088393,2,200
16,0.5371706888294665,0.7853467970183401,2,33
17,0.09622012094190881,0.19149484959515659,2,22
18,0.8789557904876907,0.9436036135469165,2,14,0.07862739529635505,0.6871339012133447,2,90,0.6576304040031461,1.0229436087608337,2,140,0.12302078712560935,0.8115121126174927,2,200
19,0.5788090804658933,0.8598915085196495,2,200
20,0.3566810232943023,0.21379638511849486,2,184,0.9746761338136577,1.2697506621479988,2,200
21,0.45299923265163416,0.545901705622673,2,200
22,0.5447223038109789,1.0507248586416245,2,200
23,0.15930315938130077,1.053571176021657,2,47
24,1.1097664267738876,0.6391730382237383,2,186,0.9261404811856955,1.5648638010025024,2,200
25,0.16766202489767434,0.6660574654489756,2,200
26,0.6990055661608342,1.3132658052444457,2,50,0.3710408855336554,0.7857645773887634,2,200
27,0.23842171775978707,1.1578166002035142,2,200
28,0.6540134724762374,1.028011854737997,2,64,0.06733879096742047,0.784911564167808,2,200
29,0.13644255531250296,0.744499359279871,2,32
30,0.28949995431181486,0.45115836130248177,2,27
31,0.051971455445564266,0.7231204924704153,2,158,1.8326921779874956,1.2974413463047572,2,200
32,0.09695071321276116,0.385533616774612,2,36,0.8765460643786024,1.1961361325305442,2,59,0.07776416135098992,0.5690013489401933,2,200
33,0.5899002819931571,1.024118618965149,2,200
34,0.4549754967248135,0.4873511766642332,2,200
35,0.3763802578971465,0.9832153291058686,2,163
