0,0.4409761697506773,0.8211367499828338,2,200
1,0.5160287794802925,1.2364071641649519,2,35
2,0.8107211976335692,1.2681306878725687,2,30,0.09432531320008321,1.153273839216966,2,56
3,0.4075299225195615,0.7107099662224452,2,30,0.08801368400548439,0.089627443253994,2,200
4,0.12913799623192732,1.1585810321569443,2,200
5,1.507015184499653,1.200457112209217,2,37,0.2574501580255393,0.6071849188634327,2,191
6,0.10202651173097044,0.8780199238657951,2,200
7,0.7561346913547148,1.1374011635780334,2,20
8,0.3557875973241085,1.4361958836400233,2,43
9,0.33539330932082906,0.9570108890533447,2,20
10,0.7801544602711561,0.9109974482655525,2,200
11,0.8025122227894448,1.0434521710386082,2,98
12,0.6773552074440535,0.98724872041756,2,71
13,0.2576436119553824,0.1974410807162943,2,142,0.796250423537602,1.128396213054657,2,174,0.34891483520906785,0.20971062091680673,2,200
14,0.3205298456389528,0.9312762069702148,2,200
15,1.4728195950903373,1.2035862037113734,2,21
16,0.04826670262838004,0.5307154435555912,2,103,1.4885408615612783,0.9996848560514904,2,124
17,1.4984621952139634,1.425262278980679,2,36,0.026691381082240426,0.3279643272360166,2,66
18,0.5197395437003508,0.8525161263346672,2,200
19,0.26888569035627835,1.0004909920692444,2,200
20,0.01811052702721688,0.09769181891154217,2,93,0.6269343089110183,0.8011162010106173,2,104,0.015893912264444983,0.0863872454925017,2,137,1.0090923884016936,1.2622368097305299,2,152,0.0196299367678614,0.058232358656823635,2,200
21,0.5618155665335259,0.7807018484175205,2,200
22,0.16176781563353634,1.2535019721835852,2,64
23,0.32076904065071066,0.6370526887168569,2,121
24,0.2699864253555034,0.6616388982342135,2,31
25,0.291542771204557,0.7787441788492976,2,37
26,1.2597262412072565,1.437509694614926,2,37,0.8533456445033264,0.19200798502711,2,98,0.9627239828692369,1.0148839369052793,2,139
27,0.7734700862834215,0.17568908924502985,2,56
28,0.7479430328250009,1.3617190936716592,2,41,0.44031260508045245,0.2957895570180633,2,151,0.8425979013714251,1.3020051401488635,2,200
29,0.5047208608409759,0.9907795730233192,2,200
30,0.7820357263592707,1.1500781911611557,2,200
31,0.10971339275050751,0.4462418031692505,2,50
32,0.3397388250277136,0.6934993606805802,2,200
33,0.46396573173436406,0.8956450548768043,2,200
34,0.05827317679825678,0.9433070051670075,2,200
35,0.26493690975118017,0.8234064429998398,2,44
36,0.12654848373476274,0.771442685438239,2,23
37,0.1646527433698548,0.8161933588981628,2,200
38,0.27868704206484146,0.4377549744404114,2,111,0.7033810721153265,1.5543193879880404,2,130,0.14877623973811818,0.5483539145568321,2,159
39,0.2283063517539563,0.7431349792177715,2,63
40,0.15392048512693465,0.8014384114995916,2,47
41,0.1412155607853256,0.9121827763669631,2,17,1.2215429476048534,1.3565758378417403,2,71
42,0.13563972030828897,1.06834252551198,2,32,1.048817777456502,1.0534525598798479,2,67,0.11657575781033452,0.758919378121694,2,130,0.8786035529349748,1.2431830491338458,2,200
43,0.341945090062978,0.17312955179958478,2,141
44,0.737946194439176,1.1538179121587588,2,184
45,0.7185701895983243,1.0954161485036213,2,42,0.09126285820575547,0.32948236212585913,2,141,0.4183442634030157,0.5343864993916617,2,186
46,0.8538789126152515,1.0115444920279764,2,110
47,0.12721167620980856,0.19178276635706426,2,200
48,0.4646785164461522,0.3602402900777212,2,82,0.6222593423570243,1.286942684289181,2,115,0.40854321451990644,0.36216300779155325,2,171,1.1448407825198883,1.3412173205408557,2,200
