0,0.5880539382142154,1.283704301047195,2,183
1,0.30412787756853665,1.0367199794666186,2,37
2,0.7779996571800668,1.234030090529343,2,29,0.13944089315253935,0.6151635995385243,2,200
3,0.3171079821351286,0.2835773565479227,2,185,1.2919860598624242,1.3731588999430338,2,200
4,0.130879692492552,0.6220104268618992,2,98,1.8212879836139388,1.7202831583638345,2,160,0.11895899155256569,0.6948322713375091,2,200
5,1.0996798816281743,1.1988453006744384,2,25
6,0.2882963458658089,0.6329957133247739,2,63
7,0.18557283948248987,0.320478982552886,2,200
8,0.2734391772033286,0.9817125728760643,2,174
9,0.3599651698668057,0.7429513311386109,2,200
10,0.5893387327032183,1.3639407687717013,2,36
11,0.10296733368743884,0.3339831426739693,2,20
12,0.8101128852301384,1.0997911073543407,2,27
13,0.5231444101110716,0.7977152852096943,2,99
14,1.0856483207372558,1.2250384870840578,2,49
15,0.04333609646631874,0.3980876922607422,2,200
16,0.069343364034094,0.21350330768561945,2,41
17,0.2716015951635767,0.6135050396124522,2,30
18,0.4860557234648179,0.7077130978660924,2,112
19,1.0164795412568945,1.1820757540789517,2,55,0.1573296547086948,0.5108998913850104,2,195
20,0.44951625919388827,1.114628537841465,2,23
21,0.29185199987097576,0.40693887919187544,2,20
22,0.6402502025455477,1.1315023308992387,2,200
23,0.6970674539735072,1.14185926805843,2,110
24,0.08199447972463027,0.06668841968411984,2,69
25,0.5751881260152546,0.2647938911629989,2,113
26,0.023283164420762812,0.06776502022617742,2,38,0.47324285288287465,1.0454686433076859,2,54,0.025505181982661308,0.08443410327173259,2,200
27,0.14709980073174964,0.41617029545636014,2,174,1.2998681474475873,1.403256629194532,2,188
28,0.2377734551054601,0.9753514689207077,2,200
29,0.6457592102347612,1.1590662950277328,2,200
30,0.19622387934573307,0.42310375895570307,2,68
31,0.0751199201873683,0.461949950158596,2,200
32,0.9235014233482509,1.3534789770841598,2,200
