0,0.5509199536277758,0.875289598107338,2,200
1,0.07708270749254342,0.42306124843657017,2,200
2,0.5078853526299901,0.6659682925258364,2,112,0.7074741538984177,1.1440060247074475,2,200
3,0.7344338890553325,1.265381310582161,2,200
4,0.23224493588010353,0.5719957292079926,2,200
5,0.1699868968676561,0.6440789777040482,2,200
6,0.4716578368976694,0.8409505992565515,2,53
7,0.39754385208774645,1.1916572225093842,2,200
8,1.0242015273572616,0.9672132929166158,2,69,0.4800402188754098,0.372617898779061,2,200
9,0.6296293471501799,1.0415681754389117,2,31
10,0.7275081859962632,0.8328990906476974,2,200
11,0.09161707938791772,0.8311649958292643,2,21
12,0.7931131218414444,1.152436182498932,2,200
13,0.6814450673092629,1.0625307968684605,2,35,0.20119661297758473,0.19748730560143787,2,200
14,0.26530172833924254,0.8082267266511917,2,200
15,0.2908531021139054,1.1991749361941688,2,95
16,0.743164525167137,0.9579775550148704,2,22
17,0.6673149481877853,1.0003248518705368,2,200
18,0.946803841052514,1.3257530331611633,2,38,0.163111924102257,1.0172391285498936,2,74
19,0.10036356374624465,0.5301409428119659,2,125
20,0.42628346586348115,0.585712762773037,2,200
21,0.3409234408671931,0.811029951274395,2,200
22,0.11882334873630658,0.26321337219232166,2,78
23,0.6188281270119674,1.0336933977463667,2,34,0.3645189352923969,0.47301920255025226,2,37,0.0907295173143801,0.29673649619023007,2,121
24,0.38939539960102326,0.38652741119265555,2,200
25,0.49041624866608075,0.9268972984066716,2,27
26,0.4040647885269444,0.8528250488638878,2,200
27,0.118339666690526,0.5775416028499604,2,200
28,1.0260282736151485,1.0727799367904662,2,50,0.25485014732437133,0.7273373762766521,2,200
29,0.18989786592525895,0.850283187262866,2,196
30,0.24083358302840813,0.6376478838920593,2,200
31,0.6196260818786323,0.5312468007206916,2,200
32,0.1810120901589925,0.6953209242224694,2,200
33,0.1770842027596328,0.5692081268131733,2,200
34,0.11713691884138579,0.42845148604307604,2,67,0.9192775814535362,0.9056513085961342,2,131,0.1558859518045746,0.5487403031708538,2,200
35,0.5584797216133264,0.7959573209285736,2,200
