0,0.743647850238685,1.3859535881451197,2,14,0.09183385421183479,0.13721890476616946,2,58,0.6890525806794501,1.3060275554656982,2,73
1,0.14874353719407754,0.3351379718631506,2,80
2,0.3303226049219295,0.5159988713264465,2,200
3,1.2637412374602006,1.1723296831524561,2,63,0.39079864455262575,1.201920512818942,2,200
4,1.1997999022844679,1.305650601020226,2,26,0.12867355030792757,0.4184091209757085,2,124,1.2354224197400623,1.3931881412863731,2,156,0.13990723666366942,0.5234749486500566,2,200
5,0.9164275095445509,1.1458342753350734,2,200
6,0.8115695089314324,0.8673455622792244,2,200
7,0.1592806647619947,0.5891545234620571,2,200
8,0.6827552936843102,0.9332002606242895,2,64
9,0.33675486347410394,0.7790365129709244,2,200
10,0.04243903647897315,0.3881279352833243,2,34,1.1300012891732607,0.630266858772798,2,56,0.0656491176751888,0.47790120397177005,2,200
11,1.481231057762758,1.0441889949142933,2,32,0.033764844941761026,0.5541860257324419,2,70,0.8589545619442511,1.035674162209034,2,86,0.0338358525534352,0.49593948429090934,2,143,0.8961040126515708,0.9007714495324252,2,200
12,0.3513871049378642,0.9236801193654537,2,200
13,0.09897308331849168,0.28155849628150464,2,200
14,0.2970807416904932,0.16995523018496378,2,21
15,0.37529832763290305,0.5095439499074762,2,22
16,0.17235132112615165,0.9497229700738733,2,22
17,1.154000901906422,1.1287910479765673,2,52,0.26098634150997135,0.6841220742947346,2,200
18,0.13427598765715393,0.30584757313841865,2,126,1.0181735703363897,1.3091873123839095,2,163,0.10664636323783339,0.13602282549883868,2,200
19,0.7958078352147249,1.117581641232526,2,54
20,0.2827245520637536,1.4392850347187207,2,23
21,0.2844475639070441,0.535991772338748,2,200
22,0.7262117588173497,0.9437005928269139,2,54,0.6979179673369215,0.4176534791923549,2,200
23,0.44606446071113426,0.9254182164485638,2,26
24,0.019719599869512945,0.05221925356558391,2,42,0.7547370190596697,0.9830531633418539,2,88
25,0.7826756851673599,0.6212182159721852,2,200
26,0.13940762499792372,0.5673571345210076,2,200
27,0.5675408211880036,0.8152858763933182,2,8,0.03687916995490032,0.7572486462692419,2,200
28,0.12478101124210955,0.43950324669480323,2,200
29,1.1073046914590172,1.2001409187155254,2,59,0.052564504799641115,0.45436498522758484,2,84,0.7344546472916323,0.9464731115799445,2,161
30,0.5781782743627403,1.2904343336820603,2,200
31,0.7771415509894406,0.7634383571147919,2,50
32,0.8239397012142421,1.203062068670988,2,32
33,0.47945570185196423,1.1253554381822284,2,57
34,1.1067830936232343,1.435606230388988,2,22
