0,0.8954780413234724,0.8717886408170065,2,30,0.11695566732602392,0.9631537191378765,2,108,1.0720982255781106,1.0258630332739458,2,200
1,0.20035263815444646,1.1949272936788098,2,29
2,0.25183206159862437,0.9674117131233215,2,125
3,0.08201709457338094,0.22695148471048324,2,118,1.1400280374406722,0.8815656852722168,2,143,0.04251051523507492,0.08999632691082202,2,200
4,0.4139165789654183,1.2430391212304432,2,48
5,0.7531369370443739,0.4607949866316257,2,156
6,0.34826698287510277,0.9269922218015118,2,155
7,0.8321961853046944,1.0161269664764405,2,200
8,0.5046696103382925,0.7924731373786926,2,28
9,0.19319156237179205,0.92881436713107,2,111
10,0.3493595228170418,0.8536207866668701,2,200
11,0.41103795309291435,0.8631772680716081,2,55
12,0.5365811307335568,1.0015788313954375,2,86
13,0.43392299684754104,0.5632008711496989,2,21
14,1.0933426581468397,0.26153667956590654,2,200
15,0.16024677226895034,0.5465785938760509,2,23
16,0.15605823215751666,0.7806947543507531,2,21
17,0.09354310996243018,0.4993103159510571,2,23
18,0.8562404406821309,0.7956372424960136,2,200
19,0.7190071366335821,0.7576708069443703,2,200
20,0.3489470510100274,0.9670136016607285,2,200
21,0.779601951213861,0.7986229893565178,2,200
22,0.4640439542967461,0.7638262850046158,2,200
23,0.41997107025553765,0.8590279790759087,2,200
24,0.07353069389959259,1.0147978175770154,2,33,0.9996184733336044,1.0193205213546752,2,58,0.10278193505228425,0.8022111142185372,2,200
25,0.6659428637675678,0.8779427330859386,2,137
26,0.4200325284095118,0.8721432685852051,2,200
27,0.06989323270933213,0.5789733728766442,2,200
28,3.9013881182152232,0.9022717028856277,2,8,0.04532070276928908,0.13942227164904278,2,68
29,0.4018564248055855,0.7048161040246487,2,200
30,0.8253368340742677,1.3911091566085816,2,20,0.5198572662942904,0.38564395474063023,2,200
31,0.8745368287571844,0.9394892803553877,2,58
32,0.23148391456450457,1.183770529685482,2,62
33,0.21455693387926741,0.5419570097216854,2,54
34,0.9491969679804089,0.8257836903013834,2,41,0.1651802968892931,0.47510895927747093,2,131
35,0.4226108092729274,1.1246818986535072,2,200
36,0.12497363079286092,1.177346237918787,2,171
37,0.7456350359943243,0.8813045161962509,2,200
38,0.6547774248353142,1.1211008897014694,2,102
39,0.39751328911351624,0.9080211379026112,2,152
40,0.641906592708975,1.1847296357154846,2,126
41,0.7243189054915649,0.8924095898866653,2,20
42,0.6299636216051858,1.225830969810486,2,25
43,0.5978602224158815,1.0327746441944894,2,193
44,1.1922700790183383,1.3862717727134968,2,29
45,0.8083223314928618,1.2071629333496094,2,25
46,0.6178337473344491,0.5595577019453049,2,200
47,0.6324886002633493,0.7003557775169611,2,64,0.846177718641109,1.5448946571350097,2,89
48,0.4155719004502365,0.8810696059465408,2,200
49,0.027250855256034493,0.2675702303647995,2,15,0.8299411851597094,1.205168797781593,2,91,0.021292169226923154,0.21668509052445492,2,139
