0,0.26192244251436625,0.638417783677578,2,200
1,0.16826700143689935,0.6875812616841547,2,58
2,0.22131132314841018,0.2721640001292582,2,54,0.6472131078805208,1.122143173519569,2,133,0.22896616186357596,0.3459340680891009,2,200
3,0.8578094868514297,0.6608541244640946,2,128
4,0.4726911297022231,0.7542348839342594,2,200
5,0.5239998524973333,0.6972705447673797,2,200
6,1.316860206142129,0.6211569002180388,2,33
7,2.2149007182786993,0.9557092388470968,2,6,0.036749776737051994,0.9125147116811652,2,63,1.328959968102003,1.05235303475939,2,121,0.03513202757327964,0.8289049463936046,2,200
8,0.7543800612906026,0.8651266220288399,2,39,0.5643001256015494,0.07361612005053826,2,92,0.9997678195353304,1.339858517050743,2,108
9,1.1758276282937197,1.2614830571251947,2,37
10,0.1617100208847806,0.7564623942880919,2,132
11,0.09295975385697265,0.5719017079100013,2,32,0.48865782657756907,0.8934683698415756,2,82,0.025265324434226643,0.758085670107502,2,200
12,0.31041471317235053,0.6709011229839954,2,91
13,2.6895237910268284,1.667872707049052,2,6,0.20353525051155372,0.05991113585295137,2,200
14,0.5970305523711374,0.6643655546911204,2,157
15,0.7538921857404142,0.9881665412407772,2,157,0.5049798452170315,0.16085403221984243,2,200
16,0.15669658314211868,0.6884682462328956,2,21
17,0.5912353401309286,0.44732321180403234,2,200
18,0.609323528986686,1.0569980269670487,2,200
19,0.2427493980383125,0.7618874171376229,2,200
20,1.1896851545277702,1.56633688722338,2,21,0.5011011368245821,0.23645743814067563,2,90,2.101697661108364,1.5395604286875044,2,104,0.42554948112329605,0.11120310487846534,2,200
21,0.05205149865078887,0.5989011579720431,2,189,1.9205953078960307,1.3646214116703381,2,200
22,0.3730086305908202,0.6765588614344596,2,200
23,0.25635622622746296,1.0392798382043837,2,200
24,0.3763081462856309,0.7250805446505546,2,200
25,0.7035815549680482,1.356687029202779,2,18,0.3691448692990696,0.516765044940697,2,200
26,0.24266966044764882,1.1576839941740036,2,200
