0,1.506765613502779,0.9583778785807746,2,56,0.19884741479490348,0.9695685017440054,2,200
1,0.572693477833033,0.9688600382208824,2,200
2,1.0049701880648922,1.505888507916377,2,13,0.13470257396520863,0.11827103151329632,2,129,0.8772949997096676,1.0521187697138106,2,143
3,0.6142867820453972,0.9128428748250008,2,200
4,0.4915417191880112,0.9065712091326713,2,200
5,0.503504483371377,0.7616069855228547,2,62
6,0.42682603963715543,0.7331496784320244,2,130
7,0.17569051653888312,0.8229949364066124,2,200
8,0.3870837854747502,0.9296866768115276,2,37
9,0.5715441673113271,1.050839244373261,2,63
10,0.48937241161354544,0.9801684946095178,2,109
11,0.31033679084144705,1.174685178399086,2,200
12,0.5259106823567704,0.8391904547810555,2,40
13,0.49135146581683353,1.1092722125169707,2,41
14,0.44893746982509836,1.260314334522594,2,22
15,0.6003444913278744,1.053074755451896,2,66
16,0.6868466666892415,0.500602320432663,2,200
17,0.685703014962864,0.2025951486080885,2,200
18,0.8458227276420391,1.120489830772082,2,24
19,0.025059812721346088,0.2986107587050169,2,39
20,0.28226182216929413,0.9074449991950622,2,104
21,0.33958610714711696,0.9517434179782868,2,20
22,0.3273118759490773,0.8001898606618245,2,30
23,0.4307748874306438,1.0519981781641643,2,78
24,0.8962272910244384,1.1004487815357389,2,42
25,0.6643794624600327,0.764893477753654,2,193
26,0.3501180580136573,0.6177842895686626,2,200
27,0.43220668219262665,0.5883778367530216,2,176
28,0.41002442639416264,1.0664217102527618,2,200
29,0.0873615539023065,0.281688001807605,2,107,1.1146145646070043,1.029060184955597,2,151,0.1287582474041196,0.1841589355347108,2,200
30,0.14271850827638916,0.5901375182213322,2,31
31,0.642481884607942,0.7938588762283325,2,200
32,0.6138753993773957,0.62194531083107,2,200
33,1.5242149258856268,1.5565320783191257,2,9,0.023676593519904327,0.050134802202008805,2,62
34,0.5223090340683035,1.0717731976509095,2,200
35,0.4200348298388055,1.2076659321784973,2,200
36,0.12180974240177969,1.2711548366044696,2,95,0.718245386991903,1.1983696600285971,2,136,0.08873526567141457,1.2890764772891998,2,200
37,0.375627847877077,0.9556805382554348,2,52
38,0.36806447049601687,1.1790854632854462,2,184
39,0.6511114513487634,1.2722537517547607,2,25,0.09996709755014818,0.35989552033934624,2,182,0.5498211937167651,1.2880731688605414,2,200
40,0.26685237108723797,0.6828434079885483,2,200
41,0.2643011336599055,0.45194848541972005,2,79
42,0.7842066237676243,1.0305471128225328,2,200
43,0.8140220392389338,1.0852993440628051,2,25,0.09497514512162933,0.16881011262699797,2,116
44,0.5304343086940041,1.0198831486701965,2,200
45,0.5871996102535072,1.1554649020063466,2,58
46,0.3954791265152096,0.3488509266078472,2,200
