0,0.47031011440889564,0.9246417891979217,2,200
1,0.9515674679666056,0.9891214348651745,2,54,0.08866951026913171,0.5926732322941087,2,200
2,0.7840036390187991,0.7919000188509623,2,33
3,0.37816698774278845,0.8675088624656201,2,200
4,0.10387196432669503,0.892755838641285,2,137,0.8363866543259829,1.0335049771127247,2,200
5,0.6486971615293688,1.2755189874384663,2,101
6,0.6512422640467588,1.2851549203579242,2,52
7,0.5763623636129553,0.9814145095420607,2,33
8,0.2652983427495819,0.9859391266107559,2,200
9,0.3565880958032999,1.4519933841846608,2,135
10,0.1743895472098026,1.0426170943925779,2,96
11,0.13421230298320705,0.8915653567056399,2,37
12,0.5426339406050426,1.1636079686880112,2,200
13,0.34773014915738576,0.8096945095062256,2,200
14,0.2700840639499072,0.9916095764686664,2,96
15,0.5697327433836575,1.3697953837258474,2,35
16,1.13226491799755,1.024754273740551,2,79
17,0.7074412547856166,0.7550927361144739,2,136
18,1.165039306039286,1.0903056280953543,2,35
19,0.5266222278952449,1.045042698536444,2,109
20,0.2789101557935018,1.0796193331480026,2,200
21,0.30608228165522405,0.7711634236574173,2,200
22,0.3761787007756935,0.2573746881633997,2,200
23,1.0414135035753054,1.0072381422843462,2,81,0.18345231455494326,0.6356648572352754,2,200
24,0.44655180404853445,0.8911752134396885,2,181
25,0.1774822009875386,1.043457592725754,2,200
26,0.5776079126606981,1.2442131529048996,2,49
27,0.6331871603946637,1.2099296534061432,2,200
28,1.0198394230002985,0.7458457980837141,2,35,0.25752606219015983,0.6535580971024253,2,200
29,0.21284729280797857,0.38302573641496046,2,112,0.7122217981285887,1.2004846192117948,2,179,0.19408522844163148,0.12015004952748616,2,200
30,0.5503773518958814,1.0286273091542917,2,122,0.11414200541700234,0.6474484052413549,2,200
31,0.34501199317245707,1.0052694727392757,2,170
32,0.14145083668360703,0.48797423457890227,2,114,1.1571750261518814,1.1162197490533192,2,150,0.17227755033076372,0.6800294685363769,2,200
33,0.5314143467747117,0.5561457508802414,2,200
34,0.7106932690416673,0.7028589248657227,2,24
35,0.49788313462869965,1.0410961943864823,2,200
36,2.94015233499761,1.2708410620689392,2,10,0.047249880101991534,0.35131705707559985,2,58
37,0.0631942753876488,0.1800894567912275,2,22
