0,0.09884460790053633,0.6430306834609885,2,76
1,0.9809576457849888,1.2524999088711208,2,45
2,0.7533075008871726,0.764764878153801,2,200
3,0.33037891483150594,0.5917759773135185,2,200
4,0.0831554389414531,0.7354774404380281,2,59,0.783818702204347,1.0950205138751439,2,129,0.10454860458139516,0.9904193416447706,2,200
5,0.43974403664441525,0.5112340830894838,2,83
6,0.6999699805370544,0.7274051207304001,2,200
7,0.6229208457550015,0.13711853949900935,2,136,1.0596946435011103,1.2877972951302161,2,175,0.782568119870003,0.1263718545436859,2,200
8,0.47640025785232404,1.0522096136212349,2,200
9,0.21474581913613408,1.2225875610113144,2,200
10,0.46770101529046054,0.587503876388073,2,200
11,0.529006706209208,1.1462721620869434,2,117
12,0.7471725661811349,1.0911395333030007,2,143
13,1.618391387933872,1.2834544352122716,2,28,0.036474769634688674,1.1098260538918632,2,77,0.9352099332284447,1.1942711762019567,2,112,0.032290423343307395,1.308681098314432,2,138
14,0.832448527318186,1.0340515467855664,2,90
15,1.1759556933788724,0.7603519296646118,2,25
16,0.8558492843426982,1.1207391483741893,2,57
17,0.6616054937954361,1.1158533027768136,2,200
18,0.2974149957702104,1.430132132768631,2,200
19,0.9621022701280249,1.379990842453269,2,86,0.13290062036674893,0.6562178757107049,2,200
20,0.7046790231277044,0.5947145040218647,2,117
21,1.1390468945295875,0.8266410157084465,2,64
22,0.46239780932649166,0.9223405992984772,2,200
23,0.7671303946054822,0.814883422043364,2,59
24,0.7834968892422025,1.0236490567525227,2,30
25,0.18208727968902086,0.31796883955597877,2,200
26,0.07613067797641687,0.5804806374013424,2,200
27,0.6822197905256498,1.004017362560051,2,69
28,0.9357989612098198,1.2474012679242072,2,47,0.018511312038391056,0.236438210978604,2,196,1.9928467391136166,1.1071995198726654,2,200
29,0.08099136941729361,0.9381118002391997,2,105,0.9963520274800196,0.961687790022956,2,132,0.1535860559456921,1.1130556429133696,2,200
30,0.6470783622773523,0.4766187194515677,2,85
31,0.47185232678041383,0.8145894123109307,2,127,0.27689491740489547,0.04020446253149477,2,200
32,0.2620346576940031,0.0788434991635472,2,83,1.070843737359055,1.184296711285909,2,128,0.22592688354534837,0.2558875311579969,2,200
33,0.5081591759217492,0.8995402288787505,2,68,0.11661154214383555,0.8738967523430333,2,200
34,0.01831654736897244,0.5502257851453928,2,26,0.7176311424368705,1.3226007297635078,2,58
35,0.025349867898526043,0.35651725736157647,2,29
36,0.24539914439716684,0.5332898001372814,2,200
37,0.030265022531839957,0.09904848237832388,2,15,2.285778738623971,1.4301096146756953,2,37,0.030613575968101003,0.07229382177473793,2,108,0.905893672168349,1.431699737906456,2,128,0.04603659596809555,0.1519412568045987,2,200
38,0.6473784464941489,0.7621582586850438,2,56
39,0.7732236012094683,1.0321343447788651,2,83,0.20005882110653278,0.5539506205126771,2,200
40,0.8349665743653089,1.0681715745192308,2,13,0.062179213476876855,0.2957435381357317,2,121
