1,0.4932651627331217,1.0440679285394487,2,199
2,0.5724000006833746,0.9950141830647246,2,47
3,2.8132569198858555,1.3911525160074234,2,8,0.020826097779162746,0.1967281283189853,2,200
4,0.9812541854698518,0.4083796714742978,2,24
5,1.8069783833119861,1.0437854479570858,2,61,80.4940970648909,1.848271481692791,2,93,0.07685827342335894,0.5210532789880579,2,104,144.19373618408375,1.9270777851343155,3,112,0.031060135183992352,0.8633930683135986,2,121,0.23393738776998071,0.3855129245382089,2,199
6,0.8012214993756831,1.077850110390607,2,51,0.01653271347281977,0.18005688800602346,2,199
7,1.290388460903685,0.7243707026204755,2,31
8,0.020829555549229276,0.0698104440420866,2,200
9,1.5252516349882292,0.8849493835653578,2,70,0.01929199640512738,0.13158905574908622,2,200
10,1.2434678091893208,0.7318780273199081,2,28
11,0.6911693410293143,0.9544410885882979,2,119
12,0.11076115469498261,1.3931593000888824,2,4,3.577821990966815e-05,1.0988598093390465,2,20
13,0.07476772152996036,0.2709369426220655,2,200
14,1.1871032884036263,0.9718605498193016,2,142
15,0.4401101598939002,0.7369754612445831,2,46
16,0.6673007038204841,0.9788310902459281,2,35
17,1.3605224018887303,1.1414649767822094,2,89
18,7.805850204582221,0.40509416826069355,2,200
19,0.4307858159152825,0.9830226295051121,2,84,6.998184749778559,1.0584324082502952,2,175,841.7456875850788,1.9756059169769287,3,195,0.12157587795584138,1.0436433792114257,2,200
20,0.738655508665461,1.024805779408927,2,198
21,0.5485180523705654,0.8084312364459038,2,40
22,0.5865205278205371,0.9629650855064392,2,200
23,1.039240471498972,1.1675251470162318,2,52
24,0.8906540251021314,1.093166664589283,2,43,0.03359512356048237,0.12019943118095398,2,93,1.0719774561739102,1.0191457761782352,2,200
25,1.7855597419765592,1.194743853348952,2,13,0.041289989866230156,0.11029727454172736,2,200
26,0.7769385186709329,1.12576133554632,2,33
27,0.47911923860418376,0.9077768902624807,2,31,0.02281979232309936,0.14321735016340334,2,200
28,0.020240395482016737,0.1434692693501711,2,200
29,2.4550235676441465,0.9464539839671209,2,13,0.027039026011398203,0.22903313435972694,2,200
30,13.530311049392878,0.3695919781923294,2,15,0.015116877750563982,0.22936347406357527,2,191
31,4.624975068687218e-05,0.9050239828916696,2,13,0.07031943437794688,0.13243761375735078,2,92,1.063460213393136,0.779041954449245,2,134
32,0.7960616670986226,0.9922885727464107,2,114
33,1.3891806162610618,0.6307601559011242,2,79
34,0.07307183271487686,0.21263141062074495,2,103
35,0.06452857681486843,0.8097362716992696,2,6,2.047401643798586e-05,0.9561236314475536,2,22
36,1.3874711577893415,0.862742006778717,2,13,0.024837569300451397,0.23331554697619544,2,58
