1,0.5397515206348956,1.0718800959763704,2,135
2,5.493352882460872,0.0626187354878143,2,54,0.5723832759364098,0.2365149800516978,2,173,14.392872895872593,0.1188980026377572,2,200
3,1.2329427832640074,1.000822525275381,2,57,0.01822148736415298,0.23305302629104027,2,200
4,1.0378503774430023,1.2149334034873445,2,103
5,0.06704976699087198,0.9222487807273865,2,5,2.9890611828046793e-05,1.0586936712265014,2,20
6,0.87482572520944,0.9444818368979863,2,28
7,0.649938470719886,0.9625990724563599,2,200
8,0.6992487421049608,1.3051651310413441,2,47
9,0.05081360980380372,0.23234546735882758,2,200
10,0.362518491493036,0.6393330333133539,2,48,6.798604267570455,0.13228717725723982,2,144,14.107678803723385,1.5520933216268367,2,199
11,0.8382916056174204,1.0830777955466304,2,58,37.37227691281955,0.09651579686873396,2,200
12,4.172639142930094,0.1795888215303421,2,15,0.019900936672508605,0.1277365553217965,2,200
13,0.9792708957256423,0.9037591651245788,2,91
14,1.7491371689613686,0.6868483167407768,2,112,14.081583015476479,0.6161584790263858,2,182,0.008159942559737746,0.8750573992729187,2,189,103.85483455857474,0.18397051244974136,2,199
15,1.2078057017983828,0.8401289266347886,2,200
16,0.8606812075855641,1.0313761931657792,2,200
17,0.25852112412599887,1.1863353568315507,2,200
18,1.270267163562403,1.041151523590088,2,61,0.020711645551695825,0.10084256872856359,2,200
19,3.437593210122092,0.17285419076681138,2,200
20,0.6698522314419391,0.9336648905277252,2,200
21,1.3898444564600572,1.1110994662993994,2,39,0.003194855914625764,0.12305106222629547,2,176,1.1008392468065753,0.6365777688721815,2,200
22,47.29914913335601,1.462085616476131,2,53,638.5822687170356,1.8480543560451932,2,143,2.253827208137554,1.500127639089312,2,150,0.09168477228822591,0.20349971055984498,2,200
23,1.1353376416982355,0.8182431890264802,2,92
24,1.127329604054714,1.0349974914600975,2,114,0.003877173229605492,0.1658233168513276,2,200
25,2.678760869371679,0.9694987684488297,2,24,0.0028742972346027258,0.09872380644083023,2,200
26,0.9365282908082166,0.888934930733272,2,35
27,4.9558556959332964,0.28151270611719653,2,22,0.05333515941307949,0.16317580103874207,2,47
28,3.1584582847790816e-06,0.7171695530414581,2,20
29,0.12876654801333431,0.23564110013345876,2,48,0.00010197001408861919,1.0079944683955266,2,61,0.062262104684678014,0.163614921271801,2,81,7.140525295370681e-05,1.2633209476868312,2,93,0.03289266910127253,0.1576758193525862,2,187
30,0.49641381767696696,0.8106551347142559,2,118,12.1068044881284,0.17193358737443173,2,174
31,0.7907181324665437,0.9138400393227736,2,48
32,0.5939474584871577,0.9783742139542025,2,153
33,1.2899324826439156,1.2387272874514261,2,30
34,0.025622512951299414,0.1520205360083353,2,42
35,0.5989164183079808,1.199929231405258,2,20
36,0.41125552289860073,1.0194448599448571,2,26
