1,0.7381817022478935,1.0735737085342407,2,19,0.018416363050702243,0.19774332766045524,2,200
2,0.3773298328989214,1.1759868676845844,2,26,0.023570023251056286,0.2622533126295298,2,200
3,1.4564892789850867,0.6989947002509544,2,29
4,0.5750449666757332,0.859577655494213,2,200
5,2.3077892810663,0.5067665031445878,2,56,0.051206797560235974,0.607764858948557,2,75,104.79347281280667,1.8902547413652593,3,97,0.06651693192350093,1.4608924899782454,2,104,328.08745257423084,1.99,3,122,0.23025315148450315,0.9305931161279264,2,145,282.2148238068958,1.914400726556778,3,153,0.05097715241178294,0.2779768242480907,2,200
6,1.1260375047174978,0.9768906091198777,2,66,0.027822769604366863,0.22707356657110042,2,200
7,0.9867031332098153,1.0919983053720126,2,93,0.024773490412597247,0.07082890503317396,2,200
8,0.5700304733559638,0.6749367283450233,2,9,0.00012032270948684013,1.1132237044247715,2,20
9,0.9163417001917545,0.9568735074996948,2,200
10,0.32929245720770456,1.0766022094746226,2,97,0.004189579474935816,0.044967278114800315,2,200
11,1.5928602022464307,1.323361629531497,2,21
12,0.5479322134735954,1.043579694387075,2,37
13,1.6390807693709653,0.5090756813685099,2,45,0.03399455795203349,0.08579912858624612,2,200
14,0.05835263517273316,0.15741350881755353,2,200
15,1.2473765206708,1.0525576257973575,2,89
16,0.5991589305064682,0.7914392674075705,2,112
17,0.3839673918717586,0.9865836871081385,2,58,0.016882148070434515,0.1387749506344258,2,200
18,0.7470522040638706,1.172148600772575,2,54
19,0.021542068111718854,0.1372078428665797,2,90,0.4979110718061322,0.17851470259052735,2,198
20,1.3561805314106896,1.00749491751194,2,40
21,0.9334781395255981,1.162987289428711,2,25
22,0.8243818817669528,0.9860589070753618,2,44
23,0.3827835988036988,1.243866913246386,2,33
24,0.6333752323907021,1.1500627249479294,2,24
25,0.9204910227697465,1.052045222123464,2,30,0.056756424329476626,0.18721599426089214,2,149
26,0.05686081076380935,0.18468705433256485,2,136
27,1.305245229196984,1.1707520606566448,2,49
28,0.6396579864715359,0.9227271085386878,2,111
29,1.4463851647171648,0.9415358511301187,2,52,0.04168025587579291,0.22276004593251114,2,111
30,1.182407096596251,1.0862767505645752,2,25,21.60332021733375,0.15137801991730201,2,107
31,1.9676466460355073,0.6716057256043676,2,83
32,1.0768699868756846,1.0790399224669844,2,81
33,0.07781357280450472,0.18281450122594833,2,22,6.787415129773563e-05,1.2015095267977034,2,36,0.09068633303827785,0.18543108254671098,2,46,2.5485052600733767e-05,0.6318707205355167,2,70,0.019241598655077404,0.27567221522331237,2,80
34,1.7389331022752605,0.6099684816949508,2,34
35,0.8216688792655684,1.2197253053838557,2,22
