1,3.5121312724569793,0.27174855674567977,2,95,0.00375170335024207,0.38352287880011965,2,109,57.065562282407626,0.16372381647427878,2,115,0.004355096325751018,0.2422756719238618,2,132,67.3192971931384,0.19816618040204048,2,136,0.008203985495671907,0.18671572231687605,2,200
2,1.0296143099718353,1.0398421560724576,2,48,0.05743632666405534,0.23012757046442284,2,200
3,0.21561389926667585,0.9711929911375046,2,200
4,6.760379387200573,0.3264181649890439,2,29,0.006024109443269688,1.020510767187391,2,36,15.485721984016962,0.18359850868582725,2,136,0.04635751371365564,0.27184967300854623,2,200
5,1.6809734549357307,1.2790910636677462,2,34
6,0.09311403912897727,0.17009111851453781,2,200
7,1.232588224185447,0.795166898996402,2,39
8,0.6934990225822947,1.0820447122207795,2,99,0.04166126986148381,0.25800528111202375,2,127,0.00018937614971919396,0.995866946876049,2,151,0.01516488074078667,0.3906846855367933,2,172,6.512311030680023e-05,1.070648803430445,2,189,0.1724044784214848,0.13135814531282944,2,200
9,0.655737775565581,1.062241941690445,2,8,0.00013185777509984646,1.0517537196477253,2,20
10,2.251972305102429,0.728585579762092,2,65,118.91279807339589,0.250617354398682,2,128,4.8409201020627455,0.6678884086961095,2,172,0.08535266191956271,0.3396957665681839,2,200
11,0.45735177790282744,0.732914787530899,2,10,0.00018151032475196568,1.0502886652946473,2,20
12,0.8658239500669072,1.0281700068712234,2,200
13,1.409104240573857,0.813043249230231,2,62
14,0.8441070940955896,1.4001860783017914,2,29,0.020984594245180965,0.20446898095440447,2,200
15,1.342031756395771,0.8887937303100314,2,56
16,0.022647414830514478,0.19875981628894807,2,200
17,1.5886911600677909,0.7274340291817983,2,18,0.019192615163090704,0.1483416184782982,2,200
18,0.5213994919296921,1.0459248525602323,2,111,0.023455856604830173,0.17793661473172434,2,200
19,0.018655640361046714,0.29417886652052405,2,200
20,1.109621162347572,0.8443442792804153,2,54
21,1.2705329987960723,1.4980725141671987,2,13,0.00041320325177899165,1.360289216041565,2,20
22,2.0641457248422674,1.2921364688873291,2,50
23,2.3211604099876455,0.966748863759667,2,198
24,0.7652410662816198,0.9806659325309421,2,23
25,0.0660349619017928,0.28748191948980095,2,80,4.703804835322467,0.2072484110082899,2,136,0.048929588935354026,0.2222810834646225,2,182,574.878625781261,0.40691206852595013,2,185
26,3.7608202587460973,0.8502737485814369,2,87
27,0.01965707115400316,0.1832486215759726,2,17,5.461898657442876,0.3384848413142291,2,39,0.03557653201922594,0.11559369882871938,2,82
28,0.9907056709813316,0.8249887957217845,2,94
29,0.621815331382724,0.984904560175809,2,44
30,1.176417148144836,0.5957570195198059,2,25
