1,0.0521833508649603,0.21928364478051662,2,200
2,1.6026493045706254,0.925975106380604,2,27,0.018072959397663055,0.11414786682308065,2,200
3,0.10286748741879581,0.2777789022028446,2,200
4,0.008054468027600441,0.11763836793601513,2,200
5,1.540290758508652,1.054710368315379,2,30
6,0.692761418921944,1.061161958652994,2,23,0.02365410422013327,0.1846068802863191,2,200
7,0.03188590495706534,0.2564588043838739,2,200
8,0.014285229748334266,0.22714213989675044,2,200
9,0.06356157902504402,0.1251794970780611,2,200
10,2.0577205825996407,0.6205512472987175,2,200
11,0.7499598858869229,1.137839913368225,2,50,0.11915274070969976,0.8366833956618058,2,69,0.023160890086466757,0.14287956991723474,2,200
12,19.336435762454627,0.40930833108723164,2,80,0.12516739988761758,0.12251195361216863,2,200
13,0.10633833077193082,0.1931866529583931,2,200
14,1.453331730470784,1.3471983273824055,2,30,0.008639206135906312,0.2590126683606821,2,200
15,0.45144216696582723,1.1273572567970522,2,155,8.297914914900247e-05,0.9512183919097438,2,188,0.06905333241301541,0.23161783814430237,2,200
16,2.2935758179091437,0.739457239707311,2,6,0.01005901624000103,0.16327495463771524,2,199
17,0.05988895547075459,0.263931176289916,2,200
18,0.9065106298811949,0.8676886404002154,2,27
19,1.477350228629337,0.9763917903105418,2,60
20,0.9599539403928665,0.7230988549334663,2,28
21,0.6215990563041034,1.0618025431266198,2,13,0.0003800013825350381,1.218978830746242,2,20
22,0.6327644009722649,0.8047221645395807,2,47
23,0.6604420143562783,1.1074089221656322,2,32
24,0.6965956037573119,0.9860994176588197,2,69,0.007540353095286105,0.14399923361439743,2,200
25,0.7222322508008601,1.0153255051374435,2,200
26,0.02477250885085484,0.19282126516103745,2,200
27,0.6101647851393078,0.7352587431669235,2,28,76.68311373010312,1.4512574369945224,2,91,0.2904321954666463,1.0911941155791283,2,119,23.336749421500677,1.3850890574631867,2,146,31.347993675696795,0.23587856596370912,2,199
28,0.15608826807243364,1.1899097204208373,2,20
29,1.2849433365858052,1.0702059067875507,2,83
30,0.7724912820899744,1.0960614114131741,2,103
31,0.7879198772067265,1.3246863707900047,2,114,0.10932232881521745,1.1943824589252472,2,134,0.100753528136993,0.09071089598265561,2,200
32,0.19925361887268764,0.3624407091736794,2,200
33,0.051501159427479036,1.4903411666552226,2,6,2.6491674616473982e-05,1.0485678230013167,2,20
34,0.9186883570451483,0.8993046164512635,2,20
35,0.04518638311840282,0.2998229139298201,2,200
36,7.581658103246846,0.1558000443973274,2,107,0.02583288677608545,0.15381112037807382,2,200
37,3.0439979740190193,0.29669244715145654,2,35,0.015905235816677816,0.09205495064908809,2,200
38,0.03535093894246869,1.4514441192150116,2,4,2.0436597531176996e-05,1.1340208128094673,2,20
39,0.7191571350337639,0.7590647470206022,2,32
40,1.3297102508235839,0.6439000070095062,2,26
41,3.1710103170951527,0.34857911084379467,2,119,0.02268366687754954,0.15952316632396296,2,138
42,1.2152333743091235,0.7877189517021179,2,20
43,0.8657057232913205,0.9793402530528881,2,27
44,0.08080566279772673,0.24709558205472099,2,90
45,0.22459964920342004,0.3067756100612528,2,85
46,1.2603347642213083,0.8711295820945917,2,43
47,0.2099001605654138,0.6822665934601138,2,31
