1,1.7582127176041034,1.269662070274353,2,10,0.012752438130794871,0.08992776266838375,2,200
2,0.770276173808524,1.0783661422522173,2,46,0.018935495640696756,0.19693230140905876,2,200
3,1.2255040340335606,0.7991425838019397,2,74,0.03255426222049353,0.18607076612256823,2,200
4,0.4293632170595132,0.945223418995738,2,64
5,0.18286371605184581,1.0445914069811504,2,6,7.00507818060611e-05,1.1340699877057756,2,20
6,0.9502722435655414,0.9912740317257968,2,22
7,0.7903611548350433,1.000306972750911,2,27,0.016741144473534423,0.34747738197997763,2,54,10.952610050063756,0.43383749001301253,2,80,0.04528967981804931,0.3415164061538551,2,172,9.001964560957665,0.2101427816918918,2,200
8,0.6306997955799702,1.0266023827837658,2,77,15.684191910742728,0.8279727613095378,2,199
9,1.029035919447537,1.0155143363135202,2,105
10,0.7315122731294326,0.8821067418903112,2,104,21.67904904173909,0.12538242026379234,2,199
11,1.1275391812896687,1.0058014707432852,2,36,22.729715369964335,0.0881111574871046,2,147,1.7821120587801582,0.8162531474461923,2,199
12,0.2217155136418842,0.9011396989226341,2,8,3.2110369416826884e-05,1.1627034743626912,2,20
13,1.18220856818365,0.9458142468115178,2,82,15.808441192462055,1.6911790457638827,2,137,8.8713874943636,0.3788827182281585,2,200
14,0.27711442222628124,0.51406239438802,2,32
15,1.5006799716821584,0.9786212335933339,2,44
16,0.02637168444948975,0.20352782905101777,2,200
17,0.045994426700703105,0.28153871913110057,2,31,3.925805275880026,0.07090299129486084,2,46,0.018687150578411457,0.06486691495814881,2,200
18,0.8664322188283474,0.935341215752936,2,77
19,1.329043216139611,0.9014103880524635,2,200
20,0.43318658076166083,1.3141093701124191,2,64,0.017751666457279294,0.12487018984906814,2,200
21,0.04495695313943192,0.18452818124067216,2,21,3.2018004032551453,0.037849279089346946,2,200
22,0.042581833962196995,0.2505316653102636,2,200
23,1.1030326051409116,0.5727798771858216,2,25
24,0.034502370645733874,0.20536704868078232,2,200
25,0.8741441427280612,0.952004067309491,2,77
26,0.07859361314518852,0.4452971016488424,2,82
27,0.8855646648324959,0.9623722161935724,2,92,0.08608357822774716,0.36215679212050006,2,103,4.5589190402634205,0.13470680474006025,2,200
28,2.7504392387738688,0.5392474126266805,2,76,0.02850527210363679,0.11984961251578023,2,200
29,0.030830956436898777,0.16239975675940513,2,200
30,0.7870079427818392,0.8314441928738042,2,76
31,0.5646979103957291,0.9706593688991335,2,90,13.30611662705539,0.04648237100130395,2,169,0.2176254849130569,0.32979155836566804,2,200
32,5.541730139763132,0.2403771785646677,2,200
33,1.5606781065175739,0.9132081728715163,2,39
34,0.0342196438137549,0.1283644538144676,2,147
35,0.7457970340747424,0.9614763156227444,2,23
