1,1.0643862709197751,0.8795808192709802,2,71,0.024866343434513438,0.16099003777485485,2,200
2,0.014740974532730754,0.1082132651656866,2,200
3,1.0562642717471178,0.9136398983380151,2,126
4,0.6464593435609973,1.0183033712448613,2,31,0.007063127538811315,0.0452232837853347,2,200
5,2.6116979767175352,0.2584663650393486,2,200
6,0.5718684579554191,0.8613125120892244,2,17,37.505555006455936,0.1628870779070361,2,46,0.3191017632604439,0.9822215685596714,2,200
7,0.019244513325122843,0.13894731283187867,2,200
8,0.8820267356071705,1.0018496614694596,2,200
9,0.7235094135711551,1.0491677605828573,2,43
10,0.684911621125233,0.8995187209202693,2,65,0.022505960601381252,0.1833262552521122,2,199
11,4.221503823345706,0.21258952260017394,2,200
12,0.48297302431751504,1.3423836401530675,2,28,0.02871157042144062,0.16313155341980068,2,200
13,19.957317855379195,0.10086158430967175,2,61,0.06844396848150523,0.12481870786320391,2,200
14,0.2028460028466882,0.9926086366176605,2,20
15,0.5922430445266949,1.057327137155048,2,59
16,1.0816664326269252,0.9284187952677408,2,36,0.032499562848779244,0.05955993438639292,2,200
17,0.9246025570874024,0.9292727042403486,2,72,0.12416368470668067,0.16935252666007727,2,200
18,1.2231172898396956,1.078695439824871,2,102
19,0.07023372073071903,1.1105938951174419,2,6,2.7836308086234932e-05,0.9996262533324105,2,20
20,0.457927967662357,1.0706668990723631,2,47,0.021354786989926895,0.11282580078037735,2,200
21,1.262072654498961,1.3056505421797435,2,36
22,2.177400101527957,1.0194655985667789,2,29,0.029744125406226965,0.143318702254379,2,200
23,0.984011514140689,0.9261670588027864,2,84
24,0.5917824194413353,0.7749148879362189,2,46,5.081085684338695,0.11838228134690104,2,120,16.215494997032778,1.713607658445835,2,200
25,1.5486941564292886,1.0230140061605544,2,21
26,0.0322947661957927,0.1490959824884639,2,85,1.615829446550703e-05,0.3864797241985798,2,117,0.0605860398549823,0.066042389188494,2,173,3.8517508209540696,1.1141672322043665,2,200
27,0.7644723648788926,1.1577137505135886,2,41
28,0.6157942904282739,1.0267430663108825,2,10,9.848830140236412e-05,1.1642589330673219,2,20
29,7.157443286560869,0.44389855154490065,2,118,0.01832247579373449,0.7229027918406895,2,125,121.991907103957,0.23019504072991284,2,169
30,0.02750782074742666,0.1702266438649251,2,91,9.15527760486965e-05,1.5994073977837195,2,104,0.03745105294370102,0.15766811341631645,2,155
31,0.6895434551353541,1.1267418950796126,2,40
32,0.024826574595554398,0.10703132450580596,2,20,4.3628080820511745e-05,0.7291896402835846,2,40,0.13153412826336225,0.22601808705612234,2,116
33,0.8249138629063416,0.852260020199944,2,85
34,0.744390196898942,1.1698810573209797,2,57
