1,1.1074694008302022,0.993685620265771,2,181
2,0.04765745643937421,0.18240263126790524,2,200
3,0.6539237249694525,1.036116055079869,2,14,0.00018597618740697202,1.1480786403020222,2,20
4,0.9723802794827803,0.8612880748510361,2,200
5,0.2750025283595051,0.7491726154834032,2,200
6,1.655766793479399,0.8633351227641106,2,200
7,0.0334769728167539,0.16099214300513268,2,200
8,0.7810178606678992,0.8810193781499509,2,135,0.04683597242623194,0.2877500485915404,2,200
9,0.7268237932050362,0.9580017983913421,2,80,0.018595194465429916,0.0658632917837663,2,135
10,0.10099283876516375,0.3155246731199202,2,61,3.1462748234655993,0.48248552839930464,2,143,0.2804565228208423,0.6366295558318757,2,200
11,0.004040967890947759,0.02968976743519306,2,200
12,2.9703190440190084,0.5049227909015043,2,137,26.581021932231067,1.4319077077366056,2,158,0.01593532666302333,1.3293664455413818,2,165,96.59187331252153,1.795425088065011,2,200
13,0.44361520972294255,0.4618176991513016,2,109,21.665708833562604,0.19944382573549563,2,135,0.029933818818910825,0.27683096875747043,2,147,72.0004272613012,0.14545778185129166,2,161,0.0449444607035003,0.45508466022355215,2,168,138.15729453333938,0.13550243601202966,2,188,0.022629019483275996,0.4649718254804611,2,194,258.57756264828237,0.202230504155159,2,199
14,0.6069802648461162,1.066005261540413,2,200
15,0.4841391578758623,1.124835465265357,2,23,0.019330316639718327,0.1266944228255816,2,200
16,0.04186480453496522,0.29102598602448276,2,199
17,0.5114399745409044,1.0252896547317505,2,20
18,1.4127173820306078,1.08180570602417,2,113
19,1.1194043572752232,1.0811051575105581,2,67
20,0.1122138399294745,1.2422205607096355,2,6,5.8547263294321126e-05,1.1352617485182626,2,20
21,2.3765895696611428,0.5930434262752533,2,50
22,2.209085598773065,1.0380214708192008,2,42,113.94823484930211,1.907154943794012,3,74,3.781649215340876,0.8056918310504111,2,200
23,1.5473944763018224,0.9246372738480568,2,200
24,0.12726020632603444,1.019686371088028,2,6,2.7684642957494626e-05,1.086256674357823,2,20
25,1.1295399344542645,0.982593725834574,2,56
26,0.841563849330698,1.1398273301976067,2,56,0.06711101516351255,0.12641577870865178,2,179
27,0.924197799854661,0.984554749546629,2,99
28,3.0640554485254454,1.4692553281784058,2,8,0.012357056078873422,0.3037725764435607,2,85,1.4179872429658558,1.1134054232388735,2,101
