1,4.365202071366908,0.42913664994286554,2,102,0.3357337820756904,0.49856254701711694,2,200
2,1.6298529117574458,0.91308564722538,2,200
3,0.9711008721644865,1.0679457038640976,2,200
4,0.14263948472357152,0.1347439955919981,2,200
5,4.00668953910225,0.6282883414200374,2,56,0.019391009224791346,0.14520263537350628,2,200
6,1.7797538022003316,1.4232773997566917,2,11,0.01917926326328139,0.15776809923863286,2,200
7,0.4221651103673694,1.045465818860314,2,44,0.015413323502981958,0.08807044562238914,2,200
8,0.057960326515469306,0.2129450935870409,2,200
9,0.07519957904479914,0.15146695174276828,2,200
10,0.8138799230485673,0.8838559140132952,2,79
11,0.7743702739957862,1.0472883174915124,2,101,0.04692809671108448,0.2213573365500479,2,200
12,0.7327776905808567,0.9939949560165405,2,200
13,0.054255746032747874,0.31366591442089814,2,52,0.5194103253051658,0.07072708725526526,2,200
14,1.085039192550478,1.0647059904562461,2,37
15,0.8295546677645053,0.7722079008817673,2,200
16,0.8520207801426364,0.8908729705156064,2,51,0.020074990819821975,0.3706429930957588,2,88,3.2053912348436953,0.06363759801856109,2,200
17,1.3772397354091086,0.43539310052990915,2,200
18,1.3686517759951655,1.1207902711013267,2,145
19,0.28792103488249404,0.8778582286089659,2,200
20,0.03636291704647064,0.193056230034147,2,49
21,1.2070625809439373,0.7100215794747335,2,57
22,1.1020856826527201,1.0537612666475011,2,47,0.19250059864901178,0.13230910468724819,2,200
23,0.05008593719678335,0.28804371125996114,2,200
24,1.381773324434938,1.0417613634523355,2,53
25,0.959785095228233,1.1470258576529366,2,56
26,0.2993228992963606,0.9329879838973284,2,200
27,0.7004244588414712,0.9194476329363309,2,26
28,0.33361972288734726,0.715635726849238,2,6,6.474340360196656e-05,1.0312950270516532,2,20
29,1.9678203517199069,1.12635737657547,2,32,0.01318066936665772,0.21330864301749639,2,200
30,0.9445464975344687,1.0078100562095642,2,32,0.028590383252256713,0.2292515910692043,2,143
31,1.558137201045206,0.999992732490812,2,28,0.030064907176907584,0.16790685091895619,2,115
32,0.21339674117852364,0.5917076291516423,2,64
33,0.8260466561651334,1.330539402961731,2,25
