1,0.924346477928475,1.150019713810512,2,21,0.034206750250095654,0.0920284343831366,2,200
2,1.3346910444238538,0.9028783598832325,2,113,0.022612053259785072,0.16604870694807206,2,200
3,0.012588875608141722,0.104990119561553,2,200
4,0.8243366891657459,1.1318365557249201,2,86,0.011503269144432698,0.20539612702110358,2,200
5,0.05148865833934746,0.18403493158519268,2,200
6,0.5349310688584243,0.7127690289331519,2,46,0.023467244359893297,0.24487720246051814,2,200
7,1.1776100749003062,0.7965410037303534,2,127,115.91779831488266,1.902823993604477,3,200
8,1.0061086692735377,1.0753468249973497,2,95
9,0.016695711180359996,0.12738894753158092,2,200
10,2.310227578339822,1.1102266036547148,2,52,40.6895073810478,1.706592523846133,2,110,0.6329470289818756,1.0161759737465117,2,200
11,0.6087423089055365,0.8659277096390724,2,200
12,1.3156638543870827,0.9424669963972909,2,70,0.027610627557611404,0.15941623823587284,2,199
13,0.837972023557938,1.3057789665002089,2,26
14,0.762331580586414,0.8355204358100891,2,125,0.024045100522829755,0.1977119352420171,2,200
15,0.8293281557700234,0.8906388920545578,2,100
16,1.9277948885394915,0.5521800405546731,2,102,0.03161589596285396,0.13287204595244662,2,200
17,0.2508326258712119,0.8163698730866115,2,75,0.016016517631765606,0.07822910785675048,2,200
18,2.000461856413092,1.2881004015604656,2,12,0.03664161422320101,0.20772342106446307,2,200
19,1.0874433434529152,1.039974582896513,2,170
20,0.9965209085379061,1.1211593389511108,2,10,0.00011515795282490017,0.9505616247653961,2,20
21,0.014728596386349255,0.15596608955126542,2,195
22,0.8969717903770731,1.1556851069132488,2,18,0.015668951819073004,0.536151050637334,2,136,35.39847538969939,1.799318015575409,2,144,0.012280444495048186,0.15027528362614767,2,172
23,0.033315093861196146,0.2831291483437761,2,141
24,0.6227847696850126,0.9144657726945549,2,58
25,0.8077668968036733,0.9233930923722007,2,44
26,1.0675569376513256,1.286604987250434,2,27
