1,0.599557536603102,1.033416570437075,2,198
2,0.7099479673200353,0.17040248329822832,2,13,0.000458108523003514,0.9588685716901507,2,20
3,0.208071799077202,1.3988971880504064,2,7,4.5312602423489236e-05,1.1021659741034875,2,20
4,0.9989604382344822,0.9430028584043858,2,59,0.08570740220783524,0.24720804858292247,2,200
5,0.5263487049735719,0.8265056324005127,2,50,56.21792654570782,1.779416672885418,2,98,0.4863119165342131,0.9167665289897545,2,200
6,0.1870099884291202,0.13560274158205304,2,105,26.64563017706602,0.22078595619376112,2,146,1.06891299671964,0.40642982528165533,2,200
7,0.7726120704486859,1.3958802223205566,2,19,0.0162096921712906,0.11865779057721407,2,200
8,1.4142206360296576,0.9489726889133453,2,200
9,0.30957186226935995,1.2864176630973816,2,10,9.295751122469966e-05,1.2756372928619384,2,20
10,0.9819596266890587,0.8351483405065193,2,139,0.11140917797712321,0.12088942723196061,2,200
11,1.136792693754751,0.9205764615258505,2,43,0.03262115720492534,0.2610225408542447,2,84,1.2825327251427951,1.03910804308694,2,200
12,0.07195302232024968,0.2440711823105812,2,200
13,1.4034708242970833,0.6131445182130691,2,47
14,1.7527083815523832,0.7349402703344822,2,200
15,0.24727705793539348,0.32599719365437824,2,6,2.4836542756300777e-05,0.9875035796846662,2,20
16,0.42701363228364725,0.984604954868555,2,200
17,0.05058219338141573,0.41892045646002796,2,33,100.70330894448277,1.8912355303764343,3,41,0.0243447902176458,0.21196574775072244,2,54,183.3292612364864,1.9649932639939445,3,68,0.0230177399934197,0.33802205459638074,2,200
18,0.03204477419788522,0.1897793371975422,2,200
19,1.1571018010557053,0.8643466353416442,2,170,0.05492044979213682,0.2510026132067045,2,200
20,1.2537313909234056,0.9052777112798488,2,94
21,0.09669470853389872,0.20849738135933876,2,200
22,0.0661594808542132,0.27523073107004165,2,200
23,0.004462066030233306,0.07041417971253396,2,200
24,1.6758313464600252,0.9449012388465226,2,186
25,1.5047625561563982,0.5724199818026635,2,31
26,0.366665598173796,0.482574672586676,2,69,4.888989547414787,0.10071666275753695,2,154
27,0.3334211752491614,0.7047127227525454,2,37
28,1.4114455356016513,1.1160183704417685,2,46,0.020495462054770992,0.12112497238369731,2,123
29,0.8379493671444047,1.130102069289596,2,54
30,2.1136556119905356,0.9012960739757704,2,23
31,0.7836107368368669,0.9786266057919233,2,39
32,0.4936783401277988,1.1349609759118822,2,54
33,1.9772074914215414,0.8574196070432663,2,20
34,0.022097643676634016,0.41327202882406844,2,53
35,0.7200364771819096,0.7668899699397709,2,46
36,1.1279026747064882,0.8686376269473586,2,43
