1,0.8693705954653631,1.0283572894334794,2,200
2,1.0337696344069773,0.8729651045799255,2,200
3,0.9591647127395325,0.8190041933510754,2,74
4,1.9891994636517027,0.22267388768494129,2,200
5,1.1802437152596092,0.8133991597027614,2,29,0.016748331708679686,0.11525833014159174,2,200
6,0.7608577885082948,0.9651093608886003,2,200
7,1.849064809605839,0.23181423569047774,2,185,0.008636148480513648,0.10362453013658524,2,199
8,4.942420094855415,0.2618873188661974,2,129,0.023871626207103643,0.20341189835273044,2,200
9,0.06644709694887911,0.2420459495782852,2,125,1.0645197556957842,0.24577122330665588,2,200
10,0.5345458791484723,1.1134010134030825,2,199
11,1.001315342092812,1.1919165311948112,2,184
12,0.8011510928111554,0.9535915359206821,2,46
13,1.023282635913652,1.0658971027894453,2,55
14,0.7702848558146375,0.6674396793047587,2,24
15,11.226035643907199,0.3360403639321424,2,49,0.01454143944309281,0.09790245231413683,2,200
16,0.05468616188255576,0.3591002853214741,2,200
17,1.8344750935393046,1.3477590183417003,2,24,13.91285710476594,0.10193971984765747,2,200
18,1.6252322960817216,1.1677079892158508,2,50,0.022418997146130853,0.16826816529035568,2,200
19,0.013437437193118053,0.1338462573289871,2,200
20,0.7274990610643863,0.985298261642456,2,200
21,1.0074081306102798,0.9856994412839413,2,32,0.05391556182584942,0.11368065114532198,2,200
22,0.004731856245030804,0.06866645321249962,2,200
23,1.6541400951338525,1.1049709103324197,2,55,0.05402815217181467,0.2010115864975699,2,200
24,1.090995056640958,1.044530441647484,2,105
25,1.198522102524728,1.0159677487832528,2,162,0.016395499314593633,0.16947038510912343,2,200
26,0.10352214297704933,0.8086580974715096,2,7,4.4296642972173236e-05,1.0943226355772753,2,20
27,0.966824507772432,0.835627438693211,2,29
28,1.0167449576890841,1.0964460616209069,2,49,0.025416464954878384,0.19556076804796854,2,124
29,0.01140533696963273,0.8729436919093132,2,8,1.0687886335900956e-05,0.6957999755596292,2,37,0.021073391821305992,0.20854403376579284,2,117
