1,6.215075774603945,0.5476762139052153,2,200
2,1.4847391621508206,1.0704628143991743,2,14,0.0021596343001922423,0.05846665679447113,2,200
3,1.2697837424018852,1.04613675290381,2,171
4,0.050356575895891695,0.15434445760079793,2,70,2.527683975796549,0.46027242529850737,2,200
5,0.04148916902327827,0.17370822511613368,2,200
6,7.178331017109068,0.4757190575433332,2,86,0.4772333424399322,0.5562255666182753,2,200
7,1.0686826328468395,1.109220546224843,2,23,0.021722417774821225,0.11364382547510546,2,200
8,1.3551348645656367,0.9720842898995788,2,108,0.02560146160165387,0.13397989086397402,2,199
9,0.04736279269236816,0.15993122763931752,2,200
10,0.11887643914502248,1.3314186930656433,2,4,3.038596922694209e-05,1.1244964003562927,2,20
11,1.3280033751125546,1.1027539823994492,2,99
12,0.004919283996620771,0.05910665161907673,2,200
13,0.08931755323382701,0.25566863227429704,2,199
14,0.016360413390174404,0.12081896044313907,2,200
15,0.17730015383002387,1.4964517156283061,2,6,2.866353164628453e-05,0.953727296420506,2,20
16,1.667283831203222,1.0332897688661302,2,28
17,0.6663759175536798,1.1315224654432656,2,69
18,1.1870102530585978,0.8925053992054679,2,44
19,0.8648115511946594,0.8833716756676975,2,146,0.01409710931108141,0.2545256021398085,2,200
20,0.013573707848521934,0.12804090153229863,2,76,0.7157501244383978,0.4778314522084068,2,93,9.43148978691175,1.591995528925245,2,200
21,1.0133214371742778,0.984621446708153,2,58,0.02026748816406808,0.11000594685614949,2,200
22,1.5080554458802804,1.085552342236042,2,64
23,1.765620488069354,0.5936589737733206,2,6,0.008402596015090963,0.07374379768506768,2,200
24,1.274304534977736,0.9778018114822251,2,56,0.017004348212749997,0.25121337785902953,2,200
25,0.7046131797590925,1.0447552566942961,2,23
26,1.0893898643113382,0.9983883301417033,2,192
27,0.6159816342908623,1.049670626287875,2,138
28,4.089127305622064e-06,0.5426558109297268,2,69,0.007712487625285885,0.7927135654858181,2,76,2.2983690881555834e-06,0.7835020194219988,2,162
29,1.3982657233082139,0.8883753102272749,2,32
30,0.02537357436382907,0.12588021862838003,2,72
31,0.45719065882543025,1.2238542133448076,2,49
32,0.05589372887814918,0.37097331149536267,2,57
