1,0.05987651986392312,0.2157742125292619,2,120,0.887442829403649,0.15723258312791585,2,200
2,0.01920819689349926,0.15320108190178872,2,200
3,2.985823467188646,0.06527965319784064,2,19,0.011668545182584728,0.24319653221256826,2,200
4,0.8264562197018607,1.3208070198694866,2,15,0.0007594292126741636,1.1650442123413085,2,20
5,0.7609012365550735,0.9053898030519485,2,200
6,1.6401498809436874,1.0219509098264905,2,45,0.015496405347902071,0.23991635499836564,2,199
7,0.00013765215609450092,1.174453616142273,2,20
8,0.32871549191173594,0.23027983015805634,2,199
9,0.09770687570855659,0.9405862110853195,2,200
10,2.294238141680083,0.858492976131518,2,121,0.004851213527985609,0.2961492450148971,2,148,8.963707633715567e-05,0.512593851045326,2,175,0.07135222649229925,0.10417280594507854,2,199
11,0.019962785928474086,0.26484729059040546,2,200
12,2.349203641273401,0.7671417817473412,2,128
13,1.3343391587276767,0.8102674917741255,2,121,0.015121740499758986,0.2716661003194278,2,200
14,1.1215070206021558,0.995256139172448,2,36,0.026451202729643186,0.2131035101668137,2,200
15,1.8352387340381449,0.9533257603645324,2,20,0.026402389069395116,0.18650321000152165,2,200
16,0.6980719100134439,1.0588822288043571,2,33,0.06280944887216443,0.16122202227215568,2,200
17,1.0386835967493222,0.8813771448045407,2,53
18,0.8750651815959908,1.0900122608457292,2,70,0.09280420686467927,0.11743719646563897,2,200
19,1.5271456309784628,0.7459421683298914,2,76,0.14918335874161676,0.25304656259475217,2,200
20,0.9607726020781235,1.0784522675453347,2,141
21,0.3754886859685815,0.22640320885989626,2,59,8.068368442524587,0.20183896541595459,2,159,0.026868246225091475,0.4280453491501692,2,200
22,2.5773595522600634,0.5329314233625636,2,34,0.10261194667004198,0.12080998449440462,2,200
23,0.6274802181437273,0.9752518477505201,2,146,8.883537013262004,0.16616716567012998,2,200
24,0.08127182640950899,0.2586705370992422,2,200
25,1.0489806179849417,0.7709162629168966,2,115,0.020111507438937505,0.19448479361393872,2,200
26,0.026665111241778602,0.17553157046437262,2,200
27,3.625574854780594,0.38337581902742385,2,90,0.0008547831843584294,1.0961949560377333,2,99,2.279720800101899,0.5451235403306782,2,163,0.015080054866032028,0.26085260470171234,2,200
28,0.8808326718696863,1.0588945603706468,2,71
29,0.07152025873970992,0.2766864833732446,2,36
30,0.18475100661749994,1.022661679983139,2,20
31,1.0393734421210314,1.0396998737539564,2,84
32,0.45310078679352106,0.9510583400726318,2,35
33,1.1397195437766237,1.091519315826132,2,188,0.01876290550825489,0.5276958892742792,2,200
34,1.6664433086453234,0.6797165807134421,2,129,0.0332890272524241,0.14194011541319565,2,200
35,0.059473344859175103,0.24470237724483013,2,200
36,0.02777031294384616,0.15245109662413597,2,200
37,25.420660240576794,0.12703410762807596,2,46,0.7864435208525571,1.209757315485101,2,65
38,0.40794171572693577,1.0764847357394332,2,118,0.012500592127125867,0.18705759265206076,2,140
39,1.0046699456190227,0.9573105557097329,2,72
40,1.6915411365658357,1.064929272979498,2,32
41,1.0128370317183366,1.1685200377746865,2,54
42,1.1550400871119628,0.9452886009216308,2,25
