1,0.20733721580587144,1.0111649731794994,2,6,5.410236095909862e-05,1.040323908839907,2,20
2,0.5372272851041249,1.0226728892326356,2,200
3,1.6980997632639252,0.654859411790967,2,200
4,1.0431991241716845,0.9428879301598732,2,47,0.04154652899616076,0.25710350956792144,2,200
5,0.8688395436778953,0.7712899787085397,2,98,0.033181294030504176,0.26522281283841415,2,200
6,1.3452451746675267,1.0029866285011417,2,61
7,1.1472325154581546,1.0799498873949052,2,200
8,0.540812101031727,1.0505626499652863,2,24
9,1.57856321369615,1.0551414652304216,2,44
10,0.006092991733699273,0.04483707308769226,2,200
11,1.1895273757662959,1.008481434413365,2,49
12,0.07893465622117767,0.32086772844195366,2,200
13,1.2359963926166095,0.9622720858761084,2,107
14,0.7818096058354197,0.9557890158433181,2,78
15,0.027113877838870502,0.10936464257538318,2,200
16,0.32583565634824163,1.023114256004789,2,134
17,0.428664087746346,0.8039249872752264,2,102,0.06413980443919683,0.1346314006618091,2,200
18,1.0482518491912403,1.05551434407192,2,113
19,1.7433165471601397,0.560648725146339,2,21,0.023315906246581013,0.20936619661040812,2,200
20,1.9090383377252527,1.2722977140257437,2,31,1.3701209577962166,0.21511881606919425,2,66,0.02003473144096892,0.07667441621645173,2,200
21,0.014544983967282744,0.11342247448861599,2,200
22,0.9633516224059829,0.9158742371059599,2,21
23,2.630542663388614,0.6083619779348374,2,200
24,1.1397580856035887,0.6022272751881526,2,13,0.009728458412451147,0.05084966896052029,2,200
25,1.6473479677876057,1.2715883302688598,2,50,0.05654319148274181,0.18971333662668863,2,200
26,0.7605963970015183,0.726597697838493,2,23
27,1.4730000328247757,0.535325849757475,2,34
28,1.6926358001307538,0.8692825417155805,2,92
29,0.057075507551232675,0.11143592056027032,2,133
30,1.0961094712586272,0.985606208214393,2,130
31,0.6723745509489492,0.8889291467873947,2,23
32,1.194145139200867,0.8299272420271387,2,53
33,0.321189156884515,0.8831358121501075,2,54
34,1.3831840960568937,0.9429107135342013,2,31
35,0.06305925085665862,0.3281350076198578,2,40
