1,2.7836102753779413,0.353777441829443,2,200
2,0.4008084577421629,1.0490598738193513,2,10,0.00011078427766059196,1.0385443329811097,2,20
3,0.7485219554946833,1.2367282022129407,2,11,0.00042771431153306003,1.1250569158130221,2,20
4,1.2615145047186118,1.0077013915777207,2,200
5,0.043611499199489624,0.19128887332975864,2,200
6,12.23813260898615,0.39072305911353655,2,140,0.5699512861427228,0.38661217242479323,2,200
7,0.638608937621036,0.9900717348964126,2,108,0.01788584015569562,0.147760312680317,2,200
8,1.79748744087892,1.0313684344291687,2,16,0.015381232155727313,0.2810325347818434,2,48,0.0002407899806719757,0.6433692054693089,2,91,0.09312057491069287,0.14967994034290313,2,116,6.571374705990694e-05,0.694843688536258,2,200
9,0.009341590447962067,0.10756173605720203,2,24,0.6307050611277709,0.13180120441723953,2,200
10,0.7451242667442292,1.1321669396232157,2,17,0.030121190385493386,0.2028265869031187,2,200
11,3.2538217489027175,0.5278062735768881,2,44
12,1.0639599742216275,1.076478272676468,2,140
13,0.50599522093037,0.9135142862796783,2,12,0.005295074610489974,0.04417881710415191,2,200
14,0.9533083190773028,1.0562758937075332,2,148
15,0.5347776270645281,0.881354458630085,2,8,2.5412962896498036e-05,0.8805272072553635,2,48
16,10.971223199848382,0.520540322860082,2,120,1.0537313043839498,0.951747865229845,2,200
17,0.8983401367895965,1.2816409063339234,2,25
18,1.1240963763364007,0.8454376884869167,2,21
19,1.4187199771310919,1.1826476891835531,2,30
20,0.0154978055207161,0.19115512855350972,2,200
21,0.7652360115356573,1.2396672328313192,2,15,0.0011292385161570813,0.8764079332351684,2,20
22,1.4010553981866927,0.8395076870918274,2,80
23,1.27109970431606,0.6333724341609261,2,44,0.01686108353381444,0.15060184513911223,2,200
24,0.09317058468977399,0.1989663814753294,2,200
25,0.05169159542819597,0.18529620192945004,2,200
26,1.2532800385848182,0.8735089038239151,2,61,0.005757392424631401,0.06439982515444859,2,200
27,0.7812162984572172,1.0445779629156624,2,142
28,0.949808128486253,1.1717950547183003,2,27,0.023762919411376492,0.13663399831063486,2,200
29,0.9590773156584674,1.129532863497734,2,200
30,3.179038109350442,0.2987206944823265,2,200
31,1.1220708158181942,1.0461628649915968,2,28,0.020635592718034806,0.2276740739511889,2,200
32,0.026463514931615303,0.2194293101876974,2,200
33,0.031177354941701953,0.2103818466514349,2,200
34,0.9241804016764488,0.7276801488485681,2,83
35,0.006418155975478708,0.12407417825816833,2,194
36,0.8469014941266785,1.2547751697334084,2,37,0.0424089239625495,0.43214131995689037,2,123
37,0.5933063232147741,0.9202082521385617,2,36
38,1.3531378637119458,1.4268812894821168,2,20,0.015451296435480398,0.16242046487498116,2,163
39,1.2175030902951738,0.8017994389574752,2,117
40,1.8495308262180661e-06,0.7662355790332872,2,49
41,0.9800701495287595,0.9668648672885582,2,122
42,1.317060117609924,0.8164323704583304,2,35
43,1.112805368835621,1.3302029520273209,2,24
44,2.876663851200872e-06,0.7201632071625103,2,22
45,0.7288443414795143,0.9821506328880787,2,32
46,1.8864905191537332e-06,0.7645409768042357,2,46
