1,1.1070548974657057,0.9917953876738853,2,141,0.04957191529238417,0.2105697143380925,2,200
2,1.3436117241573338,1.0359011048620397,2,44
3,0.9178003833639129,0.9910631320055794,2,85
4,0.6753147857378847,0.6504581201461054,2,155,44.179199731573874,0.14831781442518588,2,182,0.3742077142133065,0.7515340132845773,2,200
5,1.6127879948021087,1.4132812049077905,2,46
6,2.141766874261017,1.1867438971996307,2,20,0.03355324187111801,0.15394983233677018,2,200
7,0.030500999454291786,0.28706612460541003,2,33
8,1.1199672354387213,0.9328294769748227,2,91
9,0.8404519232653326,0.9422556595368818,2,88
10,1.1391990090330242,1.0819618534623532,2,114
11,0.018870496224763642,0.08203710339963437,2,200
12,0.5961037602071285,0.8809922742843628,2,200
13,0.7146660082764399,0.8781309200403018,2,78,10.620614471465762,0.21814583950355404,2,200
14,0.5441088475605153,0.9404234594106674,2,100,4.7267672927430215,0.34331004043201824,2,191,0.04659915148063534,0.289330381486151,2,200
15,0.01603330637505719,0.09399898931384086,2,200
16,1.4347036857353086,0.6651930101215839,2,40,136.26352361740553,1.8946375165666853,3,75,2.7131892732803204,1.2250136882066727,2,91,0.03164990253886827,0.15623786033840353,2,200
17,2.0539009273329794,1.0890431642532348,2,20,0.015295304708225,0.13099299950732124,2,200
18,2.341345407153365,0.9954545758664608,2,200
19,0.9560480485932974,0.9127908979143415,2,35,0.04609559423445637,0.12757515491861285,2,200
20,1.1821250504741796,1.3656957203149795,2,200
21,0.1173088510014099,0.7086585659695708,2,46,2.9988615977599866,0.15771644543130675,2,200
22,0.25327171874818066,1.2216396450996398,2,10,0.0001235376621460921,1.226958191394806,2,20
23,0.8975611232458737,0.9315480947494507,2,25
24,0.021013924545392592,0.14526713664897464,2,176
25,1.3447339501993114,1.2721918909638017,2,27
26,0.006098465898239441,0.08126836589404515,2,161
27,1.0017063877213543,0.9422316378668735,2,38
28,0.5423623495000323,0.7865981044976608,2,23
29,0.4517583403030546,0.7542500904161636,2,73,0.01048688340229317,0.2758228179406036,2,117
30,0.2950891487314665,0.7192161097830417,2,102
31,1.390754712420582,1.347294564600344,2,27
32,0.03977836563827135,0.31912473794342816,2,69
33,1.051190212919138,1.316338872909546,2,20
