1,0.04062914665190716,0.2024163882434368,2,200
2,0.06997544462186311,0.16324951864778994,2,200
3,0.7424190370488131,1.0135088368217544,2,101
4,0.8559827646046435,0.8478995031780667,2,9,0.00014926919847110432,1.0650499950755725,2,20
5,0.7309968346158319,0.9624017223398736,2,47,0.01565012365051139,0.19094790955749127,2,156
6,0.5021512083749142,1.1437376582622527,2,100
7,0.08498793195492575,0.3021116079390049,2,200
8,1.6886768466852782,0.890740442276001,2,15,0.016324690129879235,0.1356497553984324,2,165,0.18210761002893694,0.5991699397563934,2,199
9,0.9113109106030718,0.7803785335426489,2,121,39.85197932873659,1.5343082216770754,2,167,0.5705057398822808,0.9735688079487194,2,200
10,1.6487546299076197,0.7401456109115055,2,14,0.03281387762454618,0.15931957815923997,2,200
11,0.32174034168310656,0.1988108428195119,2,96,0.021783955586933804,0.21988293098715636,2,200
12,0.04392629209426776,0.17583649627864362,2,200
13,0.3989471488972726,1.036163597514755,2,152,0.35572063377019253,0.05451413049646046,2,198
14,0.9886007655697318,0.9339886821549515,2,29
15,0.006647324294716662,0.10461644893107207,2,23,7.158795429578658,0.07310094515031035,2,67,0.016804066742998225,0.27424178334573907,2,91,1.2356035433629164,0.09608929123305067,2,170,0.01201878548829345,0.16963435113430023,2,185,94.63458244911813,0.8912265822291374,2,193,0.025757159670462396,0.374352644596781,2,200
16,2.8645556469911644,0.5560811058431864,2,200
17,0.6922505319639737,1.045469626188278,2,200
18,1.5547493052661894,0.9509689887364705,2,45
19,3.608499822328824,0.11344061102440108,2,67,0.025703948664070463,0.059263561004982854,2,200
20,1.799371433928497,0.6506741118075242,2,67,0.0748226668759537,0.07799661966194783,2,200
21,0.014862493992753793,0.2424506590515375,2,200
22,0.0017422967422047724,0.07036849543452263,2,200
23,1.0220507528140463,0.9478641483518813,2,36
24,0.04334791918665064,0.12778529114481332,2,69,7.49539540602014e-05,1.3129921609705144,2,80,0.026393399851708275,0.5945878436690882,2,99,6.876677229216904e-06,0.868555905357484,2,161
25,0.02708498088997455,0.22667663619865344,2,158
26,1.328458655425912,0.9843335549036661,2,39,0.012801395755098153,0.29483038370425885,2,104
27,1.2132241208947843,0.608492041627566,2,24
