1,0.9652542157749406,1.1068094805847826,2,139
2,0.1326368883881026,0.7340960949659348,2,8,5.127571956757188e-05,1.088537335395813,2,20
3,0.9320106616872104,0.31929910653515864,2,76,13.26165270437428,0.12685993139942486,2,136,0.58600591617686,0.5896521031390876,2,200
4,0.8051971079962915,0.4320461796224117,2,200
5,1.08536419519296,0.9429700656370683,2,55,0.04455218177121164,0.15125630323229164,2,200
6,1.2298365695765887,1.0077443093788334,2,41,0.028345266029246908,0.095878411482715,2,200
7,0.7997738539632223,0.9392699533038669,2,54,0.03099977585831027,0.1838000771934039,2,200
8,1.3204455604522258,0.7878565225336287,2,18,0.0558201548890947,0.1772352687932633,2,200
9,0.9731229021595399,0.789426250891252,2,11,0.008047481994654626,0.07755805985637443,2,200
10,0.9800859615483963,1.1838537851969402,2,51,0.050791299217750684,0.27130730090125293,2,200
11,0.6457377253834948,1.119989154073927,2,45,0.013108942172290425,0.0992736098266417,2,200
12,0.12800102585843567,0.15186952439046675,2,62,63.76672705815539,0.3228252110156146,2,73,0.062075165098616845,0.17396970891107724,2,200
13,1.0321945695984363,0.9462521353153267,2,99
14,1.113813876171554,1.0083780988057454,2,75,0.022203786511751547,0.08330353820323944,2,200
15,0.6062235090914414,1.2089488983154297,2,15,0.01681410688215543,0.13049655000905733,2,200
16,0.4838366268395426,0.7542160297743976,2,96,108.42921526159303,1.8073743018839095,2,132,0.07740549232616409,0.4518733295250912,2,181,23.924283530878654,1.6857451953386005,2,200
17,0.7976899820056286,0.9241647627949715,2,200
18,2.8958816989564418,0.4983788899012974,2,7,0.019899724498294975,0.16333176992062864,2,123,0.40434003137338465,0.24798161685466766,2,163
19,0.9354847850078595,0.5617710026827726,2,55
20,1.4651178424491436,0.8091728852854835,2,18,0.016850278464341617,0.2709786888697873,2,110,0.2866969639121752,0.762054171504044,2,151
21,3.465498978774563,0.8026066335939592,2,31,0.02551374968777518,0.17684261898199718,2,91
