0,0.4471767370711446,0.9845182985970469,2,66,0.14319405671369873,1.0014432157788957,2,80,0.4531409489260165,0.9929606877840482,2,145
1,0.6244597696285258,1.0006402326481683,2,112
2,0.9972311602836739,1.024649637086051,2,42,0.17580445115908183,0.9535634756088257,2,47
3,0.6312498416704444,1.0208104311251174,2,51,0.1864916737425282,1.0686670541763306,2,56
4,0.43226264309467943,0.9388834855386189,2,28
5,0.64712158791574,1.038125731634057,2,115,0.3973192793028738,1.0678050195469575,2,200
6,0.33433981257680834,0.9942401338506628,2,27
7,0.7537838119642218,0.956560206413269,2,200
8,0.57667310219867,1.009912106091391,2,167
9,0.5118883123761587,1.0788241009558401,2,31
10,0.6553628279057484,0.8711600853846624,2,13,0.3170639927690263,0.9382848542004345,2,200
11,0.5854027448838263,0.9219070341851976,2,144
12,0.501370602644139,1.0230712998997082,2,176,0.07335699976025466,1.0373189449310303,2,183,0.3960986931026807,1.0465592005673576,2,200
13,0.47813526379076626,1.0261532384157181,2,200
14,0.4891453140423161,0.8913443922996521,2,65
15,0.29013275794884436,0.9583870655298233,2,200
16,0.08500631449315896,1.0196451743443806,2,3,0.5797221632587137,1.022941760434449,2,134,0.4045906665809733,1.0435066656632856,2,200
17,0.701566468801594,0.9774149427870791,2,167,0.3623889222072231,1.0059495441841357,2,200
18,0.41334282468137745,1.1088012059529622,2,117
19,0.665900576376137,0.9384080662446863,2,17,0.07758068322614196,0.9935758213202158,2,29,0.6552884290052545,0.9785196355908935,2,200
20,0.46792374451138324,0.9778520000608344,2,190
21,0.35197156849487565,1.1029900748555252,2,41
22,0.37401471018314586,0.9914384056257721,2,149
23,0.418877537763604,0.9376743311504666,2,139,0.834607651624359,0.896062834341018,2,200
24,0.4297367001153425,1.025612387833772,2,135,0.11325882150354415,1.0937269608179727,2,150,0.3649398067337644,1.0458841109275818,2,200
25,0.4576415980417634,1.0090532975489868,2,179,0.8326225561340094,1.0005757127489363,2,200
26,0.3867895133963338,0.9697999273027692,2,70
27,0.4822793746689769,1.1256241162618001,2,90
28,0.4950305361187229,0.8901338135754621,2,27
29,0.48648825906464116,0.9653918658737588,2,113
30,0.41593626200896155,0.9949988770484924,2,200
31,0.39118235616643143,0.9742961543798446,2,200
32,0.06040885207376301,1.0501806020736695,2,5,0.7334320106399959,0.9844084288798222,2,152
33,0.4181863849616779,0.9283093458130246,2,105,0.04759827772691196,1.0057299818311418,2,112,0.4887090470707605,0.9579772727434025,2,155
34,0.7822219823632505,0.9371630492118689,2,52,0.1232330303498044,0.9999188631772995,2,60,0.797770922144694,0.9251481811684298,2,143
35,0.4849794732420261,0.9760275528981135,2,39
36,0.5747536165567599,0.9148745947196836,2,61
37,0.4092606146825686,0.9430603289604187,2,200
38,0.6046304997478549,0.9417881792783738,2,200
39,0.3267357246934289,0.9966225738394751,2,73,0.48429517151439966,1.0186232037431613,2,200
