0,0.5206823150425448,0.9338262192556791,2,107,0.11858462178057365,1.0574159792491369,2,114,0.5103585827503047,0.9590148988522982,2,133
1,0.3759058262679339,1.0382660568089774,2,181,0.18438083785604828,1.05243896810632,2,200
2,0.38139317463426786,0.9886906929314137,2,32
3,0.3716241843962337,1.031380243497352,2,146
4,0.5748709632285506,1.0514283900732522,2,91
5,0.37505344729740553,1.0051146773404853,2,43,0.5835683506761632,0.9993314298928953,2,196
6,0.47646834521624093,0.9913428775195418,2,116
7,0.3745155670219643,0.9650046503543854,2,200
8,0.45785072273429295,1.052345006465912,2,200
9,0.4228952213209483,0.9534769251942634,2,200
10,0.6322685736098473,1.0170772540569306,2,200
11,0.43686764655844157,0.9800196597070405,2,33
12,0.4699154869610842,0.8182615451514721,2,32
13,0.5586681346989011,1.0219687646627427,2,200
14,0.7599441094890009,0.9362600809997983,2,36,0.3848122715960005,0.949245579359008,2,200
15,0.2296010191377038,0.9312691622972489,2,200
16,0.402624394255074,1.0079795221487682,2,24
17,0.3616566557721999,0.9768106508255004,2,200
18,0.6327611820973477,1.0625402644828514,2,135,0.16290771773570956,1.0551099578539531,2,141,0.5716394725472914,1.0894696627344405,2,197
19,0.4119820709405991,1.008364309727306,2,71,0.6138314511897128,1.0028189004853714,2,200
20,0.430775469655616,1.048488312959671,2,200
21,0.7116835649848995,0.9994717050682415,2,88,0.09449079013540551,1.0624668381430886,2,99,0.7217237511163923,0.9925174004960768,2,200
22,0.560450185078373,1.0368361667710908,2,98,0.3704440196400197,1.0476723979501164,2,200
23,0.5287752515920346,1.0133908945938637,2,87
24,0.45139693287978333,0.9681048649549484,2,200
25,0.15246060576255857,1.0108231121301652,2,200
26,0.4797652519343868,0.9627305632829666,2,200
27,0.43773136373181937,1.1005325870854514,2,28
28,0.31199657968234773,0.9272810341131807,2,198
29,0.5312107741070117,0.9997204290853964,2,185,0.22431696153744987,0.999020512898763,2,200
30,0.10862782506528411,1.1010321776072185,2,3,0.5676223893402521,1.0943075989333677,2,74
31,0.7129102661721748,1.0384532661782098,2,194,2.6943871342775387,1.1467889348665874,2,200
32,0.369969767377036,0.9391366488544654,2,141
33,0.13504307278465374,0.9096291157603263,2,200
34,0.3542487447082665,0.9180876421928406,2,200
35,0.4118505507505241,0.9727244877815246,2,200
36,0.41656722363068677,1.0135817351164642,2,27
37,0.46611127709554273,0.91987258695787,2,155
38,0.8446804808683098,0.9239009420077006,2,18,0.1766170828728717,0.8956149328838695,2,29,0.5809684708707779,0.9423517246692501,2,200
39,0.42643870389043165,1.012655491232872,2,200
40,0.4844538483701213,0.9916136682033538,2,200
41,0.6427925748523519,1.038352884054184,2,200
