0,0.9256317448535006,0.9334361950556437,2,9,0.3138385280596283,0.9770882900168256,2,91,0.5050679679144133,0.9953071644546789,2,200
1,0.35070428734554016,0.982699243426323,2,200
2,0.4941066480424812,0.9979152995347976,2,200
3,0.0747115495621375,1.0307844281196594,2,6,0.6700439162408506,1.0894619201791698,2,151,1.008733895287,1.0766751985160672,2,200
4,0.3459351564195124,1.0280020946264268,2,200
5,0.35949711113859134,0.8297998747047113,2,49
6,0.04860708318583685,1.536432044846671,2,7,0.4343502013141811,1.0119475798001365,2,133
7,0.5335669769871489,1.026965144276619,2,200
8,0.5595141027214621,1.0162028354406356,2,200
9,0.6787847009817076,1.048220374584198,2,200
10,0.6030894913922913,1.0197723084688186,2,200
11,0.5824288521867063,0.9069131653884361,2,29,0.147993962468949,0.9244689345359802,2,35
12,0.4112333344515334,1.0141778022050858,2,200
13,0.5144237306581716,1.049123207728068,2,36
14,0.44625269507309573,0.953203696953623,2,19,0.15804360071322698,1.0300856828689575,2,27
15,0.5749167017012692,0.9716874212026596,2,200
16,0.5814367444551434,1.0019693076610565,2,76
17,0.49365040748303424,1.099000003743679,2,94
18,0.5629660689078468,1.1694788855891074,2,31
19,0.8573742777235046,0.8550360175696287,2,22
20,0.4660697586165067,1.0406828063726425,2,200
21,0.2932821107092895,0.9319680881500244,2,200
22,0.5990026868772068,1.0507299493957352,2,91
23,1.791182074240134,1.2156290610631306,2,6,0.5140304781956045,1.127845287322998,2,54
24,0.6058418028483903,1.0766080969572067,2,200
25,0.6225541613708506,0.995365042090416,2,200
26,0.5107461035961053,0.9408837735652924,2,20
27,1.0192989157551913,0.9322977171224707,2,34,0.5170104305064445,1.020874711600217,2,56
28,0.6805605365864594,1.0259317281918647,2,156,0.2079766564351369,1.0395991206169128,2,160,1.3192850947634576,1.0356587409973144,2,200
29,0.7225002980774331,0.9834071584045887,2,96,0.06121475656893492,1.019293975830078,2,101,0.6227467359582108,1.0140457069030915,2,200
30,0.7717590764060601,1.0440188127756118,2,200
31,0.5717896656218993,0.9539892209314667,2,113,0.3678661752891265,0.950572655118745,2,200
32,0.220242683286174,1.056121587753296,2,14,0.7676178308210844,0.9988849695010852,2,200
33,0.33201405416776736,0.9465102380514145,2,200
34,0.23702798296209218,0.988448515170958,2,41
35,0.2111592386844667,0.9378245905706077,2,157
36,0.5969273301232276,0.9411205335667259,2,76
37,0.4496782608124669,1.1142027189857082,2,38
38,0.20845638636325026,1.2034307718276978,2,20
39,0.19195454075879698,0.9457946504865374,2,84,0.29860470260471134,0.9517057178349331,2,200
40,0.6031534548118177,1.0079707119816033,2,129,0.33559589147327584,1.0173374934935233,2,200
41,0.799290067962942,1.0696992874145508,2,35,0.04706235490018448,1.0499075412750245,2,40,0.5548533836984038,1.0795157555933599,2,183,0.06988149499307433,1.0469603300094605,2,188,0.4756185513710066,1.1460361182689667,2,200
42,0.20194384687283654,0.9550825729966164,2,8,0.47235886197312366,1.0103305323670309,2,200
43,0.4743213489295558,1.048489572888329,2,105
44,0.6587432291571681,1.0108986175060273,2,200
45,0.34795370569453005,0.9552133709192276,2,200
46,0.5610625748997482,1.0110993220888336,2,58
47,0.5841780621287983,1.0292492321133613,2,200
48,0.3037498268313198,0.9170467072725296,2,200
49,0.8289971062171468,1.024037770488683,2,136
50,0.36265910282652336,0.9781493707136675,2,33
51,0.6098990862950686,1.0530032272338867,2,125
