0,0.5527527070720705,1.0408620232343673,2,200
1,0.3915747955830902,1.0706308817863464,2,200
2,0.2367536604287564,1.0818635993084664,2,59
3,0.5296875006723438,1.0463268245007358,2,177
4,1.1063177639748412,1.0515456464555528,2,36,0.6530007837653365,1.0893556410219611,2,200
5,0.27944747482324056,1.0169840239463968,2,47
6,0.45404915081792746,0.9322974012221819,2,162,0.2990940369817745,0.9392712429950112,2,200
7,0.5347458446301268,1.0327533204834183,2,77,0.02590258880240133,1.0589610934257507,2,83,0.5048349670878237,1.0333193757317283,2,94
8,0.6155522134984274,1.0009758558028783,2,195
9,0.16041142306426012,1.0362105152823708,2,11,0.7812356925491103,1.0360284860317523,2,89,0.5364549402083135,1.0413287738422017,2,200
10,0.2946729904948216,1.0264257151505043,2,29,0.5401371734794205,1.031689300871732,2,200
11,0.4099236195403545,1.0426211723914514,2,26
12,0.45291371814845177,1.0030916830928056,2,194,0.13544900722534653,1.0469749371210735,2,200
13,0.7460351923996663,0.9705530530528018,2,19,0.3189217486025078,0.9538879173773306,2,46,0.6098754902547472,0.9912505482698416,2,200
14,0.32419255492398424,0.9897394931316376,2,200
15,0.5109484024588732,1.0464082485437394,2,200
16,0.47660478388139355,1.006103253364563,2,20,0.10187765021822404,1.0590082671907213,2,29,0.3114765574876362,1.0544504749844645,2,200
17,0.35373558445845454,0.9600552503053132,2,111,0.04746379169576339,1.0162447690963745,2,118,0.307518484504096,0.9453444606379459,2,194
18,0.5181275391715422,0.8666008730088511,2,31
19,0.31537408036149384,0.8677177081505457,2,24
20,0.32900637342883343,1.1353784014907065,2,79
21,0.404345162605779,0.9662560947736104,2,150
22,0.24059681672219876,0.7441314868628979,2,32
23,0.2859536329368586,1.0352926760349634,2,106
24,0.5379086301664444,1.148202730006859,2,183
25,0.2477119673778191,1.0661163991689682,2,200
26,0.32196412157382326,0.8853725581555754,2,74
27,0.34422794969084447,0.9809707512458166,2,120
28,0.7234010289926337,0.985885648727417,2,100,0.23638914650605772,1.0011753819205544,2,111,1.2743988522825371,0.9668099560388704,2,152,0.4313671676346082,0.9730113397041956,2,200
29,0.3008323798920709,1.0415841543928106,2,47
30,0.47715761922697364,0.9551682472229004,2,48
31,0.4774181887918319,0.9549539421425491,2,61,0.07547661372876997,1.0260887362740256,2,72,0.4282996280565036,0.9695722879841924,2,200
32,0.40901240584819487,1.0946150255203246,2,200
33,0.44355435201648885,0.9850216584327893,2,39,0.2528026520193685,1.0268807240894862,2,81
34,0.38550437895159717,0.8050723556015227,2,36
35,0.09718148017038464,1.107832942690168,2,7,0.3851508267913297,1.1002689844522722,2,46
36,0.3012412968094355,0.9723848366737365,2,200
