0,0.4801477355610369,0.9703666557699947,2,118
1,0.30279933052464564,0.9693375527858734,2,200
2,0.271965781591439,0.9353161364793777,2,200
3,0.6300623152192689,1.099372543624996,2,194,3.4997441719754803,1.106500228246053,2,200
4,0.4513311968960115,0.9863532781600952,2,29,0.011053488771033494,1.0077812194824218,2,34,0.6688882921258991,1.0035402889435108,2,86
5,0.4794862635445343,0.979123376607895,2,200
6,0.46837716715066946,1.0709578685982282,2,43
7,0.41971264713046064,1.0748668456077575,2,200
8,0.5373324398814691,0.9708011529662393,2,132
9,0.5264356454148272,1.0915795316298802,2,24
10,0.21885481376600927,0.9734142603100957,2,185
11,0.6099097905636339,1.0655624785817654,2,133,0.12437980678990722,1.1170331835746765,2,139,0.5052322786402925,1.0743338553631891,2,200
12,0.39671598570367905,0.9485049599409103,2,200
13,0.20669623876438287,0.9481889337301255,2,200
14,0.3790493228355537,1.1415649226733617,2,28
15,0.5232965595093768,1.032309920191765,2,200
16,0.704055107198942,1.0053004467487334,2,200
17,0.6465795737296589,0.9489259028434753,2,200
18,0.624498609465297,0.9804934328794479,2,200
19,0.29768287833751955,0.8606505460209317,2,9,0.0911280960708437,0.890338679154714,2,24,0.4707162914777389,0.8669976185668599,2,200
20,0.2769215681712085,1.0551043919154577,2,7,0.7640763174843999,1.1014365874803984,2,33
21,0.4559418991263978,0.9674689873405125,2,92,0.037183482998316926,1.0349534920283727,2,99,0.5739346410407226,0.9690921174155341,2,153
22,0.6100204510504662,1.0998402791615773,2,169
23,0.4578328957356412,1.0521792709827422,2,20
24,0.5323706182373973,0.9235037025951204,2,42
25,0.5730308169550035,0.928915442772282,2,103
26,0.6342414277441882,0.9826775908470153,2,200
27,0.5438905950197301,1.0280630111694335,2,200
28,0.17979254905141903,0.9472663807868957,2,200
29,0.6616428027219515,1.020238068509609,2,94,1.450272474641814,0.9924220209536345,2,117,0.6920283744526551,1.0421240746256817,2,200
30,0.46693730704770126,0.9576516917773655,2,28,0.8638937832669976,0.9924739321996999,2,200
31,0.4837437952619672,1.0199598258733749,2,200
32,0.3985945707711863,0.9503962355852127,2,200
33,0.6605941280833,0.9722636771202088,2,200
34,0.4404697782290909,0.9735575883658891,2,194,1.820615768727769,1.1342799464861553,2,200
35,0.5414711565938416,0.9837115854024887,2,8,0.08738926356802987,1.0485176377826266,2,17,0.4763255313154637,1.013920984632982,2,200
36,0.6035471617468147,0.9746191790609648,2,33
37,0.635874117251374,1.0234657726789775,2,95,1.0018746851786853,0.9638346175352732,2,155
38,0.493456723723475,0.9739582598209381,2,200
