0,0.2531283954318572,0.9483050952355067,2,24,0.5086387343548079,0.9416706620669756,2,85
1,0.3919332630152907,1.1174586802721023,2,40
2,0.4601224895695498,0.8982632577419281,2,200
3,1.063535597372024,1.043503318347183,2,102,0.06688323755717257,1.0044013500213622,2,107,0.7744508245156879,1.0639866731500114,2,200
4,0.23779513148858117,0.7392028391361236,2,10,0.5390367052832206,0.9386685867058603,2,200
5,0.44579518887472963,0.9677908451129229,2,78,0.07936232343063786,0.9992567300796509,2,84
6,0.30961201519962145,0.8583236366510392,2,20
7,0.3853671589186027,0.9986981707811355,2,200
8,0.539665957254614,0.8060164114703303,2,23
9,0.5526164044285876,1.0681915439543177,2,61
10,0.4458642078469416,0.9601929088433584,2,96,0.060405689631341825,1.0231515914201736,2,104,0.502763259968006,0.9736964255571365,2,200
11,0.4073133759487309,1.0067814964056014,2,200
12,0.46981748307321997,1.0233882814645767,2,200
13,0.5782906214749973,1.016037940979004,2,52,0.0734906564923112,1.0228614807128906,2,56
14,0.16196895025170804,0.9647368788719177,2,14,0.4618040471651132,0.8423375450074673,2,30
15,0.8593258571084283,1.0396053319176037,2,192
16,0.4473448474003713,0.9854997360706329,2,200
17,0.3027367834117737,0.989003210067749,2,25,0.07185429455576851,1.059471567471822,2,34,0.40964875308400056,0.9989239724285631,2,200
18,1.1310979092499633,0.9106515789854115,2,29
19,0.48632445505741834,0.9874000101420232,2,173
20,0.24856874357416164,0.8359068312296053,2,82
21,0.39529076299362553,0.9877139496803283,2,50
22,0.3544866469957672,0.9961564588546753,2,200
23,0.3979499137556273,0.903559912954058,2,175
24,0.3473620083736725,0.9826051286748938,2,74
25,0.5677038705318558,0.9977595382928848,2,200
26,0.4432361292844129,0.9723416215181351,2,200
27,0.4668475706085396,0.9289459812641144,2,200
28,0.9450877945215708,0.8974618955894753,2,27
29,0.1556843375727257,1.1329185962677002,2,5,0.7671531039371836,1.0989815738736366,2,103
30,0.16616133400881777,0.8800600969791412,2,200
31,0.32063704596408676,0.9664934691582018,2,131
32,0.37377594813388115,1.1276957988739014,2,36
33,0.6006071022852738,1.0261066100930656,2,186,1.5864529330193866,0.991262952486674,2,192,0.18882090221983422,1.087047964334488,2,200
34,0.3795745059640201,1.0004590925623158,2,61
35,0.4546363090963838,1.0532167132307844,2,123
36,0.5129018930930027,0.9031036856770516,2,200
37,0.25853674569243257,1.075987271711129,2,147
38,0.5258989028195362,1.0159662172827921,2,142,0.34696366569101816,1.0479483008384705,2,200
39,0.44360672173863336,1.046214988231659,2,200
40,0.5312704095532352,1.036390495300293,2,50
41,0.3219116560429258,1.0690574795007706,2,40
42,0.39183207429603856,0.9614436695208917,2,104
