0,0.3678611800203652,0.9963453446115766,2,70,0.5721708922477502,1.0083086481461159,2,200
1,0.6085127186721794,0.9884331900140514,2,138,0.09432884754091912,1.0438426865471735,2,147,1.0680918723830461,0.9722722701306613,2,200
2,0.3800833169384268,0.9889967598413166,2,38,0.657216391629278,0.9979349046181409,2,194,0.2262761005040856,1.158680021762848,2,200
3,0.517256779011418,0.9495903149247169,2,200
4,0.4116602726226213,1.0129323871002585,2,197
5,0.7625475255027072,1.0189933395385742,2,200
6,0.8897085926170335,0.8551430076360702,2,20
7,0.5073923915886603,1.0073224244973598,2,117
8,0.4491585103310716,0.933288513085781,2,39
9,0.4572556302420325,1.0023798966407775,2,200
10,0.5302962938392615,0.9756356859207154,2,200
11,0.6682390381459884,1.033868956565857,2,200
12,0.6572409383195033,1.0327283964362195,2,186,0.18310207624395264,1.0682512862341744,2,200
13,0.5625402793809233,0.9263875484466553,2,44
14,0.3417903838467273,0.9608382654190063,2,200
15,0.5292544590113727,1.006942906975746,2,200
16,0.6992402381993454,0.9908452469568986,2,156
17,0.4973290091978773,1.011918091919364,2,164,0.18443567249788942,1.0276754603666418,2,181,0.45741316065804777,1.0174139738082886,2,200
18,0.4591241204932089,0.9717432737350464,2,200
19,0.19423438391638337,0.9607856641994433,2,178,0.06567213472969641,1.3036539057890575,2,190
20,0.6073982762719674,0.9853706598281861,2,35
21,0.5077038245062999,0.985572772026062,2,200
22,0.2551467009578712,0.987224891781807,2,200
23,0.3031564661534053,1.0155632573145408,2,108
24,0.43307292263302605,0.9751308502349179,2,113,0.6697918162245637,1.0177094867859764,2,200
25,0.15166392000583592,1.08096165692105,2,68,0.25402625445055305,1.091660765987454,2,200
26,0.7079545502981756,1.0355540025741496,2,188,0.32056168225528237,1.063214639822642,2,200
27,1.1702104932005557,0.9610732518709623,2,13,0.03659172503970367,1.0312642256418865,2,19,0.5724296582946127,1.0474482326876393,2,200
28,0.5607119555316327,0.982199469962752,2,166,1.5575196116081036,0.9505151850836617,2,180,0.6615139618327903,0.9804390788078308,2,200
29,0.5361286054830529,1.0725102523962657,2,24
30,0.42307276924710746,1.0184638142585754,2,200
31,0.46222623586633277,0.9551679009199142,2,200
32,0.4448453342770228,1.0136059761047362,2,50,0.05643245258654747,1.0487607187694974,2,59,0.5065446745314663,0.9919482317376644,2,200
33,0.13910664157604108,0.9685827619151065,2,19,2.9199783774476558,1.0533440113067627,2,22
34,0.5218762303583958,0.9849387046902679,2,172
35,0.5348565322431746,0.9877841851928018,2,176
36,0.7460869091231361,0.9664104256448867,2,79,0.09502736974520429,0.974911459854671,2,93,0.6143729387959465,1.0440586708312811,2,179,1.2426038686710832,1.037975544021243,2,200
37,0.48889869421294274,0.9982053853095846,2,94,0.7689684232399467,1.0051597581719451,2,200
38,0.6119093882299068,0.9377969935536384,2,160
39,0.49964136136516013,0.9616434574127197,2,81,0.2819254708356084,0.9966509943248845,2,200
40,0.463894189594624,0.9763720837132684,2,58
41,0.8517647418381593,1.0181662392616273,2,200
42,0.2426822014061795,0.8156113922595978,2,20
43,0.31240409655594215,1.1233878894285723,2,33
