0,0.38333020803424644,0.9385935664176941,2,30
1,0.4584670027162057,0.938992558864125,2,57
2,0.40079759597353565,1.0499014494030974,2,43
3,0.7875922040877861,1.0735737668707015,2,141,0.3825825443656771,1.09887764413478,2,200
4,0.5477549806144192,0.9603465748305368,2,101,0.0802092022764268,1.0000582138697307,2,107,0.43786283479180416,0.9692209788731166,2,114,0.10797795714458826,1.0099540948867798,2,121,0.4715516221821957,0.9654376366559196,2,155,0.07959484443024008,0.99613356590271,2,160,0.6632180801697763,0.9492653012275696,2,200
5,1.4890588557138251,0.9824358820915222,2,4,0.35412376713049276,1.0307415056228637,2,29,1.0800556564933859,1.0195915943000748,2,200
6,0.45216390323770295,1.0592990809795904,2,51,0.07051610592963824,0.9979943990707397,2,56,0.5301733924144449,1.0594889852735732,2,200
7,0.471482668951752,1.0865054380893708,2,200
8,0.4093741379647727,0.968282130924431,2,74
9,0.4243296645157544,1.1293151574592069,2,73
10,0.4603012360301922,0.9481212670152838,2,55,0.7783129650177861,0.9524624775617551,2,172,1.6998954536461925,0.9482979929965475,2,195,0.4161345615200894,1.0493132829666139,2,200
11,0.5743394947173793,1.0019320181260507,2,192,2.0598566121569473,1.0969307124614716,2,200
12,0.22216927088538727,0.9868635922670365,2,200
13,0.48809924487068923,0.9451427349677453,2,65
14,0.4759400861087566,0.9897510192611001,2,22,0.07758381011754459,1.012663449559893,2,29,0.4837703922253495,1.0586311224608393,2,200
15,1.9937593984967212,0.7718048493067423,2,3,0.35344078375012183,0.9356958350619754,2,40,1.1022019338763842,0.8543200441028761,2,63
16,0.6662926267076081,0.8990868911147117,2,120
17,0.5659597068385056,1.0282431900501252,2,200
18,0.49300404891472605,1.0238970041275024,2,200
19,0.4586834633369252,0.9209325530949761,2,170
20,0.2479296571090984,1.1695103096961974,2,50
21,0.42678191691658646,1.0298345883687336,2,30
22,0.23734443710906486,0.888814525944846,2,21
23,0.3652785162941087,0.9671970032728635,2,52
24,0.656739625031544,0.9905020838975906,2,200
25,0.5653903969067969,0.99400135576725,2,200
26,0.46061029783190294,0.9380849357261214,2,172,0.2079826751668677,0.9904639508043017,2,200
27,0.507272330627071,1.0045720157244347,2,151
28,0.6119433074635725,1.010429744948884,2,167,0.036894645248838724,0.9648203611373901,2,172,0.6848736322497329,1.0157953713621413,2,200
29,0.27006775533244237,0.9476678511500358,2,200
30,0.6673699526424206,1.0037221102153553,2,34
31,0.6204192728778435,0.9886072103793805,2,65
32,0.5491116526776273,0.9941639590263367,2,200
33,0.44936639351953317,1.0168021678924561,2,200
34,0.6745530478714193,1.188386394427373,2,26
35,0.8299484792803481,0.9345844917827182,2,36
36,0.5521758227777137,1.0718521785736084,2,200
37,0.48592977229594697,1.0717789273743237,2,109,0.7463339161348108,1.06029732803722,2,200
38,0.6546229589023117,0.9623879988988241,2,6,0.11345382616308726,1.0521759059694078,2,15,0.5630024733199618,1.0267225594133944,2,200
39,0.6231178239856728,1.0342983001470565,2,200
40,0.2983096388011229,0.9288876376934906,2,134
41,0.3654092636513107,0.947288203239441,2,170,0.6330341080212588,0.9444572528203329,2,200
42,0.7818928052295794,0.9396914948967738,2,191
43,0.1794166376652884,0.9592152911424637,2,200
