0,0.2687816541313386,1.0096159832818168,2,28
183,0.6148703159017913,1.077265242735545,2,6,0.012672319829765352,1.0853144569056374,2,20
184,0.36161267409732234,1.3165566682815553,2,10,1.0186827669302603,0.30128815211355686,2,26,1.5344236572123662,1.6969353169202805,2,66,1.4318221971553395,0.9304108719031016,2,78,2.065635538192191,1.8610028507279568,2,200
185,0.052744750472942845,0.8572068704712775,2,31,0.2510200118397871,0.8267709040641784,2,56
186,0.012339079542739181,1.0177877217531204,2,20
187,0.27278534538208954,1.0304652188890544,2,199
188,0.28199035040303455,0.8102224923796573,2,59,0.9183513599327667,0.42756638060445373,2,82,1.7652057675710897,1.1038142030055706,2,95,0.28806866112631074,1.2717092156410217,2,125,1.1887331631096665,0.16851142346858977,2,130,2.1812909522471333,1.7401111871004105,2,162,0.24713061682685503,1.3683567172602604,2,200
189,0.22807977905146337,1.1233415603637695,2,18,0.025941715828033046,1.170602534128272,2,41,0.5709346179389194,0.5488371912277106,2,107,0.2700905652038477,1.2325594789452023,2,161
190,0.3392067309046992,0.8558146804571152,2,12,0.013275475927611101,1.249549850821495,2,20
195,0.2791473013147935,0.7735599414868788,2,22,1.2575504711644532,0.1613100391538704,2,192,1.5902466499936365,1.1026043966412544,2,200
