0,0.32620195424451937,1.0405361503362656,2,20,0.030992353494317275,0.9808537006378174,2,35,0.17629262459190562,1.014493055415876,2,68
180,0.24019120763509907,1.5003475631986345,2,21,0.016963294965127534,0.755104680856069,2,39,0.2686388538676338,1.0100578169027965,2,45
181,0.2834211756438052,0.8423031568527222,2,20
184,0.30979745547676396,0.8598767944744655,2,42,1.128427588311396,0.5650530836798928,2,64,0.08031855060611413,1.1703163644541865,2,87,0.6403501273818835,0.7149039024272851,2,200
185,0.26509211828216184,1.5039100967920744,2,26,0.022998225123106456,1.2422805393443388,2,43,0.11164187358252058,1.2313308715820312,2,47,0.2862383315781816,0.7517797185315026,2,65
186,0.2624469951180566,0.8091043082973625,2,79,0.023410805022592483,0.8289543926715851,2,89,0.518466422761629,0.9046510259310404,2,131,0.06462345927275431,1.0926277807780675,2,159,0.5953203923502939,0.5387297372023264,2,174,0.03611063319731919,0.9133066643368114,2,185,0.374679569187809,1.050369373957316,2,200
187,0.27341757759818813,0.5722250699996948,2,10,0.012106091563330243,1.0637420773506165,2,20
188,0.16134580892788292,0.8252193595087806,2,43,1.044938234053454,0.8008637886780959,2,56,1.018664158357768,0.48547273501753807,2,64,0.027870249866217153,0.38651204322065624,2,78,0.7885491738361602,0.4350145162373293,2,200
190,0.2772828296951744,1.0648797797529321,2,152
194,0.35026297028685144,1.104533659525154,2,121
