140,0.3243264009835855,0.9307914723952612,2,12,0.022354674082950145,0.9251703229443781,2,41,0.36703049063033055,0.7575814922650655,2,59
180,0.2886563363496438,0.595314852012101,2,93,0.5584798881968771,0.6527206245458351,2,199
182,0.7513356271445611,0.494596290768999,2,66,0.30683265678765265,1.4754982675824846,2,73
183,0.3313741133948772,0.921760360399882,2,9,0.013656252190569285,0.8946021578528665,2,20
184,0.24895785189295463,0.36646400313628347,2,114
185,0.2623459572039917,0.9809010326862335,2,28,0.018205018023914176,1.1205738295208325,2,61,0.22655865813806764,1.1070987582206726,2,69,0.9970553645707695,0.47828790706557195,2,106,0.2717539794577035,1.3205641686916352,2,126,0.024079826813873762,0.9598832708416563,2,159,0.3965657002253562,0.8066519498825073,2,164,0.8469939521745621,0.3252727886041005,2,200
186,0.6168972801877812,0.589921013712883,2,200
187,0.2617999198097358,0.47639716664950055,2,15,0.016167629370434807,0.9069092631340027,2,20
188,0.4981126590832273,0.7870837663704494,2,53,0.019632729379261145,1.0245893964400659,2,66,0.38626705946545253,1.0583157896995545,2,116,7.801602905450529,0.2747800648212433,2,122,0.3128623943685163,0.4819967044251306,2,129,6.6262815931442764,0.3600428913320814,2,136,0.26347496992427394,0.7127692600091299,2,145,14.632907735810376,0.5567245557904243,2,149,0.420054754995518,0.7592735874652863,2,199
189,0.9740737040537839,0.6489463647206625,2,6,0.012441230618519768,1.314817032643727,2,20
