0,0.2795308870930764,0.8830261212268858,2,131,1.4551535073210236,0.5079464493454366,2,200
181,0.8490316821096704,0.2771855038404465,2,25,0.29118695185734517,0.22976630317313332,2,200
182,0.26547628413475366,0.5771771506829695,2,44
183,0.24816369969462485,1.2100969950358074,2,24,0.33032978629473664,0.7165490317344666,2,49,0.7908006913839917,0.6740700219459129,2,102,2.1940009842808763,0.6039669909514487,2,134,3.889000814346341,0.22101567563961963,2,183,0.5080210847797212,0.5809986777603626,2,195,10.218814906054472,0.6247487246990204,2,200
185,0.33395448054424226,0.35855398923158643,2,20
188,1.0480796009191846,0.1896841071786419,2,31,1.8546381555317697,1.724173292517662,2,63,1.8506223627581664,1.127885683306626,2,105,2.0360122329673347,0.4073786612910529,2,153,0.2621450173008433,1.0563699867990282,2,171
189,0.3776182877243709,1.102855126063029,2,3,0.012581349931281734,1.052339816794676,2,20
190,0.32055673872366547,1.378882782799857,2,28
191,0.5985758393836513,0.8869564820218969,2,27
192,0.3077485831094795,0.7268229775261461,2,57
