0,0.26944108094905794,0.931245927810669,2,200
182,0.29973499503076745,0.7186350557539198,2,9,0.013156933689022987,0.9819655851884321,2,20
183,0.4661393723650329,0.7579286209005394,2,151,0.2635597292369871,1.1400879548520457,2,200
184,0.37779597336486187,0.9125435143709183,2,80,0.042836936765108344,0.8550524314244589,2,89,0.4988428146594304,0.7695224784515999,2,200
185,0.48380264867205525,0.6414624920487404,2,200
186,0.13025348956669458,1.1365627283635347,2,23,0.9570062452578739,1.0225114992686681,2,30
187,0.4393389410382541,0.8275745072785545,2,17,0.07536661042727398,0.9981011404440954,2,43,1.0532873293418146,0.45894622456306106,2,200
189,0.36651551615861455,0.9750673128664493,2,200
191,0.2096409817335921,0.9290730059146881,2,4,0.013354862493521044,1.1042546443641186,2,20
192,0.4514436113872437,0.7089005641217502,2,53
