0,0.27737823574021836,1.0120779520698957,2,56,0.8180463943676977,1.0602534234523773,2,86
199,0.4258333539431061,0.7274676873570397,2,147,0.23685180415986862,1.079888983776695,2,166,0.0293748752851918,1.4268777618805568,2,190,0.36662802877754946,0.9893856048583984,2,198
201,0.2767386170067902,1.2846078222448176,2,11,0.013964070068191062,1.320242206255595,2,20
202,0.8593422125106368,0.38228997329007025,2,23,0.5777359863842308,0.8183220563790737,2,62,0.24812313360387586,1.0944496393203735,2,161
203,0.3409912598849316,1.1544579803943633,2,20
204,1.0215282434663906,0.30902407265761317,2,170,0.3076261003360876,1.0178310213417843,2,199
206,0.33641738651813546,1.0375393042197594,2,65
207,0.7317037759335765,0.8335006237030029,2,74,1.1780394727972416,0.2187769053565277,2,165,0.18036130048550073,1.2610840929879084,2,174,1.4418672086937243,0.25572366596987617,2,200
210,0.6131911766587127,0.7960729483101103,2,36
211,0.2585436696977741,0.8110939893457625,2,36
