1,0.7502026961350614,0.4338289371558598,2,21,0.10369538696891475,1.1250887053353447,2,56,0.42657813297485153,0.34331866286017676,2,78
158,0.329633068278251,0.9644002715746561,2,21
159,0.2703626120828858,0.8976294716650789,2,88
160,0.2450891491952683,1.1177233518698277,2,39
162,0.24335324144830403,0.44029813769616577,2,19,0.9262629665954825,0.16494436969244203,2,62,0.27043680533866743,1.010763992667198,2,162
165,0.33582508651940046,0.3652218688618053,2,11,0.015298323000890507,0.9995151890648736,2,20
166,0.28430953954183197,1.08908776890847,2,62
167,1.9148553009744325,0.11981365104605045,2,56,0.026592715777676686,1.0105624828073714,2,74,0.335491352584542,1.1853364325802902,2,132
170,0.022685271372786708,1.143025028705597,2,5,0.302837832351723,0.9121555519104004,2,30,0.036293319016681785,0.6912761092185974,2,55,0.410766272284894,1.1369799886431013,2,62
171,0.2557524236045688,1.0417556081499373,2,7,0.02592301796756522,0.9899722933769226,2,17,0.6770124814700975,0.5477640613913536,2,37,0.0662114154391679,0.9640653100278642,2,73,0.5235583120176042,0.7271542292833328,2,98,0.7488994396347403,0.36890813854395177,2,200
