0,0.7004038386925333,0.6622403299107271,2,34
192,0.2184591614006746,1.347674032052358,2,12,0.01828599984144274,0.9286545515060425,2,55,0.8011239628140734,0.6774558831344951,2,66,1.7141345373970687,1.4459284489805049,2,110,1.8223921492633945,0.4101502769626677,2,134,1.804174397552401,1.1785591393709183,2,138,7.042395729403912,1.748885218174227,2,200
195,0.29110983869447377,1.4765104396002633,2,14,0.014291002514601352,1.328241805235545,2,20
196,0.7109290119366661,0.3585477704877284,2,67,1.6870288168157244,1.5751255750656128,2,70,4.342946700106348,1.8344141671290763,2,200
198,0.014351031530671396,1.4343907952308654,2,20
200,0.5112954193698597,0.8834927535575369,2,46,1.3969042137385301,0.3094989603385329,2,66,1.5905164164832,1.4773163838045937,2,108,1.224698731886198,0.23576412312686443,2,178,0.26144691523892527,0.7476600218902935,2,200
201,0.32725662107022085,1.026508202155431,2,12,1.6596904416338756,1.8599737038215,2,36,0.061328706300804205,0.9449331965939752,2,65,0.8483769585844928,0.15211601927876472,2,108,2.3261900029564084,1.7770307836709198,2,162,0.9185731626483203,0.7596431343179,2,200
205,0.2622583110791212,0.9565204580624899,2,9,0.01180925688268286,0.9742983308705416,2,20
206,0.2594891330137451,1.0082199573516846,2,3,0.011488134817372427,1.163902387899511,2,20
207,0.47955089743478424,0.8840415000915527,2,25
