0,0.39220489125477537,0.3200472580062019,2,45,0.30069091442672496,0.888943949862132,2,108
170,0.33998064957418733,0.9011736223474145,2,64
171,1.2323949378041679,1.5799851914246876,2,24,0.2590996594089983,0.7023139953613281,2,39
173,0.2652759679904621,0.7621758159469155,2,34
176,0.33798407644713996,0.38521793454885483,2,50,0.22531254886761112,1.380529068765186,2,71,0.900146732581331,0.25001415517903114,2,200
177,0.24081554675111044,0.6747023827499814,2,18,0.9228088210133866,0.44203782379627227,2,98,0.2750703869477592,0.6724691542368086,2,161
179,0.16629424114086838,0.8263044903675715,2,72,0.5937377455102274,0.2941125614651993,2,139
181,0.3096781587654484,0.9783210578511973,2,61
182,0.46612638074253543,1.0675726284583409,2,24
183,0.8736561002487035,1.2717411518096924,2,5,0.012442017215954816,1.13628032207489,2,20
