0,0.6141855763784504,0.7551025349048921,2,162
172,0.7746900991102779,0.5727516223083843,2,11,0.2438537748227164,1.772650170326233,2,16,0.04014290975382322,1.4630993008613586,2,22,0.7328860515966527,0.34582087734625455,2,169,0.06829085756615079,1.2068587157034105,2,200
175,0.4686448232862206,0.9645946110997882,2,7,0.013188252558647287,1.5028269932820246,2,20
177,0.6881695376430744,0.5588700484770995,2,78
178,0.2698002696684648,1.488245685895284,2,9,0.014587052790175137,1.2492819320071826,2,20
179,0.3495875661045565,1.005991650664288,2,46,0.04850953555149905,0.443211334447066,2,58,0.9528886316416865,0.27612316684694743,2,185
180,0.3184568615090287,1.5191749825197107,2,17,0.8806129700446002,0.26255418886156645,2,34
181,0.9276394537603029,0.5976492302848938,2,94,3.2765097407168158,0.45618148065275615,2,130,0.14525412810996177,1.115415700844356,2,137,3.2665363210855536,0.6036962701214684,2,164,0.14941620335923536,0.9633778691291809,2,169,3.4735757853148015,0.6047055720081252,2,200
182,0.8069128385423561,0.07830865321534662,2,121,0.16466321658462016,1.063511870409313,2,159,0.2409691466386289,1.8948048975156702,3,182,0.31385742669641553,0.588002645307117,2,200
183,0.27359251870801576,0.8385639971700208,2,116
