143,0.43882920454708557,0.856521793387153,2,22,0.019562492492618988,0.8111878710408365,2,53,0.7142841397380756,0.3981969391508978,2,200
144,0.7542727290559962,0.3155003794069801,2,56,0.26285215816905644,0.5817327655278719,2,121
145,1.0029009408318048,0.45558889865875246,2,25,0.38137870372097943,1.1229157038033009,2,41
146,0.3443124513775763,0.9314000401870314,2,83,0.48803925740115633,0.5374366835753123,2,158
147,0.26415618002897434,0.8469504415988922,2,12,0.012976333645108043,1.277087926864624,2,20
150,0.07925077858349557,0.7729995548725128,2,70,0.8368865282856371,0.37411891993354346,2,155,0.014274006244001623,0.9618249634901682,2,173,1.3274249565186558,0.32068501357679013,2,200
151,0.166147752668843,0.8117073997855186,2,8,0.01253551477391635,1.018264169494311,2,20
153,1.00141431291439,0.1896602169356563,2,66,0.18181791485971469,1.0733475804328918,2,111
240,0.3290619184425404,0.7651687392821679,2,65
248,0.8568557586361623,0.42653731000957207,2,67,0.3437627674845298,1.225472370783488,2,127
