0,0.4374583737129531,1.089102327823639,2,8,1.364072882438307,0.19641299426555633,2,33,0.33665199907759,1.1561093595292833,2,42,0.019322280990035905,0.8035939666959975,2,51,0.307942225484858,0.8548200915355494,2,152
182,0.24370488825702966,0.6687522744923308,2,114,0.5618040725336637,0.5298685391743978,2,129,1.21543936690338,0.23436882168474332,2,200
183,0.2831695268924523,0.9458273628301788,2,57,0.9794092276251973,0.35552969552687747,2,124
184,0.3639986834085508,0.7394282023111979,2,15,0.013535053558630791,1.291462206840515,2,20
186,0.04528491282995551,1.3943210124969483,2,10,0.2508782007080109,0.8124595646347318,2,66,0.027071134728679194,0.8532389023087241,2,88,0.3099054480867987,0.5653358522583457,2,105,1.0868923217134001,0.32600232895384446,2,199
187,0.5893385912318858,0.8074213289297544,2,26
188,0.30834357259057116,0.6163162514567375,2,8,0.023396877520382626,1.0041532576084138,2,18,0.3563519562244421,0.6173187817537016,2,142,0.03075663801119925,0.7481838521258585,2,200
189,0.22426498425891508,1.1880214929580688,2,5,0.01184806205520123,0.9136362632115682,2,20
191,0.26270332684110115,1.0413230806589127,2,28
192,0.2913759411728038,0.8805748675320599,2,37
