1,0.42489184712553485,0.4711829937166638,2,18,3.8690646484240885,1.8041102159768343,2,82,1.3848529730381207,0.23550492839422077,2,114,2.914099957320889,1.8742379282796107,2,157,0.5097417980753841,1.0269933453826017,2,200
180,0.020950026010546872,0.7726113051176071,2,20
182,0.41253995397928844,0.6232364877410557,2,23
183,0.24948971565455458,0.8161828961968421,2,200
186,0.2701321928102442,0.9449111187096798,2,33
189,0.1255275827747184,0.4683174457814958,2,9,1.1696791498829815,0.2729453474283218,2,24,0.364831320182187,0.8022642334302267,2,27,0.06776770867407172,1.0181956619024277,2,47,0.34391253855247306,0.8848434669129989,2,81,0.03740904360875661,0.7418470203876495,2,96,0.3151816921932712,0.5080350091060003,2,114
190,0.5960656033661749,0.4395538310591991,2,52,2.3662485236723194,1.587917478879293,2,82,1.2076670285880728,0.15995473383615413,2,106,0.029949611743191794,0.838916227221489,2,122,0.355352469977399,0.6021271754394878,2,133,0.028486499026541164,0.7839504451978774,2,154,1.0759749876328852,0.23189475354940994,2,200
191,0.9617912608176098,0.21408969764080313,2,72,0.3333219323903963,1.3322276649651703,2,126,1.2507433131251855,0.27901592180132867,2,146,3.0563958250995515,1.7257843292676485,2,172,0.9292780221262268,1.143932855129242,2,177,0.332760478951881,1.1329534338868184,2,200
192,0.45721025051456204,1.3040429519282446,2,36,0.028194225211257966,1.09168541431427,2,72,1.1549518519545272,0.2501203293601672,2,111,2.2359482962498727,1.530817522559055,2,154,2.114094004348379,0.34908390398088257,2,192,10.62891486847995,1.284743845462799,2,200
193,1.4003921656250868,0.22624321947417533,2,192,5.29514609528841,1.0030807629227638,2,200
