0,0.2462545281621773,1.4933295130729676,2,10,0.012592224695588536,1.110488623380661,2,20
133,0.9732141564531573,0.19525478087192358,2,43,0.08390124475006049,0.7394081694739205,2,50
134,0.2918350694225614,1.0094756268221756,2,116
138,0.2735508281449077,1.1085597097295001,2,103
140,0.32051574186455467,0.9781052011709946,2,39
143,1.0949793108975312,0.20301038353908352,2,82,0.042227768527493055,1.0261624952157338,2,88,1.3111105460337062,0.18255374890061155,2,119,0.26987196708689287,1.2950578246797835,2,133
147,0.27814202934429894,0.6884625184535981,2,125
249,0.6479806642967841,0.48100880833342674,2,200
251,1.2431352308089256,0.16282720882140223,2,61,0.24955702836662835,1.03099548128935,2,87
252,0.05811646004793441,1.3065052145236247,2,37,0.9868789782479175,0.17703446129272724,2,153
