0,0.6430929222857447,0.6561989768878701,2,97,0.12890176958436775,1.176764346935131,2,124,0.5809874298905789,0.9646819919347763,2,144,0.01977277098796081,0.7181689739227295,2,156,0.5221108932275007,0.7785352807153355,2,200
201,0.2998696507448138,0.7181539177894593,2,50,0.6933935211067055,0.4857987005015214,2,200
202,0.25789790328207707,0.9091669412424964,2,137
203,0.7247449499109044,0.41419937723764666,2,54,1.5979913795325087,0.21297209166398604,2,200
204,0.3428381906670178,0.8919174647331238,2,25
205,0.6907183743644271,0.5301482304930687,2,24
209,0.6812354148205418,0.39670363765047945,2,92,0.6340616283088281,0.9714373254350254,2,120,8.483608935297122,1.7044745683670044,2,126,0.23072126671928855,0.8152733104569572,2,133,3.032223742201941,1.0362730342060773,2,200
210,0.3882489910825784,1.0803440128979476,2,46
211,0.36061184446420563,1.312524675176694,2,52
213,0.6875827126848397,0.5157960971196492,2,90,0.017483654904838625,0.5077300861477851,2,110,0.286802131218604,0.9299903700991374,2,151,1.0351947624601618,0.43445469165334893,2,200
