0,0.4039485247104033,1.0735737085342407,2,19,0.027084464507366502,0.19774332766045524,2,200
1,0.2789701296956169,1.1759868676845844,2,26,0.03182059343681092,0.2622533126295298,2,200
2,0.6400184006990334,0.6989947002509544,2,29
3,0.34154597659368907,0.859577655494213,2,200
4,0.626196141626526,0.5067665031445878,2,56,0.05092616845640302,0.607764858948557,2,75,5.254151459541975,1.8902547413652593,3,97,0.05707640534156009,1.4608924899782454,2,104,11.459494867809257,1.99,3,122,0.05522615814976337,0.4222697546848884,2,135,7.872672536861867,1.8671302795410156,2,139,0.04686452688404753,1.4076022903124492,2,145,10.361717126690829,1.914400726556778,3,153,0.0508582643392693,0.2779768242480907,2,200
5,0.5538575117367334,0.9768906091198777,2,66,0.03611194661508834,0.22707356657110042,2,200
6,0.5082278990681142,1.0919983053720126,2,93,0.03305884094484415,0.07082890503317396,2,200
7,0.4309328991692925,0.6182623021304607,2,8,0.015980497068699105,1.1144827405611675,2,20
8,0.48275950557299174,0.9568735074996948,2,200
9,0.24917353087937227,0.9403338649056174,2,55,0.2751591361473254,1.2550488511721294,2,97,0.019311196628420957,0.044967278114800315,2,200
10,0.6657391495082002,1.323361629531497,2,21
11,0.333745901888677,1.043579694387075,2,37
12,0.6828235096979821,0.4882255517519437,2,26,0.0378490194232018,0.7464026808738708,2,33,0.9765499714649395,0.4158102124929428,2,45,0.040894889853979495,0.08579912858624612,2,200
13,0.053501554263533084,0.15741350881755353,2,200
14,0.5623118930223825,1.0525576257973575,2,89
15,0.49540857814958394,0.681425677878516,2,14,0.05360981701923918,0.4073697670742317,2,41,0.6061701768401377,0.9591866865964003,2,112
16,0.28196260764621334,0.9865836871081385,2,58,0.025720710392360565,0.1387749506344258,2,200
17,0.4073539394451978,1.172148600772575,2,54
18,0.029842763087236848,0.1372078428665797,2,90,1.000782061729393,0.09922448131773207,2,99,0.15015992941171405,0.1982743117164393,2,160,0.02756111960908812,0.19042347371578217,2,171,0.3874741630479256,0.15545097490151724,2,198
19,0.6163504659605384,1.00749491751194,2,40
20,0.48998427607466144,1.162987289428711,2,25
21,0.443917818335489,0.9860589070753618,2,44
22,0.07530066964509227,1.0122951811010188,2,11,0.46163035006087133,1.3596527793190696,2,33
23,0.36161199679076994,1.1500627249479294,2,24
24,0.48461193787681905,1.052045222123464,2,30,0.05293730733178586,0.18721599426089214,2,149
25,0.052497276102810256,0.18468705433256485,2,136
26,0.6040155863308015,1.1707520606566448,2,49
27,0.363846777228972,0.9227271085386878,2,111
28,0.6363408385292805,0.9415358511301187,2,52,0.04758914161148013,0.22276004593251114,2,111
29,0.5538465486908183,1.1103574136892955,2,24,1.1862919203978608,0.08966189622879028,2,54,0.34901614808714393,0.9500944316387177,2,62,1.4843332385102586,0.05846058064036899,2,107
30,0.6838115851053047,0.6716057256043676,2,83
31,0.5364408749058335,1.0790399224669844,2,81
32,0.06067812190075121,0.18281450122594833,2,22,0.014678644901841427,1.2015095267977034,2,36,0.024942467313560746,0.44945296069437807,2,80
33,0.6876041666870087,0.6099684816949508,2,34
34,0.4426298802565171,1.2197253053838557,2,22
