0,0.34299277836269976,0.7269159197807312,2,30,0.7416643343363127,0.18638632095911922,2,98,0.292734295990315,0.8654238596558571,2,118,0.602884763662448,0.1992232794078385,2,200
1,0.4184936529822726,0.9046225272231365,2,199
2,0.10652816242468564,0.8358314129022452,2,13,0.055833195180452655,0.1540300648071264,2,89,0.781915380629999,0.2562948446243237,2,128,0.03468982126210029,0.053378687550624214,2,200
3,0.5483113960745056,0.8874036656485663,2,90
4,0.33846084523851655,1.007157539620119,2,34,0.023164973175605962,0.1302413729479514,2,200
5,0.3602417340824559,1.0757320949009486,2,49,0.020367518172817574,0.15850615688901865,2,200
6,0.5473533121045406,0.7299022419112069,2,35,0.036073007123103136,0.10349556058645248,2,139
7,0.6885272328040744,0.3976169797507199,2,11,0.038902130123678075,0.1268630333706341,2,124,1.194108867281514,1.2283111333847045,2,134,0.03731270054218326,1.0723700784146786,2,150,1.3931057565665852,0.47536931931972504,2,154,0.01829380449761603,0.8633097921098981,2,161,1.4794240800774143,1.0039501786231995,2,165,0.028110564189630937,0.914501404762268,2,170,1.576126942645081,1.013462503751119,2,176,0.025997007613736096,0.6675484350749424,2,183,0.38445599121888446,1.0080966154734294,2,189,0.04366788229246317,0.4239199418913234,2,200
8,0.609660250920196,1.1002700090408326,2,5,0.014275150003966426,1.0529510577519734,2,20
9,0.6809279046511215,0.9221134891976481,2,184
10,0.5789494227381878,0.7158528245412387,2,13,0.018550034679970958,1.0807206290108817,2,20
11,0.2072459497450894,0.792810877164205,2,27
12,0.5002181355888258,0.9327079371402138,2,38,0.03455812146024922,0.20323660831760476,2,200
13,0.9665101684911296,0.23802401371731247,2,121,0.37907977108239804,0.4113493525906454,2,200
14,0.2882002997010005,0.9806724048796154,2,21
15,0.6195846016049864,1.0755295242582048,2,28
16,0.40224622497016865,1.156746332607572,2,63,0.055793702790215144,0.21639172232499088,2,200
17,0.7036205050595001,0.7865601622540018,2,23
18,0.03686336320576295,0.2349191852292772,2,118,0.8747562352828092,0.19228792875199704,2,192,0.06408825266806963,0.29388439282774925,2,200
19,0.42034488101255635,0.7280532320340475,2,6,0.05775414104642507,0.19244220184603916,2,200
20,0.48712290144884557,0.9440789240248063,2,170
21,0.33898404295686246,0.9149470795499216,2,101,1.2720665613732483,0.16740722773653088,2,200
22,0.5734189882252493,1.072380694476041,2,11,0.018670663063755186,1.0861155721876357,2,20
23,0.42963319331720845,1.1945145726203918,2,4,0.04952503998735073,0.1961281888034879,2,200
24,0.3476891645191854,0.7940648112978254,2,7,0.049725205080770676,0.15735748410224915,2,200
25,0.26739956162118605,0.7147117789302554,2,14,0.040198533953515296,0.30433942281430765,2,200
26,0.6310949338989899,1.1619288523991902,2,3,0.03322438335825127,0.27765538143938867,2,72,0.6670646107360202,0.09487038283121019,2,93,0.02414378855265272,0.3558803141117096,2,98,0.6507126445995524,0.1199454000362983,2,111,0.024774132392496942,0.12091682382513967,2,200
27,0.37966362468931764,0.9337978533336094,2,14,0.02018495395472986,1.2310148278872173,2,20
28,0.4861150129618591,1.0097304033049455,2,141,0.055303513285076086,0.17997491915347213,2,200
29,0.37693625998367397,0.6481378419058663,2,14,1.1762057446236127,0.11261255703866482,2,54,0.02682894833472367,0.43910421431064606,2,58,1.1543213674494335,0.11246612833605872,2,76,0.2426306906875144,0.27531538407007855,2,94,0.01642015965450971,1.3188057094812393,2,102,1.0323896256970189,0.1982136160135269,2,107,0.018007694594096558,0.6296742906173071,2,113,1.0158909170247796,0.24530592312415442,2,119,0.04913537436477889,1.0623590370019278,2,149,0.051506342806241584,0.531835600733757,2,157,0.420273095471644,0.30529449105262757,2,182,0.09757705310088753,0.3308963245815701,2,200
30,0.3968998395886868,1.0828243891398113,2,27,0.022151594296690034,0.12781487603408065,2,200
31,0.3637548062925368,0.8869403295027904,2,39,0.02974074512144414,0.1443537226559953,2,200
32,0.5475799081056699,1.2679981543467596,2,13,0.016904814753223488,0.926670891898019,2,20
33,0.230176295700261,0.7772655189037323,2,6,0.8486758445948526,0.11561975754224336,2,71,0.5415965938269841,1.002733757279136,2,181
34,0.6569782008777568,1.182174187236362,2,45,0.038988226514370714,0.1313908631282468,2,169
35,0.06560425965368877,0.15024954961104828,2,22,0.015159765676857933,1.1531969850713557,2,33,0.041481458520296166,0.41591875295381286,2,70,1.4409405791665708,0.0829997460047404,2,82,0.07442498937785216,0.3694782682827541,2,89,1.2254413008651475,0.05276955988096154,2,112,0.06432384515446656,0.252692077595454,2,138,0.014816093934030853,1.2392981160770764,2,149,0.05193710362450396,0.1982222402637655,2,160
