0,0.24608665132809715,1.0434756755828858,2,5,0.013992548862318538,1.0276097456614177,2,20
1,0.3290414499726601,1.0226728892326356,2,200
2,0.38751650567173535,0.846256268785355,2,94,0.8903990959985847,0.48755982273550175,2,161,0.20864516579086378,0.4809560248484978,2,200
3,0.5271139641976699,0.9428879301598732,2,47,0.04753050555164626,0.25710350956792144,2,200
4,0.4637444996473071,0.7712899787085397,2,98,0.042647244612996696,0.26522281283841415,2,200
5,0.6138176602474845,1.0029866285011417,2,61
6,0.5605076643448726,1.0799498873949052,2,200
7,0.3301169344269018,1.0505626499652863,2,24
8,0.6638189047326378,1.0551414652304216,2,44
9,0.020484312834266803,0.04483707308769226,2,200
10,0.572961287177784,1.008481434413365,2,49
11,0.5733992927946853,0.8605955754007611,2,14,0.05157408757049611,0.1659112572669983,2,32,0.41832082168038276,1.0883693835314583,2,49,0.05096647030979532,0.2028908972313862,2,200
12,0.58572038659481,0.9622720858761084,2,107
13,0.42372080909198045,0.9557890158433181,2,78
14,0.03686271119941528,0.06915123368142753,2,186,0.037754652304890494,0.6436285035950797,2,200
15,0.2595554425053203,1.023114256004789,2,134
16,0.05237875414819164,0.20042766280034008,2,17,0.3663262440751559,0.9246244521702037,2,102,0.05554179666547495,0.1346314006618091,2,200
17,0.5291781896794153,1.05551434407192,2,113
18,0.687226102252027,0.560648725146339,2,21,0.03157077049650638,0.20936619661040812,2,200
19,0.5976317284435029,1.5269441885106705,2,17,1.1010583019852107,0.1963598072528839,2,22,0.579297371336913,1.3890420993169148,2,31,0.46349816495526935,0.2147181395973478,2,45,0.021347959186642902,0.45135957854134695,2,52,0.9423408616119023,0.09739911130496434,2,66,0.028718300996015612,0.07667441621645173,2,200
20,0.5401750994502643,1.4880581855773927,2,5,0.023276474856469845,0.07817540497351916,2,200
21,0.5007243087523872,0.9158742371059599,2,21
22,0.37182494011336453,0.9013695502892519,2,39,0.7787208436604539,0.5373849883583022,2,200
23,0.5539113959344831,0.6022272751881526,2,13,0.021863637263697354,0.05084966896052029,2,200
24,0.6724101830436464,1.2715883302688598,2,50,0.03104011819301289,0.18685357296277608,2,113,0.08326974617128657,0.1917841999695219,2,200
25,0.41573460527270184,0.726597697838493,2,23
26,0.6433151498828522,0.535325849757475,2,34
27,0.6729961469254596,0.8692825417155805,2,92
28,0.054481183635484494,0.11143592056027032,2,133
29,0.5447045649002235,0.985606208214393,2,130
30,0.39465881881984816,0.8889291467873947,2,23
31,0.5737666172356821,0.8299272420271387,2,53
32,0.2575004200934532,0.8831358121501075,2,54
33,0.6230710688587525,0.9429107135342013,2,31
34,0.6793032200843714,0.9468046426773071,2,9,0.03234378687464838,0.14852124260317895,2,40
