0,0.34962069174611227,1.033416570437075,2,198
1,0.3926275113581068,0.17040248329822832,2,13,0.01654606220893347,0.9588685716901507,2,20
2,0.3334711760957286,1.5043048620224,2,5,0.01511951943911597,1.1065942446390789,2,20
3,0.512754272212609,0.9430028584043858,2,59,0.06290307217646485,0.24720804858292247,2,200
4,0.3223143742741605,0.8265056324005127,2,50,6.788121321613691,1.9748812392354012,3,66,0.31602165863480003,1.1638003720177545,2,75,14.034805177805657,1.982658751308918,3,91,0.13107252020287058,1.2608198324839275,2,94,13.5549958836167,1.9586744010448456,3,98,0.31306390780882243,0.9167665289897545,2,200
5,0.4890428284813609,1.2422393262386322,2,4,0.09322748756162005,0.11015361623238709,2,63,0.2763645543362756,0.06595874293929055,2,105,1.2887382820951938,0.22078595619376112,2,146,0.3713622160569622,0.3138955185810725,2,191,0.10122439597624139,0.8691013587845696,2,200
6,0.41938651360432,1.3958802223205566,2,19,0.02523736604985088,0.11865779057721407,2,200
7,0.629576183710257,0.9489726889133453,2,200
8,0.32230238621989227,1.2680287659168243,2,8,0.0175025392558933,1.2896932860215504,2,20
9,0.5067729384669535,0.8351483405065193,2,139,0.07392815122300285,0.12088942723196061,2,200
10,0.5572925518376121,0.9205764615258505,2,43,0.04155290550012941,0.2610225408542447,2,84,0.5979595417259024,1.03910804308694,2,200
11,0.6482599673493323,0.8628992160161336,2,15,0.05291002515130543,0.19389593633445534,2,200
12,0.6268516019773723,0.6131445182130691,2,47
13,0.7584979182466703,0.5375578061298087,2,81,0.5290176479687704,0.8692930400872431,2,200
14,0.2667662543017542,0.2778657913208008,2,5,0.012703938680306656,0.9594469547271729,2,20
15,0.32713442130236914,1.0488852905221733,2,166,0.06429735294660964,0.26477644161174174,2,185,0.1594575850854959,1.1850186904271445,2,200
16,0.38550679658179504,0.589839776357015,2,12,0.02254566500636319,0.3212522736617497,2,33,2.440580501637061,1.8912355303764343,3,41,0.03249941593223864,0.21196574775072244,2,54,7.15674310357728,1.9649932639939445,3,68,0.050050384751745315,1.1246017542752353,2,79,0.030303895530361825,0.2665148091710303,2,200
17,0.5968711994807936,1.5091443955898285,2,4,0.038175840117086635,0.16285351967933226,2,200
18,0.5624055474182295,0.8643466353416442,2,170,0.052283989291610544,0.2510026132067045,2,200
19,0.5895267655676193,0.9052777112798488,2,94
20,0.06664810359284219,0.20849738135933876,2,200
21,0.752152980265803,0.7741438388824463,2,5,0.05417761927371919,0.26243808727998,2,200
22,0.01946324440852672,0.07041417971253396,2,200
23,0.5058808344508863,1.03728832834858,2,118,0.8316415564742043,0.7845824658870697,2,186
24,0.6487870579184363,0.5724199818026635,2,31
25,0.3885384594288773,0.680060101673007,2,32,0.07366336474729675,0.24273219654957454,2,62,0.6108646288381667,0.13928999557443286,2,154
26,0.262740680037106,0.7047127227525454,2,37
27,0.6291556450650235,1.1160183704417685,2,46,0.028947628943556954,0.12112497238369731,2,123
28,0.4451433259075297,1.130102069289596,2,54
29,0.7237651972277245,0.9012960739757704,2,23
30,0.5919831844292468,0.9452501535415649,2,35,0.02260240778237014,1.2706705629825592,2,39
31,0.3151994752160747,1.1349609759118822,2,54
32,0.7124616557696637,0.8574196070432663,2,20
33,0.630043625086449,1.575726866722107,2,3,0.025956831079084912,0.34352473855018617,2,53
34,0.3951537936372313,0.7668899699397709,2,46
35,0.5167296041495526,0.8686376269473586,2,43
