0,0.284049614611427,1.3120819330215454,2,6,0.04076958205011681,0.28174103854918015,2,57
1,0.01577669161308974,1.2442208588123322,2,20
2,0.5690642234828628,0.9241896918416024,2,200
3,0.2542713026999,1.05765499806,2,59,0.45388006891387545,0.5260402113199234,2,63,0.07386025732799546,0.464566008746624,2,83,0.6684533077489442,0.1348912999033928,2,103,0.06781666014925136,0.2736877337390301,2,154,0.47246462872248257,0.09491277858614922,2,170,0.08303992161614204,0.2256395990649859,2,200
4,0.5623512228862749,0.7745455559846517,2,74
5,0.9909171128682023,0.1535637140274048,2,20,0.4683513389510508,0.6749441180910383,2,55
6,0.5874665143582309,1.1053242844504279,2,74
7,0.4109806388556967,1.1542139378460972,2,11,0.5572130940784542,0.16292029258704954,2,73,0.02225201647663049,1.393614336848259,2,81,1.212443261083684,0.3395863026380539,2,85,0.023436933627901987,0.8743648149750449,2,96,1.430332330735173,0.37544938176870346,2,100,0.06132227185141767,0.6547061724193168,2,133,1.2710752575127713,0.22219120959440866,2,139,0.022499899399809606,0.7140725910663605,2,149,0.07033726852013271,0.4402220334325518,2,163,0.9650789786005005,0.14687090484719528,2,182,0.029193021776349,0.4872420941080366,2,189,0.8151110478696607,0.3945454142310403,2,200
8,0.35151444849333363,0.9649361026287079,2,200
9,0.3277219344534396,0.9463651691164289,2,7,0.01629398909679649,1.1395727396011353,2,20
10,0.340752057484296,1.3156932106724493,2,27,0.021222033392216084,0.10784163993111877,2,199
11,0.3810240530232187,0.8631153513084758,2,44
12,0.3701713347179077,1.1290182061493397,2,32,0.024195553784003974,0.15221378925655568,2,200
13,0.7994290518547275,0.46613463217561896,2,22,0.0727543910007071,0.24546419276615208,2,200
14,0.35854577788816555,1.0366928339004517,2,20
15,0.5171831310861782,0.7918969811277187,2,47
16,0.5577767267340614,0.6240753326565027,2,32,0.5233081851212901,0.9657927087375096,2,172,0.03033373822459856,0.18549727169530733,2,200
17,0.02689891882355641,0.13512297563254833,2,200
18,0.49795576882587594,0.7119081434996232,2,23,0.06060003426847553,0.16281186863780023,2,43,0.34907365454845934,1.4595932722091676,2,48
19,0.3500709325967005,0.7774458544594901,2,35,0.8496179203988737,1.05250879128774,2,38,1.314463284373409,1.7066300929860865,2,85,0.47164993287286255,1.5769020210612903,2,96,0.16579206425764167,0.8509192381586347,2,117,0.8250448588920719,0.19306437316394987,2,138,0.06510246842981197,1.3911505192518234,2,146,2.596986037147179,1.4647162357966106,2,152,0.0906323070080223,0.3810578404615323,2,176,1.1252095076138238,0.1417346882323424,2,200
20,0.35210739045197414,1.1738096475601196,2,30,0.05746256898304755,0.16303257048130035,2,200
21,0.6220897741553408,1.055331418911616,2,24,0.05852124031431081,0.4238038435578346,2,44,0.5482156875531069,0.11108148292853282,2,174,0.1103570797430231,0.31191358901560307,2,182,0.023740667765844662,1.5986081212759018,2,190,0.19315745059392941,0.41447110623121264,2,200
22,0.6173484866881241,0.6083863607195558,2,61,1.0542234020443741,0.29444232519636765,2,108,0.41338358349863463,0.9974020183086395,2,118,0.031163144290006387,0.05913026502102981,2,199
23,0.5655643834454027,0.9438886642456055,2,25,1.1866907624138272,0.3354134015013686,2,138,0.038691930985905114,0.17903269635092828,2,200
24,0.45187367326954947,0.717116572535955,2,52
25,0.6328256185002898,0.8311973028712802,2,90
26,0.02072818811153498,1.0651801347732544,2,5,0.29099680205372697,1.140412662340247,2,28,0.021129337719621725,0.1136017352515875,2,200
27,0.35436216699037076,0.9316701083392888,2,91,0.7145829027632762,0.6726853677204677,2,112,1.119413815444601,0.19033946961164475,2,162,0.8133681293656707,0.5367470564026582,2,200
28,0.7004919507352664,1.009794819355011,2,30
29,0.23842001531738466,1.0324345704551054,2,107,0.11379321881553167,1.0903380314509075,2,110,0.06790656632752716,0.6219088581659026,2,169
30,0.5771189238055855,0.8871341149012247,2,6,0.04840368804133295,0.15363583943449466,2,139,0.019234134712924126,1.293274712562561,2,154
31,0.4974983479364204,0.8041475017865499,2,15,0.023356426180451206,1.1393269300460815,2,20
32,0.5371009185624029,1.2294167810016208,2,9,0.020585173130347422,0.09386680949301947,2,93
33,0.5136076399903363,1.0542520754265063,2,33
