0,0.44463295570265043,1.0990971406300862,2,15,0.02114301275256654,0.1576472617484428,2,200
1,0.5812718366290448,0.9455108565943582,2,140,0.04525353360132276,0.6581543419096205,2,149,0.5901615059244318,0.9615829341551837,2,200
2,0.8257251959570261,0.17624538367480233,2,153,0.03249577080962916,0.4237271472811699,2,157,1.2511072764397186,0.13041092594002568,2,200
3,0.4662289179209574,0.9332800706227621,2,30,0.053837372348275354,0.14551037400960923,2,70
4,0.5559078883496704,0.6799954265356064,2,20,0.052128125323053914,0.1586504509879483,2,200
5,0.5299454175942244,0.7836737346975771,2,73
6,0.5774382137390883,1.0131659278502831,2,13,0.04214574643495586,0.07450819509552124,2,200
7,0.43727339122496317,1.0472116205427382,2,9,0.017196591636878797,1.0948273702101274,2,20
8,0.5254485229561833,0.976045783162117,2,200
9,0.45426930260028303,0.8440904779867693,2,11,0.018550535136973988,1.0992207527160645,2,20
10,0.4054722373705725,1.1669916592392267,2,51,0.0496744168597155,0.17230414234151775,2,200
11,0.08135488057990202,0.4655064887860242,2,34,0.44896588927863174,0.5247213244438171,2,58,0.051243670245571,0.27459242137578815,2,71,0.44324092777413315,0.4312182598643833,2,134,0.8057509199378301,0.13248059153556824,2,146,2.0814307440063002,0.08440907520276529,2,200
12,0.25683947676013746,0.08432767209079531,2,54,0.07870437207607854,0.15554902768310377,2,122,0.033754152508746374,0.167701240724478,2,200
13,0.3719253798969426,0.9560889895648172,2,73,0.23851229727444082,0.0937725231051445,2,129,0.2649764579041085,0.8825933199662429,2,155,0.2835433621145094,0.1954480562020432,2,199
14,0.39744531056036775,0.8455348596686408,2,42,0.05976322291153728,0.15629424395099764,2,73,0.01551751228884954,0.879390729798211,2,82,0.04384564007344648,0.23121860722700754,2,127,0.6108413825323129,0.1821874298461496,2,200
15,0.05080557404584467,0.14658193849027157,2,200
16,0.5645899844392259,0.9629776063540303,2,141,0.043344856628213684,0.23178039162845934,2,200
17,0.5386071462439393,0.6093459355108666,2,33,1.469823958513751,1.521182229121526,2,57,12.282559213491826,1.9354148387908936,3,67,0.06652087059502,1.5701453856059484,2,74,12.008693840874843,1.6329991072416306,2,82,0.05443163880643126,0.15148351429882695,2,200
18,0.3364323421904159,1.0198689699172974,2,14,0.04866082646832011,0.28063043935965465,2,200
19,0.38990183387765337,0.6098164436863918,2,51
20,0.6444432856879648,0.9490620613098144,2,25
21,0.39159150171467255,0.5722454786300659,2,4,0.0355754899561404,0.1202970094674704,2,200
22,0.29720638840280345,1.029016842160906,2,35
23,0.5402468868068075,1.0380857268969217,2,180
24,0.4419944957995168,0.882395198765923,2,85
25,0.4601733324816819,0.6910853771062998,2,65,1.3064234512069017,0.3138587628801664,2,95,0.7365032289475412,1.1496597677469254,2,107,0.6568806309385531,0.4085380752240458,2,138,7.787524219950698,1.767262727022171,2,158,0.29314485042775673,0.7721031904220581,2,166,4.336427321106498,0.18249298090284521,2,177,0.049781893609973205,0.34963462275007495,2,200
26,0.6200057422984647,1.0477782720095152,2,154,0.020310444594826508,0.41008104189582495,2,200
27,0.4774733036300052,1.2256733634892631,2,68
28,0.4558738313966501,0.5853324002689786,2,9,0.017394866936876016,1.0127683336084539,2,20
29,0.6050915398680399,1.00450235651806,2,128
30,0.6614955328644319,0.8636951512760587,2,36
31,0.7191515116945496,0.7332607607046763,2,12,0.04607281389659373,0.18109612064114933,2,99
32,0.4370468954208804,0.8047662647146928,2,95
