0,0.5484167014024628,0.993685620265771,2,181
1,0.39594702766358536,1.166234423716863,2,12,0.04700833239080867,0.11960485728180155,2,200
2,0.4242113791151522,1.0375586656423716,2,13,0.018678386097656107,1.1294048513684953,2,20
3,0.5031485280170435,0.8612880748510361,2,200
4,0.29096385812996234,0.9344225146553733,2,154,0.05793678517093897,0.12898817042941632,2,200
5,0.6754576616758649,0.8633351227641106,2,200
6,0.5716700405087476,1.2889405190944672,2,8,0.03793715802290907,0.11399429400141041,2,200
7,0.42345979869752637,0.8810193781499509,2,135,0.04938701556912665,0.2877500485915404,2,200
8,0.39836573413794024,0.9580017983913421,2,80,0.027183643651486754,0.0658632917837663,2,135
9,0.4361662617986333,0.7347425222396851,2,7,0.06092521078473359,0.26118161860439515,2,61,0.6994737858456477,0.48248552839930464,2,143,0.13760042745665815,0.6366295558318757,2,200
10,0.01920453612959244,0.02968976743519306,2,200
11,0.45221966918213663,0.695493446290493,2,40,0.8742554670533671,0.24144920375612047,2,94,1.0127490720442094,0.9528346558411916,2,112,0.5500196031405005,0.44661614775657654,2,137,2.818186375951462,1.7516038928713118,2,151,0.5742641630037264,0.7925153374671936,2,158,0.02559439585967326,1.3293664455413818,2,165,4.331724815967925,1.795425088065011,2,200
12,0.5942722002135904,0.5237888466744196,2,42,0.08650642853672286,0.9017830938100815,2,52,0.029728911119900916,0.15104950467745462,2,70,0.5895978579842592,0.24010580480098725,2,85,0.05996823004008793,0.6195429523785909,2,100,0.9193517919745573,0.25408810675144194,2,135,0.038895369432353555,0.27683096875747043,2,147,2.0099248486765204,0.14545778185129166,2,161,0.04866801485128561,0.45508466022355215,2,168,4.7710274859131365,0.13550243601202966,2,188,0.03195553010538199,0.4649718254804611,2,194,9.650767138039985,0.202230504155159,2,199
13,0.3520636629214472,1.066005261540413,2,200
14,0.3122773910566508,1.124835465265357,2,23,0.027854952058686894,0.1266944228255816,2,200
15,0.034240434111449086,0.1083312800033487,2,139,0.11523347644449954,0.71426872164011,2,199
16,0.2954828597827511,1.0252896547317505,2,20
17,0.6298395569913021,1.08180570602417,2,113
18,0.5512735010063836,1.0811051575105581,2,67
19,0.21828436087464606,1.2889260351657867,2,4,0.015189365491896914,1.1369552314281464,2,20
20,0.7204996419505141,0.5930434262752533,2,50
21,0.7203641892797957,1.0380214708192008,2,42,4.066652350060838,1.907154943794012,3,74,0.8365974790019411,1.3231796026229858,2,96,0.6618821375122137,0.4582929470037159,2,115,1.1873045995550502,1.6029245138168335,2,130,0.025377614971660023,1.1623616516590118,2,134,1.5287874993585697,1.545056144396464,2,137,0.6120650660371272,0.4820820748332947,2,200
22,0.9159453797831758,0.3845620972138864,2,27,0.5885271192925239,1.0089264632649504,2,200
23,0.3167400146538022,1.005282536149025,2,4,0.013098037538284004,1.0815363451838493,2,20
24,0.5537793475022397,0.982593725834574,2,56
25,0.45224044013747716,1.1398273301976067,2,56,0.056557746290787456,0.12641577870865178,2,179
26,0.4866810800195841,0.984554749546629,2,99
27,0.7793484010203426,1.4692553281784058,2,8,0.023374914509609893,0.3051025183537068,2,86,0.6701985936172592,1.1604652484258016,2,101
