0,0.7557871031106292,0.19289301548685348,2,21,0.7173223352240087,1.4629133181138472,2,32,0.6553738534074649,0.33755912099565777,2,102,0.1268528050294498,0.49856254701711694,2,200
1,0.5534771169420525,1.0147921756162481,2,59,1.1866930238475417,0.5851986511893894,2,82,0.6006290749284863,1.3774166405200958,2,102,0.5683328952327862,0.8340458091424436,2,200
2,0.5014831556319004,1.0679457038640976,2,200
3,0.7629739729952775,0.7165891155600548,2,8,0.044979554282997845,0.16325030227502188,2,41,0.17649402316300472,0.09008481275094182,2,155,0.054486678684761876,0.12353683478302425,2,200
4,0.5390880417632162,1.1329261859258015,2,27,1.0988589614363045,0.158453106880188,2,56,0.02790949574115209,0.14520263537350628,2,200
5,0.6883357660432529,1.4232773997566917,2,11,0.02774741403282903,0.15776809923863286,2,200
6,0.29387493685292865,1.045465818860314,2,44,0.024744944393670133,0.08807044562238914,2,200
7,0.05392338297100901,0.2129450935870409,2,200
8,0.3576957435336193,0.9450687720225408,2,13,0.024740997322961512,0.12824129135835738,2,55,0.21090240927597118,0.05565651495065262,2,122,0.044215132339695026,0.11400481504507554,2,200
9,0.43900431422309544,0.8838559140132952,2,79
10,0.42045797264823476,1.0472883174915124,2,101,0.04941183843461495,0.2213573365500479,2,200
11,0.4014497738773807,0.9939949560165405,2,200
12,0.7074599712400585,1.2722150683403015,2,8,0.036816613889665756,0.1393842500719157,2,52,0.30034961600520593,0.07072708725526526,2,200
13,0.5416289682801476,1.0647059904562461,2,37
14,0.4460796931343605,0.7722079008817673,2,200
15,0.45905114183400697,0.8908729705156064,2,51,0.030293102040775302,0.36899192003827347,2,89,0.6951140788918215,0.06143701586637411,2,200
16,0.6011835674968404,0.9658551619898889,2,31,1.230387182824102,0.0945339983701706,2,56,0.16812311105440078,0.3510207265615463,2,106,0.054572827176046265,1.1765883650098528,2,113,0.2181790449214596,0.34205743001821715,2,191,1.505639677019612,0.2562361889415317,2,200
17,0.6194405637026977,1.1207902711013267,2,145
18,0.282247456029512,0.9985408443351125,2,172,0.04677869989527985,0.13652216057692254,2,200
19,0.045218834788878795,0.193056230034147,2,49
20,0.5771597925331166,0.7100215794747335,2,57
21,0.5456775078384081,1.0537612666475011,2,47,0.1475997441543338,0.13230910468724819,2,200
22,0.49088790521896014,1.1721336841583252,2,3,0.04976246482075745,0.2745804121802906,2,200
23,0.6215413077501105,1.0417613634523355,2,53
24,0.4994455820838543,1.1470258576529366,2,56
25,0.31520183954043857,1.0861456188366567,2,139,0.02746169975571462,0.48811731934547425,2,159,0.44725410848321645,0.9317531991004944,2,184,0.03332510125890296,0.16044871229678392,2,200
26,0.3911673899910315,0.9194476329363309,2,26
27,0.32252334708892594,0.7227854490280151,2,5,0.015207000504323597,1.0078678329785664,2,20
28,0.711295976595356,1.12635737657547,2,32,0.023365655423075987,0.21330864301749639,2,200
29,0.4938447092873853,1.0078100562095642,2,32,0.037341420199717326,0.2292515910692043,2,143
30,0.6595530907314556,0.999992732490812,2,28,0.03919075472400601,0.16790685091895619,2,115
31,0.5761501901585595,1.126949837574592,2,26,0.056222211750333026,0.22548927602015043,2,64
32,0.44488074289081664,1.330539402961731,2,25
