0,0.5005653803594672,1.1068094805847826,2,139
1,0.13956905090887933,0.695675253868103,2,7,0.014597777567738387,1.0819607698000395,2,20
2,0.45367927957885457,0.30070061880079185,2,88,1.0711697334762655,0.11284736512849729,2,136,0.10805018314647993,0.863114926815033,2,161,0.4047559022952168,0.4143554212955328,2,200
3,0.6877614015065775,0.8890825243138555,2,67,0.3987370230986415,0.0958318102818269,2,171,0.15907402841564613,0.5818689146946217,2,200
4,0.5406414961002076,0.9429700656370683,2,55,0.04861090009346635,0.15125630323229164,2,200
5,0.5840613555868821,1.0077443093788334,2,41,0.036938459396220376,0.095878411482715,2,200
6,0.4321298782346834,0.9392699533038669,2,54,0.04018970128333658,0.1838000771934039,2,200
7,0.6075294381815565,0.7878565225336287,2,18,0.052740681763493016,0.1772352687932633,2,200
8,0.49829877214976553,0.789426250891252,2,11,0.02115447336704564,0.07755805985637443,2,200
9,0.50441189640232,1.1838537851969402,2,51,0.05077996926423277,0.27130730090125293,2,200
10,0.366192235760288,1.119989154073927,2,45,0.023356358140224635,0.0992736098266417,2,200
11,0.05809507638097585,0.10211333185434342,2,40,1.3346249790125073,0.6334077290126255,2,47,0.06536923175245238,0.05983487566312154,2,62,1.6557158675905908,0.3228252110156146,2,73,0.05482745230659516,0.17396970891107724,2,200
12,0.5241877987479916,0.9462521353153267,2,99
13,0.5500145609256998,1.0083780988057454,2,75,0.03054074656739093,0.08330353820323944,2,200
14,0.3521292154570643,1.2089488983154297,2,15,0.025641531971303706,0.13049655000905733,2,200
15,0.38165778461498256,0.6577709347009659,2,40,1.4579683721227443,1.5098638733228047,2,46,0.04854762255449263,0.39243566280319575,2,67,6.784914967448793,1.9119064211845398,3,73,0.18306746034264895,1.4345176935195922,2,78,0.03330573119074042,0.24062573785583177,2,90,0.33336943136085806,1.2103389104207356,2,96,5.852279404040581,1.8073743018839095,2,132,0.04732504354624242,0.21000825390219688,2,152,11.905495086570808,1.870775580406189,2,156,0.04215146510952326,0.41834102988243105,2,181,5.035616769763996,1.8358302666590764,2,194,0.026223765487903727,1.112313707669576,2,197,3.7487349096322045,1.6088080406188965,2,200
16,0.43127456957091365,0.9241647627949715,2,200
17,0.7711288496347974,0.4983788899012974,2,7,0.028378167678995724,0.16333176992062864,2,123,0.24115081450616702,0.24798161685466766,2,163
18,0.4906918730502125,0.5617710026827726,2,55
19,0.6405411899705648,0.8091728852854835,2,18,0.02450192024773837,0.21810557292057917,2,96,0.0386825523299108,0.5655574777296611,2,110,0.23186858481350128,0.762054171504044,2,151
20,0.3666907900917317,1.204403657662241,2,19,1.540739787686702,0.16642801215251288,2,31,0.0338615252035248,0.17684261898199718,2,91
