0,0.6903550980737869,1.1885870911858298,2,22,0.020496137908142253,0.15747212225131774,2,200
1,0.46226324947098996,0.9896344466497434,2,149,0.04856672093279828,0.26613619660629945,2,200
2,0.6117781024078173,1.254887014195539,2,69,0.04773750882234378,0.11576281829189708,2,200
3,0.6502388589804364,0.8526654389439797,2,49,0.051064119214260566,0.21203709665118464,2,200
4,0.3982626200368024,0.9269859682429921,2,55
5,0.5831290310143267,0.6307768992015294,2,7,0.03459750597705657,0.20336167122188367,2,102,1.2537623344988604,0.22826601192355156,2,106,0.0495501727768191,0.13527560383081436,2,116,0.4214019946498081,0.3072699165344238,2,141,0.0406012280884132,0.22156293008287073,2,200
6,0.6519369710225199,1.1082115401392398,2,115,0.0168248945821532,0.1492323743946412,2,149,0.6563578282284765,1.1158932958330428,2,170,0.021371121071485907,0.12154388775428136,2,200
7,0.37903460585298215,1.0255913202251707,2,168,0.05910520492379526,0.32045598747208714,2,200
8,0.3515275962947919,1.002872911783365,2,26
9,0.0073569219584447895,0.7171695530414581,2,20
10,0.052479668483952115,0.12993049271404744,2,200
11,0.3707907389133815,0.7471654862165451,2,8,0.03257289141142294,0.14133812316382924,2,200
12,0.523261570623756,1.0414732962238544,2,49,0.05270953306975707,0.16384335562882835,2,200
13,0.4179201042403457,0.9034886714958009,2,42,0.7182932075019356,0.44480986374875775,2,88
14,0.43759399524453446,0.8758391238922296,2,86,0.020521100222737385,0.07214802124521189,2,200
15,0.022748220121924827,1.3161948323249817,2,20
16,0.7862633968678888,1.2431013617250655,2,54,1.1071222403961674,0.29523029259170397,2,137,0.02219322949693591,0.27229694344780664,2,159,0.8162633945820924,0.20703431963920593,2,177,0.02187793533975304,0.2104762356196131,2,191,5.775054612572238,0.11594269341892666,2,200
17,0.47981379799257473,0.9488432168960571,2,30
18,0.6115688516913484,0.09095187989934798,2,62,0.052903274446421726,0.1810876640720644,2,200
19,0.1843202617144915,0.7571880638599395,2,20
20,0.5376289403737908,1.0950380592119127,2,42
21,0.3812132764678543,0.7178213503211737,2,32
22,0.5535487036083554,1.0468420891822139,2,79,0.018140505815903558,0.20628029201179743,2,159
23,0.7841312200105099,0.4394811447709799,2,48
24,0.5699192812573672,1.091740837097168,2,25
25,0.5394836908222019,0.8386712670326233,2,34,0.029794178210537047,0.2294918066391381,2,127
26,0.33546368391990816,0.8759589355166365,2,41
27,0.5569607224472929,1.221633271565513,2,63,0.05799867903276289,0.2831695020198822,2,73
28,0.30795841611248487,1.109839331536066,2,21
