1,0.5497127427743825,1.0041434831089444,2,108
2,0.3833263812348054,1.017760409627642,2,70
3,0.4455676560302917,0.932987554506822,2,110,10.336052820751117,0.15994540403286617,2,200
4,0.7216197633243611,0.9133702987432479,2,200
5,0.48959167901727774,1.0165664580464364,2,200
6,0.6929428755415211,0.9239262866973877,2,200
7,1.202090762805215,0.7092836983501911,2,200
8,1.759501367629477,0.34522028878331185,2,200
9,0.4271308901036903,0.7909053146839142,2,10,0.0001183252461019328,1.146634840965271,2,20
10,0.2134464937268212,1.0332140949368478,2,200
11,0.5481811546392191,0.7628553088903427,2,125,8.315731826357942,0.18297995964686076,2,200
12,0.5251687384846607,1.0898574638366698,2,200
13,0.7083148287946813,1.0716384029855914,2,102
14,1.2130206693581589,0.7877690840978175,2,64
15,0.33555144893345584,1.0162042371214253,2,146
16,0.5015788713623441,0.9618545464106969,2,35
17,0.44115941099031,0.9933568798765844,2,49,3.7207201189170225,0.3986355313994237,2,200
18,1.412953093743057,0.6305269156183515,2,70
19,1.167735633325012,0.7490284894743273,2,124,14.464261991538931,0.9427679685751597,2,199
20,0.2574725127081647,0.6699022296816111,2,16,10.833669781600763,1.2366148591503616,2,145,0.7800400934531212,0.8792701802470467,2,200
21,0.28849417614967476,0.9959955394268036,2,200
22,0.41081200444443017,0.9968761551380158,2,200
23,0.5710670169355246,1.018326414955987,2,54
24,0.5507366406293072,0.9342900641421055,2,47
25,0.4093199751459321,1.023242005935082,2,13,0.0002487709535867723,1.057417971747262,2,20
26,0.4592605117790958,0.9542704636851946,2,120,3.1411293718846713,0.4480190961747556,2,194
27,0.613674180882627,0.9090247184038163,2,130,20.78807469719564,0.05639905915703884,2,173,0.19317301394837055,1.3921294862573796,2,184
28,0.057593870117790255,0.5892511999607086,2,25
29,0.36419846043837767,0.8587044345008003,2,99
30,0.17048772953081395,0.9391636144783762,2,72
31,0.3535724326134277,0.9924782505675928,2,134
32,0.42550634767662887,1.0663170963525772,2,24
33,0.5898325486244956,1.0039899503031084,2,124
34,0.598034484215312,0.7515497356653214,2,28
35,0.2418517953128977,1.039793298358009,2,21
36,0.6966827914068963,0.9110543908817428,2,56
37,0.23367001914132401,0.9424860962366653,2,59
38,0.4846613950784996,1.2098302006721497,2,20
39,0.5512023000846183,1.0300176995141166,2,28
