1,0.38911105583118116,1.0599232601792845,2,73,8.047191810823756,0.15307286168847764,2,199
2,3.1584593251357367e-06,0.7171713382005691,2,20
3,0.4051316885509192,0.9263869178295135,2,200
4,0.6337286361202893,0.8322481746226549,2,200
5,0.3258192705117513,0.928442819551988,2,44
6,0.4730798797325039,1.0129883408546447,2,200
7,0.3261650830162506,1.0201025691628456,2,200
8,0.9972729762766812,0.8781023997526902,2,130
9,0.1655592084133469,0.7322091460227966,2,8,5.2944559826207743e-05,1.0584272742271423,2,20
10,0.45445434380212785,1.0611986356973648,2,200
11,5.3514950188193025,0.37593927592721604,2,131,0.5457211631315518,1.1191661807074063,2,200
12,0.6812542353659733,0.9367741897702218,2,200
13,0.8446197595668533,0.9994291639328003,2,200
14,0.7249744344921706,0.8953893654173313,2,179,21.450950034115955,0.1614685839130765,2,200
15,0.4350348328441724,0.9892174208086301,2,153
16,0.2687042393654722,0.8447425202889876,2,22
17,0.22225397949940653,0.9116193920373916,2,20
18,0.6982672335192602,0.9199853470159132,2,43
19,8.659863018478443,0.20122450234285041,2,67,0.6142774438468793,0.9356081760118878,2,130,13.03976180820071,0.2991449141076633,2,200
20,1.3792796292400609,0.4145874421537658,2,81,18.09033947943466,0.1111194728051915,2,200
21,0.3712387768756003,1.0173564207553865,2,200
22,0.6329789508046608,1.037227992658262,2,27
23,0.5786756497356816,0.9488265381327697,2,56,17.94081704643181,0.183689595849225,2,122,0.45398658659274965,1.0474472351563282,2,200
24,0.1907324466209114,0.9246173975831371,2,59
25,0.6491282062716076,0.8548161545578314,2,49
26,0.48253236730386967,0.9704359431158412,2,88,17.504600041777245,0.08898535277694464,2,200
27,0.8889412968805946,0.9278223390877247,2,200
28,0.44796341081469904,0.9661252030959496,2,65,12.051248196932704,0.14325035391030488,2,200
29,0.42523286948629313,0.9912208342552185,2,200
30,0.5846018124099636,1.0049807463922809,2,155
31,0.6885757819216947,1.0550537245819367,2,166
32,0.35454381103002874,0.9400332853632066,2,103
33,0.3996960896632809,0.7536487182974816,2,200
34,0.9974269779416058,0.8875574062852298,2,170
35,0.9015226723450701,0.7324303277629487,2,94,51.60264742458159,0.2207904319382376,2,166
36,0.2979851116496555,0.9072402334875531,2,72
37,0.5916144251170338,1.1203922977050145,2,24
38,0.19305644919246762,0.9577094517849587,2,74
