1,0.6132987409241145,1.023092595013705,2,33
2,0.35594612568040923,0.7191534241040548,2,12,0.0001986384864535716,1.0797805488109589,2,20
3,0.5884048858128983,1.105190594991048,2,168
4,0.3943520210719532,0.8190923455433968,2,39
5,0.38748556731730927,1.0639278894662858,2,200
6,0.8181212953351068,0.8743101228028536,2,200
7,0.6368704935545793,1.0626310324668884,2,200
8,0.5009179209251805,0.987131854891777,2,200
9,0.6464499034783657,0.9828072100877762,2,200
10,0.23960074356911057,0.9820867315415414,2,62
11,2.4387270769525276,0.6570160146057605,2,200
12,0.4343651905632034,0.9520284056663513,2,10,0.0001004642755215744,1.1719106554985046,2,20
13,0.4368898069127095,1.0235296317509242,2,28
14,0.3473337627291349,0.9637695650259653,2,24
15,0.8574357329119529,0.8770143042504788,2,200
16,1.8407680685571899,0.4520237039774656,2,200
17,0.6565510685097994,0.8418897227807478,2,11,0.00011120927645202345,0.8502443896399604,2,20
18,1.063782327768835,0.7011668608337641,2,200
19,0.43206719707269753,0.937971246901469,2,199
20,0.24772828672748598,0.9948464572429657,2,200
21,2.5372969496773688e-05,0.8642660796642303,2,20
22,0.14528849670321145,0.7880740710874883,2,82
23,5.0202610590748105,0.3376822202652693,2,200
24,0.8823369484344926,0.7969757720213575,2,194
25,0.5018910145133018,0.9924028994143009,2,200
26,0.42362158395678895,0.7086926944553852,2,200
27,0.4699504081459979,1.0800283210618156,2,14,0.00021948194261660594,1.196379045645396,2,20
28,0.5324907309445718,0.7145338568091393,2,200
29,0.31495406503272827,0.9229691229962014,2,185
30,0.5603131099970309,0.9331834971904754,2,80
31,0.7828609156535459,0.5733840706848329,2,155
32,0.47540023870751624,0.9726496722738621,2,118
33,0.5781270404102796,0.9686947841088749,2,103
34,0.5795899830594643,1.0057168851296108,2,24
