1,0.5940420053672756,1.0563637961943944,2,48
2,0.6236229432904052,0.963024942498458,2,152,25.88656480796627,0.09520257450640202,2,200
3,0.26342355258564043,1.0678511360023595,2,79
4,0.2864799658984825,1.0327039847911244,2,142
5,0.5282800874799436,1.003465513388316,2,66
6,0.7372291226083213,0.8528068661689758,2,51
7,0.3636109976805526,0.9633924033906724,2,90
8,2.2285858164580987,0.3548002386322388,2,26,65.98391599561872,1.5962752109428622,2,79,0.4690636046559707,0.982894713228399,2,200
9,0.3854157637811995,1.0497300004959107,2,200
10,0.5774007142442438,0.949967091679573,2,200
11,0.7002582796178003,0.7473048885147293,2,77
12,0.4039824778009323,0.998140144944191,2,200
13,0.55589877016468,1.0212580911044418,2,29
14,0.5845826240046771,0.9263661497313044,2,92,7.547714010741653,0.356091630541616,2,200
15,0.02841732803040924,1.3426592588424682,2,5,3.883206758760191e-05,0.989799992243449,2,20
16,0.46769893425889486,1.0133261438599206,2,133
17,0.27388107960335406,1.16310207305416,2,31
18,0.7714845564140805,0.6617038500270033,2,153,33.219450504604936,0.33044771533063116,2,200
19,1.296069158343911,0.661715242639184,2,200
20,0.20498754333591626,1.0452123903992152,2,101
21,5.685148540027866,0.24126997715548465,2,95,50.31596746140969,0.1772546643302554,2,200
22,0.47656659530879963,0.8550504941493273,2,200
23,0.4806324550719996,0.8943072309096655,2,24
24,2.7482236559610893,0.3573250235617161,2,200
25,0.473970324496148,0.9759225845336914,2,110
26,0.30990464397484363,1.100523106455803,2,200
27,0.5854601040949096,1.0346226022484597,2,89
28,6.853459838204409,0.27814861944242686,2,119,0.6905340931665626,0.8856064495113161,2,191
29,0.6843149377753303,1.1093726502524481,2,45,7.0100485409770785,0.10683110903980386,2,162,0.3564520009093817,1.0770576102393015,2,197
30,0.7758242222006067,1.108646411895752,2,25
31,0.10626887635389262,0.957314133644104,2,86
32,0.3658153862861546,0.8973662031663431,2,37
33,0.5306058093335236,1.0339026396091169,2,65
34,0.2573704702228973,0.8087865235628905,2,27
35,0.5241912538355594,1.1126183042159448,2,26
36,0.4175963498817257,1.0415882253914737,2,89
37,0.5153115580769522,1.057157323215947,2,66
38,0.26591276260546015,0.8975731790065765,2,20
39,0.3796076518156282,1.1564788669347763,2,32
40,0.6458819805485672,1.0886808469377716,2,29
