1,0.7641977078247503,0.7045565246333999,2,124,5.004186886618738,0.5898377450281068,2,200
2,0.49673501002049275,1.057073182463646,2,200
3,0.059650429652842694,1.3466854691505432,2,4,2.0293458118900973e-05,1.1547817327082157,2,20
4,0.6260533543289246,1.0048090156412472,2,137,35.850341926513366,1.7528356578614976,2,200
5,0.6754131538687072,0.9272088122367859,2,25
6,0.44288701519549745,0.8796013451757885,2,21
7,0.6499587084764067,1.0519910643448183,2,199
8,0.6067657716923904,1.096145702732934,2,36
9,0.3481596670472181,0.972596207857132,2,200
10,0.6308751633492411,1.0061726852998896,2,59
11,0.10019610248363299,1.0021381253004074,2,200
12,0.00015146521779017973,1.0661156088113786,2,20
13,0.8452648413203595,0.9155340629816056,2,200
14,0.761536025072179,0.7204088504612446,2,200
15,0.5188858615767071,1.0411368434022112,2,82
16,0.614219459287396,0.9936140862521746,2,151,120.4985163433315,1.8996601899464924,3,166,1.3016754196746567,1.1047437173478745,2,200
17,0.18739901891139288,1.0083330449461938,2,200
18,1.2640832181476507,0.9490461783374057,2,68
19,0.6867694963236475,0.9103189920677858,2,170
20,0.7006059808969206,0.7156200374662877,2,200
21,0.42667984962898653,1.0437091425174976,2,131
22,0.4048254589518858,0.9273146673962099,2,199
23,0.45767497526091355,0.713701073328654,2,15,0.00016869110020662566,1.1695305347442626,2,20
24,3.088319277125671e-05,0.9746543228626251,2,20
25,0.5535740929180764,0.8236952941668662,2,95,22.305991030179182,1.3519257560372353,2,155,0.2659089038811816,0.8709339353773329,2,200
26,0.4405194808630713,1.0398607909679414,2,200
27,0.5037200313497993,0.9161134623644644,2,57
28,0.2408260784898562,1.075620673596859,2,80
29,0.5461646843967707,1.0404659545565227,2,166
30,0.2563918879397027,0.7937803328037262,2,200
31,0.16920973696449487,0.9051601103373936,2,70
32,0.2604558781573102,0.991080892937524,2,56
33,0.6576767907530233,0.9603766598871776,2,140
34,0.32982005554220095,0.9802298354406427,2,137
35,0.3715821846516588,0.8266521766781807,2,24
36,0.5100677788335357,1.0030435763872587,2,130
37,0.33323878915759875,1.0018703530705164,2,126
38,0.294655026188537,1.0107568536813443,2,104
39,0.5574576597436534,0.8366862782410213,2,70
40,0.5329793060211301,1.049710799907816,2,58
41,0.3866069361321843,1.1086181898911793,2,24
