1,0.4448921263014738,1.0003004974126817,2,200
2,1.6345384511480412,0.3303546340301119,2,116,10.301410610163362,0.12700349855281057,2,200
3,0.4428658983347112,1.0646395820507901,2,139
4,0.2799015663591271,0.9160588405153773,2,111
5,0.9083522218257902,0.8719513168931008,2,200
6,3.1584593251357367e-06,0.7171713382005691,2,20
7,0.49011285488965695,1.0500088560581207,2,200
8,0.48872932345580966,1.116951166987419,2,200
9,0.7718001060973114,0.9418409466743469,2,10,0.00013110549582064855,1.080483651161194,2,20
10,0.34040115027222295,1.0027914748472326,2,85
11,0.556667990800821,0.8989304170012474,2,200
12,0.6245989227436294,0.9665199393033981,2,200
13,0.4930366888243614,1.07993116290481,2,135
14,0.5944907438476686,1.097360655113503,2,27
15,0.49707964703294255,0.988520654215329,2,138
16,0.5017507178804521,0.8846429217429388,2,21
17,0.37998161857250196,0.9524260314684065,2,189
18,0.37185698044742677,0.8700544142723083,2,25
19,0.4216050122925606,1.07330465581682,2,45
20,0.5089476565472095,1.033878526687622,2,200
21,0.4594823211302716,1.0222900612600918,2,87,9.340596513676571,0.08090650656006552,2,142,0.3325596269183991,1.1962484121322632,2,200
22,1.673888639590771,0.41684858478605746,2,200
23,0.6448476897345463,1.0081928066305212,2,37
24,0.6527534810035344,0.9697133825066384,2,89
25,0.6183589499239346,0.9689118601381779,2,96
26,0.9053319767051508,0.6686296618298481,2,95,15.536703890218607,0.14175367284388768,2,200
27,0.29165493396362746,1.059682601094246,2,200
28,0.14630770062636975,1.0080885266671415,2,122
29,0.7029698022254385,0.7873395063258983,2,81,8.262575263713059,0.2726209420582344,2,168
30,0.4508147121671401,1.020520677169164,2,144
31,0.3800245120970547,0.9874504222756341,2,84
32,0.8175542359598134,0.9658481960850103,2,140
33,0.35486225900734286,1.0336651669608221,2,126
34,0.9952495116308524,0.8243125877460512,2,119
35,0.5616984620623623,0.8477050542831421,2,20
36,0.6847897884435568,1.0349252874200994,2,44
37,0.4740242198145934,0.8437142372131348,2,24
38,0.044357411538004356,1.3295214891433715,2,5,2.6465944861285117e-05,1.0921692371368408,2,20
