1,0.5803412601304986,0.9934441396745585,2,59
2,0.5687667063680755,1.0493075531721114,2,200
3,0.49816754945682884,1.040903019999701,2,126,4.285745622788126,0.31263712914408864,2,200
4,0.45631905319386895,1.0502397342055452,2,51,9.583479239160742,0.23214915514792372,2,200
5,0.5370692655859374,1.0527318315168397,2,113
6,0.2833927529468904,0.967455450296402,2,200
7,0.28998096653816713,1.0754485998834882,2,35
8,0.4191732786985628,1.0325757867097856,2,200
9,0.19613758658695002,1.001545225381851,2,200
10,0.24170792678793576,1.0661545860767365,2,200
11,0.26654664798585337,0.9688982895591802,2,114
12,0.5075993609459319,0.9898327374067463,2,61,5.464256342624188,0.28552808427810666,2,186
13,5.119024023990828,0.32288631051778793,2,200
14,0.2190478659671223,1.0048805475234985,2,185
15,0.5448176397402645,0.9841205638647079,2,200
16,0.5905368533590322,0.9074913385461588,2,122,6.126059120184065,1.640320509672165,2,150,201.2533612403582,1.8995338129997252,3,200
17,0.5168112326886556,0.806433480232954,2,48
18,0.407454286655134,1.0015566210554103,2,198
19,0.3186394148931826,1.000860632612155,2,104
20,0.3209336317472067,1.0615710718878384,2,58
21,0.49746053416268987,0.8489341166284349,2,45
22,3.6566704464167104,0.6086152820360093,2,42
23,0.2808950750530914,0.98309236102634,2,72
24,1.135929657896721,0.820564467665608,2,163
25,4.722864420359596,0.3646420073509216,2,100
26,0.3376981010747651,0.7202481058510867,2,44
27,0.3217261804197804,1.1551671226819356,2,30,8.56630496336119,0.2115465109386752,2,123
28,0.507828672029542,0.9389942261305723,2,88
29,0.5242395869702287,0.731001403927803,2,20
30,0.5834576701735315,1.1399575209213515,2,59
31,0.6574550966961865,1.1632670200232305,2,33
32,0.1704244929046183,1.156101050376892,2,25
