1,0.41346245447154234,1.0065816376833308,2,149
2,0.5501578584467782,1.0098122888803482,2,200
3,1.1991457423680631,0.3779742469638586,2,200
4,0.6482047144511964,1.099420847563908,2,29
5,0.45865336192727973,1.040385137796402,2,200
6,3.79801666769463,0.3430477511798236,2,141,0.45104994077319854,0.8982856788877713,2,200
7,0.4504694640184124,1.0026132029294967,2,200
8,0.381896806862266,1.1545965394308402,2,43
9,0.5358368058648697,0.9997046771645546,2,200
10,0.5326198460498336,1.0266889840364457,2,200
11,0.19018596420181927,1.0405450444067679,2,62
12,0.05866604580365388,1.3876069068908692,2,5,5.194988565663112e-05,1.1498677333196003,2,20
13,0.8030067176999438,0.9867502678731445,2,157
14,0.603402672233431,1.1156106077391525,2,87
15,0.42371234932369434,1.0628603398799896,2,200
16,0.5369605868421626,0.8456368877790695,2,172,14.105671896411218,0.1865362450480461,2,200
17,0.4641498954325845,1.0007738029956819,2,200
18,1.9176958169243963,0.41086822251478833,2,6,0.00015581710005637076,1.1828207543918066,2,20
19,0.47029356507263037,0.9363054059287335,2,94,3.5130370088621223,0.2770492288301576,2,200
20,0.3952629933947243,1.0240665262937545,2,200
21,0.25787787201975354,1.0718437172785527,2,119
22,0.7137345386789322,0.9823778080490401,2,159,18.194023658128494,0.21326202481258205,2,200
23,4.2622295001396315,0.3098294781467129,2,173,0.25313049274026733,0.3808319717645645,2,200
24,3.8169081190485588,0.27005466967821123,2,200
25,0.5051445981638982,0.8937964979733262,2,107
26,0.596616161250953,0.9690763789254266,2,37
27,0.41681805739750666,1.0439977560724532,2,168
28,0.20234553804296707,0.9537296044199091,2,57,8.675275690275969,0.2326033039318098,2,200
29,0.6168201861798882,1.0386900889873505,2,200
30,0.5761153052956989,0.8689731814359364,2,190
31,0.21419151223867816,1.1162760829925538,2,25
32,0.7080905737751771,0.7946740418183998,2,61
33,0.21977087925608757,0.7201288296626165,2,39
34,0.33008572782533946,1.057912913235751,2,22
35,0.27852202436733053,0.9975744714475658,2,73
36,0.3515784595665167,1.1130276466238087,2,58
37,0.49932655647313295,0.9223002267294916,2,58
38,0.2808212920513612,1.1436336437861125,2,36
39,0.5626516469176096,1.0829594026912341,2,22
