1,0.3159562585908642,0.9872760160267353,2,200
2,0.25943611515703824,1.0498281037196135,2,78,9.782870038888706,0.1575660543119321,2,200
3,0.35291503134578944,1.001979164481163,2,200
4,0.5992883739162714,0.9600591689348221,2,200
5,0.3129420895363233,0.9394378048181534,2,200
6,0.5660083426098609,0.9594138842821122,2,200
7,0.5169309990649005,0.8827031925320625,2,40
8,0.5195485960491497,0.8289386675908015,2,91
9,0.3180914065459095,0.9837723624706268,2,200
10,0.24279439660086688,0.8827004799246788,2,200
11,0.5402564147348647,1.0763086684142487,2,79
12,0.17392786746641925,1.0131563425064087,2,75
13,0.6395937271169186,0.9410653670628866,2,15,0.000617653355784589,0.9991793870925904,2,20
14,0.7893902334728811,1.017100433409214,2,200
15,1.1344504003556046,0.5995833137921528,2,113,16.93925487169122,0.19324880598605365,2,200
16,1.0188486949226014,0.8553130592291172,2,104
17,0.7846329679999926,0.8487792462110519,2,26
18,0.16993112354463372,0.9999786433966263,2,138
19,1.2032158159398771,0.7050801093131304,2,200
20,0.5262555166538424,0.9247529853221982,2,172
21,0.24293920255793117,1.0698924092685476,2,85
22,0.6288081813222831,0.7391755453497172,2,200
23,0.5740844270336519,1.0334361481339964,2,73
24,0.4027765347026081,1.2116841226816177,2,8,0.0001608714341407006,1.0956027607123058,2,20
25,1.1838641481222194,0.7051982018080625,2,55
26,0.20506484216674398,1.3955488204956055,2,6,6.17916551497021e-05,1.2064511350222997,2,20
27,0.3766530793808462,1.0798296356201171,2,200
28,0.3640057073373157,0.9031677293150049,2,76
29,2.0444354960737106,0.5347906266780276,2,152
30,0.2674391384691707,1.0967238240962407,2,139
31,3.479708355874287,0.3727741553024812,2,176
32,0.37728706074771906,0.9836899530887604,2,200
33,0.2707281071309395,1.0115423595905304,2,200
34,0.06200345402316501,1.2077332735061646,2,4,4.231292994903036e-05,1.0748366378247738,2,20
35,3.0504343335746062,0.38152447931468486,2,200
36,0.713937875687446,0.7653326214086719,2,82
37,0.46768780506053403,1.0688924094041188,2,48
38,0.5514121557293095,1.114931012575443,2,104
39,0.5819793709561255,1.0553929664470532,2,135
40,0.5837162534743969,0.9169462425786941,2,122
41,0.6356101155026782,0.915086275764874,2,84
42,0.2989098916176895,1.010516991217931,2,42
43,0.8320737667559078,0.9831378381760394,2,61
44,0.15049139460695593,0.9579733518453745,2,52
