1,0.07034380093556504,1.0713941419124604,2,200
2,0.6571464072573809,0.9057859261298463,2,168,19.984058745212877,0.06936095049604774,2,200
3,2.854622848939126,0.4055640339106321,2,200
4,4.737392892618323e-05,0.9861262321472168,2,20
5,0.4104297467797881,1.0165249168872834,2,200
6,0.3458016062328231,1.0496344578266144,2,200
7,1.583875771478782,0.511348315126059,2,151,31.16077572922,0.12535418874146986,2,200
8,0.4928965946167936,1.0050763899087907,2,200
9,0.40844167215503824,1.0140803224510617,2,36
10,2.384652607830304,0.4171346890181303,2,200
11,2.8033828256203606,0.3023170841485262,2,200
12,0.5465018494670655,0.9804317210849963,2,95
13,0.21454403364844638,1.2351843181409334,2,38
14,0.6580526101216859,0.7571972012519836,2,5,0.00011510473868321009,1.0851517836252849,2,20
15,1.0212611490857624,0.9454754386842251,2,200
16,0.39248979509136445,1.0515441083908081,2,200
17,0.6344944171963738,0.9686191614637983,2,94
18,0.5429698988627726,1.020220312205228,2,88
19,0.5143222195583267,0.9532606024103066,2,97
20,0.6012584166086944,1.0461459209264252,2,193
21,1.0344847516431497,0.7114091319590807,2,200
22,0.6006969847445117,1.0072005603780698,2,199
23,0.708775561653587,0.9827788144350051,2,200
24,0.6370646760478811,0.9480658140778542,2,200
25,0.4375872092668279,0.961657240986824,2,48
26,0.298232107730995,0.9298779120985067,2,53,109.47978519854773,1.8561660153109854,2,135,1.2956926902744348,0.8526843240627876,2,200
27,0.1975543364276454,0.9931767141819,2,200
28,0.8712087074842547,0.6825547245917497,2,54
29,0.6381505220135203,0.7288501287799284,2,83,6.528218455644714,0.11758521377530873,2,200
30,0.43516983056085,0.8478389970767193,2,78,7.005213596108142,0.3949214478985208,2,200
31,0.3507520394127426,1.0472050888197764,2,70
32,5.417579755887405,0.28649461049525465,2,122
33,0.40157785571712024,1.0826855617410995,2,34
34,0.3135583815396976,1.0155774002725428,2,88
35,0.323651039373716,0.9557299684075748,2,119
36,0.15337341410551297,0.8439560502767562,2,20
37,0.29289035635007765,0.790926053126653,2,30
38,0.1973342873069435,1.0199781130341923,2,68
39,0.3436530175511414,1.0256174973079137,2,49
