1,0.5705832714209494,1.081675463616848,2,200
2,0.692875503442384,0.8286889796244338,2,94,15.767803779852871,1.4434798120283614,2,145,376.63351442463244,1.9410278407010164,3,200
3,0.397283130249326,0.9907107150554657,2,200
4,0.3785519847911593,1.0143056270238515,2,74
5,0.5170675233674659,0.9920160764455795,2,200
6,0.47811144039394693,0.9992005252838134,2,200
7,0.2812909215030561,0.9941020303672844,2,143
8,0.5101502814720761,1.0691579192876817,2,200
9,3.383789509078529,0.5194907879084348,2,200
10,0.5930413984963953,1.0394139185784355,2,126
11,0.42359652043252793,1.0296890085393733,2,44
12,0.6322739166924595,1.0009779234727223,2,12,0.00025188827583677326,1.174087032675743,2,20
13,2.9019363430707936,0.31664761692285537,2,200
14,0.3330656905652548,1.012330187610322,2,163
15,0.6143536203328003,0.9929541813508245,2,131
16,3.673273472160372,0.3702818859368563,2,200
17,0.39451041604342013,1.1174060656474187,2,13,0.0003821310361215796,1.0924263851983207,2,20
18,0.4466079068309358,1.074845427274704,2,200
19,0.30479818032251915,1.0375977408794956,2,131,2.286129401815572,0.49054020492063055,2,200
20,0.518148382161051,1.2221819877624511,2,20
21,0.7689411713262414,0.8734672943751017,2,60
22,0.0746535227954375,0.6906459484551404,2,37
23,0.7758230991266738,1.0090581971406936,2,200
24,0.32973877830637077,1.0146791356801987,2,200
25,0.03157802809009228,0.6582612618803978,2,16,3.0648351870573833,0.3178457598217198,2,77,25.42107900371233,0.3444368172500093,2,195
26,0.46171250995488267,0.9726831821294931,2,26
27,0.5804498479721188,0.9881301034580577,2,22
28,0.4962336508360437,0.8766442477303064,2,149
29,0.5783502029001429,0.9640031254407272,2,103
30,0.09207871609774661,0.8577411684297747,2,62
31,0.5682651284503643,1.1042006104080766,2,54
32,0.7150299028519553,1.006135007769791,2,97
33,0.7290733148094164,1.0777940154075623,2,46
34,0.31090986466631304,0.8914305733309852,2,36
