1,4.614690771568173,0.2842645113356411,2,160,0.39884921353852837,1.0949064821004868,2,200
2,0.5773855309594758,0.8424529847502709,2,200
3,0.06611037406041045,1.2032354712486266,2,20
4,0.49024450387900037,0.9668891104784879,2,110,5.3417744605934505,0.41288038541873295,2,200
5,0.43825003265203316,0.977972008518337,2,97
6,3.8135685407700675,0.641606041879365,2,165,61.161374886985115,1.4740715742111206,2,200
7,0.5384389881789019,1.0063667948181565,2,185
8,0.3388954265837507,1.120979980724614,2,41
9,0.46880304739251905,0.9888039141893387,2,200
10,0.6038147755231886,1.1779714040458202,2,32
11,0.8013297959922299,0.7355223881475853,2,165
12,0.5776726684780858,1.1462337266315112,2,22
13,0.6081421077859924,0.8012203136086464,2,200
14,0.6052485917956755,1.0381536907350957,2,197
15,0.35614430553097676,0.9491222905016493,2,87,13.671618133953764,0.11478955028331385,2,200
16,0.6411963937464095,1.1652161478996277,2,50
17,0.5683236679145788,0.8570343903452158,2,200
18,0.3367788410795549,0.9544844385739919,2,74,21.208372269796975,0.11110665082041897,2,141,0.6301166100591946,1.0143265112450248,2,179
19,0.2949558305051244,0.940202499287469,2,70
20,0.7413609509159845,1.0760624092817306,2,200
21,0.5558367615093687,0.7285857818275691,2,200
22,0.5211472288793428,0.9711529327862298,2,134
23,0.7617982208807321,0.9751884779840145,2,53
24,0.3291206982097703,1.1243149439493816,2,15,0.00012351516843603092,1.162844967842102,2,20
25,0.37474935615372357,0.835099445655942,2,32,7.169342739227242,0.2171385945486171,2,200
26,0.5579411108310347,1.0002889692783357,2,20
27,0.4783374925030594,0.8442201151659614,2,38
28,1.6523415445925091,0.5447603664385579,2,189
29,0.40094589364781086,1.015393925162981,2,106
30,0.5479774296143328,0.9336795835960202,2,41,22.555423350444116,1.6141547709703445,2,146
31,0.3732595542697346,0.9940985751648744,2,96
32,0.8521645071113747,1.0349040627479553,2,64
33,0.40979638735347845,0.9254950149492784,2,44
34,0.5595209176214386,1.0981757545471191,2,25
35,0.6521401349663245,1.0561480152195897,2,29
36,0.5916296067309498,0.9472600004889749,2,22
