0,0.06138560321256189,0.8433843731880188,2,50,0.2957022033232813,1.1058341568591548,2,101
1,1.6008953786073015,1.0275098180770874,2,25
2,0.893127237556357,0.7095889562652224,2,42
3,0.39975912709049205,1.0236659533173376,2,169,0.19734961773254206,0.8197459886150975,2,200
4,0.4080760893053456,0.9128744146227836,2,200
5,0.31463195077019523,0.9942038337389628,2,150
6,0.5489132658583629,0.954432589667184,2,42
7,0.6662919558502012,0.963097096844153,2,88
8,0.4509492544096443,1.0331735134124755,2,200
9,0.536681242914598,1.0521370932296081,2,91,0.3034600991621698,0.6448765496412913,2,121,0.3901502823764396,1.1081801562369624,2,200
10,0.2620167427824313,0.8855455630942236,2,79,0.46739602731002156,0.897133643962135,2,200
11,0.10747452176285234,0.9283503525292696,2,67,0.606559952182172,0.8536674032608668,2,127,0.2045898099299945,0.9714311067874615,2,192,1.6346790276866585,0.8837828263640404,2,200
12,0.29163069961575266,0.41714643438657123,2,3,0.022988810772038865,0.16523377038538456,2,19,0.3337524149107453,0.3323155790567398,2,23
13,0.5640160325114671,1.0831972039662874,2,13,0.023269904507650818,0.3180630672723055,2,29,0.5216606835147621,0.5927589994210464,2,42,0.03352660711101209,0.31141138739056057,2,51
14,0.031403118243551915,0.39943841472268105,2,24,0.4446057725779063,1.3996641635894775,2,30
15,0.32004936098702974,0.7926622347699271,2,36
16,0.38680095482862126,1.0498048737204286,2,169
17,0.345788986133435,1.0264157584950895,2,79
18,0.4209339383872843,0.8665869382905288,2,142,0.06662253616981403,0.7425655461847782,2,158,0.2900262056520784,0.7559790568692344,2,200
19,0.34013827378027506,1.0320231437683105,2,60,1.0303401165486996,0.9988755829194013,2,145,0.18805866847607683,1.1053764820098877,2,164,0.7769375401459695,1.082326395644082,2,200
20,0.38457134545753313,0.9061468854546547,2,200
21,0.07004287045277988,0.8233409413071566,2,43,0.4899820384099721,0.8140917420387268,2,51,0.06552735296269681,0.9386903762817382,2,76,0.2791718603640487,0.8362073197084314,2,93
22,0.4540944883804102,0.9991483354568481,2,200
23,0.3332423977339927,0.9461127198659457,2,39,0.17746523622267202,0.15900391174687278,2,57,0.6967815399218377,1.0653303513924282,2,81,0.42147022325755956,0.5830524519637779,2,108,0.518815573509757,0.9917880353473482,2,171,0.14758804033193093,1.0816228184206733,2,200
24,0.40358837926909474,0.9707470823978556,2,145
25,0.3873060559745266,0.9603113472461701,2,200
26,0.3755440941489696,0.9060137290507555,2,64,0.11390189107165365,0.9049849182367324,2,84,0.5546943737467593,0.92748129077074,2,166,0.24652541877787001,0.7724884801051196,2,200
27,0.2740637718276039,1.1256252026557922,2,200
28,0.4130141918721143,0.9189979724193874,2,76
29,0.30656216012701354,0.9999576134559436,2,117,0.09018107541652245,1.0363993919812715,2,130,0.5327855976687274,1.003360731261117,2,200
30,0.4523330301920653,0.977570291608572,2,128,0.2746569847000268,0.8730955218923264,2,197
31,0.6860657280029749,1.0145475095510483,2,200
32,0.30181363774397146,1.3712908710752214,2,21
33,0.3872824488298286,0.9228225925139019,2,28
34,0.29066801375750584,0.9306463127089019,2,101,0.7522414465944538,0.9372153131648747,2,200
35,0.4811200742167926,0.9996885988447402,2,27
36,0.5815013808634238,1.0493579105897384,2,55,0.1430451154220274,1.0822289335316626,2,200
37,0.36732822725221975,0.930991421341896,2,200
38,0.5309784553189076,0.880582132935524,2,200
39,0.2270859119279227,0.9091209588866485,2,152,0.5540867342683568,1.0178605591257412,2,200
40,0.8300750580107469,0.951925810306303,2,62,0.23534275154286344,1.0041027069091797,2,200
