0,0.30272037551763176,0.9751599371433258,2,200
1,0.18040518930069538,0.8474256016991355,2,55,0.8595486477103332,0.19387387981017432,2,61
2,0.1829502222279517,1.0401161030719155,2,19,0.5230399421141001,1.012042373418808,2,51,0.15160760972283663,1.0779635780736019,2,70,0.11587397586786354,0.5565974642248714,2,87
3,0.15594517737824096,1.0459512860878655,2,46,0.42348372804157564,1.004087316684234,2,85,0.11423196908619104,0.9833952627683941,2,104,0.31042582450781914,0.9136377175649008,2,107,0.4396530717711807,0.711990967873604,2,138
4,0.39357020136806947,1.1159118662277858,2,48,1.5309077520785324,1.0061314238442316,2,57
5,0.0650947647051091,0.7350466971596082,2,48,0.42024610304002163,0.9807759668481978,2,200
6,0.48680604708779196,1.1365596691767375,2,15,0.0594673544655216,0.8474281392991543,2,31,0.28394201818061593,1.0323162440097693,2,64
7,0.3210631059981593,0.9195798762418605,2,108,0.6701093410229475,0.973166508951049,2,177,0.20953405300600605,1.1054450584494548,2,200
8,0.31952390996594493,1.0605585342645645,2,200
9,0.31454036357478327,0.9302383357286453,2,200
10,0.48894582869844955,1.0800076174736022,2,200
11,0.4006111559933563,1.352387983065385,2,26,0.09851592872592364,0.5754148739355581,2,53,0.661320609425074,1.1331486783775628,2,155
12,0.5293675254872089,1.0183066844940185,2,100
13,0.5071216217358386,0.7274267986877677,2,97
14,0.42627413934057407,1.1715351389004633,2,52,0.017740251797946725,1.0380969444910686,2,64,0.5808757020508306,1.1395258555809658,2,88,1.229377080523932,0.9974797964096069,2,91,0.061378833991950404,0.9301475485165914,2,103,1.3823716443539673,0.9276495575904846,2,115,0.09263061494164533,0.8593388171423049,2,136,0.7917613458735643,0.7722975745493051,2,185,0.08905895532589962,1.1577513019243877,2,197
15,0.4714895069942364,0.9457571444412073,2,48
16,0.4306273646920243,1.068314087634184,2,49
17,0.9707924842530535,1.013195765324128,2,39,0.41230184653720964,1.0447702665220608,2,127
18,0.4822297492095371,1.0081059581041336,2,200
19,0.6131458093227384,0.8025708177994038,2,87
20,0.4746138821880128,0.9189358764224582,2,45
21,0.020666013788663052,1.1495459973812103,2,4,0.5768736961705467,1.1079685251887252,2,86,0.05720720454529935,1.1274642149607341,2,95,0.544637774340289,1.1168773514883858,2,144,0.04355830437762046,0.5820817686617374,2,160,0.41372083168547286,1.1045132666826247,2,200
22,0.14424516759305436,1.0025193691253662,2,72
23,0.5087704309265161,0.9871475213766098,2,200
24,0.4424811528218735,1.0576584023237228,2,200
25,0.35499425377169275,0.7088319473508475,2,138,0.4010510426210907,0.9619191365857278,2,200
26,0.4816494252474357,1.0180095314979554,2,200
27,0.5167483027369985,0.6947223737835884,2,200
28,0.6203594285799735,0.9701236706513625,2,65
29,0.43251442903067894,0.9319261917471886,2,200
30,0.33283666677673185,1.000771488204147,2,66
31,0.36904370332828307,0.9956349146366119,2,200
32,0.43650888890890027,0.9811224592359442,2,190
33,0.415131876171848,1.0332517039775848,2,200
34,0.32261903941252806,1.1024725291787125,2,41
35,0.1157168526285617,1.1626464128494263,2,15,0.5498326304285445,1.0959611080788276,2,200
36,0.458473291943298,1.0218796886895831,2,38,0.07903170937555727,1.0811878323554993,2,48,0.4922059612128351,1.042285864169781,2,126
37,0.1268358463753479,0.8072417151360285,2,21
