0,0.32921095561195673,0.9205277660489082,2,200
1,0.43095067000897624,0.9156795572114471,2,149
2,0.38649383586322705,0.7224975044910724,2,52
3,0.381781713386775,0.8560755857649971,2,68
4,0.1717369205321118,0.8091636275251707,2,24,1.1481349924677533,0.8355423921630496,2,45,0.4785454586418226,0.8775586635835709,2,200
5,0.7358685369314505,0.9326456606388092,2,60,0.04967865925732686,0.6317476895120409,2,69,0.4968881395295431,0.9650581994753206,2,158,0.16550147234109358,0.9662489082132067,2,200
6,0.48954989610828986,0.9393357282876968,2,200
7,0.5289029611591264,0.952257271953251,2,115,0.31958412295842303,0.8470697711495793,2,200
8,0.27282496499082404,0.9201990595230689,2,78
9,0.5574858707871081,0.9118475914001465,2,20
10,0.438020693904667,0.866291757511056,2,46
11,0.3285605453878921,0.8993912687897683,2,200
12,0.3991824921395134,0.9163398697972298,2,200
13,0.3196132417896388,0.9214120109875997,2,24
14,0.312870281388466,0.9717588468834206,2,27
15,0.41585664002432066,1.0549339547857537,2,143
16,0.48003974936052485,0.8946119928082754,2,172,0.2829017855528954,0.35530001137937817,2,200
17,0.4818519301252907,1.0890836815039318,2,48,0.03592593720043873,0.6687031869704907,2,74
18,0.5984989259642179,0.9635702927907308,2,45,0.060652154176253824,0.7518962542215983,2,105,0.3664820948336621,1.1296017634241204,2,200
19,0.15443074306788107,1.0738480549592238,2,13,0.5004218053901058,1.1564235496520996,2,88
20,0.6582366376856196,1.173669158822239,2,101
21,0.5469234143907432,0.8474388856154221,2,26,0.1614472622290826,1.105552117029826,2,41
22,0.21368625516737227,0.9628999355511788,2,39
23,0.55164887872799,1.0249824076890945,2,16,0.07453160917541055,1.1068849325180055,2,41,0.33705896347257297,1.0969337109596498,2,72
24,0.3088686324473452,0.990675709749523,2,114,0.12624019941274206,0.9219757795333863,2,119,0.10407087627483456,0.7285053718323801,2,170
25,0.3272691586018938,0.9456524016722193,2,106
26,0.48101803972028623,1.1016156704802262,2,38
27,0.7292893281853187,1.3529083877801895,2,8,0.01463973035724001,0.5459168394406636,2,38,0.5627935771472163,0.9189329013895633,2,105,0.048021661054286444,0.27835983715274115,2,116,0.35832788254963194,1.0163213426158542,2,200
28,0.4463553963544335,0.8723840612212038,2,153,0.12663175581472658,0.8713851596446748,2,200
29,0.18087544033326586,0.9876843028598361,2,18,0.722317931021108,1.1986468434333801,2,32
30,0.31068491239337537,0.8036918159988191,2,36
31,0.28445691974275433,0.25617278181016445,2,16,0.41424213479073174,1.1942825703059925,2,33
32,0.451110609018322,1.176070419379643,2,70,0.13232359825165615,1.057053142978299,2,132,0.1063596917548516,0.74223493039608,2,164,0.25666112686012393,1.1563692258463965,2,200
33,0.4308248081810055,1.0152979704311915,2,175,1.157810170855369,0.721784987449646,2,200
34,0.8227140185005634,1.0394755346434457,2,28
35,0.23116929089423177,1.0023093667141227,2,43
36,0.44742361910591577,1.0853760846903626,2,71
37,0.4343394239192623,1.0539063185453414,2,200
38,0.36265265010785047,1.2184401781528027,2,77
39,0.29546936596778084,1.0223495025526395,2,88
40,0.38050482839107524,0.8848807430267334,2,200
41,0.34759847805254007,1.019218035295707,2,147,0.61012573924805,1.0311028170135785,2,200
42,0.6563897393658273,0.7115234420413062,2,21
43,0.35828613483691635,1.1031147979554676,2,147
44,0.49660488812111275,1.0858680992415457,2,165
45,0.37676429414507107,0.558719259997209,2,24
46,0.28424540721330754,0.810274042581257,2,38
47,0.266625204016438,1.0058088102936744,2,200
