0,0.41544420315598507,1.0383386439085007,2,200
1,0.5410948143393122,0.9673426512515906,2,66,0.07988029358757819,0.7479519456624985,2,146
2,0.19328234508727388,0.9559637010097504,2,200
3,0.29453410453494877,0.974776858665857,2,166,0.8893337843321864,0.9411015931297751,2,200
4,0.435588905812589,0.9499222993850708,2,195
5,0.10779948544562326,0.846531339313673,2,23,0.49634082030997834,0.9584216475486755,2,39,0.19725771112239102,0.9040383663236725,2,200
6,0.32556913706154805,0.9230977283871692,2,92
7,0.14177362241754896,1.3087456077337265,2,8,0.5160466965327465,1.035799549926411,2,173,0.12541626748622842,0.7593663180315936,2,200
8,0.2990161867112379,0.9498695637050428,2,38
9,0.022388965498956404,0.6903773522377015,2,25,0.31429607004242777,1.39668670296669,2,29
10,0.6172835768530588,0.8163608132668261,2,53
11,0.46024839607617546,0.6723524108529091,2,40
12,0.9449385118261986,0.8331062687294823,2,28
13,0.13750444767411682,1.2039493001424348,2,26,1.1849237516594469,1.00773916461251,2,37,0.29231078395473203,1.027303049961726,2,121,0.4894971423729379,1.0082546532908572,2,200
14,0.5490479806224521,1.105532508907896,2,33
15,0.3302324530386166,1.0574541072269061,2,182,1.195636616076698,1.096703118748135,2,200
16,0.5151362953022637,1.039943720087593,2,81
17,0.25264790803520076,0.7181424839156014,2,21,1.0095939187851568,1.2958513950479442,2,50,0.5977170583433108,1.1282273828983307,2,54,0.3329727221522322,0.9967039290894854,2,195
18,0.7618479778954684,0.9287144803419346,2,41,0.40602623828949935,1.1150518738248814,2,200
19,0.5608025450393771,0.8587306671672397,2,36
20,0.6361623713431729,0.9987827951257879,2,55,0.2910747305509928,1.0081655344655436,2,117
21,0.41176560273381063,0.9665515613555908,2,200
22,0.3980318287280502,0.8731803623112765,2,11,0.06708421165208087,0.8773556285434299,2,47,0.3755902046895889,0.8007605514105629,2,81,0.13649888687972556,1.385688392739547,2,100
23,0.46672790938485303,1.1481991759661971,2,29
24,0.44943840425929166,0.681778264247765,2,59
25,0.40866173275103235,1.0611705537733993,2,123
26,0.5631163336812249,1.0343430667388729,2,164
27,0.3931430093900173,1.0314825391769409,2,200
28,0.36247973512560777,0.9362421453773201,2,77
29,0.5572632169005235,1.055875795474951,2,69,0.30533916799311767,1.0868718478515857,2,200
30,0.424051290743555,1.0372145730257034,2,200
31,0.4220188294367915,0.9217661673372443,2,44,0.0490386904270698,0.7810743998836827,2,81,0.8539427803157942,0.7672828381711786,2,92,0.052749047838797004,1.0287360790613536,2,129,0.32115557356486324,0.9601236507296562,2,161,0.05234335496433377,1.0737639849002545,2,200
32,0.42171364625166324,0.8931450313329696,2,200
33,0.40140251483068845,0.9255452734231949,2,200
34,0.4431636615730338,1.1641284314597524,2,41
35,0.20397843366021837,1.1642322838306427,2,32,1.037671797871788,1.1272410342567845,2,51
36,0.40609061978996097,1.1470835989919201,2,29
37,0.7043888661437072,1.2156611800193786,2,10,0.1017372365285544,1.013553666346001,2,43,0.5267024964141047,1.121779935700553,2,85
38,0.36608216591286125,0.9385545456409454,2,200
39,0.49595025237368645,0.9549719136953354,2,200
40,0.4017465299315533,0.9485985681414604,2,200
41,0.14050626855967602,1.0401915444268122,2,18,0.4984663965620673,1.0688157106439273,2,114,0.2073200785808296,1.0064399193744271,2,163,0.7083049102877398,1.0322943635889001,2,200
42,0.4381169402102266,0.9655237606167794,2,200
43,0.2779396690629943,0.9996010329988267,2,27,0.6723354533374207,1.1106644194081146,2,80,0.21116201282160996,1.180364383591546,2,98,0.09749548731425395,0.5570401630618356,2,120,0.12170949596527686,0.8822307927267892,2,155,0.3685476724686949,1.1155277834998236,2,200
