0,0.4173409806064564,1.0830215847492217,2,200
1,0.5776861774911928,1.0012390911579132,2,76
2,0.3280104592978412,1.1745291362374515,2,118,0.6479265315103045,1.0933452785015105,2,158,0.17132265722804443,1.1688632481806986,2,195,1.6675980715728214,1.2185105562210083,2,200
3,0.5337845891432806,1.336198516190052,2,16,0.3858046055476106,0.865354771765185,2,158
4,0.5262643336088754,1.100878282026811,2,33
5,1.547371581508763,0.9319047133127848,2,3,0.12164134729510194,0.9812660381711763,2,32,0.3893778239014305,0.9837638482451438,2,112,0.15758697378521117,1.0169106434131492,2,170,0.7708770426710154,1.0267891764640809,2,200
6,0.029375934602172898,0.24937164783477783,2,7,0.47447909708543695,1.1708354934469445,2,84,0.031753986108735054,0.9359930699521845,2,95,0.3406565691259346,1.1175856828689574,2,100,0.021410149969292663,0.6690672735373179,2,136,0.5514915599100655,1.2964787244796754,2,141
7,0.5508457550203996,1.0340582827727,2,24,0.13654457324427272,0.7072057870567822,2,85,0.28538048978098685,0.8784017463525137,2,91,0.36586349113557753,1.0860122868774134,2,200
8,0.391585826091568,0.8913406592149001,2,39,0.02370074993295534,0.457927695578999,2,75,1.5398025819870844,0.9847032030423483,2,93,0.3111135700565763,1.0919350599631286,2,132
9,0.4023019049283196,0.8662535658008174,2,152,1.293364071802861,0.8859242139718472,2,191,0.35094507372320266,0.7430762516127692,2,200
10,0.49141511804937843,0.9466803617182031,2,113,0.20960606736242343,1.1345969416060537,2,166,1.4467520887992442,1.0431108474731445,2,175,0.4023038158690196,1.1381913995742798,2,200
11,0.396115826087089,1.0221762170597,2,98,0.1441574659777554,0.913454287702387,2,153,0.9359820713380846,0.710252896268317,2,200
12,0.39667847145598456,0.919767111837864,2,200
13,0.6265711274444352,1.0602768460909526,2,12,0.09123948632890129,0.7446976917631486,2,46,0.4878403643805529,1.0700462191072229,2,119
14,2.2182045677362665,0.6978744983673095,2,5,0.38440177213048593,0.979022072286022,2,54
15,0.523424889720105,0.9472839583953222,2,24,0.08105814849789794,0.7857631204219965,2,76,0.5151571468308904,0.8721538707613945,2,132
16,0.3786893236830131,1.0117083287239075,2,200
17,0.09522534035521668,0.8003612433870634,2,48,0.5698453272731352,1.196578337596013,2,61
18,0.32000859367258255,1.0487243354320526,2,200
19,0.4346784165919771,1.0082808522617115,2,17,1.2043227019796114,0.9974512534263806,2,56,0.3507784036692863,0.9998700175848272,2,200
20,0.404452470179487,1.271403255669967,2,92
21,0.510665540194806,1.0153614425659179,2,200
22,0.7068181902053557,0.9434738460477892,2,91,0.0560210467308233,0.8151338862685057,2,195,3.6969750932607512,1.1355069637298585,2,200
23,0.2707264042296434,1.1282499426603316,2,200
24,0.5171461284661083,0.9489532902434066,2,37,0.2634080491703792,0.9718716134012273,2,150
25,0.45010650034802663,1.004962135916171,2,46
26,0.5793963615700711,0.9359173893928527,2,200
27,0.37291733089519014,1.0933194088935851,2,200
28,0.26575437152678105,0.993788272615463,2,63
29,0.17210955572906678,1.0924423251833235,2,14,0.4437049966667985,1.0740684426349143,2,129,0.16489197809527514,1.0976303095618885,2,177,0.44252010170027756,1.0823176373606143,2,200
30,0.7329563006600857,0.9467313135823896,2,31,0.09720033242795527,0.9605122913013805,2,53,0.32432540522402054,0.9397432536494975,2,200
31,0.5239194453365071,1.0842704878913032,2,180,0.2396850743343549,1.2970992982387544,2,200
