0,0.3910750009258482,0.9537765018401607,2,31
1,0.1814070946119807,0.7715951681137085,2,25
2,0.23499125635730236,0.6352927769933429,2,21
3,0.31401409050152723,0.8378942466917492,2,21
4,0.3641566402376189,0.9583619755005168,2,107
5,0.4262602503126641,1.0280819517193418,2,33,0.11359324367450588,0.9447103460629781,2,63,0.4223209525644652,0.9977168497377938,2,200
6,0.5517477311730654,0.9352757048606872,2,200
7,0.4435023089330696,1.149483289718628,2,200
8,0.4664323235917401,1.069001333037419,2,67,0.3559321669462993,0.8088729516747072,2,164
9,0.9265360981612069,0.7545756737391154,2,30
10,0.40657491600179313,0.8714649305431121,2,109,0.12099823721133597,0.9977635078959994,2,127
11,0.5792228588458336,0.9887018859386444,2,200
12,0.5176484720230285,0.9724524195601301,2,41
13,0.3348666015388479,1.1046471135182814,2,44
14,0.3153356883180004,1.3973950201814824,2,22
15,0.37076464835961703,1.093748545050621,2,200
16,0.483349270812385,0.9282662471135458,2,156
17,0.5378498762594864,0.9725350665079581,2,74
18,0.5538264560112491,0.9775860061248144,2,48,0.0673023210598432,0.6750128580176312,2,71,0.45084439354904343,1.0250097503957822,2,200
19,0.734123794266805,0.9623549727650432,2,77
20,0.4322946845048354,0.9583998095672742,2,113
21,0.3636271931817136,0.9690393674504626,2,182
22,0.3901336338340307,1.1809979671239852,2,200
23,0.32407382481648744,1.0655213449940537,2,99
24,0.32257372728389017,0.9692083740234375,2,100
25,0.38882601066529565,0.9422167778015137,2,200
26,1.8113482213778387,0.9964814536711749,2,17,0.32851609279799054,0.955387906730175,2,97
27,0.6746192720045651,0.9974982362044486,2,38,0.3374483578307426,1.0117301050527596,2,200
28,0.1624615704734227,1.0174106128754155,2,31,0.6354655712047145,1.108677120769725,2,82,0.32629182392398165,0.9897096268201279,2,200
29,0.4359627927606975,1.098356951424416,2,188,1.3907182412003354,1.1239377856254578,2,200
30,0.49350312932582796,0.8174842740808215,2,70,0.13564431151796083,0.8450081190642189,2,104
31,0.40057651924846066,1.0156900925514025,2,195
32,0.37549247550040227,0.9819781795144081,2,200
33,0.44384393139934974,1.2723012122453428,2,102
34,0.4234330744933057,1.0512323851386707,2,96
35,0.43831227503986836,1.0419391240622546,2,148,0.11793601235199981,0.8409254447771952,2,200
36,0.25517741998815774,1.0866750634234885,2,46,0.09484820482826727,1.0483503233302722,2,101,0.7668396111592288,0.9939464995118438,2,162,0.09813132679758373,1.2260193257104783,2,183,0.3570680115910485,1.0531615299337052,2,200
37,0.4890312593066021,1.1472033375501633,2,200
38,0.45887886814163137,0.9149466109275818,2,200
39,0.1637053744235217,0.9997081617976344,2,43,0.35703017673504106,1.0251215521697026,2,200
40,0.1747008101766388,0.35216011622777355,2,26,0.4793277359120646,1.0199716783117974,2,200
41,0.5005450120184962,0.9365923392772675,2,200
42,0.2379227203763137,1.390153594315052,2,32
43,0.797868809574974,0.8761839367622553,2,43
44,0.4216010465604478,0.7694589141756296,2,32
45,0.3241311176823729,1.3990916013717651,2,39
46,0.986846907736413,0.977331973039187,2,26,0.21248173714441948,0.8911743689985836,2,128
47,0.602411480108551,0.6853290528059006,2,20,0.1932197216612587,0.8025189671251509,2,38
