0,0.4945516811567184,0.9688843086168364,2,154,0.19367781165092254,1.021449275638746,2,200
1,0.29626568219655675,0.9692754608392715,2,200
2,0.6524235960710828,1.0162548832595348,2,96,0.02969198861012455,0.5676160968583206,2,125,0.49676650042301124,1.1663802581674911,2,142,0.04059519943073435,0.9308174587786198,2,158,0.5029989715461217,1.110588204293024,2,200
3,0.28350564488714997,1.1988531947135925,2,28
4,0.316516077390016,0.942792816006619,2,92,0.7905872870265513,0.9459011234888216,2,133
5,0.9412408024115037,0.6940049767494202,2,20
6,0.5648829340833872,1.1118037008944852,2,81
7,0.33185760348174187,1.0092689142570839,2,111
8,0.3866130348712503,1.0857946902513504,2,200
9,0.44160979999797934,0.9888370072841645,2,200
10,0.4868786268574841,1.0112196618318559,2,200
11,0.29969161253446963,1.1132274627685548,2,15,0.08393482209079636,0.39081439233961557,2,36,0.5797530651759424,1.0486522046002476,2,47,0.11007093113776831,0.7509395248360105,2,65,0.318452428158344,0.5084147148943962,2,112,0.3907451142455942,1.0880623839118264,2,200
12,0.39093172478567406,1.157832755446434,2,200
13,0.15735142692958942,0.9002064122992047,2,59,0.4286854441527356,1.0751596019979108,2,116,0.1299926486447226,1.074863612651825,2,142,0.40315639494679223,1.2887247184227253,2,200
14,0.5437836708684364,0.9784556552767754,2,64
15,0.762896191773304,0.6422381520271301,2,15,0.6847234135698792,1.2018183852945055,2,127,0.08904469753419882,1.048517055707435,2,200
16,0.8705640139257569,1.5142499566078187,2,10,0.05015252275349911,0.17574409877552705,2,27,0.6278517645315739,0.9990252324513027,2,97,0.04990441710747114,0.8802873316933127,2,114,0.7659287246265739,0.8648572347380898,2,147,0.33526805567787393,0.9947387249964588,2,200
17,0.39797615083753685,1.154755727648735,2,200
18,0.5198861903620506,1.0657015860080719,2,200
19,0.3481608465035919,0.8166958825630054,2,57,0.0330237926122204,0.8345017035802206,2,66,0.4599094096611553,0.8129510613588187,2,131,0.029170778686929168,0.5204162791371345,2,151,0.49092407678451194,0.7422770725356208,2,169,0.043833938511490166,0.5123056125256323,2,200
20,0.3090440159684423,1.076399803161621,2,148,0.5305917179451038,1.0577122958806844,2,200
21,0.27132973938059496,0.8821981643873548,2,63,0.9550224277339968,0.9450273877483303,2,122,0.21035712172776885,0.8185639998742512,2,178,0.5240321915221414,0.7946175661954012,2,200
22,0.2719831355999987,0.9646059799194336,2,200
23,0.42683206566025617,1.0859850031137466,2,200
24,0.5480557855912397,0.9887308597564697,2,145
25,0.4642044396166363,1.0442917555570603,2,40
26,0.4026955746943797,0.888011371716857,2,32
27,0.4755167772314327,1.0759077167510986,2,200
28,0.33686775789719176,1.0572750672959446,2,57,1.4806858633154116,0.9687367817934822,2,74,0.28991901425425787,1.0504916862205222,2,101,0.21032595753921401,0.8008598908029422,2,200
29,0.2793846033739864,0.8285409778356552,2,20,0.7558472850124452,1.1046993213315164,2,82,0.18193288501264074,0.8430499563030168,2,133,0.5032233983479423,1.141444471345019,2,200
30,0.57180817573191,1.0013710510730744,2,200
31,0.44856290955131634,1.0815182733535766,2,200
32,0.35523180340103067,0.9750684788732817,2,165
33,0.2754831869916785,0.9443249246653389,2,34,0.11231914239426466,0.7673560198810365,2,70,0.8462799405626825,0.9310606591629259,2,136,0.16868978177939847,0.9759217798709869,2,200
34,0.21778601909475231,0.978230359904263,2,109,0.6087843262850947,1.0416410178928586,2,200
35,0.5970898191535853,0.7115847443540891,2,24
36,0.3584475222355587,0.9421474701398379,2,77,1.2058931486746787,0.9009659579305938,2,110,0.47774372521737923,0.9268390536308289,2,184
