0,0.24868561899272607,0.9024977948930528,2,18,0.934594714383831,0.8249652256136355,2,64,0.47797089722875213,0.8326192897032288,2,200
1,0.473283937699636,1.0413643295948323,2,65,0.21941480966663696,0.9533047538537246,2,91
2,0.22419815550813194,1.089411586523056,2,28,0.4834416049658906,1.1152389721131661,2,170,0.48742476053028266,0.7486536900202433,2,200
3,0.5165117708139053,0.9738620191812515,2,200
4,0.42815248684185064,1.1025710773468018,2,200
5,0.9365872374951669,0.8838310859821461,2,27,0.20800528704252327,0.6982479056373971,2,88
6,0.4356400854882954,1.0539473699486774,2,115
7,0.32531366973674913,0.8500011272317781,2,127,0.5538202459177544,0.8858359341752039,2,200
8,0.37168912736187415,1.0985671937465669,2,200
9,0.4762357915019598,0.9517796971521325,2,181
10,0.04030468019393574,0.2636800733479587,2,22,0.9072869592082414,1.5033179862158639,2,29
11,0.41554510462300936,1.0059326986471813,2,12,0.04393418075835588,1.0210856596628826,2,42,0.5898364795630202,1.0681742850471945,2,76,0.4083183957761768,0.47237693071365355,2,86
12,0.3990028048084,1.0419741123914719,2,164,0.9279532002808197,0.9842868679099612,2,200
13,0.3756733215364259,0.9014719375967979,2,200
14,0.5261643503036735,1.0805439668893815,2,200
15,0.45667897187110523,1.0653067356348038,2,200
16,0.3904135455301903,1.0070720380544662,2,200
17,0.3282576504098677,1.2462826497627026,2,33
18,0.3990223377137739,0.9308545604348183,2,200
19,0.4046112858390238,1.0910344524170035,2,134,0.11724824219147822,0.8815450221300125,2,138,0.08468857743476331,0.49795437497752054,2,152,0.3912454341013959,0.9856911773482958,2,200
20,0.37733394096364403,0.8786829106509686,2,160,0.16671636457644204,0.8846701697299355,2,179,1.0764071886675597,0.8973991019385201,2,200
21,0.3564220870865887,0.9906484705209732,2,200
22,0.49195801302440595,0.9077514105064924,2,43,0.23911424735151024,1.0033688666714224,2,200
23,0.6558480355270789,0.703729444428494,2,38,0.6472723372652439,1.001204070292021,2,76,0.3104276822678717,1.0403089532929082,2,200
24,0.3971434306635361,0.8736289326722423,2,192,1.9130720884966708,1.4228412508964539,2,200
25,0.3885651445583899,1.0735935989548178,2,34,0.1883356326844738,1.0851102532627426,2,141,0.3455138472925486,1.136031486220279,2,200
26,0.3997437059979544,0.9412713286280632,2,200
27,0.5080813520209287,1.094385825395584,2,200
28,0.23779955523261642,0.5509059795966516,2,13,0.03910888649843811,0.5919023073952774,2,42,0.5525257659891583,0.6314845383167267,2,45
29,0.4575948927529643,1.211705846445901,2,56
30,0.5170312152303567,1.0378818517923356,2,200
31,0.13608983988136888,1.1236617348410867,2,22,1.262985229969112,0.9091513441956561,2,45,0.10729658833319886,1.0477453259860767,2,62,0.3846097899331817,1.000412940979004,2,141,0.03368028036858773,1.0020440220832825,2,153,0.4985847590838955,1.20984833581107,2,160
32,0.44523157755974874,1.0238485601213243,2,18,0.039260555008227026,0.6777921795845032,2,28,0.6397269953188397,0.9673418695276433,2,83,0.058174795357339396,0.9978632245744977,2,90,0.33305778881930403,0.8793786063790321,2,130,0.07376948588146841,0.926242572920663,2,151
33,0.38293983508098406,0.7456559588511785,2,48
34,0.24829865594861986,0.8914959587548908,2,57
35,0.47356190074501586,0.9622290346882131,2,101
36,0.23628898353629005,0.7750185405214628,2,48
37,0.27164821179643367,1.0557419096722322,2,68,0.5276222810701019,1.0096967495404756,2,159,0.18847941017781733,1.035950365520659,2,180,1.2623787953402081,0.9227773652357214,2,197
38,0.23761817534666485,0.9231548535196404,2,95,0.5452809928009789,0.8433444721358163,2,200
39,0.3826253598246923,1.0512689852714538,2,200
40,0.49295787363817295,0.9308883965015411,2,200
41,0.051989647402158515,0.6950279900005886,2,7,0.5805769710203443,1.0236812659672327,2,119
42,0.22014970835222836,0.7545522699753443,2,24,0.03403601329398699,0.7613935298041293,2,62,0.44131622299131756,1.0175928558622087,2,76
43,0.9173632572589382,1.0630503969807779,2,31,0.43669647576585396,1.1217313257194834,2,200
44,0.30332783395883667,1.0760555702447892,2,200
45,0.5931996106362325,1.1062041610276618,2,147
46,0.06685059999612894,1.0816696658730507,2,16,0.6810306629251127,0.8219005202138147,2,59,0.3536297766277231,1.0946911638197692,2,151,0.053678810715365316,0.8487290292978287,2,179,0.36482289582902466,0.8140411462102618,2,200
