0,0.2874861849330201,0.9943678969534758,2,107,0.49666989103595655,0.9812804063161215,2,200
1,0.5523911473102591,0.988628920519127,2,53,0.12356120733948338,0.9669547702225161,2,124,0.7602091411272336,0.8513312482833862,2,149
2,0.4117580303951203,0.9945631303285297,2,95,0.019764396426234,0.6963105027874311,2,107,0.45610267313396424,1.1338491926911056,2,200
3,0.5311856958469032,1.1201005827996038,2,62,0.12574298711446227,0.2974120539923509,2,74,0.7259164829506749,0.41303594545884564,2,85,0.05155142072164249,0.5098435815710288,2,137,0.5337611523158,1.1313157543844106,2,186
4,0.32479767548421656,1.1298792177438737,2,200
5,0.49188436923690815,1.1229108528657392,2,55
6,0.404489706736231,0.8634316505570161,2,76,0.10354695024030901,0.9846797174698597,2,150,0.23396813770168165,0.8626217222213746,2,200
7,0.1608903530726738,0.8140346527099609,2,10,0.5963458032482853,0.6319238018989562,2,35
8,0.5544409373123408,0.8331350309508188,2,35
9,0.38626900247840185,0.7690091878175735,2,24
10,0.4010637328177236,1.0037026572227479,2,200
11,0.5046563463939273,1.069457515657947,2,179
12,0.41538307047196077,0.8701703824315752,2,175,0.3877160543349094,1.2376463937759399,2,200
13,0.24046267417846295,1.0324580539356578,2,55,0.48314160314143584,1.0679125915402952,2,147
14,0.25637922665326957,0.24194571293062633,2,18,0.07801945297702992,0.8661363071628979,2,74
15,0.24528045115617522,0.9062883605559667,2,24
16,0.18754437028478468,0.81723763127076,2,38,0.9482210710322709,0.9783597271889448,2,70
17,0.5028542005722348,0.7603979053405615,2,52,0.23899672736297484,0.8070682107016097,2,138,0.43827358592096005,0.8047899892253261,2,200
18,0.46454590039408383,0.9452818036079407,2,200
19,0.19743203666087308,1.0482042101414308,2,92,0.6813580736191736,1.056098616266825,2,175,0.23891705421748982,1.0867617845535278,2,200
20,0.22590391451821787,1.0319634172651502,2,45,0.4258815398501561,0.9914367219080796,2,193
21,0.48389168521800574,0.9561436337939764,2,59
22,0.4626425639117355,0.8868190577626228,2,200
23,0.2620976882443543,0.5893286426862081,2,30
24,0.2302826871124338,0.6582014535864195,2,24
25,0.38361842869317725,0.9684575602291076,2,123
26,0.35724206378653556,1.253944699443988,2,67
27,1.105186772471956,0.9587498863538106,2,30,0.5356838541991593,0.948361667564937,2,65,0.40406387857613413,0.29778710796552543,2,82,0.6092784624553481,1.0026599350622145,2,200
28,0.35059965268755544,1.0008670789003373,2,200
29,0.36847324365859424,0.9990567747427492,2,196
30,0.3836434474443805,0.910027284026146,2,200
31,0.2716204813593795,1.0280749057468614,2,95,1.3241289666306952,0.9946194986502329,2,107,0.2763844626397452,1.0222744672529158,2,200
32,0.2853326148960736,0.8995880450193698,2,104
33,0.8185884801706875,0.9866106137633324,2,32,0.18131100309183099,0.8794947446517225,2,85,0.412406888522625,0.9791788248454824,2,187
34,0.3939005548124428,0.9484639884834003,2,133,1.0192794388654023,0.9322897416573984,2,160,0.288910316880135,1.0186950087547302,2,200
35,0.5302915957038804,0.94443826764822,2,200
36,1.960996605075436,1.0509339332580567,2,5,0.4399545556834946,1.0702826775037326,2,200
37,0.328731388008239,0.9716361653804779,2,200
38,0.5063870855100888,0.8878188014030457,2,200
39,0.9277367522695947,0.936796846985817,2,20
40,0.5179726390569824,0.9561804937866499,2,159
41,0.3905375630374158,1.0098523772679842,2,78,0.3272622057758287,0.7626022696495056,2,97,0.08677263702386702,0.7189986904462179,2,118,0.40205945541890287,0.8108632604281107,2,163,1.0974748421580562,0.8338099227232092,2,180,0.21051929957819482,0.7877386212348938,2,196
