0,0.3382879557267428,0.9413684149433795,2,133,0.7030583414510958,0.9441714784992274,2,200
1,0.6851851321215039,0.8624330282211303,2,55,0.16346030289882876,0.882562336084005,2,92,0.5503831823257808,1.0054997615516186,2,124,0.6507518072105162,1.0897464233896006,2,147,0.09955346015486094,1.2422707176208496,2,172,0.36038634381777096,1.1602171063423157,2,200
2,0.3768756592048465,1.2828378975391388,2,20
3,0.7360106705435124,0.875171082549625,2,45,0.23556989221695251,0.9032863344786302,2,98
4,0.4444420144777729,1.0468665450366574,2,67
5,0.5406071825193723,1.271713923662901,2,32
6,0.6250206956703355,1.161315831271085,2,55
7,0.2754228726789811,1.0603485776453603,2,98,0.11222952875591409,1.0738665908575058,2,138
8,0.06407933858196634,1.0026788325376914,2,71,0.5510149977239319,0.8951780166424496,2,142,0.06494335888369819,0.7447810840039026,2,184,0.22205605809083873,0.7215048335492611,2,200
9,0.6162165278556665,1.024513172692266,2,58
10,0.3488062337458101,0.953741985123332,2,82
11,0.36036130263057126,1.0059624248080783,2,72,0.7666657999272339,0.8578879262538667,2,119,0.3110395918437868,0.9302468660437031,2,200
12,0.5396001687070985,0.9568000067540301,2,123,0.33027038347662735,0.9951300667477893,2,200
13,0.5807966847378363,1.0905014741420747,2,200
14,0.29524660870050323,0.9948781246549627,2,178,0.17493664209934,0.3224944350394336,2,200
15,1.0488482146598368,1.0109024277100196,2,26,0.4994760398241533,1.0326660138437118,2,200
16,0.505872504624362,1.0786961472034455,2,200
17,0.4010713841301907,1.0769178533554078,2,200
18,0.40511023792751377,0.9179860100150108,2,200
19,0.3272623708320208,0.8171138604482014,2,45
20,0.43068323781364043,1.1361612689495086,2,200
21,0.09412729665356083,0.8278322898108383,2,58,0.32966835289715396,0.944839882850647,2,88,0.3560737017467565,1.093285979969161,2,200
22,0.45086838484728814,1.0450165492516976,2,27,0.2172027533545368,1.087474740133053,2,109,1.712603368252829,1.4042808562517166,2,117
23,0.28542140131688065,1.065465005238851,2,30
24,0.7034374880226426,0.8939011979103089,2,25,0.10719885403059394,0.9833840998736295,2,80,0.8742945227210316,0.8984034424242766,2,103,0.11469292769783634,1.0076754808425903,2,123,0.5051586173136867,0.9130082091727814,2,200
25,0.5346946644615925,1.1100802266597747,2,200
26,0.2606375983618849,0.8546741143862406,2,75,0.5764389176422281,0.7999410059141077,2,144
27,0.29674878332119925,1.3435662984848022,2,35
28,0.12676738215267364,1.0831115742524464,2,36,0.476766330160638,0.9901532576634333,2,75,0.20620856310966712,1.0861779871312054,2,163
29,0.09199321277004925,1.1303163812710688,2,26,0.6754746574257015,0.8277792707085609,2,42
30,0.3583059675552435,0.8851014276345571,2,48,0.8595715381276597,1.1498623405184065,2,69
31,0.8226799809524118,0.9271385104491793,2,116,0.10236895935575471,0.20844030380249023,2,130
32,0.5828585435347219,1.0376832163333893,2,200
33,0.44985095530625524,1.1790813046693802,2,200
34,0.4388892588956952,0.9370748353004456,2,200
35,0.49989359812768674,1.070071046905858,2,112,0.26818438657894716,1.1166692660613493,2,200
36,0.4168247240688899,0.9760171592235565,2,200
37,0.4198442755615024,1.0935391272817339,2,56
38,0.06594429433001785,0.9169985540211201,2,64,0.44239164559992866,1.1137938896814983,2,109,0.09677746338650108,1.1471313551852578,2,128,0.3880208354063656,1.113663814134068,2,200
