0,0.10161642427058566,0.7990001956621806,2,30,0.3876603029881015,0.892047256231308,2,42,0.31216510008461534,1.0827758391113842,2,178,0.10170258819647568,1.1616751605814153,2,200
1,0.7445407767875832,1.3784468712345246,2,31
2,0.35280988814863173,1.068510536537614,2,86
3,0.4693660245652317,1.1448225343928617,2,34
4,0.15968477831116681,1.0469401895999908,2,40,0.3950833700583105,1.0215679049491881,2,200
5,0.2595218923919482,0.9195195694227476,2,74,0.44149234940545823,0.9755385518074036,2,200
6,0.48994439371346377,1.1003247559070588,2,200
7,0.3084989982121428,0.8531903494959292,2,46
8,0.42295406296929283,0.9916269135475159,2,200
9,0.3568915976708225,0.9410732646486653,2,134,0.6954240728230402,0.9237559726743987,2,200
10,0.4070574004012371,0.9831514793634415,2,200
11,0.2357736189428594,0.9965553933923895,2,44,0.42169497410569307,0.8494097284580532,2,120,0.5856316752453536,1.1682434856891633,2,200
12,0.6114189079788303,1.243480296362014,2,21
13,0.23830320262729585,0.8930841565132142,2,25
14,0.31972582191936966,1.125200011900493,2,28
15,0.520142665066085,1.0084962564706803,2,200
16,0.2384856157127345,0.16806141193956137,2,16,0.46065283900457565,1.0064187790054122,2,169
17,0.406181117682763,0.9813787013292312,2,200
18,0.025830619391072025,1.0679852604866027,2,20
19,0.5693473704550994,1.016204422520053,2,62,0.20830477970518768,1.0745577053590254,2,73,0.0720180989815079,0.36488147922184155,2,96,0.522499477168247,0.8903635521729787,2,126
20,0.31233485542601713,1.2520327363695418,2,70,0.6235329598811524,1.2256124643179087,2,200
21,0.39418506700765715,1.0323557771702923,2,189
22,0.22383645457830664,0.8210841027589945,2,26,0.9665712857630041,0.989078089594841,2,50,0.40888037460171545,1.0097351634502412,2,200
23,0.6402154538073396,0.904792070388794,2,20
24,0.40490893593305577,0.7834157800674438,2,50
25,0.510934830698492,0.9430910395948511,2,76,0.11993769735766252,0.7538364287969228,2,113,0.5434826124040877,0.8426186111238267,2,158,0.20248321858848195,1.0041753351688385,2,200
26,0.5591394027015202,0.8774684569028419,2,127,0.3085274241268462,0.8619112347903317,2,200
27,0.5526449188214217,0.5210757143092606,2,53
28,0.1273213416903253,0.9230619579553604,2,20,0.32840642289399863,0.9157558605074883,2,100
29,0.25996262518917385,0.9652036326687511,2,82,0.5003305039827604,1.0097436507542927,2,157
30,0.5746028817119242,0.9289661419802698,2,58,0.15736311816825918,0.9212656994660695,2,118,0.5914222951545792,0.7811436405995997,2,200
31,0.3890813889688768,0.9716028700272242,2,180,0.129282344058235,0.9984306514263153,2,200
32,0.5427534026977061,0.9997504949569702,2,39
33,0.23915591781061435,1.2030595847538539,2,35,0.831532800333479,1.1039594045052161,2,48
34,0.4888441280917298,1.1105276900529861,2,200
35,0.7249645911028971,0.9768534026195094,2,97,0.035452539539955516,0.33706754916592646,2,116,0.4818149961591502,1.0725685263934888,2,154,0.0449703919789944,0.8150357578111731,2,177,0.6815857243426001,0.6031647687372954,2,200
36,0.14464041822391754,1.0073027228697753,2,78,0.4317225799957256,0.9660200086133234,2,136,0.17041921063060983,1.0736059515099776,2,174,0.44743802190143817,1.0759000503099883,2,200
37,0.4459681806568411,1.0885273151927524,2,36,0.17268008164082987,0.8070533167232167,2,69,0.4043071059888532,1.0000118217395462,2,200
38,0.5020971307840364,0.9372896088494195,2,36,0.0937892795095024,0.84093217695913,2,129,1.1377325526815771,0.9338295768047201,2,158,0.4776331595838325,0.8563001652558645,2,200
39,0.2972974045031847,1.0309295654296875,2,11,0.06781083585476669,0.9493299411690753,2,34,0.5859196697068451,1.1102284309910793,2,85
40,0.31021457446945083,0.981537439126884,2,113
