0,0.26389151522354215,0.99305543433065,2,46
1,0.3181519750625398,0.9420963406562806,2,20
2,0.19496731433166667,0.9990336091019386,2,86,1.0607797884879868,0.950838083312625,2,107,0.31755701231324013,0.9646993453909711,2,148,0.22954929021512097,0.4111769215928184,2,166,0.34947132867134467,1.0012092905886032,2,200
3,0.3366814193475825,1.1212823908013034,2,83
4,0.2852339450019729,1.248292781057812,2,21
5,0.4345731516619898,1.053410064487557,2,191,1.3258090329245193,0.8762428296936883,2,200
6,0.253523811713061,0.8426147679813573,2,61,0.6061638783632283,0.873995708904678,2,200
7,0.5352235808009695,0.9028351978822188,2,55
8,0.457855256855843,0.9058926894858077,2,37,0.13759542434518007,0.8719872203138139,2,55,0.5017380406880716,0.9056367780032911,2,93
9,0.38207784755248353,0.9344298642873764,2,200
10,0.7989126155170805,1.2116520802179973,2,21,0.20194849861157008,0.9490385039856559,2,97,0.3514887840498673,1.0976581432317432,2,173
11,0.33624082668816613,1.1881254795120983,2,41
12,0.4416640265815956,1.141402212400285,2,63
13,0.46930438371576383,0.8381198458373547,2,48
14,0.3867393590614184,0.9625451479639325,2,70
15,0.38617657754001783,0.9605467258355557,2,39
16,0.38923872486720595,1.1230601744218307,2,110,0.04193823387431585,0.8187461132938797,2,184,1.0464735019,1.0737453624606133,2,200
17,0.6879971784390335,1.0699527785182,2,16,0.2485687788601485,1.0939476042985916,2,200
18,0.19794756086343948,0.8355179996025272,2,41,0.5594490228922844,0.8342271574638175,2,200
19,0.3697043015657796,0.9101421221139583,2,188,1.115044696999591,1.0505671600500743,2,200
20,0.05802853850999973,0.9623517816716974,2,55,0.37663256047995725,0.9231141303714953,2,131,0.04504875986136196,0.45641849637031556,2,141,0.5690040241880265,0.9290399874959673,2,176,0.058887843515408995,1.0082438041766484,2,200
21,0.47649964434816294,1.0538993024826049,2,200
22,0.43586332565736224,1.2187487302201518,2,89
23,0.39975195978836653,0.9480946605855768,2,22
24,0.19186385957309351,0.914842814207077,2,20,0.5243265348811381,1.0017504887502702,2,81,0.11061987435289122,0.9794661777990835,2,108,0.4449648622087398,0.9583824302839197,2,200
25,0.4916170948593154,0.9035137027082308,2,142,0.3847913719766703,0.6498697749499617,2,200
26,0.44271936248706134,1.0067398389991449,2,98,0.05819395201641567,0.9093981565431107,2,141,0.5091628729867005,0.9131430973440914,2,200
27,0.4869852427796156,0.9893163910508156,2,200
28,0.30176791192853514,0.5944389849901199,2,12,0.41197782084284995,1.0339566336737738,2,93
29,0.4019839760371457,0.979142128125481,2,92
30,0.3996638379552512,0.9220229268074036,2,200
31,0.5286168351741691,1.13875772504725,2,117
32,0.18430121490745843,1.0806262731552123,2,60,0.7650874599635794,0.8130618846043944,2,124,0.10201273943200675,0.9829045165668834,2,179,0.31961620375179467,0.990689237912496,2,200
33,0.4945934476844101,1.0064501140428626,2,115
34,0.14370710221506008,1.0753047246682017,2,19,0.39915419154331777,0.4874242679639296,2,30
35,0.1030185579889239,1.2425447744982583,2,28
36,0.24569317781595576,0.8504975341981457,2,31
37,0.5910584502384508,1.062985112027424,2,41
38,0.5308809503865903,0.9499113505536859,2,88
39,0.5748120277768053,0.9582352255071912,2,84
40,0.3243483207894611,1.0720834866646798,2,62
41,0.1252145148488444,0.929533894382306,2,67,0.575141301576914,0.8704679179936647,2,99,0.12066185549470712,0.8227955886611232,2,153,0.43857523761567907,0.8811817250468514,2,175,0.16387076272005047,1.2483032464981079,2,200
