0,0.42701484488813324,1.0290275576424464,2,177
1,0.7392767381678144,1.1187406015396117,2,25
2,0.44444529242980424,1.2097787363775845,2,29
3,0.3674013353542879,0.8793223939443889,2,57
4,0.5781188325510759,0.883296621473212,2,57
5,0.5025106620942137,1.0923792600631714,2,40
6,0.4867173536278561,0.3608764432943784,2,13,0.09744159575270604,0.8227504735643213,2,57,0.3874784206067508,0.9921921379864216,2,89,0.1672080067938581,0.7590618412545387,2,136,0.4550047140055125,1.0702143285585486,2,182,0.0864073125777485,0.8936548762851291,2,200
7,0.6664461062732976,0.966840184096134,2,33,0.2929597534507305,0.9982840337871034,2,114,0.7170449110820413,0.9295578002929688,2,200
8,0.4614899904948473,0.648183307586572,2,78,0.3251600297921007,0.9650341119521704,2,156
9,0.4621857067829621,0.9265913465619087,2,200
10,0.26058370839316763,0.9284886699734312,2,132,0.5954825003966854,0.9364714201758889,2,200
11,0.4588380065922537,0.8198008390216084,2,77,0.03365813088260066,0.7571574890095255,2,169,0.3870971281023356,0.941144835564398,2,200
12,0.35681866841783194,0.9671449867884317,2,150,0.6820302243132222,0.9499975538253784,2,200
13,0.7087832392232025,1.127797112862269,2,120,0.11415417523557246,1.1754295144762312,2,134,0.4711317313113678,1.15158021811283,2,200
14,0.4021987301907038,0.9439854419231415,2,200
15,0.35551678089118854,0.8627886855602265,2,200
16,0.47283544744135503,0.946847462952137,2,200
17,0.45265664595155836,0.7276982980615953,2,34
18,0.3638134792534396,0.8486199847289494,2,28
19,0.4907132847848437,1.04147221326828,2,50
20,0.3663338306937558,0.9841607308387756,2,200
21,0.021489653727394687,0.5992154389619827,2,20,0.4619367696480041,0.8429033120473226,2,65,0.015540649396936248,0.6457761824131012,2,81,0.3077216361407236,0.5467336189746856,2,106,0.03080296203792733,0.37961479897300404,2,130,0.6521716976652483,0.9287705898284913,2,135,0.028084868773585042,0.3221370348563561,2,148,0.3590041144975118,0.5760984454836164,2,183,0.01769006695865362,0.5089152087183559,2,200
22,0.31756843809566926,0.9980138540267944,2,6,0.06551997335503239,0.9946535449278983,2,25,0.5855288935166578,1.025976685628499,2,171,0.08627549300534103,1.148758103972987,2,190,0.7611409628228959,0.8243720471858978,2,200
23,0.5335882319014367,1.1155085152593152,2,145
24,0.7649200319629715,0.8798620407864198,2,59,0.37071803036297135,0.9430393923258951,2,200
25,0.32162398501351236,0.9239258778095245,2,200
26,0.08501892394075791,0.8422873597592115,2,32,0.6784508171994501,0.8650101304054261,2,42
27,0.3580819005144067,0.8419686213452765,2,141
28,0.5961385757584639,0.9589105065663656,2,75
29,0.27751672648510356,0.7572186572684182,2,36
30,0.5149782080371278,0.9020620058154503,2,171,0.254767871106432,1.0016266888585583,2,200
31,0.21844779259487127,0.9907343452923918,2,73,0.6079649306558483,0.8147582784295082,2,89
32,0.27861780502290256,1.1985855890171868,2,56
33,0.5316336142304464,0.9607627967308308,2,29
34,0.5285714352255063,0.8428201204852054,2,19,0.025811580200839984,0.8524917250587827,2,40,0.35832017803187327,1.1489048366961272,2,63,0.05574819122606216,0.666405725479126,2,73,0.5497956974993052,1.0849536180496215,2,93
35,0.4764770711179438,1.039416992664337,2,40,0.20546658042289812,1.083973677385421,2,82,0.49627033247510555,1.0824540944422705,2,200
36,0.6000636629512961,1.0753176325171656,2,169,0.15271295603212992,0.8920279318286527,2,200
37,0.26304541229261086,1.102446485968197,2,51
38,0.33512149927415447,0.9108512765023766,2,41
39,0.42937373085238933,1.1438961212451642,2,13,0.12293271242248124,1.1701580943732426,2,42,0.5951675857766231,1.1148887186834258,2,115
40,0.6257936414023852,0.9466982111334801,2,56
41,0.31142328493377935,1.0554229809592168,2,192,2.007008850661503,1.2796375751495361,2,200
42,0.4053263165892624,0.9707466292381287,2,200
43,0.4166825017439787,1.1681587612628936,2,200
44,0.6677720942105677,1.275903206732538,2,72,0.21346106195814546,1.2339334757097307,2,103,0.07434247912377405,0.988587661222978,2,136,0.2852521728703924,1.0129100468850905,2,167,0.0703705539225371,1.1669053236643474,2,179,0.4350703888139271,1.1514198098863875,2,200
45,0.37715751208288295,0.8860246297717095,2,200
46,0.4475474243357998,0.9410293777199352,2,68
47,0.7048652901628739,0.9901047669924222,2,39,0.3431787279311753,0.9522402597897088,2,173
48,0.10544479057050125,0.7721795505947537,2,27,0.5355216989317312,1.0091138945685492,2,171,0.14746093060070015,0.9071848248613292,2,200
49,0.22303889291626716,0.7066232661406199,2,90,0.09536967693209215,0.7392680670904077,2,113,0.49999888376842466,1.0738782733678818,2,161,0.37352659951213174,0.574975585564971,2,193
50,0.1058311581695693,0.9384126118991686,2,46
51,0.4204387025275789,0.9432483041608656,2,37
52,0.4109003767811354,0.8399489498605915,2,51
53,0.36807706948212526,0.8993095077317337,2,87
54,0.5105619564756575,0.8249109412233034,2,24,0.0614602452972331,0.7943700551986694,2,35,0.9181418400296554,0.7381235184492888,2,62,0.04993850272479263,0.8144675698131323,2,126,0.4127455487154659,0.622569794456164,2,138,0.07503680451797112,0.7692864580852229,2,179,0.3039997324385593,0.78731750306629,2,200
55,0.47042438125458247,1.1593826931715012,2,200
