0,0.4147426687225656,1.1549526035785675,2,200
1,0.4560363516208116,0.9864834606647491,2,200
2,0.3946837637221289,0.9999454895655314,2,60,0.045969368672894785,0.8195272750324674,2,96,0.5177533034633458,0.9815585919328638,2,133,0.037355821400202965,0.5176038179132674,2,142,0.25485274122069135,0.8016367107629776,2,150,0.030425216742104327,0.9185671782493592,2,200
3,0.3080420877960635,1.2577625706389144,2,37
4,0.47093847976981207,0.8388802369435628,2,30,0.2156406737243717,0.9291859052397988,2,74
5,0.36777205052007184,0.9307664897706773,2,27
6,0.3293023783852573,1.0511430419317567,2,101
7,0.5759660302923947,1.1809666018153346,2,43
8,0.462425890385714,1.1076265928149223,2,200
9,0.3470553541357065,0.9383407996251033,2,65,0.17820013243344088,0.8872923519876268,2,110,0.48645728774775954,0.9400806824366251,2,200
10,0.4989762802650958,0.9724267668583814,2,68
11,0.4011166088925071,1.0279552103143879,2,113
12,0.3990442523195582,0.9990233109238442,2,178,0.3495066741416403,0.6596449992873452,2,200
13,0.3230533303654836,0.9598721581697464,2,200
14,0.7158985014755938,0.9558802140064728,2,39,0.09112418734581938,0.7953275243441263,2,42,0.07709116792183367,0.44436001493817284,2,63,0.5776286301276107,0.9134621986976037,2,128,0.1663874799777379,0.9561384689240229,2,149,0.6401816018073565,0.9493381416096407,2,200
15,0.6579233772180886,1.0220757657434882,2,164,0.21580611845908632,1.1026706198851268,2,200
16,0.21210844222290767,0.9932525733421589,2,174,1.0752608006490996,0.9345397765819843,2,200
17,0.6344804206672675,1.1313865872791835,2,175,0.2610083325734264,1.2382365703582763,2,200
18,0.5224433849916167,1.0761696481704712,2,200
19,0.4554895920658527,0.9217011281999491,2,59,0.1725443272459563,0.9569260947247769,2,200
20,0.37064092092438156,0.9475832650065422,2,200
21,0.4146230685737081,1.1196827960014344,2,200
22,0.6904984243143422,0.9398916120882388,2,27,0.11524833133396048,1.0687965658994822,2,53,0.5048906106244967,1.0718786571707044,2,193,3.265700946862807,1.0654612609318324,2,200
23,1.5361123590325099,0.785025642676787,2,22,0.06218645675962046,0.942325676480929,2,46
24,0.32149858146808286,0.9899523493490721,2,38
25,0.5940498650432442,1.0680727016094118,2,43
26,0.8143668407610796,0.6884751405034747,2,7,0.06643206147978888,0.8953170458475749,2,22,0.692607452423766,0.9687512201421401,2,39,0.06593030598913747,0.6919312647410801,2,67
27,0.4358267843247243,0.936355388601413,2,191
28,0.4974849500613001,0.8791450583934783,2,50
29,0.4716691898038775,0.939195978310373,2,180
30,0.29889414389937063,0.6710693362881156,2,34,0.3739909169833385,1.0794009614164812,2,171,0.27983670057735094,0.7248440179331549,2,200
31,0.3892388805838094,0.9733470658192763,2,148,0.21681098955448158,1.0260646159832294,2,200
32,0.45351021735000857,1.1629988874297543,2,83,0.21386063499082192,1.0641301243469632,2,199
33,0.3591812375217,0.9490422533547624,2,188,1.342893824171509,0.8033615946769714,2,200
