0,0.2798062407302795,1.0324294674396515,2,200
1,0.4504666376652476,0.9616559719045957,2,24,0.10843909014621354,1.0442847098623003,2,38,0.5168673157143202,0.7956613083096111,2,106
2,0.5932542139442101,0.8664152707372393,2,49
3,0.45675860988297534,0.9904141765087843,2,160,0.1517966728095379,0.6050069898366928,2,200
4,0.5207722603314273,0.9724924492705715,2,183
5,0.3256283909447177,0.9301844019638864,2,57
6,0.28920975597836995,0.9805803596973419,2,20
7,0.5565377491745459,1.045414407202538,2,47,0.1499138583623024,1.061296025911967,2,65,0.35754672018887457,1.0335271305508085,2,200
8,0.22724968922971484,1.130443992614746,2,100,0.5083599046083682,1.0530651652812957,2,200
9,0.4682596347857458,1.0664921671152114,2,200
10,0.358797514865002,1.1265328045074756,2,52
11,0.46861804388780803,1.0834981175986202,2,88
12,0.5414421152744213,0.989111852645874,2,15,0.0819661779064953,0.9382152590486739,2,33,0.3591821186367278,1.0115909298023065,2,200
13,0.6416127311345773,1.030485681125096,2,21
14,0.23430169090133174,1.0062960058450698,2,200
15,0.38554594075259546,0.8124758492816578,2,11,0.10999234935035065,0.44517446160316465,2,41,1.54502362943512,0.8462810516357422,2,44
16,0.6701654491269068,0.726504921913147,2,23
17,0.37958536775259827,0.9444675195217133,2,200
18,0.49280315814035086,0.9882280419854557,2,170
19,0.43499334459886607,0.8887703943252564,2,200
20,0.4356042273403037,0.959786519408226,2,200
21,0.412227067836553,0.8701604625582695,2,200
22,0.6954143414690885,0.7364735653003057,2,24
23,0.4339031751125639,1.1415363411108652,2,60,0.03809593387277571,0.4800265740465235,2,87,1.4097742276635192,1.2509836639676775,2,94
24,0.17810640341389908,1.0778744425092424,2,35,0.6119414607211467,1.012984275817871,2,50
25,0.18041645345559573,0.899663656949997,2,50
26,0.34428719672098657,1.1486316233873368,2,200
27,0.2694656757090032,0.9316801514500886,2,153
28,0.39337698431069695,0.8617516387911404,2,34
29,0.6458395839847392,0.9603311875918964,2,111,0.23155815961771015,0.6043151252799563,2,183
30,0.3249776062124671,1.0031061363220215,2,200
31,0.5972839380365299,1.0037905901670456,2,200
32,0.7797698379042305,1.1339632706208662,2,11,0.19434158614875363,1.042873544692993,2,36,0.5464029014634301,1.0080671111742656,2,108
33,0.4648455597094561,1.122285321518615,2,91
34,0.4278552618018731,1.3912671832811265,2,42
35,0.47273875219628614,0.7724653349982368,2,27
36,0.46646032675359006,1.0196475511789322,2,200
37,0.4501844583735728,1.0616649383306502,2,200
38,0.5816599732665529,1.0903032229496883,2,65
39,0.5654090091498594,0.6363267699877421,2,57
40,0.569795637235283,0.956464881002903,2,200
41,0.36470787145358186,1.1493487285845208,2,33
42,0.4469827252071864,1.0022646180995098,2,154
43,0.34151563196960033,0.7957305055038602,2,51
44,0.05375051817250388,0.908240271466119,2,14,0.5500409799360925,1.075159710551065,2,77,0.07765289117753274,0.6911955376466116,2,89
45,0.3262524406756816,1.0351056718826295,2,200
46,0.18598445431587501,0.9831648019322178,2,57,0.3722200609644858,0.9843585483233134,2,132,0.21799412015049965,0.6180904805660248,2,178,0.5571073814315264,1.116983630440452,2,200
47,0.40082463522322564,0.2698438213421748,2,26
