0,0.316059676758842,0.8947838743527731,2,39
1,0.329650864009105,0.9769007118654923,2,71
2,0.34260738670505797,0.9015182803074518,2,48
3,0.3615640543746713,0.9667598657970187,2,79
4,0.4706483839427595,0.7650404155254364,2,80,0.20342737794840385,1.0426706109728132,2,115
5,0.4843958758607152,1.0977132439613342,2,30
6,0.4938630089594931,0.9004727444558773,2,53
7,0.3756868253906937,1.004548117518425,2,200
8,0.18387296573458356,0.9433683554331461,2,24,0.42375848274810995,0.8856083905255353,2,132
9,0.9101202028804734,0.9273940866643732,2,11,0.2415788927060833,0.9419382127622763,2,107,0.5033757560061968,0.9409799075895741,2,200
10,0.12192149554143848,1.072603581680192,2,72,0.3243489518481662,1.0375226736068726,2,100,0.09094490875547204,1.0760570628302437,2,135,0.26824236723210115,1.0239787835341234,2,200
11,0.36672049996273937,0.5132744346673672,2,26
12,0.4246845258970246,1.0627827435731887,2,200
13,0.08443646024010541,0.7619949504733086,2,8,0.43806698528617016,0.8489014055383833,2,160,0.18173790599117556,0.9907874584197998,2,200
14,0.5628319320649894,0.928233289986514,2,178,0.18696025099422148,1.087611431425268,2,200
15,0.4475152552507228,1.0630955803394317,2,200
16,0.47497419664254414,0.956366168934366,2,115
17,0.07367646820828976,0.47790558139483136,2,33,0.5500657389573593,0.9790011167526245,2,78,0.08643725946223405,1.0149170485409824,2,100,0.5742245926769367,1.1372025688489278,2,130,0.0748732764747454,0.36596833500597215,2,148,0.6486423475943204,0.6413873963885837,2,166,0.08821909344348955,0.4036648229641073,2,200
18,0.8502524056004989,1.0254461792382328,2,44,0.12145175974868642,0.9712868397886103,2,99,0.4109326366310696,0.9280021257698536,2,139
19,0.4713446861458746,0.9548360947835244,2,118
20,0.44164241819344086,0.8923713481426239,2,200
21,0.4593564933603376,1.0189575166315645,2,148,0.17816081897133496,0.8603968998560538,2,200
22,0.40445797286249535,1.1269631152059518,2,153
23,0.4391426068786265,0.9910394684834913,2,22
24,0.4693292545201938,1.1842023928960164,2,24
25,0.4254797110390853,1.095239958563051,2,143
26,0.37367953716569613,1.0739241467147578,2,122
27,0.471276194236351,0.9684633666276932,2,200
28,0.8717498987484171,0.9518961202014576,2,22,0.30486488877067314,0.9202570339267173,2,200
29,0.40920403462849164,0.8789167751868566,2,12,0.05155097971038953,0.2160370674203424,2,29,0.6610828072160699,1.0350283884233045,2,60,0.05773809985666819,0.5322113018482924,2,76,0.5770049210680165,1.0136951746479157,2,138,0.047738058600112876,0.6542497158050538,2,158,0.3934872973491949,1.0706165035565693,2,200
30,0.3071500855794991,0.9238984180709063,2,59,0.7882317898372903,0.8818022499621754,2,130,0.3043639484901376,0.9746809482574463,2,200
31,0.44573671582693425,0.7332959075768789,2,6,0.052902403039793086,0.875541912425648,2,61,0.4488155416873924,0.9298067723001753,2,96,0.08397158525416815,0.49542208140095073,2,120,0.6058448769125198,1.0150143951177597,2,200
32,0.404440926108008,0.6447687131517074,2,34
33,0.3883091399047199,0.8483439725637436,2,200
34,0.5921578460689253,1.0844232108857896,2,9,0.13255033048905704,1.1290755213760748,2,50,0.3133101042736888,1.0758108472824097,2,200
35,0.5829204359518074,0.7959014177322388,2,17,0.024267750195140454,0.7105632196454441,2,51,0.2688652877350288,0.8032523531180161,2,77,0.35339733623604896,1.0169243812561035,2,95,0.8885090618829411,1.0807180015408262,2,193,0.20116283939205026,0.9516303879874093,2,200
36,0.4382402441283904,1.0483445269720895,2,14,0.025576889395766182,0.19810908345075753,2,27,0.3831278061210835,0.7704001188278198,2,32,0.02549765941091607,0.26897293925285337,2,42,0.6828654130924575,1.3220157793590002,2,56,0.027672301483105788,0.4151408775494649,2,82,0.3814109247047881,0.9928181811615273,2,190,0.043473277607219175,0.6437929064035416,2,200
37,0.3155901829673954,0.8234664430652839,2,138,0.6273597222836812,0.8184410747020475,2,200
38,0.36620411358599975,1.2034641981124878,2,25
39,0.5906182096001503,0.9901634949009593,2,41
40,0.1756232676509921,0.9037173805814801,2,33,0.39070602597776677,1.007172281870585,2,200
41,0.4732233604588531,0.9538544458150864,2,200
42,0.6003690533933624,1.079460976553745,2,122,0.3640356854055381,1.1275958372996404,2,200
43,0.41478218022081925,0.9789253532886505,2,100
44,0.4916875507306481,0.7923714423179626,2,25
45,0.07277071067551888,1.3635329008102417,2,6,0.6056087289411015,0.7403560773186062,2,52
46,0.12501797862794967,0.8474965381622315,2,25
47,0.5381302573512176,0.9601462664811508,2,23
48,0.5084640185176535,1.0691587567329406,2,50
49,0.43980219659635456,1.0097036731075233,2,142
50,0.42334796733635327,1.0740174901485444,2,200
51,0.9181682547398857,1.0782175609043667,2,70,0.44138837155754984,1.1663849408809954,2,200
