0,0.3555501233187669,1.1045104932785035,2,25
1,0.08326825336538861,0.5188325333595276,2,25,0.5244621494772691,0.888868321334162,2,87,0.07220971278925545,0.9322229345639547,2,117,0.340873392626808,0.9554326117756855,2,200
2,0.5615752764156039,1.103778293132782,2,200
3,0.45477788066966285,0.7104530909787053,2,115,0.05534792548505526,0.9057235446843234,2,126,0.3407759275303587,0.824325129792497,2,200
4,1.6993272695051795,0.8780966599782308,2,3,0.19087332794537779,0.9071748825636777,2,113,0.43628330303840723,0.8746771180807654,2,180
5,0.6273773285930277,0.6890439438819885,2,25
6,0.41179074204966776,1.0548546336315296,2,135
7,0.5151680322458781,1.1379297292232513,2,200
8,0.32040897910112925,0.9212123469542001,2,131
9,0.35345282447757864,0.8637153181730141,2,191,1.6832704146898305,1.1714787748124864,2,200
10,0.12970206520303748,0.6712944429853688,2,23
11,0.02221607855146183,0.7232550515068902,2,18,0.4869203513619836,0.8999514365367752,2,157,0.03344439776481288,0.7346425771713256,2,167,0.24726184289702877,0.8236293111528669,2,188,0.06231344629129242,0.6504953354597092,2,192,0.0594245164896594,0.24431507289409637,2,200
12,0.10282234763189799,0.527094155550003,2,7,0.45917956386774644,1.0044746656043857,2,160,0.898978721574627,0.8749174490571022,2,200
13,0.42835396217295973,0.1461511231958866,2,20,0.5149798425827871,0.8946828513145447,2,145,0.18065010548897448,0.6247920798403876,2,173,0.632503210158847,0.8545678809837058,2,200
14,0.297003107220383,1.071449969329086,2,51,0.5778345148675714,1.0832491097034225,2,200
15,0.4905432581984258,0.9457144251465798,2,200
16,0.36031470626605194,0.8819332200288773,2,200
17,0.38465346021195346,1.0442670506238938,2,200
18,0.3895120131091045,0.9541596766312918,2,150,0.6981822707701126,1.0752695608139038,2,200
19,0.4157951849883729,0.9340801628736349,2,104
20,0.4360846193876303,1.1663211321830749,2,150
21,0.5370424865292212,0.9141186445951461,2,200
22,0.374682069103614,0.9495365381240845,2,200
23,0.5077280425224474,0.9600245368480682,2,200
24,0.6586653470337511,0.8396939301490783,2,25,0.014802761776604254,0.3452833105647375,2,88,0.19429491155836986,0.5434966683387756,2,91,0.4452419501090819,0.8630132850157012,2,200
25,0.5892985297407928,1.0341855919361114,2,200
26,0.45312601226347626,0.9141683042049408,2,200
27,0.3494184225062986,0.817608825091658,2,29,0.13471234261227083,0.8804631431897482,2,53,0.47514304879162256,0.870149746638577,2,200
28,0.4618552854427495,0.9406944099068641,2,200
29,0.47801762962945327,0.9181314209103584,2,200
30,0.49835126925312767,1.0552986218379095,2,13,0.10740944930526515,1.0363470491241007,2,47,0.47928792165182244,0.9979544325572688,2,129
31,0.48503521619634155,0.764763742685318,2,42
32,0.42491099314618863,0.9216352264358573,2,146,0.5454608080989606,1.185215534987273,2,200
33,0.4567664273055496,1.0388530233502389,2,200
34,0.4496211842474716,0.9739874852821231,2,192,2.838382374580131,1.677143156528473,2,200
35,0.1674495307932947,1.0628727411819716,2,59,0.3022264259805059,1.0702434980869293,2,159
36,0.6085653803230624,0.41508970090321134,2,42
37,0.49686396681989226,0.9321932386660922,2,138
38,0.34209183535249527,0.9465153700113297,2,200
39,0.3806274425942518,1.0194213020801544,2,200
40,0.5144994043447193,1.1667847148442672,2,59
