2,0.2697279378006307,1.9,3,64
10,0.3472050086552971,1.9,3,24,0.020896043327495634,0.31983357295393944,2,32,0.8570190966895036,1.9,3,48
18,0.9037936954710881,0.6058962820097804,2,32,1.464420059885598,0.21843778680671344,2,43
23,0.2653117838861265,1.9,3,48,0.4017510589846641,1.9,3,52,1.5941590710386195,0.4171006771780196,2,94,0.44723304615987947,1.9,3,102,2.510486490022608,0.6412158260742823,2,108,0.3900432620361056,0.5848553409943213,2,121,10.433134704546411,0.3367464542388916,2,126,0.14681826533125494,0.8179705590009689,2,130,8.577491843612732,0.3703189194202423,2,145,0.11910318665993129,1.9,3,150,4.795502949114115,0.2844874827334514,2,176,0.564906273851358,0.8940056988171169,2,183,2.7805194166622647,0.9170122637468225,2,200
25,0.4867983151207038,1.9,3,12,0.013844171223169551,0.9813051968812943,2,20
41,0.4826247011436307,1.9,3,20
43,0.23878448209676056,1.9,3,18,0.37310574166498317,0.9242685387531916,2,30,2.4841765309569874,0.9309661752647824,2,48,0.2794276783604855,1.9,3,63
46,0.4657351002446519,1.9,3,7,0.7912160526720209,0.5257627548916,2,35,1.880942252771761,0.3353917145480712,2,59,0.14782961434405706,0.7015477865934372,2,63,2.929780797942042,0.35967653393745425,2,78,0.8285929636648822,0.44028234168102864,2,97,0.8922415281111036,0.7529748470284218,2,140,0.3098397679087785,1.9,3,170,0.8253704802717595,0.5908924907445907,2,200
51,0.35400052879377303,1.9,3,12,0.03429246858919494,0.4538139743464334,2,26,1.4771514922669287,1.9,3,51,0.22460455685734265,1.9,3,59,0.8481565709361254,0.4021154095729192,2,65,0.3437393535253681,1.9,3,79
53,0.5872486426010947,1.9,3,36,0.030667641283749346,0.779371827840805,2,44,0.4564047856129067,1.9,3,84,0.24098539901431085,1.9,3,98
