3,0.28490390785335423,1.9,3,12,1.8210231527207525,0.22355703275763628,2,45,0.22489925234962774,1.9,3,61,1.0371539111404222,0.590285198046611,2,100,1.476497176396221,1.9,3,106,1.2272858770801782,0.32233724530254093,2,120,0.08873073495373923,0.7907961010932922,2,123,6.492289604051688,0.21597026233546068,2,184,11.90602373873663,0.8122866973280907,2,192,0.26593073610404316,1.9,3,200
10,1.0681228229398938,0.19220592815648108,2,34,7.467196777352457,0.19202528406794256,2,60,0.45694416842373825,0.27243151934817433,2,64,10.180031490695193,0.12688964529132302,2,152,0.20746609194881513,1.9,3,156,0.0205625029496683,0.4843297368950314,2,165,0.5917432805539882,1.9,3,172
18,0.016832568125451593,0.6638365462422371,2,8,0.233214550510134,1.9,3,92
27,0.40563244379192837,1.9,3,48,0.2969454134966832,1.9,3,57,1.0086003978439404,1.9,3,65,0.09610208550556504,0.6503872781991958,2,80
32,0.00742959138772964,0.8944430947303772,2,20
43,0.30715948305144597,1.9,3,37
44,0.31052874004222464,1.9,3,11,0.01359189686448135,1.9,3,20
51,0.10759061242189519,1.9,3,10,0.3540428281218813,1.9,3,65,1.9788229257144563,0.408224682597553,2,82,7.150846399984391,1.9,3,88,3.3252550302930466,0.25275963623272746,2,107,0.12754897670689114,0.7441179752349854,2,110,7.600485755214426,0.1768486604771831,2,121,1.0576517079620842,1.9,3,128,18.846101259950498,1.9,3,134
56,0.3930192645907274,1.9,3,8,0.24332122753124613,1.9,3,16,1.3563520935527973,0.18078738906317288,2,34,5.697896138741709,0.16185477098975426,2,73,20.20206792894821,0.2162638915081819,2,85,32.16346331219088,0.6848931411902109,2,94,0.40066155864392594,1.9,3,107,0.015383104772462623,0.48471208719106823,2,120,0.40761594961084374,1.9,3,155,1.5035214239388228,0.6625633131374012,2,166,0.8921615369972026,1.9,3,175,2.3229189819430784,0.30711050471290946,2,191,4.989720650753269,0.8814179963535733,2,200
66,0.4809544283174943,1.9,3,40,1.084433151270542,0.7700897045433521,2,56,0.3738436586612954,1.9,3,101
