2,0.16598349649522218,1.9,3,73,0.17611208478783263,1.9,3,82,1.3081856561510723,1.9,3,86,0.043723283614557705,1.9,3,97,1.4002590589072084,0.3457089728779263,2,106,0.47505158682712484,1.9,3,113,1.8280356467979413,0.30687384903430937,2,123,4.1220404602458744,1.9,3,134,2.148700980894653,0.3304501676078265,2,140,11.415431915535446,0.15893894694745542,2,200
4,0.24951894332516325,1.9,3,14,0.012751667747127268,0.9403433402379354,2,20
5,0.32743191233575336,1.9,3,66,0.01645271709210024,0.5994532614946365,2,76,0.28256350348786424,1.9,3,97,1.1779918042340942,0.8577244281768799,2,105,0.30259122358403484,1.9,3,117,6.069611138067445,0.28893760964274406,2,121,0.38139031723175326,1.9,3,152,0.4024946461174228,1.9,3,187,0.019909438831286697,0.4658237248659134,2,200
23,0.28119946428805465,1.9,3,32,0.027036278845209677,0.9328375875949859,2,42,0.763050257679496,1.9,3,46
34,0.6591534317710108,0.8986844569444656,2,20,0.30851323066411596,1.9,3,49
38,0.18588438886714653,1.9,3,34,0.24517130146312968,0.8921189733913967,2,41,0.20303403634430778,1.9,3,46,0.02318477693217777,1.9,3,57,0.9099494428287626,1.9,3,66
47,0.3804752274279949,1.9,3,43,0.9094001551432065,0.6141571442286173,2,58,0.08254282968932306,1.9,3,67,1.0139271720569913,1.9,3,72,0.42277765388206046,1.9,3,96
48,0.27069696133761584,1.9,3,11,0.012372932404635379,0.72461513015959,2,20
53,0.4236721756350138,1.9,3,44,0.017206551755560025,0.6554395606120428,2,56,0.8844537644775831,1.9,3,66
58,0.2778834451906542,1.9,3,30
