2,0.41711009953267036,1.9,3,29
7,0.30758507095195714,1.9,3,60
18,0.25194848774953904,1.9,3,4,0.012296125776989344,0.9705881103873253,2,20
19,0.31553273338381177,1.9,3,26,1.1145179376130503,0.3983067356877857,2,35,0.5340974804238395,1.9,3,57
32,0.3081754400216127,1.9,3,3,0.012388439218325945,1.9,3,20
36,0.23376169535757002,1.9,3,9,0.024861534719938818,1.9,3,19,0.25502156012566385,0.9671197136243185,2,22
42,0.2863426821691679,1.9,3,12,0.04016229307265484,1.9,3,19,0.3375557405375058,1.9,3,71
45,0.308757807340663,1.9,3,27
46,0.34106067615225993,1.9,3,34,0.8591186593246372,0.5831270902543455,2,71,6.968009511424797,0.12114829590070274,2,128,19.867274491184187,0.12768237803491853,2,159,0.4453267018861531,1.9,3,178
48,0.20063638504418102,1.9,3,31,0.4616130242670636,1.9,3,63
