8,0.3351046211564977,1.9,3,32
35,0.3556131789667845,1.9,3,34,0.015102872763255165,0.3957707204601981,2,45,0.3163515288189912,1.9,3,93
37,0.016221285791706837,0.5268072187900543,2,8,0.46257238128178735,1.9,3,11,0.016442205020905595,0.4705501839518547,2,21,0.29221371101364485,1.9,3,42,0.03645166033699766,0.8055699914693832,2,50,0.4533334126789221,1.9,3,58
40,0.2695813843702547,1.9,3,17,0.018437616346697636,0.3183646852319891,2,28,0.6057442812068154,1.9,3,42,0.08120441475010007,1.9,3,49,1.398011901849944,1.9,3,53,0.0524652701051804,1.9,3,64,2.598343631582861,0.15022089649132933,2,97,10.337287168008245,0.1975463671056,2,134,1.7427355531710411,0.19940017077785271,2,147,0.5370996289578857,1.9,3,155,1.406682695609797,0.16801893691986036,2,194,3.303726244589165,0.7787811458110809,2,200
43,0.6057141369487736,1.9,3,39,1.1725650682447446,0.6930451333522797,2,44,0.3385179633497086,1.9,3,52,0.6915491152077877,0.3527411068789661,2,60,2.4300091342098997,0.12860290588880027,2,87,7.4221800409293435,0.13171165207257637,2,100,0.1830648895356978,0.5572546869516373,2,103,2.6709850382112483,0.13763751260734894,2,140,13.065546896112403,0.12549069999380313,2,187,2.818930596432384,0.23929917812347412,2,196,0.04734987116368114,1.9,3,200
47,0.3276277508701085,1.9,3,5,0.013352284871268837,1.9,3,20
49,0.24719616976184997,1.9,3,8,0.017769280417159236,0.9291322556408969,2,19,0.6935064773176539,1.9,3,25
50,0.5082124360973677,1.9,3,71,0.08019252770860429,1.9,3,79,0.41331504166068433,1.9,3,99
53,0.36930648537518884,1.9,3,23
63,0.491186165595994,1.9,3,34,0.01663160101515393,0.49845871329307556,2,51,0.24811269055260693,1.9,3,76,0.35539242573920243,0.5214307940006256,2,101,1.089618955894502,0.31000241064108336,2,140,0.07919165043148019,0.9661177226475307,2,147,1.940643122337212,0.7317972481250763,2,150,0.10486337798009496,0.612870380282402,2,154,4.978761021259522,1.9,3,161,0.33196730195197083,0.5671316236257553,2,165,4.196502305142255,0.4945129454135895,2,178,0.30022274074676325,0.9928409680724144,2,186,2.519609014857854,0.4339668244123459,2,196,0.17361350550339494,1.9,3,200
