0,0.1456755764445594,1.9,3,3,0.009482128318552607,0.9884255738819346,2,20
14,0.32742745055913924,1.9,3,6,0.020820737122902434,0.5852794460952282,2,14,0.41633099139254,1.9,3,48,0.019421638384829045,0.41572229713201525,2,58,0.3835879260715161,1.9,3,76,0.014859655748077507,0.5298845805227757,2,92,0.4102045388462862,1.9,3,140,0.016244469018593846,0.3284408776089549,2,156,0.397789888862609,1.9,3,191
24,0.2218480312042225,1.9,3,24,0.3311995321053285,1.9,3,30,1.0996048560019138,1.9,3,39,10.612724106673634,0.3863483948840035,2,48,0.6036554623770232,1.9,3,55,16.4461554378582,0.9046750962734222,2,61,0.26033365284031146,1.9,3,70
25,0.3080464620222217,1.9,3,23,0.029662228768867427,0.6622506380081177,2,36,0.341597266876053,1.9,3,77
26,0.43819352052438254,1.9,3,5,0.034133303433438254,1.9,3,52,0.3255179855707964,1.9,3,71,0.9031965800999021,0.6899508982896805,2,79,0.020582694568342563,1.9,3,87,1.6255184545997385,0.1380006567789958,2,126,4.620836307003932,0.09235679530955629,2,193,0.018726821206984986,0.971952770437513,2,200
33,0.4758956751561222,1.9,3,22
41,0.4579239690855162,1.9,3,13,0.4907745379274775,0.5678435630268521,2,31,1.6505042701517652,0.21604474242776633,2,66,0.17979026097798792,1.9,3,76,2.0151455466360444,0.10109443088165587,2,112,0.18516090236757354,0.4964008828004201,2,115,2.894504330764835,0.12325803499396254,2,156,9.909717353441035,0.15178405282062454,2,193,4.42620678266921,0.7044364724840436,2,200
44,0.5661003211377329,1.9,3,59
49,1.0883706648106874,0.8726265504956245,2,8,0.21255789317847168,0.7699860632419586,2,16,15.0795598353642,1.9,3,24,0.0769884661723322,1.9,3,33,17.494550489322943,1.9,3,43,0.1792290935422038,1.9,3,48,20.99008754369125,1.9,3,62,0.2388531130903559,0.9288028279940287,2,65,20.94645752503515,1.9,3,77,0.1742992046089339,1.9,3,85,22.913766430416555,1.9,3,114,0.3724837272794156,1.9,3,139
50,0.23292786764783213,1.9,3,58,0.025076793871666062,0.8388106226921082,2,67
