8,0.06598714865282668,0.9884895831346512,2,8,0.46718679961953835,1.9,3,17,0.015702727906093946,0.41931151279381346,2,31,0.30100004074155073,1.9,3,84,1.0337242487759053,0.35281232313105937,2,122,3.9147494163856424,0.4002140841700814,2,133,0.36291259064944253,0.6936700575881534,2,142,9.030352832273627,0.3105429530143738,2,152,0.58486581790754,0.4959708634350035,2,161,5.165921924640648,0.3028274637002211,2,174,0.4577636886217543,0.5321797008315722,2,180,3.524632841264144,0.45078167095780375,2,200
21,0.05008474463296518,1.9,3,12,0.21785692113034594,1.9,3,111,0.630078733578764,1.9,3,157,4.687897144393114,1.9,3,160,0.3571902504855774,1.9,3,200
23,0.277168613220171,1.9,3,56,0.01751883165059238,0.7267042994499207,2,65,0.5796219347702352,1.9,3,83,0.018754248892854253,0.35613102465867996,2,97,0.3812648589788629,1.9,3,200
31,0.4265543237864113,1.9,3,45,0.020012548132807683,0.6839628285831876,2,54,0.28462561237327744,1.9,3,72,0.015328304942271803,0.7265241912433079,2,86,0.3475082908286994,1.9,3,130,0.7729170988057297,1.9,3,162,0.1610411924685987,1.9,3,174,0.01818063528341035,0.3886268085667065,2,188,0.6173374200233245,1.9,3,200
42,0.21124025085664097,1.9,3,9,0.4006073336491331,1.9,3,19,0.24861379109043846,0.7456224635243416,2,27,0.822959716641581,1.9,3,44
46,0.24770209283795774,1.9,3,4,0.025662018022528633,0.6296363845467567,2,12,0.39338284529532663,1.9,3,49,0.751089074662066,1.9,3,57,1.3680252330746068,0.19457140419146288,2,103,6.0805754529683576,0.16165615325527533,2,145,1.5877310906701385,0.12133653091732413,2,155,12.358824475628543,0.1905772747615209,2,181,0.380843622453661,1.9,3,200
48,0.3586308337411768,1.9,3,64,1.30461892911817,0.2818581453439864,2,86,0.38681814447122054,1.9,3,117,0.01459869392508263,0.32318074703216554,2,142,0.5337517759210328,1.9,3,185
54,0.2583841658347608,1.9,3,16,0.01628251486883924,0.5650315005332232,2,32,0.015662610213073615,1.9,3,35,0.04885557480148714,1.9,3,60,0.19747438581970453,1.9,3,76,0.015023519498819048,0.5777667149117118,2,95,0.40077455404948126,1.9,3,128,0.024748370175390735,0.3999283656477928,2,138,0.15643819601303885,1.9,3,143,0.33430431981965497,1.9,3,161
56,0.31951429191170183,1.9,3,30
61,0.3117350045508925,1.9,3,9,0.0191524469045656,0.37557540237903597,2,19,0.2521287183137196,1.9,3,30,0.01730583197917851,0.6351904446880022,2,42,0.04666098020537687,1.9,3,52,0.5958921445597221,1.9,3,77
