5,0.2359361310054465,1.9,3,33,0.5560732200704203,1.9,3,79,7.232518206707272,0.2634678376572473,2,93
13,0.44184853794674295,1.9,3,68
15,1.0050024844035537,1.9,3,21,1.2858264725512547,0.21079869489920766,2,40,3.243036700446854,0.19006344425811697,2,107,0.29691629096711136,1.9,3,116,0.4077296209163183,0.7166182696819305,2,120,1.0917214741474823,0.8985916610274997,2,148,0.7609807452539978,0.4925863536504599,2,161,2.7593897736601223,0.37008746987894964,2,180,0.4530803548511723,1.9,3,200
30,0.5438640562157794,1.9,3,52,0.016264452980556638,0.3990775952115655,2,68,0.1634585488863799,1.9,3,73
31,0.3762660681984665,1.9,3,9,0.5967171116008876,0.9626112977663676,2,15,0.5237535381994761,1.9,3,45
33,0.28886745961053684,1.9,3,28,0.03018287323760363,0.6752134395970238,2,37,0.21881668168427143,1.9,3,47,0.01857696479657144,0.6435409635305405,2,61,0.36169059249725893,1.9,3,76,0.02430419485029264,0.5731563203864627,2,85,0.45774736665599214,1.9,3,93,1.210931694803053,0.446493142417499,2,107,0.15413972932609699,1.9,3,114,0.20214524652794866,1.9,3,136
34,0.8352365270177978,1.9,3,3,0.01235297255461182,0.9670112378457013,2,20
35,0.28017001968986255,1.9,3,11,0.03727765685916201,0.8872470060984293,2,20,0.7994912243672049,1.9,3,31
38,0.517073926906143,1.9,3,28,0.6763555050469912,1.9,3,46,0.2978520943087771,1.9,3,72,3.6868585327321077,0.17143739387392998,2,104,0.373661512943723,1.9,3,111,8.046785278972711,0.10461303731426597,2,135,1.758513725715851,0.07484641512174432,2,176,16.2563630011723,0.19300759707887968,2,200
41,0.6173521006958085,1.9,3,28
