8,0.18696099085214019,1.9,3,11,0.903878435840048,0.45703254267573357,2,31,0.1384751062030788,0.4933836758136749,2,35,1.9375951143786054,0.19136107973754407,2,65,0.0897287121209824,0.748746414979299,2,68,2.2773438232106193,0.19536531195044518,2,73,0.05588024245770956,0.6403298676013947,2,77,8.963659031412428,0.1505417674779892,2,91,1.1989455390313932,0.14435959607362747,2,97,14.459857532237477,0.10942796095297104,2,179,0.04385960878283569,1.9,3,185,14.265475487049635,1.9,3,190,5.184088710765386,0.357699827849865,2,200
13,0.42302821811305574,1.9,3,123,0.01882759922492792,0.2640465594207247,2,135,0.3331037561555859,1.9,3,175,0.9334380280358465,0.8241826295852661,2,185,0.30489054484723405,1.9,3,200
30,0.01640394978814929,0.8339600827958848,2,9,0.5304261984268421,1.9,3,27,0.12599260298131656,1.9,3,37,1.2765488342177327,0.1779798868866194,2,58,2.1333621425652045,1.9,3,68,4.505083097495501,1.9,3,78,3.5798548786656936,0.24625333808362485,2,98,1.3167518851073208,0.26203318561116856,2,152,0.0562466143645572,0.42313721941577065,2,161,2.471976995524897,0.37754258748732117,2,180
34,0.42395862193614064,1.9,3,85,0.018348294172649243,0.6749248852332433,2,97,0.13546147920883186,0.6863677629402706,2,111,0.8913156565996163,0.2269109065334002,2,132,11.067806872726294,1.9,3,136,0.1480612966656289,0.8129238145692008,2,143,12.07816493117683,1.9,3,177,0.32383600782566774,1.9,3,184,3.1823905024479933,1.9,3,190,0.29770334089065686,1.9,3,200
37,0.20373042636360394,1.9,3,16,0.018206082502711662,0.5761273607611657,2,36,0.36986514354376937,1.9,3,51,0.037336519173998634,0.687479130923748,2,67,0.2708224607436647,1.9,3,178,0.019041602447459206,1.9,3,186,0.23015894085439045,1.9,3,200
45,0.3321203083305152,1.9,3,20,0.02155735394600726,0.22372381947934628,2,28
47,0.1851539526767535,1.9,3,80,0.6630001568172316,1.9,3,87,8.975650493034337,1.9,3,118,24.449255764889152,1.9,3,153,1.961063485371605,1.9,3,156,24.491395981918686,1.9,3,163,1.29331518908972,0.24344305608135003,2,176,16.494245141241493,1.9,3,184,0.2639868320905448,1.9,3,196,4.533332261179358,1.9,3,200
52,0.2749542665182398,1.9,3,20,0.028991759194568163,0.6652894206345081,2,28,0.2835187547725293,1.9,3,58,0.01908850955884027,0.2759285738070806,2,73,0.2493842134915223,1.9,3,84,0.029737909979326533,0.850134034951528,2,90,0.6869559955825091,1.9,3,106,0.4377283361847965,1.9,3,112,11.547682263113682,0.9412914216518402,2,116,0.742329881830156,1.9,3,130
55,0.41328147241688323,1.9,3,56
57,0.42013877659462706,1.9,3,68,0.02295161038176228,0.9161318474345737,2,77,0.684114084378583,1.9,3,81
