0,0.3423111466070683,1.9,3,125,1.0945862805547595,0.6779753693512508,2,132,0.407064408085324,1.9,3,143,9.459377943567832,1.9,3,163,0.3363335896343417,1.9,3,200
1,0.12437623694283746,1.9,3,20
24,0.56298563278133,1.9,3,23,0.017962407743536662,0.6008858650922775,2,33,0.1247922601481835,1.9,3,51,0.5460686454831697,1.9,3,74
27,0.9273646712492527,0.9898679521348741,2,18,1.520469775726693,0.5029303857258388,2,25,0.38691331215700847,1.9,3,51,1.3588536154183875,0.5439676917516268,2,64,0.6079654314727959,1.9,3,74,6.808824929473582,0.21007579995784909,2,106,2.7501245217729213,0.2903898659655276,2,140,0.06794325710668637,0.9795325344259088,2,151,3.687464944517758,0.3334130199509673,2,183,0.07127403163208255,1.9,3,197,0.9681841551436611,1.9,3,200
49,0.48627086108288803,1.9,3,33,0.21759917460263148,1.9,3,66,0.09293214303871791,0.33304771605659933,2,83,0.620764119710327,1.9,3,104
51,0.6261470102185899,1.9,3,32
52,0.3388162620159149,1.9,3,8,0.027791287361063375,0.920402412613233,2,20,0.017695280934046823,1.9,3,23,0.9179976902697969,1.9,3,28
54,0.30535529234974357,1.9,3,35,0.06342173994825727,1.9,3,43,0.2914050428750716,1.9,3,96
55,0.4075644362599677,1.9,3,22,0.01932749512696598,0.21093600584814945,2,34,0.022562212527954893,0.7476279616355896,2,39,0.7321737564391417,1.9,3,89,1.2408050429163537,0.3559998348355293,2,93,0.40260381354062635,1.9,3,112,0.024127314416508904,0.5581108822542078,2,129,0.9041111298525839,1.9,3,134,0.018496360491562364,0.32289041113108397,2,150,0.39854891703519946,1.9,3,172,0.9282945336985295,1.9,3,182,0.8782843426330463,1.9,3,200
58,0.15090943434485152,1.9,3,12,0.01723038305199419,0.5203527347608046,2,23,0.8762189360925419,1.9,3,32,0.3709103849380937,1.9,3,42
