0,0.40708414117789077,1.9,3,21
17,0.4215753834664262,1.9,3,18,0.05989448973491637,1.9,3,25,1.0139861616419419,0.32937202602624893,2,31,0.32974202247661066,1.9,3,60,0.01649266777575321,0.2589255461226339,2,83,0.6003784391706186,1.9,3,158,6.080834853173271,0.9757149815559387,2,163,0.6720251817793692,1.9,3,173
33,0.4410634864245941,1.9,3,15,0.036753083680877735,1.9,3,20
42,0.26986083435165076,1.9,3,5,0.015280433496994735,0.47098775021731853,2,13,0.3297283508810913,1.9,3,25,0.02616446359115849,0.7311653941869736,2,33,0.39758374659151,1.9,3,48,2.123839500955464,0.24152639314390556,2,94,0.0803610230699711,1.9,3,100,9.387400065919559,0.3101574778556824,2,103,0.9047272682815845,0.4119589974482854,2,109,0.260866836404811,1.9,3,132,6.00906543188931,0.31221150010824206,2,162,0.31740350698374936,1.9,3,200
43,0.35691537180227434,1.9,3,98,0.07968572020331874,0.8479829260281154,2,105,0.4383896532119739,1.9,3,128,0.017293858914549744,0.7421561795122483,2,145,0.033039511558273595,1.9,3,160,0.2852363719841916,1.9,3,174,1.4633677460192867,0.344079281602587,2,181,0.02191639867708907,1.9,3,193,17.135294650012565,1.9,3,200
44,0.27952217565449594,1.9,3,35,0.797202998610917,1.9,3,53
52,0.21892243721391796,1.9,3,3,0.02305381354601092,1.9,3,26
53,0.1575108457805964,1.9,3,15,0.02009580645089281,1.9,3,20
54,0.6082782676850392,1.9,3,26,0.018644117257410168,0.42947177837292355,2,38,0.1998437177737701,1.9,3,54,0.015395299960982694,0.5089172556996345,2,64,0.13865751643201174,1.9,3,86,0.016490023138988237,0.7142674803733826,2,96,0.6770153867204292,1.9,3,115,7.189553856864693,0.9660970502429538,2,124,0.5975175818564118,1.9,3,157
55,0.5980216999125612,1.9,3,12,0.02131730473934056,1.9,3,20,0.7675094835051132,1.9,3,39,0.02362737928135444,1.9,3,67,0.2812122342397687,1.9,3,92,0.06425224633526519,1.9,3,100,0.3091526819801835,1.9,3,114
