2,0.304570018932705,1.9,3,36,1.1394690610026943,0.7878150820732117,2,41,0.3669821582605066,1.9,3,97,0.017053368729788368,0.2994895863036315,2,121,1.1706019276308597,0.5009121609770734,2,144,1.8670554296580983,0.7546461522579193,2,160
27,0.02643847157133253,0.8264712128374312,2,18,0.27102677011528753,1.9,3,28,0.01628637793348004,0.16904993584522834,2,54,0.3140828838760397,1.9,3,70,0.08360739952471741,1.9,3,79,0.2648864879685389,1.9,3,91,0.016268197462315108,0.5448259661595026,2,109,0.12477770423221013,1.9,3,128,0.6187752903892294,1.9,3,136,0.049089108098481334,1.9,3,144,0.2816811120394839,1.9,3,155,0.03942298665929016,1.9,3,162,0.7060162819874114,1.9,3,167
29,0.3601781657851187,1.9,3,31,1.2380714848668903,0.6879284977912903,2,35,0.42128830191567324,1.9,3,78
30,0.27472108775193627,1.9,3,5,0.03899179821486589,0.9026044458150864,2,13,0.745022593163119,1.9,3,105,0.017734501170305794,0.2907948861406608,2,116,0.667014638879899,1.9,3,153
31,0.17666317063504344,1.9,3,25,0.03280457682727846,1.9,3,45,0.11173495568675501,1.9,3,50,0.2558790616476105,1.9,3,60,0.17246510595282766,1.9,3,64,0.017639662307355364,0.8104359745979309,2,74,0.5000937300600923,1.9,3,77
32,0.4543788689490783,1.9,3,8,0.05212136054607957,1.9,3,35,0.3003592681393281,1.9,3,40,0.017324337033839135,1.9,3,48,0.33318954287321917,1.9,3,58
38,0.4137981586099939,1.9,3,24
44,0.2803184091521147,1.9,3,89
46,0.6255178084355572,1.9,3,8,0.015477288616677173,0.3299170012275378,2,20,0.569631639919995,1.9,3,25,0.0409283519219632,0.9861237108707428,2,33,0.7173127353732354,1.9,3,55,12.045731505441914,1.9,3,80,1.0712448002415274,0.8874765038490295,2,88,9.143523005619446,1.9,3,91,0.41887333930916154,1.9,3,123,0.19439472033723854,1.9,3,130,0.442216781340198,1.9,3,170,0.17377802723726948,1.9,3,191,1.0101341430731465,1.9,3,200
50,0.5223549417915666,1.9,3,3,0.017814093241697963,0.37887634336948395,2,14,0.13079298475119336,1.9,3,22,0.48811010755647105,1.9,3,101,0.09524184954283416,0.937093334538596,2,108,0.7157282554447398,1.9,3,119,0.01905431732042819,1.9,3,130,0.023751325070952185,0.8239600327279832,2,148,0.27849997674092253,1.9,3,200
