1,0.2649104976360198,1.0245084646344185,2,200
27,0.26562076293935755,1.1016359367966653,2,200
28,0.2930401017832059,1.1790842366218568,2,200
30,0.2763041889494305,0.651419734954834,2,10,0.014601804792437497,1.0981797277927399,2,20
31,0.3111758351827004,0.9915867202246009,2,199
32,0.021820516518675278,1.4831142246723175,2,20
35,0.2565389360295095,1.160922994216283,2,12,1.2528021691971822,0.24012871499766003,2,122,0.9166494657363126,0.5631135044953762,2,200
37,0.3468766492575133,0.8121022614836693,2,200
38,0.24382811550207878,0.8867992864205287,2,130,0.3442479232730973,0.5473506733775139,2,150,0.8918457788504519,0.2594321900606155,2,200
39,0.29449766791110443,0.9291641472705773,2,112,1.215928480271309,0.2270000988448208,2,200
