19,0.2880100755211475,1.0151642021536826,2,200
21,0.8073612067015027,0.5921609431505204,2,200
22,0.39247205745125247,0.7987329048930474,2,53
25,1.0855346174791853,0.28356155099347236,2,200
29,0.5167561489174782,0.8548275242745876,2,200
32,0.6858499186893146,0.3757789989427335,2,173,0.25938396006110054,1.0368140472306147,2,200
33,0.3573866948409048,1.0535178987876228,2,46
34,0.18198618456124302,0.9124691303215879,2,179,0.9886930202794529,0.6691124197982606,2,200
35,1.0855346174791853,0.28356155099347236,2,200
39,0.3461836353126366,0.8407324297087533,2,42
