18,0.3469894070205364,0.8733363042072374,2,49,0.21431315914967564,0.5014988240741548,2,70,0.9655775518209482,0.25190993865522054,2,200
22,0.2915887164194529,1.1199222379922866,2,200
25,0.36225488428595054,0.804261676594615,2,200
27,0.30955815449837676,0.9732022473216057,2,200
28,0.27040526856215436,1.0516031059351834,2,66,0.8295108946070713,1.5341848035653431,2,78,1.3259859765452822,0.41011128423997434,2,110,0.257041752663056,1.3828814804553986,2,120,1.1441225596158242,0.3568572230637074,2,140,1.0074256555489698,1.5114634156227111,2,200
29,0.2990194307814264,1.0308293508104056,2,121
32,0.017544751367796634,1.0805948615074157,2,20
35,0.2764389110909515,1.033478783003649,2,199
36,0.2609175324032384,1.1007396271824836,2,200
37,0.34139966127044696,1.0654239909989494,2,56
