27,0.27203501410015846,1.0255288109183311,2,24
31,0.11812506307093142,0.9961419088499887,2,35,0.2876492580724051,0.7357354044914246,2,40,0.8208377093296564,0.5441456100770405,2,180,0.3933083348328366,1.0390251204371452,2,200
33,0.6504082196517271,0.40478719427035403,2,26,0.4087012954540786,0.8354494609366888,2,200
34,0.2945841578622679,1.1722229719161987,2,8,0.014171069168146517,0.9640542268753052,2,20
35,0.19528098625715398,0.7915909902045601,2,38,0.8204470224448375,0.5212088876668318,2,200
36,0.07825672481435593,1.0129822549365817,2,42,0.29649838647965715,1.1962606873777177,2,78,0.4132334861260216,0.749669197499752,2,178
37,0.3070784023507737,0.8004122450947762,2,200
40,0.30013675370647186,0.9738891276006166,2,197
41,0.5320219756425637,0.9861980155110359,2,48,1.0369376513593869,0.2922320639093717,2,102,0.330814209315055,0.900538006607367,2,200
42,0.3498962559265724,0.8966576933860779,2,30
