0,0.3274998685751167,0.912850814461708,2,200
18,0.28695463639442564,0.923129241168499,2,200
20,0.30106799431266307,1.1690103339426445,2,198
24,0.7131594769801027,0.7176785802841187,2,200
25,0.3423667789967583,1.2905898491541545,2,6,0.012792816981347713,1.1175978481769562,2,20
32,0.4146502612987913,1.082075904716145,2,33,1.1147017528684935,0.3538833952949433,2,200
33,0.3044968953301287,1.215261263847351,2,200
34,0.3323724422529113,0.8375808149576187,2,200
35,0.39682814246092235,0.9843104410171509,2,75,1.0920059945183733,0.3052319176495075,2,91,0.27861045211383295,1.2294190586160083,2,200
36,0.30598946631213186,0.9417175850272179,2,200
