0,0.2644544304211059,0.9712329784035683,2,200
21,0.3473535430588673,1.1555577019850414,2,144,0.02922069252370476,0.9607713222503662,2,160,0.28790355360269654,1.2562238603830338,2,200
23,0.3067667943545614,0.9320275800095664,2,72,0.9607336711079068,0.5312253457959741,2,200
24,0.3064451914788078,1.0672556206583976,2,200
25,0.2886846623918802,0.8936829371584787,2,180
26,0.3320517252063367,1.0129435169696808,2,200
27,0.32335338552200216,0.8177746643149664,2,126,0.6443560230847165,0.4309681740564269,2,200
29,0.3090579278121228,0.8825912827253342,2,200
31,0.2814790325636155,1.063227318227291,2,200
33,0.2866884488840735,0.9789902266860008,2,200
