0,0.35975795580287157,0.7779406630075895,2,26
23,0.3280075436118752,0.8699085873365402,2,200
26,0.2491739927101213,1.0514706484107084,2,172,0.2070872013277744,0.5972586284790721,2,200
29,0.26543666798462895,0.9232715913653373,2,200
30,0.3016417168245411,1.0821581062326577,2,197
31,0.3351243942153648,1.0513712245225906,2,200
33,0.24495208906356813,0.8841621822118759,2,200
37,0.139308355078906,0.7783889999756446,2,39,0.9785619095294347,0.43732203290147603,2,92,2.3659029367539652,1.1445593111217023,2,172,0.6896021165448479,0.4598721495962569,2,200
38,0.29037222978775723,0.7873027615058117,2,117,0.9186298955637974,0.6034940640131633,2,147,2.841267136245288,1.7439107385774453,2,195,0.8972275440051589,0.777195131778717,2,200
42,0.6067760291655273,0.8720111635687587,2,91,1.1846626310133248,0.38709473397050587,2,168,2.421691578820993,1.4410802945494652,2,200
