0,0.5844575573588482,0.7874029912054539,2,16,0.9276433002461016,0.40582618088114497,2,118,0.7392331113955602,0.9910763874650002,2,126,0.07685344549239513,1.3537375463379755,2,135,0.7844506534667028,0.7291867525681205,2,158,1.5695490171300324,0.20438765164683848,2,175,0.13731449211750663,0.6673543453216553,2,180,1.5672700096038739,0.2996217466890812,2,200
22,0.6712405714058319,1.0644637816830684,2,19,0.28001294700360846,0.39013867229223254,2,39,0.9308465571125738,0.2671368778196733,2,106,1.1178430338323604,1.583760380744934,2,128,0.2017873258160564,0.7062969122614179,2,135,1.4680284353611106,1.670184353987376,2,141,0.8216575574912425,0.8177070478598277,2,186,0.5221555583288103,1.5439764942441667,2,200
23,0.6912446424881746,1.0321687652784235,2,34
25,0.22467273357863288,1.0753316986560821,2,200
27,0.3384770242810575,1.3564180546793445,2,29
28,0.600661346379406,0.8036819927154049,2,31,0.2603240545420794,0.7044524257705056,2,200
29,0.5609314623214564,1.1212320515983982,2,19,0.23277468267998544,0.1690550454788738,2,46,0.6279952077619975,1.026695986588796,2,52,0.19397647619525193,0.3198221697140548,2,111,0.3895011196179732,1.222843727339869,2,180,0.1934107681114964,0.21911532580852508,2,200
30,0.38551169872566793,1.0883739811758841,2,124,0.1835741479363402,0.7465102123586755,2,200
32,0.19645721621067094,0.5253999868852902,2,113,0.6765618204642995,1.1422098278999329,2,148,0.21714231001378814,0.6689879252360418,2,200
33,0.7065265149029636,0.9899536139435239,2,36,0.2657249510338046,0.8575262615555211,2,55,1.3485669666154836,1.6894312277436256,2,119,0.31834470765638445,1.4948299765586852,2,129,9.033430032378432,1.6991480546338218,2,143,0.40536504329453393,1.2914232244858375,2,156,9.466102418417627,1.319029651582241,2,164,0.2265392766654171,1.5390462550249966,2,175,10.640962718953498,1.898710834980011,3,185,0.24415739786513763,1.014908540248871,2,200
