1,0.12824178788646515,0.46007378585636616,2,96,0.6664930553149985,1.51561271885167,2,142,0.12911326735919965,0.19113090647191838,2,200
33,0.3242444094157868,0.4227153883377711,2,150
35,0.3188810919393999,0.7144125998020172,2,30,0.4159351657155386,1.0791724947365848,2,52,1.019456398121594,0.4182029328649006,2,115,0.47583175704488334,0.5688062203781945,2,143,1.3795352436633053,0.3758507117367627,2,200
36,0.3787100278046258,0.9187324833869934,2,100,0.37579592637786685,0.7080819648504257,2,200
42,0.1348750088925544,0.7618569594782751,2,74,0.9215324690838498,0.5385274747386575,2,106,0.24799670949554045,0.9179265677928925,2,116,0.2354601504861371,1.2937806116210089,2,134,0.4280954531514981,0.44341616608478407,2,161,0.9994745950441379,0.4780818745493889,2,193,0.7809279485580926,0.8870411940983364,2,200
43,0.6754409829817404,1.031136921361873,2,76
44,0.2939745418050316,1.1517056998084574,2,68,0.23807546196208237,1.372763418790066,2,200
45,0.325234425132468,1.6222595969835918,2,6,0.013426120267259029,1.060597573007856,2,20
46,0.5685805547404074,0.8958240882916884,2,22,0.2793694933089361,0.23109093469542427,2,59,0.4740409097158549,1.4146398525489003,2,78
48,0.7167709988228332,0.9071834911318386,2,34,0.309376179606075,0.7045511966166289,2,80,1.183472261345284,1.3472036123275757,2,84,6.45312963143077,1.767041842142741,2,111,0.30446830270559366,0.7723724781797173,2,200
