0,0.5073096245031191,0.8571632440601077,2,56
24,0.30584396906357064,0.3199458658695221,2,15,0.016722747080637725,0.9978748798370362,2,20
25,0.47735085034648794,0.7994393353559532,2,98
26,0.5192813882571985,1.1114758153756459,2,42,0.4081384408688081,0.7448591463840925,2,94,0.5537574054747996,1.005538440176419,2,122
30,0.1405542048414907,0.8327801360024346,2,36,0.9351976105110049,0.5881186127662659,2,51,0.14513253462980436,0.924234426423405,2,140,0.45472781978118393,1.1016441996280963,2,179,0.16700666259668764,1.0641550109499978,2,200
31,1.330474005211869,0.44459042901342566,2,22,0.24029294774911575,0.5028503259567365,2,95,0.37403458025104297,0.41854346972523315,2,128,0.6016453013491742,1.0028505739238527,2,164,0.41609051666465413,0.6684176954958174,2,200
32,0.5475976585916458,1.2252569010383205,2,19,0.2858921203964137,0.8119392758235335,2,83,0.7982413072784911,0.8935480747904097,2,118,0.2883371129155155,0.6846893037237772,2,200
33,0.32555902303289175,0.9909925691543087,2,93
34,0.20874092942176728,0.747460649907589,2,200
35,0.24752682205967963,0.5497847240265101,2,73,0.8074975864436122,0.4425281584262848,2,80,0.9938431371462989,0.290925531151394,2,200
