0,0.395678385813878,0.8874710460503896,2,90,0.2243963231108794,0.6709962877360257,2,200
20,0.30399083416196027,0.638991219997406,2,75
21,0.2968025964706254,0.8791995956139131,2,132,0.27582958918627115,0.5216030250577366,2,200
26,0.8953093661147051,0.1630840520374477,2,16,0.3229657305861763,0.49080705063210595,2,52,0.3209008650072345,1.0393695294857026,2,62,0.515204201835153,0.5636381268501282,2,102,0.5502061321908863,1.1125718434651692,2,117,2.5071062773335795,1.614727651531046,2,139,0.20990687776229972,1.0110470056533813,2,145,3.8518850199290973,1.6411907161985124,2,152,0.3561902161184045,1.3762702291662043,2,163,5.2275766933116286,1.693814069032669,2,171,0.2577260513167125,0.8765948794104836,2,182,4.288989400046364,1.631324827671051,2,188,0.12834894826046572,1.1204305787881215,2,194,2.4639704877336484,1.3381114304065704,2,200
27,0.4883447249449555,1.2020406893321447,2,7,0.10302020410740341,0.9720087945461273,2,17,0.8769111183487988,0.26032098810723486,2,64,0.776072454220612,1.4295963048934937,2,87,0.1838637714446328,0.673477421204249,2,102,2.7940068653671606,1.7366737337673412,2,136,0.11362138203861243,1.1850942102345554,2,147,1.6035116370146003,1.2759309709072113,2,151,1.352032335519051,0.2640725984238088,2,167,0.1739959394747969,0.3936115375586918,2,181,3.530905110992311,1.7408724646819265,2,200
28,0.5795138808649125,1.113533808260548,2,49,0.270386421051985,1.1215391484173862,2,82,0.36044578903222363,0.47049786274631816,2,154,0.24733797203050972,0.9686597685019175,2,160,0.3010198584320306,0.5262551705042521,2,163,0.9528724475247607,0.30188688152545207,2,200
30,0.3420099861501439,0.4556306159267059,2,52,0.69317272410852,1.16065523856216,2,88,0.22187979232611457,0.595090778024347,2,199
31,0.3683025547861953,0.4851300982492311,2,56
32,0.8953093661147051,0.1630840520374477,2,16,0.3229657305861763,0.49080705063210595,2,52,0.3209008650072345,1.0393695294857026,2,62,0.515204201835153,0.5636381268501282,2,102,0.5502061321908863,1.1125718434651692,2,117,2.5071062773335795,1.614727651531046,2,139,0.20990687776229972,1.0110470056533813,2,145,3.8518850199290973,1.6411907161985124,2,152,0.3561902161184045,1.3762702291662043,2,163,5.2275766933116286,1.693814069032669,2,171,0.2577260513167125,0.8765948794104836,2,182,4.288989400046364,1.631324827671051,2,188,0.12834894826046572,1.1204305787881215,2,194,2.4639704877336484,1.3381114304065704,2,200
33,0.240230447040227,0.5902654071345584,2,131,0.015117572733395684,1.1367123603820801,2,141,0.23103270185042774,0.7184941061472488,2,200
