0,0.47211260332325,1.0140494187672933,2,15,0.021458246143206766,0.3023900240659714,2,28,0.4935456341884332,1.2319870796696892,2,57,0.016152781895823854,0.2574976275364558,2,72,0.532003945989233,0.6539087668061256,2,80,0.017574744257683256,0.33101231753826144,2,95,0.5033132726361023,1.1966095014854714,2,122,0.015391630445553504,0.18963033748122882,2,175,0.6862734868106285,1.21112717628479,2,200
21,0.28048648542258103,0.5521735199439672,2,81,0.37479073106462024,0.7400598300605261,2,200
22,0.5685103687677265,1.2331091284751892,2,30,1.3328111036829948,1.5617394958223616,2,37,4.997196495159624,1.7844649106264114,2,53,0.3322368172081226,0.995554636124851,2,200
24,0.6772245923351087,0.7260246860083713,2,186,0.6276291388624035,1.2710253936903817,2,200
25,0.14759110839036713,0.8544363947141738,2,21,0.20591086551129006,1.1728520542383194,2,57,0.16316623023041826,0.6652328881124655,2,105
26,0.7937046327697742,0.779782326782451,2,34,0.6382867433488156,1.5811537265777589,2,54,2.017420938787868,0.1667806413024664,2,64,0.40521316686184544,0.9524543285369873,2,72,2.031219216177239,0.7635500272115071,2,87,0.2873991538816062,0.8349791344474343,2,104,1.7931483536465043,0.15915763026310337,2,122,0.30703883223283784,1.0190672501921654,2,130,1.6016117198763375,0.2603944038802927,2,141,0.2940393562807764,1.4663457095623016,2,151,1.1715974226228492,0.217082312473884,2,190,0.7953938504267332,0.8995085418224334,2,200
27,0.25570175729839856,1.1210718002915383,2,200
28,0.40987994496887664,1.140974099518823,2,61,0.32243120376185996,0.9307691216468811,2,66,0.06004653610904373,0.8448853492736816,2,146,0.3067747289384581,0.9561661529541016,2,171,0.04518559034983044,0.4088557120412588,2,187,0.26962816161050535,1.0486503060047443,2,200
31,0.07577362592155489,0.9820003946622212,2,45
32,0.15067804919263994,0.491215040286382,2,36,0.577220030961653,1.1968350306801174,2,59,0.1355383660636217,0.6230776014057458,2,200
