4,0.3515210284993487,0.9494068742548145,2,159
24,0.10625413412828427,1.141741156578064,2,3,0.012109117575651536,0.9137328898205477,2,20
34,0.4354799164222909,0.6214995176503153,2,33,1.1278401146326653,0.5028303662935892,2,36,1.001754503000629,0.31685095048341594,2,97,0.40701535523540827,0.4420837152004242,2,122,0.2610539353997587,0.7587224220742985,2,171
38,0.30436883316579666,0.9991470339686371,2,43,0.2220060891231026,0.4922084053978324,2,139,0.6965550892207595,1.0478395138468062,2,167,0.19936463400565116,0.5897740736603737,2,187,0.4661038458118492,1.2932770343927236,2,200
42,0.69611812594761,1.1309701892045827,2,39,0.27285121393458606,0.1472954008389603,2,61,0.6407447213483943,1.2382910698652267,2,73,0.335347928790616,0.1250078039911558,2,126
46,1.010054497210173,0.4502303521884115,2,19,0.3287467837124702,0.7449920866638422,2,51,0.5477225222028633,1.2539606659682756,2,148,0.30000854536820887,0.8260459280931033,2,200
48,0.1735507595434008,0.6070611943369326,2,46,1.049120063073449,0.11278639247568396,2,200
49,0.3277915571285392,0.9800828383814904,2,155,0.8759518775969103,0.8774568838732583,2,190,0.8882763017430417,0.45472875237464905,2,200
50,0.2793703990703687,0.6323734861650284,2,157,0.41327634208649333,0.835785965124766,2,160,0.5572730547562628,1.1024024173617364,2,200
54,0.494763569140933,0.5612012779534753,2,134,1.21301048656159,0.6869271039962769,2,139,1.6863652718731275,1.4129624035623338,2,175,0.35972308626022154,1.169280571596963,2,182,0.46317663714205176,0.6170114510589175,2,200
