0,0.12258634640493557,1.3751771450042725,2,3,0.012120926652864282,1.0535583040293526,2,20
29,0.16090484764455915,0.3555049614928593,2,107,0.5019255684630773,1.043361156516605,2,152,0.1997354693941918,0.24949427507817745,2,200
31,0.3746181225267061,0.7670455276966095,2,166,0.7637440864701774,0.8868415021896362,2,191
32,0.4165809770332652,0.6599143250286579,2,200
34,0.3658958695914692,1.051056456565857,2,90,0.32560031626948716,0.779676941724924,2,116,0.9882153491551755,0.7459734578927358,2,122,1.3258323895764437,0.3358955096739989,2,200
36,0.19904928560442228,1.3661834255177925,2,94,0.3215422496269548,1.1643681747298087,2,156,0.9449646804798496,0.3898282703012228,2,172,0.11466795221373705,1.6318264073795743,2,190,1.0120117887470277,0.571553897857666,2,200
39,0.4678795952957699,1.1541362909170299,2,26,0.11388442096466976,0.4707790676391486,2,59,0.45078164982262037,1.009097899709429,2,73,0.15858037234207387,0.32184972015342544,2,185,0.9601611444072888,0.3831029385328293,2,200
40,0.27031787518562855,0.8176572061421579,2,57,0.3793802700107931,1.1056080767086574,2,92,0.22010219742916473,0.6210629761993111,2,169,0.54000735082107,1.0868451694647472,2,175,0.34789736945944155,0.4406135606765747,2,200
42,0.98137647246499,0.15377528159798862,2,58,1.0618861444480212,0.9946652352809906,2,64,6.617647266831592,1.8345449376613536,2,111,0.3313782189838354,0.8343086021669796,2,200
44,0.35884140463217284,1.0855840553840002,2,120,0.9952356762489569,0.522138976281689,2,151,1.1593323197934862,0.27518673879759653,2,186,0.43736761239746114,0.869293749332428,2,200
