0,0.2648831790520417,0.5793131047394127,2,128,0.2906799198282068,0.9623485883076985,2,143,0.47042675655988037,1.0907432416029144,2,200
4,0.2769400985632395,0.7126932342847189,2,15,0.38052458217499174,1.200189893062298,2,28,0.2206375001211611,0.7559160853541175,2,200
8,0.00742959138772964,0.8944430947303772,2,20
10,0.38171605837915046,1.0779638439416885,2,12,0.0637097046369549,0.46333458036818403,2,200
11,0.6513696162874087,1.0413756510790657,2,34,0.9943840268682904,0.5510767992490377,2,112,1.5877609228228027,0.16672836119929949,2,115,4.307040017914634,0.1368744472819793,2,194,3.0663640183198497,0.5657584518194199,2,200
12,0.4643107874453164,1.1290415254506199,2,11,0.10847192426904513,0.6831543767774427,2,48,1.0226426091466985,0.19904981820134943,2,157,0.20188969188676426,0.6251527786254882,2,172,0.9213027643595852,0.42568814169083324,2,200
13,0.4121200202394887,0.8614338564872742,2,200
18,0.641639569160128,1.2981710598386567,2,29,0.37049561961296495,0.3315072754319285,2,100,0.38586386991202404,1.0986731668313345,2,130
23,0.4322858300078048,0.8513587482950904,2,44
26,0.35005619278490685,0.9361534059047699,2,40,0.8464096658945276,1.0016358852386475,2,55,1.1550357733845984,0.5597511371297221,2,117,0.5789608639096848,1.1005709668000538,2,129,16.222834464760158,0.4868557810783386,2,134,0.3799655126783246,0.9705438589056333,2,158,0.2934127904716094,0.7045106235004607,2,200
