0,0.352109663522055,1.0746557018131886,2,103
21,0.24194579801883478,0.21357505718866984,2,30,0.4939202789919044,1.33155723129,2,44,0.29269257456493375,0.48699949043137686,2,65,0.986539357476051,0.18207859744628271,2,98,0.24081195728235183,0.4228272785089518,2,174,0.4852200707280757,1.19831155027662,2,181,0.2824356468791493,0.6196230699618658,2,199
22,0.10269842288836083,1.002260555823644,2,21,1.2866452824471903,1.0571767091751099,2,26,1.299951258002667,1.5068928370108972,2,52,1.0407106778376383,0.37831756472587585,2,65,0.06569579960172824,0.8938060944730585,2,76,1.332486390850522,0.19760183865825334,2,97,0.09416757351274638,0.9602515952927726,2,104,0.6546048006433599,0.4032178267836571,2,164,0.04839082355006653,1.089166510105133,2,169,0.9983565508406773,0.46098455882841544,2,200
24,0.13335562935234385,0.47032788395881653,2,39,0.5008497221306561,1.3495478704571724,2,87,0.1588255901864653,0.6863347117879749,2,200
28,0.013235853622567005,1.373987877368927,2,20
29,0.3303613569759963,0.9995207695637719,2,177
31,0.16439702531227143,0.9737279613812765,2,15,0.5555669941178577,1.358037664044288,2,46,0.2202033246085358,0.7859454865849346,2,155,0.17910633044119081,0.5993894033961826,2,200
35,0.24019036455126255,0.9159045208175227,2,53,1.2460743644035461,0.38584111990599795,2,82,2.440949328890174,1.6909659036568232,2,110,1.2243549220524075,0.20566088557243348,2,125,0.568174003294565,0.3942445314592785,2,170,1.1730916367321171,0.19493851239482562,2,185,2.7371202937307246,1.5029179128733547,2,196,0.6657341080738686,0.6877113878726959,2,200
36,0.3600938543627705,1.0822165028045052,2,76,0.2807699928627492,0.9232021666342213,2,200
37,1.1658048546888584,0.21715725318651008,2,99,0.9983823958815999,0.6256090377346945,2,158,0.3529410552682485,0.8411165409617953,2,176,1.4366388601886246,0.660126943141222,2,192,1.5594319848102238,1.2193888127803802,2,200
