18,0.27096051827091433,1.391963291168213,2,80,0.9601075344375248,0.4625397021808321,2,143,0.32646026236222914,1.5954136898120244,2,167,1.1660959792760892,0.6738219017332251,2,200
22,0.3468939822931229,0.9273705937480199,2,131,0.313271663591615,1.081445644731107,2,200
25,0.24805997766056628,0.5266746894309395,2,19,0.9149809909599521,0.475818846760125,2,48,0.2303555746836066,0.4631709917899101,2,79,0.6426025693814132,0.6626417203383013,2,90,1.2717788854732746,0.30768126293140297,2,158,0.675168840354522,0.5544853707154592,2,164,0.3410135251912709,0.6201800058285395,2,200
26,0.14304695341997498,0.5599245531857013,2,200
28,0.5778651477068983,1.3936562132328114,2,47,0.31808532331706374,0.24778648243939622,2,94,0.44394879269706894,0.5096513933913652,2,137,0.03284374287391271,0.7920059429274665,2,146,1.0735125941107158,0.38915925472974777,2,150,0.06130894887928379,1.0818875074386596,2,155,0.5563200449150394,0.6843260228633881,2,167,0.016183094030192465,0.4789445950434758,2,193,0.018867487332613984,1.2308448950449626,2,196,0.2599984818096303,1.2919725477695465,2,200
29,0.13243912035120622,1.0837643759591238,2,105,0.6282830777095669,1.0174352801763094,2,131,0.20122792498321898,1.1430558018824633,2,199
31,0.5488600375916847,0.7688451749937875,2,14,0.013519283178904202,1.1099433600902557,2,20
32,0.24698925602637842,0.24942766081902287,2,31,0.8160680625273233,0.443820892572403,2,56,0.09749937665028278,1.0129476487636566,2,62,0.6251851995742631,0.30885015750924744,2,92,0.4802144508422582,0.6676383349630568,2,101,1.1726268549081216,0.5528729514164084,2,118,1.4747707148857243,1.3618218004703522,2,138,1.1671295919129037,0.2588844160238902,2,153,0.37760398559846947,0.27500486595833556,2,200
33,0.4966696818427538,1.068285584449768,2,9,0.1898170988204663,0.6276554067929586,2,33,0.7350956749095326,1.1450058619181316,2,72,1.2659229543385282,0.21493604246082657,2,181,0.6339150496970509,0.4895476275368741,2,200
36,0.2415344589755047,0.484796823272782,2,124
