0,0.2468207247743664,0.9656542676687241,2,200
21,0.47539147495937195,1.2372159172188153,2,22,0.34291663939129774,0.553496464249793,2,200
26,0.4673561132009157,1.1422092403684343,2,14,0.10294511206621447,0.42911970301678304,2,33,0.5884050856154318,1.2006409366925557,2,48,0.08946446987107722,0.47195945664779426,2,145,0.5782497765782177,0.9617785135904948,2,160
27,0.6778819386701505,1.5254705614513822,2,27
28,0.41164339510357695,1.0902263136072592,2,176
31,0.688534385977368,1.0588174488233484,2,23,0.13380866766439267,0.32046619478394006,2,108,0.5558825788646515,1.4846319109201431,2,116,0.9270325915036801,0.5001119561493397,2,132,0.12254298278650967,0.524503056859148,2,190,1.0744882000378362,0.838497269153595,2,200
32,0.24687716362901194,0.5759024302426138,2,76,0.17540405562692904,0.9448407700187281,2,95,0.718672488639712,0.8247932922549364,2,136,0.4451963174196552,0.4192886892706156,2,200
33,0.3789250384587088,0.4820594461634755,2,64,1.3016741816150323,0.1968175264171742,2,180,0.27514560439694935,0.8820341795682907,2,200
34,1.0094485949630323,0.26281862959793184,2,113,6.781218504220447,0.1983915627002716,2,118,0.2256919855621477,0.25798806299765903,2,124,7.085139570254748,0.1876697801053524,2,128,0.2218214699236073,0.32084766402840614,2,132,1.9802994638155331,0.11429560162565287,2,149,0.20502609534826524,0.30409762760003406,2,152,7.545630231870881,0.2001346449057261,2,158,0.1600003871669186,0.49101394712924956,2,163,5.459035474827376,0.23420250788331032,2,167,0.7609215481260723,0.2785016268491745,2,187,6.527549755757105,0.23807244215692794,2,194,0.46765543885311683,0.8233214616775513,2,200
37,0.41045808426529573,1.0002266734671992,2,179
