0,0.5534944163033657,0.8694761792818705,2,27,0.18551265624321275,1.0193015538156032,2,107,0.5692645491495706,1.0558480088428785,2,200
23,0.29875842710261175,1.1786661006155468,2,21,0.3142176842464995,0.7855334062150071,2,200
24,0.12253318181504724,1.1845269054174423,2,32,0.5633724903919994,1.0460190463949133,2,59,0.12157981340258725,0.9556297111039115,2,160,0.5064175225550622,1.0653901060422262,2,175,0.09035099152028182,0.6914510321617127,2,200
26,0.7381001107960175,1.6976081024516712,2,11,0.25605980953613894,0.6776740668075425,2,39
27,0.16380573787456731,0.7809338629245758,2,40,0.9421536352272901,0.21946108978162268,2,169,0.11282095367150385,0.5351296216249466,2,173,2.3805842482291997,0.18392929583787918,2,183,0.1356449981792077,0.714522946625948,2,191,1.2441616077208657,0.5229042139318254,2,200
29,0.2666141831911397,0.4823523201048374,2,16,0.6851653040907911,1.1282638526977378,2,63,0.24418427093616724,0.552956183136037,2,176,0.585883279726248,1.1522590840856235,2,200
30,0.5986666248923778,1.202083942790826,2,24,0.34630889564520717,0.6357167967978645,2,58,0.35957727432338227,0.40160948478839764,2,200
35,0.2264833163401902,0.6695172356234657,2,18,0.675176105365184,1.1949694615143995,2,31,0.21516511837978466,0.7676966027780012,2,53,0.4783842001815133,1.1632982312816462,2,126
37,0.4659971920136698,0.8927738806605339,2,200
46,0.3856034473201451,0.5762729023733447,2,155,0.8529968848022361,0.4947596225473616,2,200
