20,0.17016173172409002,0.9902152148160067,2,11,0.009092455934338581,0.94793744219674,2,20
22,0.27693379928545425,0.7242843129418113,2,11,0.07437685151307454,0.8760100002250364,2,135,0.4354254083135414,1.1764959494272869,2,141
25,0.44506448400991033,0.9243882038376549,2,55
32,0.2360032083095695,0.9710782095789909,2,8,0.3965258388461064,1.3972551576022445,2,37
36,0.24744094400690755,0.9596402181519402,2,9,0.6486596791714819,1.4005028208096821,2,27
37,0.7834135975430742,0.9729808398655483,2,14,0.9325256878000723,1.5773875560515966,2,53,0.4607840362195897,0.8236463516950607,2,65,1.1666780987803553,0.2799531729383902,2,76,2.14094970511834,0.12533697618111486,2,200
38,0.20434512161923077,0.49736024532467127,2,128,0.6311058218467721,1.1755239950286018,2,173,0.23451471488130032,0.4903816605607669,2,185,0.45144355105650263,1.1470648646354675,2,200
41,0.7138442020646073,0.5257469186106244,2,37,0.24346458319321868,1.2049002945423126,2,43,0.12134577491172341,0.7400634717941285,2,68,0.21320705677290905,0.5977383630745339,2,200
43,0.7319474413698637,0.38390179530338003,2,162,0.37173525293645115,0.8297088904814287,2,173,0.914191361398617,0.32644860884722543,2,190,0.4515140640224596,0.9639061748981476,2,200
44,0.24181518119122042,1.200772566454751,2,14,0.9417451733366348,0.6771678350754639,2,81,0.2900747744816371,1.1647203394344874,2,88,1.0818830785321978,0.5977638579550244,2,193,0.2916333227173649,1.179745921066829,2,200
