0,0.40175995254469155,0.7610713851451874,2,200
31,0.2977747954339781,1.096029670536518,2,200
32,0.2855434752023484,0.6343008714417616,2,96,0.9701168138825242,0.2278596878051758,2,121,0.22986141164759633,0.5151439732120883,2,152,0.9890849737777749,0.3592558264111479,2,200
41,0.36916659639759736,1.4042177966662817,2,14,0.01960427907722061,0.8145381510257721,2,20
45,0.17973037671075318,1.2861274153578515,2,102,0.5494237212303963,0.9189277339626003,2,139,0.1305641671656689,1.3945656456053257,2,171,1.0688369833395215,1.8128260638978746,2,180,1.1477669301930482,0.6044522628188134,2,200
46,0.28574892454122947,0.46638439958676314,2,156,0.4634036617696442,0.8192301229997114,2,200
47,0.28511562183670697,0.6034865078388476,2,102,0.9188953304677713,0.4768510244938792,2,200
51,0.4463519901857458,0.9050518451853001,2,94,0.3845197064764845,0.7306463577837314,2,200
52,0.6960667847381649,1.4328776995340984,2,30
55,0.2386958598599639,0.42444461051906857,2,28,1.0965325060554532,0.20909974641270107,2,46,0.2557724999630503,0.5547978667651906,2,63,1.0465885132282624,0.3881486117839813,2,73
