15,0.27473149024087706,0.8689133048057556,2,10,0.011959277835764509,0.9294216632843018,2,20
16,0.00742959138772964,0.8944430947303772,2,20
23,0.6658391682434809,0.8524159846767303,2,31,1.6222587709724368,0.26593462626139325,2,40,0.7754317510664163,0.7072270214557648,2,58,0.5850063795221058,0.4101010983990085,2,89,1.2560840628103918,0.27264119550451504,2,200
24,0.44063489961986085,1.1397650276239102,2,104
25,0.4553877199154305,1.1277336155374844,2,48,0.49558362260447436,0.5820413331190745,2,60,0.0380154162605718,0.6087482715475148,2,147,0.563929442978216,1.070994742818781,2,184
26,0.21643199020886406,0.8320452550122904,2,86,0.8111277227798277,0.42152259420407445,2,200
28,0.25767053643921745,0.8325617451752935,2,112,0.43631493841394786,0.9154012249066279,2,125,0.48940996800199427,1.1112747120857238,2,200
29,0.2765049295453846,0.6681567877531052,2,20
31,0.3584739906859124,0.6116430684924126,2,24,1.1692049296540081,0.25479763650429854,2,162,0.7527630433928088,0.5336638132208272,2,200
40,0.24473723299497183,0.3355659772124555,2,72,0.7082442466656981,1.1287989845642676,2,85
