0,0.029794441988818376,0.35628423146903515,2,200
20,0.3895949624413251,0.2786800166935597,2,103,0.20365133179990844,0.9228204380382191,2,114,0.8573660033629461,0.15592876171996428,2,200
21,0.03913991135474082,0.08873714566347189,2,200
23,0.5261709802073167,0.7575427559018135,2,200
24,0.4455388438316931,0.9027183943986893,2,200
27,0.3147420583105848,0.726529258948106,2,26,0.5272561727706205,1.0801261118773757,2,84,1.0309386399082816,0.19371000207452613,2,172,2.050127588146162,1.6917886060217153,2,195,0.2753858702890855,0.7390732169151306,2,200
28,0.30459247620271934,0.7972289615207249,2,45
29,0.015009695900312453,0.15861461570602842,2,200
30,0.1909481308287911,0.5607178067719495,2,54,0.6518638493707818,0.4234798140823841,2,70,1.1438474580081879,0.24793373774501343,2,149,0.23164144671342368,0.9978959427939521,2,158,0.8136521119129926,0.2290269322693348,2,200
31,0.24213046075803096,0.6820270285886877,2,170
