21,0.17562765349626852,0.9397776360097139,2,46,0.20858242927497364,0.6454586080916516,2,200
22,0.21699744817698952,0.9227198079228401,2,200
23,0.47332997722612735,1.0075802265143976,2,41,1.0383409840258695,0.23319865879352375,2,134,0.48297022271014123,1.2212594960417067,2,148,1.07202311885252,0.20668113564974383,2,167,0.5722894663514692,1.2788723851695205,2,200
24,0.26520696791109866,0.746776811182499,2,200
26,0.2781904535442117,0.37839473329484463,2,200
30,0.34034264768878686,1.2471992000937462,2,48,1.4511953583550905,0.18911401179056983,2,159,5.968025567797885,0.15060632821263337,2,200
31,0.22743249939495067,0.805300452709198,2,200
39,0.08797045584895512,0.5571719272434712,2,200
41,0.3681730850295568,0.9949294706540448,2,112,1.2113232308898507,0.09837546267292717,2,134,2.908747055630147,1.7767823320446592,2,200
42,0.3460289355146536,0.32614228558050445,2,73,0.6747761342079553,0.6950683132294686,2,104
