0,0.23236587088440191,0.5675706313206599,2,39,1.0586134308256667,0.45436497513922103,2,200
23,0.11669085891378901,0.6409302136301994,2,200
24,0.30771171045811035,0.6125356951355934,2,200
25,0.4753123276883027,0.9746991598087809,2,115,0.4246917048428194,1.2125100584591135,2,200
26,0.32985987831483893,0.700658309161663,2,200
27,0.05180971752411704,0.08166883494520802,2,177,1.4511278115127824,0.37263759741416347,2,190,1.5465416241950298,0.9360384225845337,2,200
28,0.19038611681449766,1.0169874779956858,2,97,0.16826620780275686,0.7355221324753993,2,200
30,0.05575206262280268,0.16800804015249013,2,200
31,0.31228589632200493,0.8868247666954994,2,200
35,0.2773438984217799,0.4676703455759652,2,199
