24,0.48590832254469635,0.8186181879043579,2,200
28,0.2627840074720922,0.3504938224636058,2,189
29,0.3557380103212529,0.7983736762633691,2,13,0.012535349487802393,1.1565700939723425,2,20
30,0.605474518322498,1.1423381054773927,2,64,0.5391727376417735,0.6639951151960036,2,200
32,0.3550040764633257,0.9734442293643951,2,20
33,0.297129542602281,0.5314921568334102,2,200
34,0.1473027179164295,0.33988859221339224,2,200
35,0.25125205619152985,0.745030198097229,2,200
36,0.19975819208763315,0.3748910728096962,2,200
37,0.2070565865878067,0.4268871015736035,2,140,0.8982728155141028,0.22228716962660353,2,200
