19,0.3608061137024371,1.0009548516400093,2,113
20,0.2873540746851705,1.0367431825604931,2,58
21,0.2479475915784375,1.0239841445072277,2,185
22,0.3894103255428259,1.0134533128142358,2,200
23,0.34556923995484906,1.041124004809583,2,61,0.9449401455844202,0.2774792456295975,2,108,1.5552465724635265,1.6349528264254332,2,140,0.9468955841532927,0.5545940389856696,2,172,0.2861482289374255,1.0582958246980394,2,186
24,0.25789920007651806,1.0644138389825821,2,200
25,0.27163590663604453,0.9523882719874383,2,200
31,0.40628699096204524,0.9048561888640044,2,122,1.578497146227672,0.7251283079385757,2,126,2.0722890933120235,1.5641613880793253,2,141,0.16915587241282432,1.1915704210599263,2,150,3.9708301759345277,1.851858105659485,2,200
34,0.32848005379498546,1.0554070087040173,2,51,1.23955340394966,1.0518133531917224,2,84,1.106443720286772,0.4173613655669936,2,200
35,0.3450924887402451,0.9812919407609909,2,126,0.9379438726611933,0.5558532697928918,2,200
