0,0.29411677709484063,0.854602438211441,2,30,0.8497809548518075,0.4419164791703224,2,90,0.5167314220517683,0.8271663511341268,2,200
25,0.22409783340181824,1.1455349524815877,2,6,0.7493057543986472,0.40596738088991224,2,103,0.19844154383829427,1.0475677468559959,2,136
26,0.4083606278991134,1.0412908922071042,2,46
27,0.37369326126774993,1.038530195951462,2,200
28,0.40774521813664294,0.9543641328811645,2,200
30,0.31159921208433133,1.0028464539597433,2,96,0.8444775815568105,0.4751146134848778,2,200
31,0.3447127620584613,0.9712373529871304,2,120,0.991832459645549,0.3439720275811851,2,200
32,0.3167830862941083,1.12834021067008,2,39
36,0.39968170851335744,1.0186626660196405,2,95
37,0.4295306747889031,0.9148055401444435,2,200
