2,0.3086458882383817,0.9144613927602768,2,200
16,0.33472264860323536,1.0534449204802514,2,200
23,0.39182888526618476,1.0013644449294559,2,126
24,0.33887428997501134,0.9946286156773567,2,200
25,0.3641229482424869,0.9852353057999542,2,69,0.5653094152884126,0.6652526060740153,2,75,0.9427853049468716,0.4105101940424546,2,98,1.27312535379662,1.4868363116649872,2,145,8.966697151375932,1.9322059718045321,3,200
29,0.3014568972661766,1.0530001956063348,2,74
30,0.34375733218287247,0.9482678928971291,2,200
31,0.38949887836756775,1.1027483087778092,2,200
33,0.2662161136748784,0.9850933180822359,2,143
34,0.2826323359201019,0.8925849849527533,2,22,0.9264446032070498,0.6210032471201636,2,44,1.7887240196468182,1.7320356477390637,2,66,0.88239561742786,0.3447238134131545,2,150,0.23691663684304423,1.1417641970846388,2,159,0.9560817882297168,0.17419853254125037,2,188,2.928040956750801,1.5688218573729198,2,200
