24,0.46052707693754963,0.9671007469296455,2,200
32,0.22332716143023484,1.0039047781626385,2,75
35,0.2966824046109295,0.9519322897706713,2,98,0.7379774176660919,0.4128398695851074,2,166,0.26183804760028123,0.8208456512759713,2,200
36,0.3695774808820972,1.320511606004503,2,9,0.617666785130556,0.6367981311152963,2,26
38,0.3724462701584915,0.8582837352385888,2,91
39,0.41597495963026787,0.910959657728672,2,200
40,0.37734893515044016,0.9456243103458768,2,84,0.8978473287558053,0.8188034147024155,2,92,0.846385287597999,0.6372044056102082,2,200
41,0.42860527771371204,0.9759181950773511,2,14,0.01636438305076815,1.0981594423453014,2,20
45,0.39963454211968114,0.9455145952105523,2,200
46,0.3115305909434784,1.1230983573198319,2,200
