0,0.36098896671478387,0.7779453254881359,2,21
32,0.3855827432246275,1.0829226573308308,2,27
33,0.5353450564205477,0.776322641223669,2,200
39,0.39312691187234416,0.7547166087364746,2,118,0.4054299222857773,0.9582822766245865,2,200
40,0.45568887116889484,0.900781128257513,2,200
41,0.5634856238084619,1.2260953869138445,2,14,0.013825070624721795,1.1419105927149455,2,20
42,0.3240423804930483,0.8673044267822715,2,17,1.0516612863085597,0.2139631002431824,2,38,0.5845894654806468,0.7140175448155698,2,200
44,0.4483884394644129,0.9828538257390895,2,188
45,0.27613367768220737,0.975603694319725,2,200
47,0.40389165356834383,0.9431253503793957,2,174,0.9948105108153612,0.6064887906496341,2,200
