0,0.3538354732374071,1.0906016927957536,2,200
18,0.37799939279538197,1.0388324624962277,2,144,1.006534471642894,0.47693832218647003,2,158,0.31204666576577966,1.2257327377796172,2,168,1.0338707159463116,0.3104983610101044,2,200
19,0.31403305422543637,1.0024626448000078,2,139
20,0.6117393434835142,0.5368418968443213,2,116,1.10198236773142,0.22433749071898915,2,200
21,0.2747566742813195,0.9358459254642865,2,111
22,0.3192456853459784,0.978168615102768,2,200
24,0.35715117290652754,1.0220833173394204,2,200
36,0.28723792602793874,1.0249617183909696,2,85
40,0.518398779859169,1.0646325680944655,2,9,0.013377967963443914,1.2075941129164263,2,20
44,0.00742959138772964,0.8944430947303772,2,20
