0,0.3873820532259496,0.9850704446434975,2,200
21,0.24137067676053534,0.9057727635272441,2,163,1.0063257503833942,0.5286072523429476,2,192,1.0220234249909488,1.2432860285043716,2,200
24,0.3891592401364684,1.0700662785768509,2,200
25,0.43697596837735764,0.9960540188765674,2,161
28,0.2923640731147481,0.8396192692941234,2,31,0.8708260515721116,0.3177211018425695,2,120,0.3363888523309933,0.9350743762084416,2,134,4.507605818933563,1.6286835834897797,2,163,0.21045356465836945,0.8818056668554034,2,170,9.05383161408135,1.8096344717617692,2,199
30,0.3353689164626531,0.9790986084938049,2,200
31,0.30018676692394,0.9674497280322331,2,142
33,0.3447777965380879,1.000548574924469,2,200
34,0.24052258486252828,0.9685212311148643,2,200
38,0.3015299222573919,0.9655459734797478,2,200
