4,0.4227172270866559,1.2111505530774593,2,32
30,0.5128745324063559,0.8820107936859131,2,15,0.9974454363369297,0.31234124640043637,2,152,0.8339551393428946,0.7006121916430337,2,166,0.4693579094078338,0.8449968338012696,2,171,0.29047431534068324,1.2352465267839103,2,200
33,0.3390787283315174,0.9692410064726761,2,97
34,0.3717613612350686,1.0224768013567538,2,185
38,0.3391445892041046,0.9499927869439125,2,200
39,0.39657730069039093,0.8742892396450043,2,200
40,0.248554041495673,1.2273431079728263,2,14,0.014693964842579758,0.9003190894921621,2,20
41,0.3554940495926878,0.9464843049645424,2,112,1.0742415196298976,0.37880910310502114,2,188,0.7892905256568636,1.2326430131991704,2,200
44,0.4146489179559604,1.1136726077113832,2,28,1.0885905586814992,0.6170917035025709,2,62,1.105681181125889,0.17488082282637296,2,100,1.2170100908466237,1.4175452773387616,2,126,1.0373246340240456,0.26594523648763524,2,155,0.5335928757721866,0.8994052547674912,2,168,6.444379287111621,1.7020680159330368,2,200
45,0.28230927047726706,1.1096230992456761,2,41
