0,0.3485533686421391,0.9667949864268303,2,200
25,0.36378895810433426,0.8869203194132391,2,53,0.9028485051003725,0.45541511823053227,2,126,0.7613180571313553,0.8473448610305786,2,151,1.4214616609443405,0.22068200668980997,2,182,1.8761847802644105,1.1445853147241805,2,200
26,0.14398359201371852,1.1205427652597428,2,200
29,0.3119221175078088,0.9920031231641769,2,200
31,0.3150807326902631,1.024095141225391,2,36
33,0.28683889476855606,0.9999596005678177,2,200
35,0.39377103465157315,0.9324746993871835,2,130,0.6008591060188223,0.6961563726266226,2,160,1.2384361098228063,0.4900517899543047,2,200
38,0.010907993498530388,0.8223124325275422,2,20
39,0.5649832577706312,0.7747105883829521,2,66,0.9424691716230572,0.3682989474775186,2,200
41,1.101300300495444,0.2994362631982023,2,110,1.3220591933711918,0.5747776528199514,2,113,0.5401242865669305,0.7410743969610367,2,200
