5,0.29577365227361135,0.9747492372989655,2,200
24,0.2791601118034477,1.0217098006060426,2,142
25,0.2601698655374361,1.0480399833449834,2,79
32,0.6778558762409294,0.7300157696008682,2,16,1.2506874524319171,0.2102006378894051,2,40,1.0542145591950722,1.2476633407852866,2,51,7.24465153400341,1.8788675793579646,2,79,0.32958328768205164,0.9726609513779317,2,200
33,0.3207483531341837,0.9438488907284207,2,90
34,0.38598314097026176,0.9352471917867661,2,120,0.8677914312655519,0.7073578704148531,2,152,1.6904616004774007,1.4062040448188782,2,170,1.3135294889014038,0.37262795865535736,2,178,1.4868052211201221,1.3397120020606301,2,200
39,0.39619463062269417,1.065978392958641,2,48
44,0.4109965978134142,0.8787581247091293,2,200
46,0.35907530831205564,1.052844844081185,2,66
47,0.46937338022665426,0.9032806520368538,2,51
