3,0.3794048084531143,0.9507192233029533,2,34,0.9832685936239635,0.27763883694063257,2,113,6.123649778383168,1.5102104246616364,2,121,0.46135870023477876,0.8007384785584041,2,191
28,0.3963948987729891,0.9825817000865936,2,200
29,0.28532177109907486,0.9936705032984415,2,51,0.5748186737667816,0.6206148544947306,2,141,0.2617142989145899,0.94761273517447,2,200
32,0.4472340813078457,1.0610976330069608,2,43
33,0.45062169457175855,0.8689350031316281,2,200
36,0.3598766448757604,0.951842995420579,2,124,0.7696495273789871,0.6731859503253814,2,186,0.3905306519483312,1.3249814680644445,2,200
37,0.34235301403782303,0.9803052176128734,2,55
38,0.4046948026039701,0.9948986130952835,2,200
39,0.39247848344303893,1.0287360620498658,2,200
41,0.25465153319627426,0.8747215689839544,2,37
