0,1.1581762153125679,0.1879180043503858,2,69,0.26185137312568935,0.8743006012656472,2,124,1.2567969471984148,0.330832217280802,2,200
24,0.2940349251010182,1.0511215023505383,2,78,0.9532230046728909,0.47457793071156457,2,120,0.3003659879873976,0.9411386482417583,2,200
25,0.4110751921357898,1.0937286492275156,2,92
29,0.33180578622083917,1.0163046151904735,2,59
33,0.3140242557897302,1.0123676481295605,2,98
34,0.29778556129043143,0.8905915543437004,2,8,0.013206366176635622,1.3985342880090077,2,20
36,0.334584972466415,0.9918892532587051,2,28,0.8239444520128726,0.47654062317263696,2,59
38,0.4522044888893849,0.9949340664205097,2,84,1.1260949759996077,0.380095853975841,2,119,0.4582491517998878,0.8436034697073477,2,200
39,0.366635421339989,0.8561280930042267,2,50,0.8879080858650564,0.8126683160662651,2,58,0.9821149574467989,0.38543119484728033,2,91,0.3208737515008725,1.3323880367808871,2,100,1.083384850432379,0.17663504050483889,2,198
40,0.36997055179234956,1.1717771991093953,2,75
