15,0.25405558721367155,0.9714720517396926,2,200
16,0.3546887340683725,1.0274678965409596,2,36,0.8999497537079045,0.6743988655507565,2,84,1.0918117158734384,0.3429435969426714,2,200
17,0.45754708198886024,1.0307190571512495,2,35
19,0.41388444203521707,0.9809379988908767,2,200
24,0.2908938938291419,1.0422822194440025,2,14,0.014101468232946099,0.9885805348555247,2,20
25,0.3458088842437771,0.9864537727832794,2,200
30,0.311656296683146,0.9776078134775161,2,200
31,0.3397792917003991,0.763235401023518,2,22,0.787053953804562,0.4248839525526829,2,200
37,0.3357327425670045,0.9300919128788843,2,90,0.8355246983367354,0.38044196231798694,2,200
38,0.401235077885487,0.8773130473494529,2,200
