0,0.377771380603063,0.9979952281713486,2,200
28,0.2876570347106996,0.9896577736735344,2,200
29,0.2668380953269846,0.8856794008612633,2,200
31,0.4535834721039786,0.9733410006761551,2,200
32,0.2703409603613475,0.9375736224651336,2,200
33,0.3807238838973581,0.9284298824814131,2,106,0.549952402691275,0.7176086058219274,2,118,0.9063340457032109,0.6158990769124613,2,200
34,0.41507301406779706,1.0300784758579584,2,81
35,0.2900071148440614,0.9666574722528458,2,200
36,0.33912425613027264,1.014369215284075,2,42,0.9818160906948453,0.6016034512920717,2,155,0.32602122253232674,0.9050794745033438,2,199
38,0.39113717728991837,0.8815054845809936,2,200
