0,0.5538466311856088,0.9769318577754929,2,166,22.0520406525117,1.481776444350972,2,200
28,0.4452022741402988,1.055899887754206,2,57
29,0.31515230027124147,0.8453880974650383,2,200
30,0.428870787561978,0.7401735716693693,2,139,24.272104839722196,0.9865822188678335,2,200
31,0.8150794201014463,0.7391469325125217,2,200
32,0.6162193121745843,0.7907239419221878,2,200
33,0.5625848693724443,0.8001132055384214,2,122
34,12.952608377283381,0.26222227237187323,2,200
35,13.066918845985652,0.5000671818426677,2,175,0.21756791870372688,0.9929438710212708,2,200
38,1.1074268081697376,0.5760579696297645,2,200
