1,0.25020314549531814,1.0244426676630973,2,200
27,0.2872553824617501,1.1016784971952438,2,200
28,0.375418296515836,1.1790248250961304,2,200
30,0.2614301553695622,0.6928965449333191,2,11,0.00010919059325103004,1.0973961287074618,2,20
31,0.4079327978583362,0.9915980858419409,2,199
32,0.025716709251509293,1.716655203274318,2,7,6.261390697092538e-05,1.3596283014004047,2,20
35,0.2865089993399489,1.1166007335369403,2,13,12.96207181596368,0.3731788484887643,2,200
37,0.5037397726951233,0.8120513254404068,2,200
38,0.25203253390319774,0.8414609781901041,2,150,3.6122820022023414,0.2593746741116047,2,200
39,0.3375470729801133,0.9319607744345794,2,111,15.650676066812613,0.23130484214157201,2,200
