0,0.5537419495997769,0.7781157699915079,2,26
23,0.46859266596959265,0.8699361491203308,2,200
26,0.19099223768833476,0.9878615324199199,2,200
29,0.2926752953796881,0.9232798942923546,2,200
30,0.4015951568747924,1.082072676135804,2,197
31,0.46230691884473685,1.0514048218727112,2,200
33,0.22754336868874142,0.8841471967101097,2,200
37,0.07271959085053532,0.7783118853202233,2,39,16.059875342255214,0.7931094362591364,2,200
38,0.5348464718836304,0.7586829730442592,2,140,28.337851105414703,0.5710900596209935,2,147,53.35996557418664,1.6526800978858516,2,200
42,1.704819288750198,0.8721125684269182,2,91,23.230471707741692,0.6964340694590446,2,200
