0,0.02021603044887117,0.9093574839830398,2,200
23,0.025640847054670606,0.9452268615365028,2,200
24,0.04128393019250886,0.636353055636088,2,30,1.845923008958521,0.1551681955021863,2,128,0.009673043904798792,1.078158951467938,2,146,1.2719085474433296,0.2978531171878179,2,200
25,0.016656747481169965,0.6912978000500622,2,170,1.1139357368217246,0.1546407051384449,2,200
26,0.027457183538745225,0.8939143100380897,2,200
27,0.02053907918850998,0.9038593649864197,2,200
28,0.027774089328310048,1.0605988577008247,2,200
29,0.026073816055259495,0.9750950878858566,2,200
30,0.017440718823806222,0.8793693861365318,2,200
31,0.02785788578585608,0.7576156744360923,2,200
