0,0.05470561134342297,0.8546171284491016,2,31
1,0.20299356265825028,0.2412275266316202,2,18,0.35556870662019774,1.170476474660508,2,112,0.9856099152975328,0.26281397342681884,2,137
2,0.3264732780090485,0.3280542068183422,2,200
3,0.3321696560763678,0.9753554442287546,2,113,0.9170294747721552,0.18412191388399704,2,136,1.437754806919229,1.630713440477848,2,152,3.3412536699400346,1.7938758631547291,2,200
4,0.2456628578778681,0.6075011747223991,2,49
5,0.31071935987443783,0.8939427813887596,2,200
6,0.09059049267159394,1.1066749981931738,2,148,0.5769584145128996,0.3660655440046237,2,200
7,0.30290444024572977,0.3395724607365472,2,70,0.5549220251616281,0.6396649269496694,2,104
8,0.2910154296955925,1.0584395589197384,2,136,0.792393581629506,0.23931001359596848,2,200
9,0.24925315488746144,0.45496232852339746,2,200
10,0.11497667588518308,0.790658920109272,2,200
11,0.294731092908183,1.1489060067530699,2,159
12,0.07732930335754429,0.7232541197538376,2,200
13,0.08400880151872445,0.9500194567441941,2,200
14,0.15555775936382998,0.9182429331190446,2,34
15,0.07648130108309022,0.8892196774482727,2,200
16,0.2508849412220416,0.9885046607255936,2,200
17,0.29057916050392385,0.6924776816368103,2,200
18,0.3973678271818744,0.7949158165490988,2,132
19,0.052041480404384985,0.2656465960294008,2,200
20,0.33787502753986187,1.1014636526716517,2,47
21,0.24829625695054355,1.3366353193918863,2,30
22,0.05127211081399259,0.6049591869115829,2,200
23,0.2442615816926237,0.6945477056503296,2,200
24,0.12693106367341075,0.2592982202768326,2,31,0.449714716890344,1.3113789732863264,2,72
25,0.15427229348740393,0.8561808034485462,2,51
26,0.08281375917994446,0.633682238869369,2,64
27,0.13394634164510755,0.9490241834095546,2,133
28,0.12641786747035594,1.1182211807795934,2,21,0.4750297499974826,1.2064328460857785,2,79
29,0.3077812228311197,1.2512500608960788,2,48,1.4139249239163731,0.16955957756386147,2,159,5.389509826426559,0.17972375452518463,2,200
30,0.08410557767743249,0.2508519947528839,2,20
31,0.10867501166393827,1.2491508078575135,2,200
32,0.25835799273609444,0.36993768230080604,2,200
33,0.08515260533415714,0.5410147819025763,2,145
34,0.38053618972642644,0.9935224201621079,2,41,1.0386540717743358,0.08609143128761879,2,106,0.7460296593495033,0.41088039710603913,2,135,0.5778855321439008,1.2264758745829265,2,150,0.8768181088835849,0.26712047966087565,2,167,0.5421685622766981,1.3608938672325828,2,200
35,0.03723011268657422,0.7278052666608025,2,85,0.8235799893707719,0.41290104130040045,2,108,0.028639523440596764,0.8327043063037998,2,199
36,0.27114709449473995,0.8506639558693458,2,29
37,0.38045846576426606,0.869184922426939,2,64
38,0.2817421835658921,0.8342558505400172,2,53
39,0.442973494219167,1.4702854834350885,2,51
40,0.3078335782356505,0.742766934633255,2,20
41,0.43366563973764577,1.2002871206828527,2,21
42,0.3945631633829917,1.247816732951573,2,35
43,0.42145943844148975,1.4984795905294872,2,42
44,0.17440617596752156,0.8520443042119344,2,30,0.017253090615895875,1.1444130420684815,2,35
45,0.2791518364611562,0.7278971927506583,2,21,0.02135365022103526,0.8667314201593399,2,25
