0,0.26961247008952394,0.30336875811219216,2,200
1,0.05636265819136128,1.1741346019506453,2,200
2,0.08959867115302225,0.44097336445535934,2,35,1.220640021154441,0.06482243953329143,2,200
3,0.07308271417458177,0.8015173949412445,2,134,0.9657272571813312,0.2567089516669512,2,166,0.08242807427922613,0.719715112989599,2,199
4,0.22336669785459215,1.1290814638137818,2,200
5,0.3031791522775711,1.1973697177388452,2,88,1.0473361839235866,0.07422892390085119,2,200
6,0.3119973072207566,0.13848542140387907,2,164,0.40931081239168887,1.146564417415195,2,200
7,0.2713000783601853,0.8112324988422681,2,199
8,0.23720368076563322,0.6483038881650338,2,52
9,0.2512397032663271,0.28172135695815087,2,200
10,0.12023246833956397,0.25703730337321756,2,200
11,0.2787803894803122,0.9929191720485687,2,200
12,0.04722919043514025,0.796626687347889,2,200
13,0.1803678513877215,0.17630601033568383,2,200
14,0.18111705256180008,0.28648001834750175,2,200
15,0.2733861719675114,0.5794112058410867,2,171,1.1595370605715325,0.25508574062380296,2,200
16,0.2538310560959608,0.09727847903966903,2,200
17,0.2507624146930465,1.0694648760557175,2,200
18,0.21200924171534663,0.5352473250031471,2,200
19,0.15702062002794234,0.6842757686972618,2,200
20,0.14028586382396996,0.7533752796053886,2,200
21,0.29821719284853315,0.9209753236174584,2,200
22,0.1958838119904763,0.2042763208088122,2,95,0.07718664430428482,0.22619042098522185,2,200
23,0.06693455928008417,0.40632515222795546,2,155
24,0.3099841177506454,0.301205732524395,2,200
25,0.28536953851220337,0.45155447214841843,2,200
26,0.022780880301946145,0.3071099114310634,2,111
27,0.07936046944154303,0.598032215833664,2,200
28,0.20033731652888628,0.32641778342425826,2,200
29,0.05515018946280691,0.7842197877168655,2,200
30,0.2903550814229995,0.30900885052978994,2,200
31,0.2986240671957817,0.9027981272339821,2,200
32,0.2372567889395325,0.36208951026201247,2,200
33,0.03947573315546942,0.10941956758499145,2,200
34,0.32599693961564513,0.5210883958637714,2,200
35,0.20843593397157936,1.248006574511528,2,200
36,0.24634514796626047,0.6538210596357074,2,21,0.016384427418467747,1.0052366597311837,2,28,0.20954820885450004,0.684922087699809,2,169
37,0.536881453543207,1.17870839485308,2,82
38,0.1987812050989023,0.9906542684350695,2,28
39,0.20824456341813885,1.1780904064307343,2,74
