0,0.0640433510091623,0.9323157113790512,2,200
1,0.4813255951235461,0.8587823881897875,2,93,0.7561011442102069,0.1571766781472714,2,200
2,0.07001481908494556,0.5336928759460096,2,54,0.6564929044959215,0.1908219661818792,2,200
3,0.20340727598240466,0.6582952688722049,2,170
4,0.3497281644712489,0.34095538467168807,2,200
5,0.06501215655710207,0.6851262247562409,2,200
6,0.36920000804922887,0.9486074650287628,2,200
7,0.322112277437795,0.593770866394043,2,25,0.39685759643576046,1.1466149256147187,2,83,0.8111286358076404,0.10584756167768275,2,186,0.9472337548532589,0.5764714351722172,2,200
8,0.032991152961771554,0.5941817730665206,2,200
9,0.07012677579940498,0.9130866557359696,2,200
10,0.060985806393561555,0.5698090454806453,2,92
11,0.018630654742632563,0.18561801552772522,2,200
12,0.03379221034379715,0.0543338617682457,2,200
13,0.34697809291785764,0.14501508101097588,2,103,0.07790125819544119,1.0150801051746716,2,114,0.33087604082221056,0.14057253942240117,2,200
14,0.3098853169403729,0.2723879296721125,2,163,0.7321143292843058,0.22571019103398193,2,200
15,0.2910829625388783,0.9412783575057984,2,200
16,0.32953149829766865,0.24473846899835686,2,19,0.3609342339757171,0.9505599392087836,2,38,0.568082007632315,1.4648774521691459,2,122,0.48605511904751675,0.16077265838781993,2,137,0.6645129693009072,1.5634742066973732,2,200
17,0.29167078052346995,1.5159988880157471,2,5,0.01423224644288215,1.0663601716359457,2,20
18,0.28936536562334136,0.8907811443010966,2,45
19,0.054561447986392765,0.7794773218035698,2,200
20,0.369533810923447,1.0571194821596146,2,200
21,0.028456144425234906,0.43035455882549284,2,200
22,0.2156717322907536,0.46465607918798923,2,32
23,0.14058964890646863,0.29895795285701754,2,40
24,0.06068848466242888,1.07874245762825,2,200
25,0.42640386632871874,0.7554693692922592,2,200
26,0.2780306517110428,0.941705584526062,2,27
27,0.25377453512802045,1.3094773360661098,2,35,0.3871572216934486,0.8507736682891845,2,40,0.5870835293916644,0.8609100522533539,2,71,0.9568844990799611,0.12441402118084795,2,189
28,0.19492057794151205,0.7637546320219297,2,37,0.020046661408454906,1.0207229614257813,2,42
29,0.10181416374871244,0.9388906260331472,2,24
30,0.23502813183100288,0.7236878871917725,2,43
