0,0.08049436889992895,0.37578905486699304,2,99,0.6891614741260774,0.14699083876491773,2,200
1,0.023356551806186093,0.4035252000391483,2,200
2,0.09522102838594551,0.6510501700639725,2,200
3,0.18889823156011626,0.9923814697072685,2,173,0.18748865919644425,0.6664667217819779,2,200
4,0.1896474480950255,0.703407641057368,2,143
5,0.2803422739830229,0.720209408402443,2,200
6,0.03456230064175472,0.8133271312713624,2,200
7,0.06442544129415738,1.0329088753461837,2,200
8,0.025839181133592713,0.7195427072048187,2,200
9,0.29042278660974424,0.8154696580767632,2,200
10,0.23443904556603798,0.7527266565041665,2,78
11,0.23824516806396703,0.620628273487091,2,200
12,0.08301509490369195,0.6268587425351143,2,200
13,0.6883696002375485,0.09929178655147552,2,67,0.7100567455678397,1.1692214702305042,2,86,1.1344029733480487,0.0766394976199719,2,200
14,0.18793064084702357,0.902494495511055,2,200
15,0.049195057908739216,0.5023514734208584,2,200
16,0.36791620332266434,0.7270001059770584,2,200
17,0.2703962033589014,0.9432285451889038,2,200
18,0.022622959286014557,1.1658521741628647,2,20
19,0.3071313092257414,0.7485709038376808,2,200
20,0.023884390214597127,1.2619826912879943,2,20
21,0.2964590962390948,0.5681939981085189,2,94
22,0.07067323528186166,1.4240765454063953,2,142
23,0.3119483065582029,0.4574287323653698,2,200
24,0.05378087140887412,0.20069293305277824,2,4,0.414799155630805,0.36932223041852313,2,10,0.6310666119739207,0.9766904475360081,2,68,0.8338682893178605,0.08539663708728293,2,91,0.04675844475353619,0.3117722314265039,2,109,0.7903494640666877,0.12521950761477152,2,184,0.704886904661769,1.455130822956562,2,200
25,0.17778632859614193,0.19123879581689834,2,200
26,0.04636140988258528,0.6131836503744126,2,200
27,0.4196570520456549,0.607087230682373,2,5,0.012928846535459363,1.056190307935079,2,20
28,0.2875911248598492,0.7725709646605374,2,178
29,0.13874315001706697,0.9949123325943947,2,200
30,0.046468061866705074,0.5588886737823486,2,200
31,0.06194216807279885,0.738299711048603,2,200
32,0.5505666038755449,0.09550447366675552,2,49,0.5314737533384856,1.015129145781199,2,199
33,0.05671595533358822,1.0908699363470078,2,200
34,0.28068285067845594,0.32986844413810307,2,36
35,0.11720137860956269,0.9406870413910259,2,22
36,0.16866103773655863,1.1357753478563748,2,65
37,0.2867597172539474,0.9465885499249334,2,46
