0,0.10172522334433465,0.45553648874163627,2,200
1,0.9238508202676596,0.08159322308939557,2,86,0.017807730861251883,1.2045443654060364,2,92,1.124482765893963,0.7143922626972199,2,102,0.843238272302788,0.14924096103225434,2,200
2,0.43138300303223864,1.246888917684555,2,20
3,0.2673526333993531,0.779869492650032,2,200
4,0.3733537578042876,1.2330412796565464,2,35
5,0.06523338244662034,0.6480078515079286,2,72,0.34330352875157566,1.4469721106921924,2,89,0.9325268055468612,0.24253278380041723,2,200
6,0.3117234747281125,0.5279717829492357,2,45,0.6085737224122779,0.22987151251685234,2,200
7,0.08040939270936312,0.44981937274336814,2,200
8,0.023375507778368214,0.9970106750726699,2,20
9,0.33350020860962276,0.9051578160255186,2,93
10,0.2901742558919763,0.3328870602629401,2,22
11,0.6624811405652997,0.5271059274673462,2,67,0.4876241582612942,1.1619025325416623,2,200
12,0.06990969045088884,0.5741032257676124,2,200
13,0.2277685005945956,0.7049511909484864,2,5,0.014635309253489145,0.9659198363622029,2,20
14,0.019192626072342085,0.3200493056198646,2,145
15,0.057205833595723,0.4325709019601345,2,200
16,0.22098824114876586,1.0340017195670836,2,31
17,0.114831103862329,1.3606871939324714,2,77
18,0.29729304107738624,0.9249610808491707,2,200
19,0.3341638409426506,1.2394980473650827,2,72
20,0.6078246996001883,0.5177213615456293,2,86,0.45159021014332984,0.9468900350963368,2,188
21,0.37522264659105226,0.9812758270351366,2,87
22,0.02439777784689407,0.4081105725467205,2,200
23,0.5009982750786756,0.17558245681799375,2,65,1.3960608291995997,0.15481646060943605,2,200
24,0.13592987588902583,0.9390505355596542,2,200
25,0.02486539616951949,0.09059453032910823,2,200
26,0.0717043780677397,1.0654634670777754,2,77
27,0.21993372269497294,1.1711918671925863,2,90
28,0.09851247337192694,0.7870220634672377,2,45
29,0.35863028036939704,0.9531341671943665,2,25
30,0.418490936762352,0.419290575843591,2,52,0.09657773374179801,0.6718473633130392,2,70
31,0.4598969699126627,0.7489607695377234,2,33
