0,0.05843810038243678,1.0416569393873214,2,200
1,0.32190930685375446,0.8011222764849663,2,200
2,0.10235306698620371,0.9975735717349582,2,90,0.5154280011227118,1.304700056090951,2,154
3,0.10931797198504153,0.43489715632270365,2,17,0.7178864980524307,0.26342720511768547,2,73,0.07445766681662916,0.45513824224472044,2,83,0.6626930734517881,0.13505180180072784,2,136,0.5427779131830607,0.9449303662404418,2,200
4,0.14905589339456807,1.2392467272281646,2,200
5,0.06574427577901434,0.7526066292734707,2,170,0.4672326411448652,1.0512921969095865,2,200
6,0.19045910982774275,1.1995546519756317,2,20
7,0.05642329516375807,0.7166467727341267,2,161,0.5032300961636459,0.6004537987081628,2,199
8,0.1068521922136567,0.39488706111907956,2,200
9,0.0911513567801051,0.7028001349396501,2,163
10,0.15782742105149375,1.036005170941353,2,200
11,0.4130463213476585,1.2261093576749167,2,90,1.408032895173846,0.34861952687303227,2,114,0.5899394380251817,0.9940208047628403,2,118,15.152900752237345,1.663645048936208,2,124,0.3442919713526906,1.1189276278018951,2,132,24.14529894270476,1.99,3,140,0.6324842289404469,1.51041579246521,2,147,26.332275927710718,1.9786382615566254,3,159,0.32361578973130006,1.369643211364746,2,167
12,0.38002684299745776,0.6246963143348694,2,16,0.020287665790188696,0.9148899912834167,2,20
13,0.3404164575556855,1.1401721528082183,2,33,0.9130641724991981,0.2549639128148556,2,53,0.35460134619789047,0.9679911182476924,2,92
14,0.049973255246320625,0.3554820716381073,2,164,0.5217095417870172,0.20992884245412102,2,193,0.043795553589602146,0.49522257702691214,2,200
15,0.22852438024784535,0.7532798126339912,2,8,0.015411739775031956,1.0528417627016704,2,20
16,0.27017300316877757,0.6096470642089844,2,200
17,0.08888712739165719,0.8058503857254982,2,200
18,0.04603431215421979,0.47268191288257466,2,29,0.4704651199490781,1.5188729241490364,2,45
19,0.32407157927269953,0.7088071177172106,2,43
20,0.24471940281495688,1.3399015389955962,2,13,0.018012756859356178,1.2744922637939453,2,20
21,0.2870263307932118,0.7910957059264183,2,200
22,0.09365217257018402,0.4407631130516529,2,200
23,0.05594341947262771,0.8959980801395748,2,92,0.7187366090162908,0.06705839725641104,2,157,0.23335660002428965,0.168413730604308,2,199
24,0.3761830103651836,1.1818027526140213,2,40,0.8454639306400311,0.17019361020489174,2,84,0.4666949838683181,1.4830111435481481,2,98
25,0.439615195635755,1.1492244118452073,2,200
26,0.18747220845865614,0.6896300509572029,2,200
27,0.2643698183814833,1.2249742093540372,2,42
28,0.31017646331434373,0.9792667948282682,2,26
29,0.1313661138848735,1.0340841712622808,2,145,0.9653239329726852,0.9587950643740202,2,164,0.20808255596355446,0.912950242559115,2,200
30,0.5705883943579906,1.2177565664052963,2,200
31,0.2921731458355424,0.5464257255196572,2,200
32,0.6414555252725505,0.36272078442076844,2,48,0.23021628834943722,0.42632161846591365,2,192
33,0.40511746575679614,0.6413219991055402,2,44
34,0.33562660478931583,1.374127497798518,2,38
35,0.5775452669113091,0.3275246240198612,2,20,0.028581247175361573,0.5080049693584442,2,30,0.3900767647729579,0.2961056349070176,2,53
36,0.5756157832261933,1.562935273821761,2,41
