0,0.2579064101721362,0.27424037650227545,2,200
1,0.3793622020903304,1.1982180585143387,2,186
2,0.04952062592845613,1.0245399808883666,2,200
3,0.30865731698441773,0.5657619471848011,2,200
4,0.09354283273514107,1.008687286110191,2,143,0.5809298026389723,0.6596108131548938,2,177,8.150343946516257,0.39751502871513367,2,181,0.13824328303195899,0.717394841344733,2,200
5,0.260960705981006,0.5629865060746669,2,200
6,0.026837745177622732,0.4801299879679809,2,185,0.36635496197310746,0.4260142376025518,2,200
7,0.2522165997356333,0.5643333834409714,2,200
8,0.2772101814014733,0.7397312694787979,2,200
9,0.06976639802437111,1.106977243423462,2,200
10,0.23585002528533566,0.9259529091962954,2,82,0.7138690453378645,0.08742707114443819,2,199
11,0.43260223901196965,0.8114579385519027,2,200
12,0.1564904658729449,0.8196618798375129,2,200
13,0.03566003745940165,0.46293609273635733,2,59,1.6317851255611961,0.24309584498405457,2,65,0.03067636395645582,0.5300078336839322,2,200
14,0.08557108916473438,0.3268569211661816,2,200
15,0.07354083945170044,0.9673264517856004,2,199
16,0.06653438180737677,0.8258907217828054,2,126
17,0.42105336575312347,0.8854827213287354,2,200
18,0.48291535319946755,0.30321301324614164,2,145,0.5490149164137557,1.1320897806774486,2,200
19,0.2510772862047079,0.7865994009375572,2,200
20,0.2668501443746631,0.49613659709692004,2,200
21,0.38383926060357265,1.044564255475998,2,200
22,0.10429156649240061,0.3106299297511578,2,200
23,0.2919662527344886,1.0882977199554444,2,200
24,0.45472307987525884,0.3902429846817987,2,57,0.20191576585578028,1.0004720151424409,2,77,0.6027918185351976,0.3173162098373136,2,139,0.09876760394391976,0.7898711860179901,2,195
25,0.45828633990964,1.1569562327001512,2,194
26,0.13491372914832542,0.28290749291578926,2,60,0.053941962983530024,0.8428502306342125,2,84,0.16010548690895468,0.37236747422883676,2,127
27,0.05199743841363561,1.363212184388508,2,129
