0,0.25692854938090237,0.24622890324174584,2,154
1,0.05524565664533199,0.6142433738708496,2,200
2,0.07013835141051827,1.0723385906219483,2,200
3,0.06728456003446245,0.8560701513290405,2,200
4,0.34222329918441796,0.3192455711215734,2,200
5,0.06285466579664803,0.6380662050843239,2,200
6,0.08266216394994104,0.8391286900589586,2,179,0.4848137234966614,0.9242461806251889,2,200
7,0.3542046703879326,0.3514508360624313,2,200
8,0.06891258700848338,0.7088224974274635,2,200
9,0.30969014881711177,0.14094163663685322,2,40
10,0.07076631197410382,1.3052793014340285,2,41,0.8948729474392867,0.09401695289701786,2,200
11,0.3579921280571954,0.3724948787689209,2,25
12,0.1572353943650843,0.5864075264219422,2,181
13,0.4231354608875465,1.2212514679635589,2,199
14,0.22404509559241959,0.27189540627755615,2,152,0.2910412560334553,0.979617691040039,2,157,0.6328478646070982,0.9790005323498748,2,200
15,0.11301497775100922,0.9544692890984672,2,28,0.6055776366734893,0.184398950474097,2,129,0.7047794608001705,1.6557595043471365,2,162
16,0.2933703243258709,0.4435524581372738,2,200
17,0.0526626970093699,0.768561460673809,2,200
18,0.024773659581285773,0.9391387784481049,2,200
19,0.067911857431682,1.0296885430812837,2,200
20,0.27050421210696185,0.6347988328337669,2,200
21,0.24950962118637005,0.6462566584348679,2,20
22,0.3766503391504992,0.43394326536278977,2,19,0.45319922911032634,0.9877595526200754,2,46,0.8604761527953539,0.016806033642395683,1,184,0.681220234677251,1.4211110909779867,2,199
23,0.29033248233344505,0.9254989802837372,2,200
24,0.34282026028527873,0.7711129988112101,2,41
25,0.11532852578201432,0.5369517289102077,2,200
26,0.34350856171612637,0.8975643561436579,2,26
27,0.6077543422032736,0.1423231208661817,2,53
28,0.3666651451206263,1.003790336270486,2,31
