0,0.16543795106548323,0.324247041838852,2,199
1,0.2362754907466206,1.0877117037773132,2,20
2,0.24465541607559887,0.630314761698246,2,200
3,0.43526235914476136,1.1911916583776474,2,200
4,0.07823841552122231,0.48708910450339316,2,200
5,0.286973238525368,0.5927602822581927,2,24
6,0.22270016172408413,0.799719617664814,2,200
7,0.23051788945208873,0.7084945321083069,2,10,0.014300812827803386,1.042781949043274,2,20
8,0.2112582433453664,0.8343501108884811,2,200
9,0.06401494997674097,0.5692151233553886,2,200
10,0.2576539319975378,1.127109169960022,2,4,0.015928907157909337,1.1250054016709328,2,20
11,0.05144615653674236,0.7917964255809784,2,200
12,0.24576611244063581,0.48574228296356814,2,124
13,0.4968321851732379,1.0110437154769898,2,40,0.6384085234429266,0.5214094042778015,2,45,0.12440246504583917,0.10215660890466288,2,83,0.48168366305957977,0.07919423167522137,2,200
14,0.2563879857907966,0.4202183786034584,2,200
15,0.33389317824125886,1.2191295623779297,2,20
16,0.08297678009623687,0.5673201131820679,2,200
17,0.09230508518370865,0.42622413247823715,2,200
18,0.05938490855185155,0.8742391514778137,2,200
19,0.2966925026261621,1.0928662300109864,2,40,0.5585425684488343,0.32042577735015326,2,75,0.29103750266353273,1.1805920260293143,2,96,0.5168795413346758,0.5541825260107334,2,200
20,0.6450116704227468,0.9539986674984297,2,24,0.5104030826865696,0.3909936964963422,2,90,3.258310136959773,0.1340423443559873,2,149,0.47105524496503365,0.3632320735384436,2,200
21,0.019612253018651,0.7780553505701178,2,102,0.019777419315461064,0.5338645193380179,2,199
22,0.3187335135091074,0.49358961191670647,2,145
23,0.09987022641776527,1.0504177042416163,2,70,0.6366181702921198,0.2870693440620716,2,200
24,0.12876151260887386,0.5862232990124646,2,102,0.40979824069419024,0.8099941611289978,2,126,0.44999187986536304,0.29053583781461456,2,200
25,0.1386305786852307,0.32153544752370744,2,42
26,0.27032858736012605,0.5627673523766654,2,42
27,0.06750384071504931,0.6784771802559705,2,142
28,0.4121054265790235,1.5100967645645142,2,30
29,0.06295661591777445,0.8043747797608376,2,200
30,0.08667509343157537,1.3646772597209518,2,83
31,0.5587718283771905,0.5829503348895482,2,105
32,0.3119396070225376,0.388766914755106,2,200
33,0.33757914679162065,0.44782576903700827,2,200
34,0.07533481721895743,0.8508291513216301,2,122
35,0.24923755272023648,1.4382878525037293,2,141
36,0.05963700684300543,1.042042638063431,2,200
37,0.11142023756404154,0.713625879056992,2,155
38,0.12220788116770495,0.8817079392346469,2,33
39,0.3766372606518464,1.3937111525308519,2,84
40,0.4139385895730524,1.0013718400150537,2,128,0.6284295119646754,0.13888712791782437,2,194
41,0.49165704392802445,0.6181424727311006,2,37
42,0.48087066896667713,1.5594136889387922,2,41
43,0.3199261767466005,0.8937959889570872,2,30,1.0850333580702902,0.25267668923393627,2,91
