0,0.1856605862908088,0.7880451548099517,2,200
1,0.06476543950388791,1.0471301352977753,2,200
2,0.2792093914069015,0.8424955189228058,2,10,0.01790473583784626,1.0877581238746643,2,20
3,0.09949594623341614,0.8520284813253125,2,199
4,0.2820938435524721,0.508259448573817,2,199
5,0.050250929275711835,0.6877897292375564,2,200
6,0.05018328016401454,1.5089639499205951,2,129
7,0.06429053467796705,0.2939836747199297,2,200
8,0.07118388623420496,0.6602002966403961,2,200
9,0.24076473826517006,1.2260025709867477,2,40
10,0.24100201503206448,0.8404742324352265,2,200
11,0.4103652201813409,1.0703774971690605,2,123
12,0.35424789971476905,1.209952399134636,2,200
13,0.22342500196792017,0.3413188882172108,2,200
14,0.27847304765696584,0.41169685080647467,2,200
15,0.02199853684130654,0.3442619238048792,2,200
16,0.04782952866049746,0.6865194247741448,2,152
17,0.4060167430175981,0.7791220687403537,2,101
18,0.3062798769272331,0.7784253569210277,2,85
19,0.07592942789946276,0.47713078677654264,2,200
20,0.05949147116040018,0.5011394217610359,2,200
21,0.19696631271464782,0.830395139076493,2,88
22,0.12235989416422102,0.8083339498086941,2,163,0.10948588791985821,1.169031093197484,2,194
23,0.3744364421115933,0.24244886934757232,2,10,0.5809018144287932,1.0081598283880848,2,69,0.6512044055328078,0.21388186613718668,2,99,1.2295599445412722,0.08121149850134947,2,197,0.0666055057354001,0.5127496321996053,2,200
24,0.22386776684532853,0.6265069340581948,2,177,1.0927319145350378,0.24554852039917655,2,200
25,0.3376650897193545,0.7515935850143433,2,25
26,0.07537276430855781,0.040391333401203156,2,200
27,0.34685356601025813,0.04354877918958664,2,200
28,0.06031640602494443,0.3513729973137379,2,200
29,0.36723392090990986,0.8447852712779788,2,199
30,0.38362662924244934,0.5018188485503197,2,200
31,0.0614979983183511,0.10947632715106011,2,200
32,0.05895368433290893,1.3018713944098528,2,102,0.13508598150017248,0.561662093951152,2,115,0.058271453223070445,1.2129795691546272,2,132
33,0.30971287811698195,1.1378187620187108,2,79
34,0.2563446351910178,0.32918913662433624,2,26
35,0.40305514905225914,0.7207283139228821,2,45
36,0.3530644172847233,0.7516889741607741,2,102
37,0.2894673712008694,0.9715317774702001,2,54
38,0.26126530607470183,0.3365714760815225,2,41
