0,0.3246266922119696,1.0236491429805756,2,200
1,0.40013314484948226,1.0680275917053224,2,15,0.027372484860963334,1.3644262552261353,2,20
2,0.18476944665459863,0.42739418585125993,2,123,0.40234986286624225,1.2071094781580105,2,194
3,0.05599783646827447,0.7320535826055627,2,38,0.5499142100192419,0.8731864331097439,2,96
4,0.2584850451073204,0.9963998275995255,2,200
5,0.6505088632767689,1.3870561755285031,2,82,0.4631645344361437,0.1497720622203567,2,126
6,0.02052588953946941,1.1285168206691742,2,200
7,0.07642710106822666,0.282578876838088,2,200
8,0.047575081831164066,0.8537860696132367,2,39,0.7750052059441858,0.21610659840753524,2,98,5.581509985112287,0.08368955700114222,2,199
9,0.15748060580397374,0.8935595896185898,2,41
10,0.5249393491117207,1.0518376120499202,2,140,0.6450547496892718,0.528831480869225,2,168,0.6259598627776146,1.1117488965392113,2,200
11,0.17671401500893075,1.0548794199438656,2,17,1.1571131852679046,0.10525738598544741,2,200
12,0.31560913487090875,0.7946486549992715,2,31
13,0.30478472597574247,1.1295900493860245,2,152
14,0.151934680852553,0.9478991305828095,2,200
15,0.3403625047581988,0.4948807190358639,2,200
16,0.21591327356057433,0.7092409884929657,2,200
17,0.2666721268471956,0.4930266574025154,2,200
18,0.23621202568091576,0.5487433588957484,2,79,0.9207512737336676,0.17845172435045242,2,99,0.030791209238529602,0.4753839820623398,2,103,1.0313331119142306,0.28325284095769077,2,200
19,0.31428316503125103,0.9645918893814087,2,100
20,0.3191663434741979,0.6006240248680115,2,9,1.1693986028650964,0.07632009599400663,2,96,0.3092235080292159,0.4781973175704479,2,200
21,0.2758427680864174,0.4456919541954994,2,200
22,0.134776703762343,0.4036809004843235,2,200
23,0.05258003191345818,0.41814407378435137,2,200
24,0.30702970327887513,1.0236551207304,2,200
25,0.3090717911019847,1.0238396293587155,2,72
26,0.24647410495196248,1.2184939842957716,2,52
27,0.10270757133760637,0.17677064538002013,2,200
28,0.28204648465027876,0.5452018311619758,2,200
29,0.11289342289316104,0.47977068558335306,2,200
30,0.3230323762022256,0.6556318807601929,2,200
31,0.2577645124573546,0.8040096908807755,2,24
32,0.18864740971790186,0.8821938592195511,2,200
33,0.2983340304045932,0.7814054858116877,2,84
34,0.4219033699701086,0.7370376154168011,2,73
35,0.3271046308432998,0.9518991361061732,2,24
36,0.19666761627892618,0.969350640366717,2,41
