0,0.110778135452118,0.6785405770592068,2,23
1,0.1903218907503929,0.4273430323600769,2,200
2,0.07948354855715237,0.7761706975102425,2,200
3,0.20519368690096149,0.3336522144079208,2,200
4,0.2823642786629457,0.31729593873023987,2,50,0.5267101460519487,0.9643548234303793,2,200
5,0.07972487696734426,0.04384259909391403,2,200
6,0.0476431290635458,0.9230884929766526,2,148,0.5066858735991455,0.7606923637481836,2,200
7,0.24410494587139658,0.37018164053559305,2,200
8,0.3000269059380549,0.9305192017555237,2,200
9,0.02340275696848295,1.1941556632518768,2,20
10,0.3679959644698538,0.6957923213401472,2,166,0.3900178727345098,1.1359333641388838,2,200
11,0.2549646286470779,0.4310615421831608,2,200
12,0.38891022576965517,0.8059099614620209,2,200
13,0.08581838060240912,0.6602692416310311,2,200
14,0.2280652815319655,0.8415897592254307,2,161
15,0.17628334992791178,0.8145561005601931,2,199
16,0.31492887453627605,1.0201019008954366,2,150
17,0.2768463646022665,0.6829734045267105,2,200
18,0.2199999413751671,0.9953822606318706,2,74
19,0.2782432913210856,0.9563549542427063,2,200
20,0.08569200719834139,0.45677471116185187,2,200
21,0.05859218781114037,1.1321808464386884,2,170
22,0.1831669163457309,0.13980969786643982,2,200
23,0.041862545717697194,0.5539454625546932,2,200
24,0.46560596374631386,1.0661256855931776,2,145,1.219906961515715,0.06497497016733343,2,200
25,0.4429881983018606,0.9438118643648042,2,127
26,0.2801518340326968,1.2282754720426072,2,51
27,0.019699035927683038,0.3242211048305035,2,200
28,0.3055062242360434,0.139343563914299,2,200
29,0.05164545642674803,0.447555713304857,2,147
30,0.04150258837599387,0.6551504865288734,2,200
31,0.28706041591482206,0.5638651993870735,2,200
32,0.08378168813414871,0.7886354836821556,2,200
33,0.3035164043629103,1.0607243967056275,2,200
34,0.27363371736664954,1.0846826116243997,2,60,0.7141144522512209,0.13309966366399417,2,148
35,0.014447272577983417,1.3304763436317444,2,10,0.1409550505200774,0.4678144119679928,2,26
