1,0.04143626248692494,0.9404505252838135,2,200
2,0.012198468915232907,0.9795694208145141,2,200
3,0.030859946133147444,0.8522124519944191,2,200
4,0.018736136553454016,0.843894070982933,2,200
5,0.03042116875206458,0.9383649325370789,2,200
6,0.03644946441858369,1.0073381239175796,2,200
7,0.034836218049479895,1.0162251096963884,2,200
8,0.0094077017197161,0.8275647273659706,2,200
9,2.6402700179053284,0.2186682029813528,2,200
10,0.028888748202899366,1.0838145067294438,2,48,4.391153779996801e-05,1.3852666169404984,2,64,0.05363467013012018,0.9504149135421304,2,200
11,0.0310762705275871,0.948809654712677,2,200
12,0.028272965743454063,1.004459229707718,2,200
13,0.03296955307312717,0.8069331541657447,2,200
14,0.022705089270229385,1.0471182698011399,2,200
15,0.028200946289021478,0.9917592346668244,2,200
16,0.03182433914966151,0.9688270300626755,2,200
17,0.018864569367886302,0.9970693439245224,2,200
18,0.029906279476753183,1.0073626923561096,2,200
19,0.021053844061566376,0.9985805344581604,2,200
20,0.029029710487989854,1.0420278519392014,2,200
21,1.0009682073357313,0.19211790688335895,2,200
22,0.022706117375256116,0.9868641112531934,2,14,4.7217935573326085e-05,1.0443548560142517,2,20
23,0.020873925990780504,0.9300549745559692,2,200
24,0.03293963766178296,0.9556233137845993,2,200
25,0.030169407984274,0.962272287607193,2,200
26,0.030514812898940688,0.9925153982639313,2,200
27,0.16790890904245356,0.3561821182568868,2,12,0.0006962878291038682,1.2821787719925244,2,48
28,0.021338717140898935,0.9242288506031037,2,200
29,0.02424496308460293,0.8553049856424332,2,200
30,0.0001211871154000893,0.8882451227733067,2,7,0.10341036525349276,0.420418834934632,2,31,2.561748167261552e-05,0.9252593715985616,2,46
31,2.5551393074192813e-05,1.5771302443284254,2,13,0.00850107440549524,1.006961745374343,2,30
