1,0.02950772870964444,0.8407570222020149,2,200
2,0.03172042103745872,0.857545363008976,2,200
3,0.03352726327525039,0.9145339858531952,2,200
4,0.024856376886830768,1.0203843075037002,2,200
5,0.021911815309390736,0.9635036486387253,2,200
6,0.03203146845560546,1.044208638072014,2,200
7,0.020866744850512948,0.9496061336994172,2,200
8,0.026978927072260524,0.9041963040828704,2,200
9,0.02932145291244347,0.8830269084949243,2,152,1.262389667688284,0.08805209025740623,2,200
10,0.031070643381694983,1.0074187833070756,2,200
11,0.024887395105838858,0.9288071236014366,2,200
12,0.034536215576201214,0.9441114747524262,2,200
13,0.03843560630064819,0.9372489407658577,2,200
14,0.02803718129957471,1.0696993798017502,2,200
15,0.04248221072742875,1.0401958529628925,2,67
16,0.044048768942193964,0.953744148015976,2,200
17,0.49935455396368067,0.18853102214634418,2,200
18,0.03775671052601491,1.0712515032291412,2,200
19,0.027309677702844384,0.8198816382884979,2,200
20,0.023725399956319834,0.9272046725552782,2,133
21,0.03445022708314923,1.0323937541246415,2,200
22,0.02922299533275092,0.9715466737747193,2,200
23,0.021611863798451463,0.8951598885655403,2,200
24,0.030296469642017265,1.0752876671877774,2,77,1.2997791650350836,0.11488316684472756,2,199
25,0.016781307447382827,0.9478226774930953,2,200
26,0.02683124690227088,0.8677200255570588,2,27
27,0.020606334048535076,1.0189623945951463,2,200
28,0.026144017506202336,0.9879309517145157,2,200
29,0.03541349957439522,1.0880068707466126,2,200
30,0.030741584507941986,1.0339642304182053,2,200
31,4.3916746622781196e-05,1.0321655449542133,2,44,0.04516187700214781,0.769152113369533,2,51,2.983414915474837e-06,0.4665621045149035,2,123,0.015496922495198545,0.46858962453328645,2,149,1.7523050635091858e-05,0.7783237041211596,2,200
32,0.023539248526674075,1.036652495265007,2,200
33,0.022346673377653902,1.0188758033514023,2,200
34,0.0017999714111570156,0.6457849844143941,2,65,5.9386852015035364e-05,1.3009046030044555,2,90,0.03150979048339605,0.7505421455089862,2,116,5.746217727367908e-05,1.3041895968573434,2,130,0.07508903291799829,0.7043955102562904,2,146,0.00022694235378323382,1.0641767723219735,2,160
35,0.05272812522721114,0.9657709099808518,2,98
