1,0.01889945576488304,0.9433664140105248,2,200
2,0.021071723622876484,1.0952762597799302,2,200
3,0.032734254537765725,0.857764546573162,2,200
4,0.024970736619430937,0.8585644295811653,2,200
5,0.01931429772887274,0.8775108823180199,2,200
6,0.588883150603179,0.26355962242398945,2,56,0.029693752018287417,0.6675626064340273,2,200
7,0.02887886496929303,0.8994481998682022,2,200
8,0.0001662998361735106,1.1345145523548126,2,20
9,0.048258086119132786,0.5886986560374499,2,200
10,0.023683172349499293,0.8484900942444802,2,200
11,0.0327678090208878,0.9131703710556031,2,200
12,0.03394402766986822,0.8518574997782707,2,200
13,0.027255964289203394,1.0533386743068696,2,200
14,0.02492848555315187,1.077409554719925,2,200
15,0.02558736880624898,0.9098793992400169,2,200
16,0.02448722954961238,0.8952018281817437,2,200
17,0.036696688510563284,0.878631020784378,2,200
18,0.030345273041606686,1.12203608751297,2,200
19,0.03586737010580187,1.1262175393104554,2,200
20,0.03428810534338867,0.8493795841932297,2,36,2.165699174639359e-05,1.015319973230362,2,48
21,0.025746431201590418,1.0312569614718943,2,136
22,5.7762265758845296e-05,1.6039784789085387,2,10,0.10025918465238703,0.2077889380355676,2,22,0.0007993607557612433,1.1532089916013537,2,85
