1,0.02714635439344061,1.0120834445953368,2,200
2,0.020641971870263495,0.7802271658883375,2,170,1.4887760636608827,0.09603194197018941,2,200
3,0.02786190613626788,1.0418605017662048,2,200
4,0.03176198750017565,0.7936378771066666,2,200
5,0.023143718154738417,0.9608850491046905,2,200
6,0.01960765920201713,0.9733846849203109,2,200
7,0.0268498453183554,1.0334578335285187,2,200
8,0.023407788445989928,0.9928393369913101,2,200
9,0.030836517446880995,0.9441989576816558,2,200
10,0.06317844312952678,0.3828019914217293,2,32,1.1859191798457427,0.08173264382463513,2,131,0.009190589779709159,0.7836681485176087,2,146,1.2439693096156847,0.1185592399151237,2,200
11,0.03021396386687201,0.8952310717105866,2,200
12,0.02789699609964171,0.849071497619152,2,200
13,0.03316288745666165,0.9819949960708618,2,200
14,0.02276401674295533,0.885935509800911,2,200
15,0.031703355053305585,1.019794113636017,2,200
16,0.08833930791898073,0.24258067112948214,2,56,2.306083105120846,0.024190873126773274,2,124,0.01893832562771005,0.4701239810540126,2,150,0.5653307156460696,0.09161371290683747,2,200
17,0.031959993744538465,0.8920557901263237,2,200
18,0.029047002178013707,0.9664788061380386,2,200
19,0.019961413656982903,0.8292465636134148,2,200
20,0.012569926852872745,0.9146660214662552,2,200
21,0.021515867791549972,0.953617877497965,2,196
22,0.022898178125076923,1.0194857513904572,2,200
23,0.026302548374338562,1.0588505905866623,2,200
24,0.034602623977057774,0.9386214542388917,2,200
25,0.026748188842650344,1.0745869368314742,2,200
26,0.024336080884598883,0.8708678171038627,2,200
27,0.0221923453780877,0.9477446953952312,2,200
28,0.021945817575004113,0.8279971987009048,2,200
29,0.017376733267666575,1.0229594933986663,2,200
30,0.028278342355637868,0.9186080971360207,2,200
31,0.0199683866623639,0.8789284917712211,2,200
32,0.011708602442346314,0.8499123248457908,2,200
33,0.2024425461458091,0.28324671760201453,2,60,2.2255736312242913,0.07328550572075494,2,142,0.03399086197429451,0.9195540650137539,2,200
34,0.02493896012576708,1.0318526548147202,2,200
35,0.04084713059320515,0.7728213915228843,2,200
36,0.03396209896463639,0.9701751631498337,2,200
37,0.015657092708115487,0.9427283418178558,2,200
38,0.027749938395374422,1.0337475496530533,2,200
39,0.030385740068983084,0.9289065146446228,2,200
