1,0.06167564456486082,0.703992794860493,2,143,2.0222999526124967,0.015912356387291635,2,199
2,0.025839623147255793,0.8450798857212066,2,200
3,0.024456411543735516,0.9162510016560554,2,200
4,0.00927461503510458,0.3986795800179243,2,200
5,0.041676406748238796,0.7137774604818096,2,115
6,0.017827672927686604,1.0250586706399918,2,200
7,0.03267040490947253,0.9926506680250168,2,200
8,0.01872541308094582,1.1084536552429198,2,200
9,0.022046405612269653,0.9668376165628433,2,200
10,0.031351987008779066,1.01830043643713,2,64
11,0.031658726639126555,1.0968542312964416,2,117
12,0.02699034162895159,0.9212245178222657,2,200
13,0.03381187552932541,1.0731644964218139,2,200
14,0.02389399647857811,0.9527971410751342,2,200
15,0.04899126965002268,0.9986700425713749,2,118,1.1716762796815432,0.1554013381643993,2,200
16,0.01315243330031948,0.8899559634923935,2,200
17,0.043660714089169904,0.8128404197096825,2,200
18,0.020052372062046065,0.8164869927697711,2,72
19,0.017979511836841457,1.0944159853047337,2,29,7.036110940983817,1.101614534003394,2,64,0.0183821187158317,1.0483753795132917,2,200
20,0.03637454861146737,0.9324283236265183,2,200
21,0.030652764659256506,0.9837772411108017,2,200
22,0.05742546612816757,1.0356254875659943,2,86
23,0.04483655119936697,0.9152618957989251,2,134,1.9238071760181452,0.0640570747129845,2,200
24,0.04134297568031756,1.1340150791406631,2,200
25,0.032392131603594346,1.0004417622089385,2,200
26,0.03477594844568781,1.0292638528347016,2,200
27,0.027772284438619163,1.0123874473571777,2,200
28,0.03387770873515177,1.0232885831594467,2,200
29,0.028790522095400194,1.065917055606842,2,200
30,0.019032501689946378,1.0422286200523376,2,200
31,0.030292750535612437,0.7490380814671517,2,200
32,0.04246929991586435,0.8952273811612811,2,77,1.8233315456109587,0.4293384134042554,2,200
33,0.020252678401103116,1.0472152215242385,2,200
34,0.021799125714597484,0.7966669568419457,2,200
35,0.03290689207936316,0.9594678151607513,2,200
36,4.4705189483241346e-05,1.1156423525376753,2,11,0.03315111640632071,0.9544757888652384,2,139
37,0.00022254891723273227,1.3471789956092834,2,24,0.00785640688798758,0.7255504308268428,2,72
