1,0.02750007922027266,1.0864359956979752,2,200
2,0.027159095533979886,0.8549643245339393,2,200
3,0.025563808209490124,1.0253750419616698,2,200
4,0.2842068159866256,0.36644669242203237,2,200
5,0.030780828506938095,0.9658038544654847,2,200
6,0.030566453313553,0.9460869917273521,2,200
7,0.03161221084205937,0.8885091163769916,2,108,0.7905172962778537,0.058390708883171494,2,200
8,0.02759368594978165,0.8564470663666726,2,200
9,0.04803829939680706,1.205985188484192,2,5,4.5137363041569556e-05,1.0457595308621725,2,20
10,0.0166873569973749,0.7868722027540207,2,200
11,0.03080884415783264,0.986188285946846,2,200
12,0.02822832902685661,0.9112073355913162,2,200
13,0.01913843513937163,0.8734631350506907,2,92
14,0.019328208336553278,0.9361429405212403,2,200
15,0.0305238436013424,0.9668751341104508,2,200
16,0.025726057002822635,1.0079236018657685,2,200
17,0.02253609617530047,0.9897011786699295,2,200
18,0.0182768120514992,0.7275756072998046,2,200
19,0.019550102310153906,0.9337893760204315,2,200
20,0.014559598029088119,0.8584386345744133,2,200
21,0.06445222688015213,1.1615091368556023,2,20,2.7298623252642438,0.026349227213197286,2,200
22,0.020135905411195955,0.8763008671998977,2,200
23,0.025207524770541175,1.0338173574209213,2,200
24,0.025350809219574395,0.9689882482801165,2,84
25,0.016865227419021998,0.939386496245861,2,200
26,0.08289036704013794,0.6717192486673593,2,200
27,0.018427637488939667,0.8235320568084716,2,200
28,0.021648328773372576,0.9686349326372147,2,200
29,0.029628119718128346,0.8998476466536522,2,200
30,0.0331547632797216,0.9346438026428223,2,200
31,0.025791616380842253,0.9020225575566292,2,200
32,0.018194786377325037,0.7535456642508507,2,32
33,6.859170587661233e-06,0.6493482854631212,2,18,0.05045040909072867,0.8330476163308832,2,97
