1,0.03386441803413766,0.9696788889169693,2,200
2,0.015641240583922283,0.8690719610452652,2,200
3,0.026194644664830954,0.9101684014002482,2,150,0.5389294863526627,0.4796499287595554,2,199
4,0.06208988187697461,1.3076340285214512,2,11,5.71851882526645e-05,1.1146924628151789,2,20
5,0.029789735507894644,0.9138063755631447,2,200
6,0.023008051988688952,1.036664795279503,2,200
7,0.025049585758158494,0.6896730481088161,2,200
8,0.029501578829447414,1.0262159979206391,2,174,4.614909622735329,0.3306868173755132,2,200
9,0.023996480097039006,0.8727966186764476,2,91
10,0.01806763152346416,0.8709649085998535,2,200
11,0.021137146008558594,0.9834940522909165,2,200
12,0.03268727981163747,1.0401832836866378,2,200
13,0.025679990755576212,0.8731419688463211,2,200
14,4.108423050928986e-05,1.6967582404613495,2,12,0.0064718972114711,1.7128878209901892,2,58,5.6149259740171165e-05,1.7764744957288106,2,88,7.238227910565993e-05,1.2416561990976334,2,96,0.05789315748098389,0.6904385810097059,2,120,2.0841393671753723e-05,1.0954549637707798,2,142,0.040419325932541446,0.8156267918389419,2,200
15,0.02695935779955228,1.1064377588033676,2,200
16,0.03788543010727577,0.9428042632341385,2,200
17,0.024023731943511702,0.8746969848871231,2,200
18,0.024111648476338468,0.9233527633547783,2,200
19,0.01920903709968943,0.7502208524942398,2,200
20,0.03294319939483384,0.9011444135292156,2,74
21,0.03433739098088665,0.8898641735315322,2,200
22,0.03732518594458202,0.8217146915197372,2,200
23,0.023247650913778804,0.9830709916353225,2,200
24,0.024514923244427826,0.37312033399939537,2,8,9.93365722027992e-05,1.057843158642451,2,32,6.624468404240497,0.13063254207372665,2,36,0.0009955877363852488,0.526968702673912,2,42,3.387083277928012,0.09087719266511957,2,91,0.0011788906302061094,1.054985211445735,2,104,0.31269126272476283,0.2027612302141885,2,200
25,0.026185546964524426,0.7677786296471617,2,133
26,0.02388053201633304,0.924097769856453,2,200
27,0.030739994573087917,0.9188832986354828,2,200
28,0.0382314770364371,0.9354354014992714,2,200
29,0.03521621718013032,0.9703477302100509,2,64,1.3299803897530469,0.16870705514657694,2,125,0.02107290757868484,0.3172185340752968,2,151,2.6406096972875908,0.03090633330296497,2,200
30,0.030744011695640765,1.0558455181121826,2,200
31,0.02109301572982094,0.9584258717298507,2,200
32,0.020862465350464182,1.0041206142176753,2,46,0.8123264614381126,0.1583642733174485,2,200
33,0.02308111116886833,0.9261307061621638,2,132,0.8722146596085928,0.5017192482948303,2,172,0.029853278212087133,0.5080832998667445,2,200
34,0.03716255915966044,0.8101660704807095,2,184
35,0.009826396321480038,0.9970861995220184,2,200
36,0.040730668521060186,0.8219832233760668,2,23,4.6100037516648014e-05,1.112920880317688,2,37
37,0.03258033591318749,1.0199035376310348,2,200
38,0.03098128898749528,0.9034541028738022,2,200
39,0.17952397593090064,0.5868504556213937,2,41,6.429309640838008,0.04911753237247467,2,71,0.020418718805076536,0.758604670217795,2,200
40,0.020130072514594782,0.21556206792593002,2,18,0.00047623013986652685,1.3167278154028788,2,54
41,0.016934056681387994,0.9742089366090709,2,29,6.380821814149278e-05,1.5826545442853654,2,43,0.04317021842717958,0.9371984483490527,2,114
42,0.00029192089532715837,1.419895976781845,2,26
