1,0.033447104821398635,1.0230507707595826,2,200
2,0.025623799970123564,1.0283978478882903,2,186,113.67630440811378,1.9508646726608276,3,200
3,0.028804569206343257,0.8117448651790619,2,200
4,0.014902130857526851,0.9226476085186005,2,200
5,0.02240011560204849,1.0208776050806045,2,200
6,0.02941798247289241,0.9964323902130127,2,200
7,0.01559440716091075,0.9012315115332603,2,200
8,0.014998861826585884,0.8507306265830994,2,200
9,0.021636945010175754,0.8577508428692817,2,200
10,0.028455267273134847,0.9518281644582749,2,200
11,0.02489007606885086,1.1208887550719948,2,172
12,0.08887952679957373,0.8604439753432607,2,43,0.001016124195316391,1.2583537853282432,2,112
13,0.03514550434794446,0.8236980998336371,2,199
14,0.03333757290446464,0.9088867661356926,2,200
15,0.024243246025250346,0.8855386027693748,2,200
16,0.032083721217972434,0.9564937382936478,2,200
17,0.033842374285001274,1.0084334236960257,2,62,6.817005380096461e-05,1.4354440808296203,2,82,0.03055495600523298,0.7012547502915064,2,106,1.3682902799561502e-05,1.035675625006358,2,124
18,0.03372912046176045,0.9478082937002182,2,200
19,0.02229653372437122,0.9565227401256561,2,200
20,0.024786615334458063,0.922817258679088,2,199
21,0.0005397844888010403,1.1674645631039728,2,61
22,0.03311750279689972,1.018281807899475,2,200
23,0.027283348233983373,1.0532567912340165,2,200
24,0.03803507795908255,0.9060035458952188,2,200
25,0.020883495650991027,0.9899149161577224,2,200
26,0.03193402919190319,0.9513481335034446,2,189
27,0.0765029352709041,0.5911862916416593,2,18,8.526023464559948e-05,1.6356544097264607,2,33,0.03839778201969249,0.7112238268329673,2,106
