1,0.3538461039947816,0.9829166820555022,2,66
18,0.2749546435019869,0.8822731791455068,2,162,3.9189740553919785,0.34711967761579315,2,200
24,0.13501703416185576,1.0689936101436615,2,20
25,1.9431189986666544,0.682234650477767,2,200
28,0.5399219930070934,0.8713158101871096,2,87,10.642622333788305,0.7966481294252176,2,200
29,0.44307432168333183,1.138627052307129,2,72
30,0.7486061972415391,0.9502195870876312,2,200
31,8.310191962867817,0.7501254041086544,2,66,0.5435818473192887,0.8882183948559548,2,200
32,7.962470598180381,0.387489211037755,2,200
34,8.310191962867817,0.7501254041086544,2,66,0.5435818473192887,0.8882183948559548,2,200
