3,0.5960519932217812,0.9303081797228919,2,36,10.795819140016512,0.3951414220554884,2,122,0.7038096719944371,0.7957903690960096,2,191
28,0.608449449566844,0.9825245097279549,2,200
29,0.5702813421973983,0.8121704272925854,2,200
32,0.6947842419398909,1.0611016195873881,2,43
33,0.926431317616712,0.868856494128704,2,200
36,1.0061993916762262,0.8915803603827953,2,200
37,0.5176138573250965,0.9802508267489347,2,55
38,0.7767833652190586,0.9949028541147709,2,200
39,0.6006214727963666,1.0287446942925453,2,200
41,0.25865671517768457,0.8746829838366121,2,37
