9,0.4092838457087828,0.8174016815092828,2,72,5.785403568926823,0.56798272987362,2,200
14,0.7169942125416756,0.9495551401376724,2,200
15,0.51942217124004,0.8442940691113472,2,200
16,0.6964387723863891,0.8565036132094566,2,89
20,0.42647475246161815,1.0208229943060538,2,71,6.431248424134259,0.5487113703590955,2,200
21,0.2920683180774182,0.9045671731233597,2,200
26,0.48240546313491883,1.0990640133926548,2,97
34,1.0741819531275922,0.7899745921979006,2,174,114.24448136953512,1.3135123069469745,2,200
35,0.6432943602830699,0.8996307149674129,2,103,27.923079791267412,1.6278957441701727,2,162,0.47833194775928933,0.9858212172985077,2,200
36,0.4402736035316354,1.033132606446743,2,200
