0,0.5307377657306569,1.0906331235170363,2,200
18,0.6600809152315708,1.0030942401360898,2,168,9.598836824800296,0.31036653160117567,2,200
19,0.43548355631677654,1.0025084314586448,2,139
20,3.6068313882316474,0.4056951594725251,2,200
21,0.313317373391838,0.9358186190192764,2,111
22,0.45493819136826286,0.9782273143529892,2,200
24,0.5138159709725698,1.022111161351204,2,200
36,0.3596993909196949,1.0248932508861317,2,85
40,0.5599754273975357,1.075473701953888,2,10,5.1552542582532015e-05,1.2117340922355653,2,20
44,1.3988741859105844e-05,0.8956495732069015,2,20
