1,0.48861385916602945,0.6399145758881861,2,49,9.536881421461837,0.206820376612098,2,200
23,0.7539815448868661,0.9782800366801601,2,124,11.262833407810525,0.28950056590532003,2,200
24,0.0002640895252312865,0.9535372316837311,2,20
25,0.5557585013377275,0.9804779723286629,2,200
26,0.7390552334643506,0.9498786211013794,2,200
31,0.7888065069809821,0.9201934725046158,2,200
33,4.633691295560802,0.580632625468846,2,116,0.7383731856422601,0.9298302098399117,2,200
36,0.5234677480360926,0.8528328848921735,2,23
40,0.2203475310146938,1.0364616138990534,2,86,2.11291724695166,0.606642123377114,2,200
41,2.575187787834751,0.5790239973882934,2,199
