13,0.8106793409630433,0.8717345476150513,2,15,0.0002606965377501374,1.1035863757133484,2,20
14,0.5813831730486461,0.9705517487804385,2,137
15,0.4606737862570255,0.9862542364609803,2,191
22,0.262508874694665,0.9787167790532112,2,200
25,0.327045127250301,0.8662360864026206,2,28
26,0.3689809074122236,0.9781460109353065,2,200
28,1.0409923558858818,0.9382488158211779,2,67,14.586889738030806,0.4030170456359261,2,200
34,1.3020969479686888,0.6455659842804858,2,76,38.01079285777156,0.9855438143014907,2,126,0.540931046716565,0.9736435969133634,2,200
36,4.696536761607124,0.3417897791415453,2,200
41,0.00010086894044995303,1.2387298405170442,2,20
