2,0.41912252556841073,0.9144394367933273,2,200
16,0.4932835291982653,1.0534097763895989,2,200
23,0.5887727942589279,1.0013987559174735,2,126
24,0.4960790768451901,0.9946287435293197,2,200
25,0.5840970892025086,0.9603233249982198,2,75,5.56334305897794,0.4620790910720825,2,100,17.648353523984248,1.5074741204579671,2,145,278.41497172201963,1.9322843204845082,3,200
29,0.398924089334396,1.0529842489474528,2,74
30,0.4974144776784632,0.948293322622776,2,200
31,0.5924130779877,1.1026897764205932,2,200
33,0.29869977575950024,0.9850704982564166,2,143
34,0.3207936903272654,0.8927919837561521,2,22,6.593550007136257,0.6453130026295614,2,200
