24,0.8317789968924234,0.967174437046051,2,200
32,0.17399054918526966,1.0038797704378764,2,75
35,0.7594870272356213,0.7463511094450951,2,200
36,0.9207146160238784,0.8734139983470623,2,26
38,0.5744755563779105,0.8581976202818064,2,91
39,0.6489006983352843,0.9109321120381355,2,200
40,0.5881666142489983,0.9449030245051665,2,85,5.139163627274008,0.6475067965362383,2,200
41,0.5375774578646908,0.9931938409805298,2,15,0.0005646124125410825,1.071537399291992,2,20
45,0.6172493360569803,0.945458091199398,2,200
46,0.40553451988764316,1.123089581131935,2,200
