4,0.657569543477891,1.2110317386686802,2,32
30,4.947592076309494,0.39245239458978176,2,164,0.44659956051078886,1.1545256657732859,2,200
33,0.49371680625288317,0.9693099997707249,2,97
34,0.5627884056892732,1.0225610588047955,2,185
38,0.4958109566308986,0.9499559378623963,2,200
39,0.626327829577702,0.8742419409751893,2,200
40,0.20419813676103166,1.225352414449056,2,15,9.272685378284742e-05,0.8418075203895569,2,20
41,0.537168561012016,0.9464883532907281,2,112,9.905147875014348,0.4954654348125173,2,200
44,0.6531858529093739,1.1139409563371114,2,28,9.62120284629332,0.5864173098718816,2,165,149.7038995333788,1.6593201654297964,2,200
45,0.34744838106305376,1.1096240616426236,2,41
