16,0.444316715390295,0.9769193756580353,2,200
17,0.33899662747031567,0.976380926668644,2,200
22,0.32661859981031005,0.9567022651433945,2,200
25,0.5482732403577295,1.019818578543288,2,89
26,0.4240123447175336,0.9611016115546227,2,200
27,0.49374189700582655,0.9265741315484047,2,200
30,0.1923860776627093,0.8801235838152056,2,199
33,0.012385086317409177,1.0542001525561016,2,9,2.767137872023656e-05,0.9205193031917919,2,20
36,6.598789198241046,0.3194941721704541,2,196
39,0.4564791908602703,0.7594884395599365,2,35,11.219377666905869,0.3404396673043569,2,80,0.5146933316843075,0.8862669127682845,2,200
