0,0.5682004855359801,0.9979963436722755,2,200
28,0.36030416321605074,0.9896100106835365,2,200
29,0.29944765899161646,0.8856577378511429,2,200
31,0.7228962574744885,0.9733619391918182,2,200
32,0.30766544389663864,0.9375054484605789,2,200
33,0.6545285088528999,0.874428369703084,2,137,5.080166219824634,0.5988412981941587,2,200
34,0.6182618895744163,1.030033634032732,2,81
35,0.37161589787727745,0.9665978845953941,2,200
36,0.49695999977694405,1.0142667946361361,2,42,6.798982630002527,0.601584487520488,2,155,0.44057051213650583,0.9051805910739031,2,199
38,0.6036762283527685,0.8814929881691933,2,200
