0,0.5887209212071195,0.985066313445568,2,200
21,0.21158479861872745,0.9065712024400263,2,162,8.030125949376844,0.6856192569983633,2,200
24,0.5981263704348214,1.0701301857829093,2,200
25,0.666449554841813,0.996040942135805,2,161
28,1.8243645299186027,0.4940212879499251,2,132,74.20684281175937,1.594021035778907,2,163,0.15051528144548246,0.8823375446455819,2,170,314.789506049182,1.809725753192244,2,199
30,0.48415769375027434,0.9790277871489524,2,200
31,0.40106724155985773,0.9674479545841754,2,142
33,0.49830328296982224,1.0005173411965371,2,200
34,0.21929760474172288,0.9685240215063096,2,200
38,0.4025694230457404,0.9655339485406875,2,200
