0,0.307329492529255,0.9312643420696258,2,200
182,0.2910043622015883,0.7454215705394744,2,10,4.693292309021001e-05,0.9830037593841553,2,20
183,0.8189755677880425,0.8515970081835985,2,200
184,0.7212498593959387,0.8305942250788212,2,200
185,1.1423077669083235,0.6414797219634056,2,200
186,0.261039386596064,1.1100675185521445,2,30
187,0.15163091874009396,0.9311635119970455,2,43,8.913801023825055,0.4588791501654941,2,200
189,0.6127460854935264,0.9750796084105968,2,200
191,0.02875785414024961,0.9751956388354301,2,8,4.884517315717001e-05,1.1335637122392654,2,20
192,0.9544933425215074,0.7088188371568356,2,53
