1,0.44871144150880765,0.8905023137728373,2,54
173,0.30367797874317853,1.276336920261383,2,40
175,1.046202301369476,0.8208668259057131,2,44
180,0.2899349859977681,0.30835919885531715,2,115,39.66739334750691,0.38375761626022203,2,199
181,40.2474122093611,0.14793137123808264,2,200
185,0.10948633825541833,1.3294999971985817,2,16,15.53689192934201,0.20133153768256307,2,72,0.4472120379165796,1.3089744462056105,2,161
188,0.032799113074556595,0.827007071538405,2,33
190,0.2763925486607558,0.7136489700187336,2,110,22.523514278272472,1.1021895478169124,2,200
193,0.36445210816345985,0.8829266130924225,2,86,27.774239591780677,0.3849160721898079,2,111,0.06252764636327522,1.0202143236994743,2,191
196,0.16238925299192838,0.49240195751190186,2,31,28.586621173252844,0.36254156230309614,2,200
