0,1.5999434782209645,0.5463805370605909,2,26
187,0.40579084228482776,0.692973873832009,2,55
188,1.2128472712534322,0.957527806982398,2,32
191,0.03642173012684909,1.4866439614977156,2,7,25.40807940481484,1.6413918029178272,2,29,0.19681728006570315,1.2092117646644855,2,58
192,0.324433958234383,1.031314641237259,2,20
193,0.008275880239736197,0.9292097533190692,2,27,5.531275377419787,0.2286485496442765,2,91,0.26827652991693623,1.071552059650421,2,116
194,0.5360862983624465,0.6025885468305543,2,43
195,0.6473179380464633,0.4071777687572381,2,136
196,0.7287506124080849,1.192677446774074,2,7,0.00010396895419870954,0.8885733485221863,2,20
197,0.4399639262855832,0.8331659585237503,2,80
