3,1.3856614608589777,0.9267796553098239,2,39
192,0.18333840374860358,0.5590051435507261,2,13,9.62238062625378e-05,0.9268381255013602,2,20
193,6.358165673270558e-05,1.059418371319771,2,20
194,0.27819364198661173,1.2229486491945054,2,45
195,4.910963050265726,0.3445614657054345,2,72,54.34590714918831,0.24426388248684816,2,200
196,0.3376798424889289,1.0623265902201335,2,9,7.749024767391086e-05,1.130265311761336,2,20
197,0.2351776862532567,0.6723809653520584,2,25,48.15512188288548,0.5969112292788494,2,199
198,14.494464083634666,0.15051115186264116,2,60,0.023731616729912933,0.4952150789590982,2,73,10.930189089725083,0.10784500902113707,2,96,0.011349701195886304,0.8068145178258419,2,112,22.34960057800079,0.21946257261813365,2,200
199,23.33461354543801,0.12068453900516034,2,200
200,66.89000598344651,1.7713187312593266,2,49,24.088725524076665,0.29902414079533507,2,200
