1,0.29988148431678074,0.7183452684145707,2,78
158,0.47260853906537104,0.9642411385263715,2,21
159,0.31170144688931356,0.8976966284892776,2,88
160,0.2340596370796024,1.1177208240215595,2,39
162,0.6194620091842891,0.7193057647457829,2,162
165,0.39866793054632227,0.4131727268298467,2,12,0.000135397096234388,1.0080592632293701,2,20
166,0.3541539815152594,1.089051188961152,2,62
167,55.18570735229598,0.11984262199673269,2,56,0.014839356577464607,1.0107591615782843,2,74,0.47294387250003805,1.1853695635137886,2,132
170,0.10014463760640518,0.8670964712096799,2,62
171,0.11082944592153338,0.8609267179280111,2,73,2.500144760946333,0.43965443886640504,2,200
