0,2.1428783612766127,0.7550858818454507,2,162
172,2.8254204752323844,0.4207945573388746,2,152,0.1053445656140819,1.0051715883115928,2,200
175,1.0669055432159087,0.9642539535249982,2,7,0.00012046168459588028,1.5032262618725116,2,20
177,1.8265849473281963,0.558829087859545,2,78
178,0.18082616911265906,1.477960380640897,2,11,6.80847842469864e-05,1.2105600833892822,2,20
179,0.3017836318997777,0.8895787000656128,2,58,4.700916964574437,0.276165878737536,2,185
180,1.0917380161360752,0.8909644370569902,2,34
181,1.3999507883595883,0.7411055972701625,2,38,22.530037801926017,0.5685998542395271,2,200
182,2.054556035579829,0.07839523591312834,2,121,0.19616305735219922,1.1971197196199923,2,200
183,0.3237043449778369,0.8385515839889132,2,116
