0,0.18691853684975157,0.7476945008550372,2,7,5.235513633290314e-05,1.0376788423611567,2,20
187,1.437450162659679,1.1051978647708893,2,10,4.766083480044964e-05,1.1130316138267518,2,20
188,10.675270147678678,0.4791937492733454,2,137,46.001338654687544,0.9716671903928121,2,140,86.72960756338075,1.6366782744725545,2,200
189,2.598461507194457,1.1782736659049988,2,5,4.559411730001623e-05,1.071423876285553,2,20
190,1.3900922015469344,0.7728809038443225,2,28
198,0.728989094014506,1.0269393140778822,2,170
199,0.5484093056105797,0.9364991734425226,2,24
200,0.3695891130687767,0.7643552903775815,2,135,15.646720055043092,0.17638031932023857,2,200
201,0.31322235488500255,0.9227463987138537,2,45
202,0.3197960805421744,0.5842664341131846,2,24
