140,0.07603825545678017,0.8750384409548873,2,59
180,0.8475435477335229,0.6258909997329041,2,199
182,2.2984101411809497,0.5887911699406089,2,73
183,0.37040878035397956,0.944446074962616,2,10,4.731353625201819e-05,0.8705653667449951,2,20
184,0.24458505537233474,0.3664693563130864,2,114
185,0.28697627802944947,0.9809338471719197,2,28,0.0053939796538215205,1.1205796274271878,2,61,1.480043022164843,0.814846194248933,2,126,0.007792655524570048,0.9597763202407144,2,159,3.233852328248248,0.3841602656899429,2,200
186,1.8855056387200033,0.5899257408082486,2,200
187,0.06403055548744616,0.584146298468113,2,20
188,1.1387873600317096,0.7872756432812169,2,53,0.006836368875133362,1.0246775700495794,2,66,1.3801945161812994,0.805071339795464,2,199
189,4.6925948434182345,0.6490241587162018,2,6,5.452147963986756e-05,1.3153124238763536,2,20
