0,0.896582648846575,0.7965375583411919,2,144,0.003154392286698185,0.7180662328998247,2,156,0.9901445897072157,0.7785022631287575,2,200
201,1.560640832988114,0.5439953373000026,2,200
202,0.27243968432817445,0.9091841796018781,2,137
203,2.9429179183863377,0.4140644350813495,2,54,44.86170488499167,0.21301929147480286,2,200
204,0.5190029276500561,0.892063114643097,2,25
205,3.16266860172689,0.5301494883994261,2,24
209,2.096919722418554,0.5990776126097915,2,133,45.20426644268086,1.0378218755793216,2,200
210,0.5659968068423635,1.080232179035311,2,46
211,0.5530881560976579,1.3125208856967778,2,52
213,2.098513039674255,0.5159631965888871,2,90,0.0046410568984237965,0.5076095506548881,2,110,0.3328939411795123,0.9298658356433962,2,151,9.067611387937744,0.43462083230213244,2,200
