0,0.3393305209708403,0.883014478301274,2,131,33.36398253520403,0.507960249548373,2,200
181,0.4687770045828395,0.23567408192902803,2,200
182,0.2779088662184822,0.5770519152283669,2,44
183,1.0636445690809253,0.8145610131415548,2,101,33.19636877182473,0.41089621886159433,2,200
185,0.4835896508358078,0.3586061283946037,2,20
188,48.13688975016146,0.837610597256571,2,152,0.29408044614268325,1.0347327182167454,2,171
189,0.2077937521197116,1.1671417951583862,2,4,5.397635742319764e-05,1.0335216596722603,2,20
190,0.46057118042371326,1.378959745168686,2,28
191,1.9273509109335498,0.8869021247934412,2,27
192,0.37033777995994677,0.7268684673727605,2,57
