0,0.44952564663364103,0.6518241865215478,2,108
170,0.46229847451299777,0.9012774778530002,2,64
171,22.538631928878978,1.5801874175667763,2,24,0.27540211217325195,0.702258042494456,2,39
173,0.296644078825057,0.7621717593249153,2,34
176,0.3538790560938238,0.6794799469726186,2,71,4.270508344950586,0.24995795394792114,2,200
177,1.006233896960061,0.5582147638620056,2,161
179,0.13225020354377665,0.8262301269504759,2,72,1.454995942695505,0.2941174890790413,2,139
181,0.43117334853406075,0.978343596223925,2,61
182,0.8891023194865213,1.0674118523796399,2,24
183,2.798431660579169,1.2718188762664795,2,5,5.0630602572731276e-05,1.1358827829360962,2,20
