0,0.3466794992645047,0.9225717570100512,2,28
200,0.923830855393886,0.8821913130355604,2,99
201,0.32113190081415727,0.9123495981611055,2,116,19.606579136797635,0.454805944469713,2,200
202,0.41940607702642213,1.2122392130620552,2,66
203,0.5259168383156639,1.1138882040977478,2,3,6.511812004770021e-05,1.1841908307636486,2,20
204,0.37878177051937184,0.7625962495803833,2,43,0.0033768737875100644,0.7943835390938653,2,61,0.33171613998837257,1.234507025504599,2,159,14.963380341230442,0.37049099018699244,2,197
205,0.6817020653756013,1.1328014659881591,2,25
209,0.4517789974221756,1.1338975179342576,2,81
210,3.933217455574232,0.4430395619918222,2,73
211,0.33598167333307327,1.4647336651881535,2,48
