0,0.6157473499900035,1.0288004930629286,2,86
199,0.3306582378848731,0.741100122899185,2,81,2.6606883545676867,0.721268269507324,2,149,0.0625369634068246,1.2353919707998937,2,198
201,0.3309021692060955,1.2842719663273205,2,11,0.00030014221407120395,1.3206611606809828,2,20
202,2.6209782868870306,0.6566324815634759,2,62,0.24234667044269476,1.0943738607445148,2,161
203,0.5159854177242252,1.1545671105384827,2,20
204,14.96937311345045,0.2278947638809134,2,109,1.5255133742585092,0.6355432725614971,2,199
206,0.43873692118613117,1.0375703940024743,2,65
207,2.0049347194100933,0.833461862158131,2,74,13.352692434448176,0.30089085924601744,2,200
210,1.7073187214663559,0.796001661154959,2,36
211,0.32036451148040757,0.8111394892136256,2,36
