0,7.277463009213942,0.15843053102227195,2,56,0.027410827599515613,0.8114593625068665,2,90,1.5989583045535753,0.6993614312480477,2,158
191,0.06590302230511311,1.020339353217019,2,108
193,23.769010875203197,0.4799565315246582,2,5,0.016960559632660934,1.2196816546576363,2,19,9.985734877654421,0.17382104035871299,2,95,0.40002404554161636,1.0707790417330605,2,200
196,0.22278703348868262,0.9551129602804417,2,82
197,0.262885947493631,0.9445699201180384,2,195
198,0.5130699828088285,0.7918355509086892,2,27
199,0.21638266622391839,1.2667273879051208,2,4,7.60653743280776e-05,1.0347799621522427,2,20
200,0.28566754756266577,1.090153740985053,2,28
201,0.28815310274889,1.0792471711732903,2,98,0.0033545641583470963,0.8221649868147713,2,126,0.3611402409320333,1.1371791915460066,2,181
202,6.124610328344446,0.5601979530602693,2,200
