0,0.10647161448453918,1.0890151911548205,2,56
153,0.5729078073798491,1.0223037152621097,2,173
154,0.31520624412036696,0.987332535178765,2,92
157,0.20976739341146142,0.5466527636304046,2,66,2.7962266773517443,0.4988287845209463,2,200
158,0.31119837543798495,1.322869536280632,2,100
159,0.5459846234025796,1.114166796207428,2,3,4.071965308160445e-05,0.9989222112823936,2,20
160,0.4167688030971204,0.8844847775995731,2,110,0.0025147700375133617,0.988232455755535,2,129,2.5671569748878413,0.5494292697961062,2,200
161,0.042597371958445825,1.0447947893823897,2,7,3.748504697015714e-05,1.0956188898820143,2,20
164,1.5633205319429013,1.1990194453133478,2,9,0.001966717883792695,0.4402317545915905,2,28,0.12388519305215838,1.2674496661533008,2,61,4.378401632626445,0.3342971200192416,2,88
166,0.3362538957276569,1.0069602152396893,2,29
