0,0.40751029443613807,1.276069624857469,2,22,0.6182753578821245,1.284747548725294,2,183
1,0.7848317350336397,1.1860905668952249,2,11,0.2036417699595425,0.9735247309391315,2,37
2,0.7779996571800668,1.234030090529343,2,29,0.06705435215854867,0.22970847710967063,2,49,0.7563389647502232,1.0853169977664947,2,69,0.0743403143941395,0.27460509290297824,2,87,0.5178961705397103,0.41906658411026,2,92,0.0629966593215248,0.46115450382232664,2,142,1.2314367655864185,1.1784981489181519,2,158,0.08203627010850563,0.5835785462010291,2,189,0.26126766088005143,1.0772373567927966,2,200
3,0.31942605617682357,0.4790750842901968,2,62,0.3513930203938669,1.0038597881793976,2,66,0.3148186488817951,0.15751022338366308,2,185,1.2919860598624242,1.3731588999430338,2,200
4,0.12328891129967617,0.6657536240185008,2,34,0.5163773488176794,0.6454572230577469,2,38,0.12354825397142835,0.5956594953934352,2,98,1.8212879836139388,1.7202831583638345,2,160,0.11895899155256569,0.6948322713375091,2,200
5,1.0996798816281743,1.1988453006744384,2,25
6,0.2882963458658089,0.6329957133247739,2,63
7,0.2238206538661185,0.2781940802283909,2,23,0.4697222017879113,1.2545745372772217,2,28,0.19750237063748022,0.20287617368669045,2,110,4.091955965083857,0.6492005437612534,2,114,0.13646313652292275,0.3743233902509822,2,200
8,0.24964108465193477,0.985287823307682,2,142,0.40958141859960495,0.9658473990857601,2,174
9,0.34531225776804336,0.6561039843057331,2,57,0.7182880177685979,1.5721112489700317,2,73,0.3361715071283253,0.6774689695966525,2,200
10,0.5893387327032183,1.3639407687717013,2,36
11,0.10296733368743884,0.3339831426739693,2,20
12,0.8101128852301384,1.0997911073543407,2,27
13,0.5082761518079991,0.739567442688831,2,86,0.633079838005475,1.1823856280400202,2,99
14,1.0856483207372558,1.2250384870840578,2,49
15,0.04182956959193998,0.38963838043261545,2,196,0.24535960671610701,0.8121039718389511,2,200
16,0.069343364034094,0.21350330768561945,2,41
17,0.2716015951635767,0.6135050396124522,2,30
18,1.405879229620007,0.8368626207113266,2,20,0.3760725731435886,0.646963160662424,2,104,0.5051058245968648,1.0227136313915253,2,112
19,1.0164795412568945,1.1820757540789517,2,55,0.1573296547086948,0.5108998913850104,2,195
20,0.44951625919388827,1.114628537841465,2,23
21,0.29185199987097576,0.40693887919187544,2,20
22,0.6402502025455477,1.1315023308992387,2,200
23,0.6970674539735072,1.14185926805843,2,110
24,0.08199447972463027,0.06668841968411984,2,69
25,0.5751881260152546,0.2647938911629989,2,113
26,0.024583196521068065,0.07248594898443955,2,39,0.5557927831069865,1.150847579751696,2,53,0.02577774959306496,0.08633421777056999,2,200
27,0.15764725999145607,0.38477815091609957,2,60,0.782555364211665,0.9301113684972128,2,63,0.2332104367808656,0.926332950592041,2,66,0.1334076745566435,0.4051630499738234,2,174,1.2998681474475873,1.403256629194532,2,188
28,0.22991141329837222,0.9809603361373253,2,188,0.4026624723338946,0.8874792158603668,2,200
29,0.6457592102347612,1.1590662950277328,2,200
30,0.19622387934573307,0.42310375895570307,2,68
31,0.30922134315599553,1.073520004749298,2,6,0.09916780214612902,1.1664076447486877,2,14,0.3497655196700425,0.9990228811899821,2,17,0.06161322050739863,0.3632360888378961,2,115,0.6466568262206347,0.9198024968306223,2,127,0.05577656837677309,0.36966813059702314,2,200
32,1.2186874956389944,1.3548923422550332,2,116,0.6296442558333767,1.351527187086287,2,200
