0,0.743647850238685,1.3859535881451197,2,14,0.09183385421183479,0.13721890476616946,2,58,0.6890525806794501,1.3060275554656982,2,73
1,0.6725135439405034,0.75978076060613,2,15,0.10500828912264651,0.23714348215323228,2,80
2,0.8695364669791339,0.9204428965846697,2,24,0.345540366118508,0.8219082355499268,2,28,0.26188065897196044,0.4143726831132715,2,138,0.6444631006146746,0.7612731077454307,2,160,0.2412268048865827,0.38731270730495454,2,200
3,1.2637412374602006,1.1723296831524561,2,63,0.39079864455262575,1.201920512818942,2,200
4,1.1997999022844679,1.305650601020226,2,26,0.12867355030792757,0.4184091209757085,2,124,1.2354224197400623,1.3931881412863731,2,156,0.1394428688889728,0.42997900183711735,2,184,0.14072360444307808,0.6870928555727005,2,200
5,0.9464602094929706,1.2020131741251265,2,140,0.6637811901270034,0.5852092906832695,2,160,0.961877698233761,1.2295206218957901,2,200
6,0.8115695089314324,0.8673455622792244,2,200
7,0.14060729287059592,0.46926402615813106,2,104,0.545269832407693,0.9164958936827523,2,118,0.33019611826708456,0.670045290674482,2,125,0.1405867593522963,0.6867491523424785,2,200
8,0.6827552936843102,0.9332002606242895,2,64
9,1.1532162830657748,1.2714541554450989,2,12,0.400259796108829,1.0150933265686035,2,54,0.37494356734126516,0.7546088496843973,2,78,0.27524775398713536,0.654141972299482,2,200
10,0.04243903647897315,0.3881279352833243,2,34,1.1300012891732607,0.630266858772798,2,56,0.041670722034115204,0.23622681945562363,2,72,2.0058538020049177,0.6170051842927933,2,76,0.043830029634440215,0.4944191495092904,2,117,0.8914868725029682,0.8682363256812096,2,125,0.0569130773957969,0.47137397050857544,2,200
11,1.481231057762758,1.0441889949142933,2,32,0.033764844941761026,0.5541860257324419,2,70,0.8589545619442511,1.035674162209034,2,86,0.0338358525534352,0.49593948429090934,2,143,0.8961040126515708,0.9007714495324252,2,200
12,0.14484716365893,0.5419505313038826,2,12,0.5601879304736546,1.0810566991567612,2,28,0.14066749600642378,0.7920384822469769,2,61,0.5844452082160284,1.0068012756459854,2,112,0.3546739901823711,0.7230982230259821,2,125,0.5512618017307257,1.0823963834689214,2,177,0.17448059273281596,0.7724646303964697,2,200
13,0.08318490484381377,0.2133838213288907,2,97,0.45439551670236394,1.1401700803211756,2,111,0.09411350814340567,0.2207987355382255,2,200
14,0.2970807416904932,0.16995523018496378,2,21
15,0.37529832763290305,0.5095439499074762,2,22
16,0.061515136778213034,0.4877427965402603,2,12,0.5933811748036462,1.504099178314209,2,22
17,1.1693956412983768,1.133950058151694,2,51,0.19535897916228667,0.5919147782465991,2,85,0.4834497565785077,0.8450695097446441,2,95,0.27239714431323914,0.7003804853984288,2,200
18,0.393059173208016,1.2281846761703492,2,5,0.09702864222012647,0.1369846612215042,2,85,0.8391884596019997,1.2589648087819418,2,100,0.10310811692673115,0.09817791558229007,2,126,1.0849837974824843,1.334076029913766,2,140,0.16631543391689968,0.9800626834233602,2,146,1.8315418676448512,1.404852355227751,2,163,0.10664636323783339,0.13602282549883868,2,200
19,0.7958078352147249,1.117581641232526,2,54
20,0.2827245520637536,1.4392850347187207,2,23
21,0.3770545151878321,1.2401905485561915,2,14,0.20379442992869842,0.24520395447810492,2,50,0.3297731172760567,1.2373996692545273,2,67,0.2206513564588717,0.213831770729709,2,144,0.3070657750467622,0.6492875665426254,2,156,0.5890203204363695,1.0200959809364811,2,187,0.3221057043540201,0.31485211505339694,2,200
22,0.7244656427990487,0.9988117132868085,2,42,0.7167540317648284,0.6990514487028122,2,62,0.6981474324487305,0.4058414423379345,2,200
23,0.44606446071113426,0.9254182164485638,2,26
24,0.019719599869512945,0.05221925356558391,2,42,0.7547370190596697,0.9830531633418539,2,88
25,0.8943393921858451,0.8054225329429873,2,62,0.8238884772015774,0.5451702350700224,2,136,0.6481902203190472,0.5307007618248463,2,200
26,0.8415314284207736,1.0065991027014596,2,14,0.10982908704334426,0.45882681448285173,2,96,0.8237612617274052,1.3143499046564102,2,104,0.08689305374133018,0.5156536847352982,2,178,0.2776279740516841,0.5946394895965402,2,200
27,0.5675408211880036,0.8152858763933182,2,8,0.03687916995490032,0.7572486462692419,2,200
28,0.5749317424400363,0.7994166195392609,2,10,0.08463216424996291,0.3257710573573907,2,106,2.07835810980012,1.22349009513855,2,111,0.09923282710766809,0.305572691924718,2,160,0.42890588331432195,1.478595568583562,2,173,0.13999112493214672,0.30815580983956653,2,200
29,1.1073046914590172,1.2001409187155254,2,59,0.052564504799641115,0.45436498522758484,2,84,0.5556695462233855,0.8991423547267914,2,92,0.386634399227754,0.44344715939627755,2,101,0.8393010672368316,1.028237771987915,2,161
30,1.2664004516510867,1.2794126868247986,2,36,0.48676105899407385,1.2928537195775567,2,200
31,0.7771415509894406,0.7634383571147919,2,50
32,0.8239397012142421,1.203062068670988,2,32
33,0.26779792956459325,1.1133123949954384,2,19,0.6415331817972145,1.1313769597756236,2,57
34,1.1067830936232343,1.435606230388988,2,22
