0,0.062495100375429526,0.5114323938047731,2,77,1.2049222725817241,1.1709196630277132,2,96
1,0.2840649631540705,0.5428496718406677,2,5,1.0557768417974984,1.1570677030377272,2,46,0.08406342638119456,1.0175490170194392,2,103,0.8524227928488065,1.0095043778419495,2,133,0.09372970799752854,0.9812817947537291,2,184,0.2809808451935319,1.00416492498838,2,197,1.1976306097199547,1.1381529966990154,2,200
2,2.2514182847598763,1.3192167547014024,2,9,0.02365462619964864,0.23317031349454606,2,23,1.2905257783022985,1.3335746394263372,2,32,0.04755898184905635,1.3389092683792114,2,40,1.2409016682478813,1.3659006812355734,2,95,0.023841357039173026,0.34134612764631,2,179
3,0.5952697587803352,0.4478892448047797,2,24
4,0.8003257892841058,1.2336101898780236,2,26
5,0.7830288099383396,0.42695361541377175,2,72,0.8360456304921248,0.8571505844593048,2,102,0.8329579540622378,0.6386552112443107,2,200
6,0.6402478172041083,0.5275634627342224,2,125,0.7346923398791654,0.9397598138222327,2,164,0.41644603202625957,0.6685123327705595,2,200
7,0.6527647400542694,0.9950576776807959,2,44
8,0.5800388444594284,1.0675963665309705,2,38,0.3988312463895252,1.1065988032906144,2,200
9,0.5708230997023895,0.6794426199161645,2,165,0.6911033473244655,0.9333191394805909,2,200
10,0.4404483538848225,1.2476210663484972,2,86,0.38971805549525723,1.3604092252881903,2,200
11,1.777718550525757,1.0949779897928238,2,8,0.12829272116341586,0.48487534908496815,2,192
12,0.463716330391419,0.9948062779856663,2,51,0.29901880592959323,0.7281451296985597,2,184,0.4538018740238867,1.031634271144867,2,200
13,1.9959322332269562,1.0620204657316208,2,8,0.37518429622924226,0.9746396965450711,2,98,0.5660902605255087,0.9708762994179359,2,163,0.46459472010229896,0.8192478579443854,2,200
14,0.8626836564369524,0.7310940821965536,2,21,0.4096353989893254,0.7467329270309873,2,57,0.12486376106139374,0.8551408432600066,2,184,1.7760524434512297,1.3213624404026911,2,197,0.4845727703458614,1.327346920967102,2,200
15,0.41223138036101026,0.3030259229920127,2,33,0.6300222452443078,1.2105246037244797,2,49
16,0.7781649949840015,1.0416411008590307,2,39
17,1.9739891015278528,1.4237354397773743,2,10,0.9693944721531884,1.3762094676494598,2,14,0.8151105064094729,1.0508128574916296,2,21,0.3994863169609215,0.2577242822601245,2,99
18,1.003223154119401,1.3323855267630682,2,36
19,0.5398195480708119,1.247570548057556,2,25
20,0.8866683711157937,0.5799634635448456,2,10,0.4255258650310602,0.6308454434076946,2,25
21,1.2473431169750502,1.185669368505478,2,20
22,0.7706634705757898,1.0550685226917267,2,32,0.23556539581861596,0.28262243623889627,2,200
23,0.1995525659035714,0.926432021917441,2,156,0.5946031475159216,0.9579278901219368,2,172,0.28179770935816006,1.0048229694366455,2,200
24,0.15772912725140154,0.5753939300775528,2,20,1.4817789972925532,1.0407676537831625,2,35,0.18937341526150536,0.9645202553633487,2,200
25,0.34497508292472606,0.1839423482120037,2,200
26,0.08609937197731124,0.5111608573368618,2,35
27,1.0907934535943462,1.2996136297782261,2,24
28,0.37782339719586255,0.5889334405461947,2,24
29,0.7413981807235721,0.8613824622575627,2,43,0.2855983495098129,0.7435426769718048,2,74,0.26399332672892806,0.5053888648748398,2,104,0.6016257979797978,0.9573357084701801,2,133,0.4636521515190815,0.5581101607053708,2,172,0.5786112364440241,0.7489775270223618,2,200
30,0.45490929358482424,0.8370911301450527,2,47
31,0.28250096371078814,0.635494985010313,2,46
32,0.8123441620902653,0.8067250454000064,2,56,0.607002891362124,0.8191186700548444,2,105,0.4744234464987114,0.44927951944501776,2,200
33,0.41024213919437713,1.2550945395231248,2,200
34,1.0067868302616845,1.1804009940889146,2,18,0.6538617267345805,1.0745432674884796,2,22,0.5173723457446548,0.632265751178448,2,74,1.2910238561554337,1.053252895673116,2,86,0.38266572033456114,0.2730621871979613,2,200
35,0.43324101616591404,0.5264244636551279,2,61,0.8099981869449294,1.0481738448143005,2,102,1.1776964640621796,1.2821356811021503,2,121,0.4330075002302738,0.783324572104442,2,200
36,0.37148914672913486,0.6573274731636047,2,3,0.059880212063712655,0.20468207174225858,2,22,0.8650935680346528,0.8548938989639282,2,27
37,1.831672880217974,1.162235975265503,2,3,0.5083886784522176,1.1333144031805436,2,200
38,1.0438334346533962,1.5478744387626648,2,10,0.2370997161843357,0.23856665525171492,2,28,0.3178062738745393,0.4471975614627202,2,34,0.42495996244244816,0.797471858561039,2,114,0.33189520547697227,0.2479367603858312,2,159,0.42915470949551154,0.8917734768332505,2,200
39,0.9773400944518303,1.2569445201328822,2,7,0.06758171059724576,0.2023943305015564,2,27,0.5645800400431676,1.034565556049347,2,37,0.07841186952801873,0.1517999034963156,2,75,0.5995272143969913,1.0610421523451805,2,91,0.07319387149690156,0.2365229685198177,2,113,0.679047431511901,0.9469160377979279,2,133
