0,0.09884460790053633,0.6430306834609885,2,76
1,0.9809576457849888,1.2524999088711208,2,45
2,0.8983385893381768,0.8748115780098098,2,56,0.7034525820769183,0.7219689393209087,2,200
3,0.34961477313015854,0.562167589761773,2,49,0.9863378037096405,0.6012277928265658,2,60,0.1937080397983556,0.6034802664881167,2,83,0.32332557674633666,0.6009865958466489,2,200
4,0.0831554389414531,0.7354774404380281,2,59,1.043628020802937,1.133632201414842,2,98,0.18626695995043419,0.8731531567043729,2,107,0.8494104831394972,1.1173364411700855,2,129,0.09141206130339241,1.0077537960476346,2,147,0.6219793447078127,0.6304071280691359,2,156,0.08349388903651712,1.1684573238546199,2,178,0.07044825434609672,0.9454763477498834,2,200
5,0.43974403664441525,0.5112340830894838,2,83
6,0.6999699805370544,0.7274051207304001,2,200
7,0.5400710093832604,0.12321400800172021,2,85,0.7901984923090641,0.16029275866115794,2,136,1.0596946435011103,1.2877972951302161,2,175,0.782568119870003,0.1263718545436859,2,200
8,0.2135218070003318,0.5521747834152646,2,18,0.7728472663534041,1.2627839395798832,2,101,0.3566657672811675,1.146766141841286,2,120,0.3700378845575034,0.9237894117832184,2,200
9,1.3558563216645796,1.0548543400234647,2,9,0.19688596866867714,1.2304912206390142,2,200
10,0.6728256145132395,1.0602712690830232,2,20,0.44917964522403936,0.534974166088634,2,200
11,0.529006706209208,1.1462721620869434,2,117
12,0.7471725661811349,1.0911395333030007,2,143
13,1.618391387933872,1.2834544352122716,2,28,0.036474769634688674,1.1098260538918632,2,77,0.9352099332284447,1.1942711762019567,2,112,0.032290423343307395,1.308681098314432,2,138
14,1.260115494293724,1.1192325035730997,2,15,0.5808812863332166,0.9409427917920626,2,54,1.0342554685710308,1.0994272993670569,2,90
15,1.1759556933788724,0.7603519296646118,2,25
16,0.8558492843426982,1.1207391483741893,2,57
17,0.846598233975755,1.1602992773056031,2,15,0.3018576393686118,1.0438427130381267,2,18,0.2512908004318762,0.7391308347384135,2,42,0.7263021370154206,1.0823679007589817,2,74,0.4085547152160563,0.8990451151674445,2,85,0.33618672634046065,1.2137775818506877,2,91,0.976098679220957,1.2258650513105496,2,184,0.40382602780299637,1.1926324293017387,2,200
18,0.2333421447791041,1.4560319938157733,2,19,0.5683206392040399,1.320727750658989,2,43,0.2669132276063434,1.4531823988035908,2,170,0.5883515867187188,1.2292930603027343,2,180,0.2433629157269444,1.4908628702163695,2,200
19,0.5551340384941239,1.2244271195453147,2,23,1.1760092239134072,1.4367839476418873,2,86,0.10919719804237477,0.6333778500556946,2,174,0.4436485261186579,1.0190972770963396,2,188,0.13753399762253998,0.4003520955642064,2,200
20,0.7046790231277044,0.5947145040218647,2,117
21,1.1390468945295875,0.8266410157084465,2,64
22,0.9621673883944458,0.8379081785678864,2,14,0.4656135577442636,0.7112540219511304,2,42,0.8264278723327083,1.0365708028116534,2,73,0.4937816672822666,1.04294753074646,2,80,0.34865506397304463,0.7288623966422736,2,131,0.05485431420831008,0.9278701110319658,2,142,0.5394102976699859,1.1380933050451607,2,200
23,0.7671303946054822,0.814883422043364,2,59
24,0.7834968892422025,1.0236490567525227,2,30
25,0.18208727968902086,0.31796883955597877,2,200
26,0.07613067797641687,0.5804806374013424,2,200
27,1.2382294289409348,1.055175236680291,2,44,0.23894675210313593,0.913979504108429,2,69
28,0.9357989612098198,1.2474012679242072,2,47,0.018216318869716867,0.20792540002102947,2,98,0.41998753203630235,1.0733412702878316,2,101,0.016918732075777647,0.2253165707776421,2,196,1.9928467391136166,1.1071995198726654,2,200
29,0.08099136941729361,0.9381118002391997,2,105,0.9935443027315191,0.9587531089782715,2,131,0.08159282297536362,1.105287842972334,2,174,0.7327658810037282,1.0504297688603401,2,190,0.23236575119638309,1.2391519665718078,2,200
30,0.8114691108408094,1.0600050330162047,2,10,0.6278388641042831,0.3988338776429494,2,85
31,0.7586478862836706,0.927698460031063,2,47,0.1656550531162961,0.2356747018439429,2,82,0.6486118280929045,1.1467202928331164,2,127,0.27689491740489547,0.04020446253149477,2,200
32,0.2620346576940031,0.0788434991635472,2,83,1.070843737359055,1.184296711285909,2,128,0.2214350262381585,0.20646198317408562,2,148,0.2931481956958102,0.9711462205106561,2,159,0.21275180992947854,0.08809888181163043,2,200
33,0.5696510986486584,1.0007756298238581,2,11,0.12356539055194446,0.501100134281885,2,32,1.1196134892806395,1.1010305782159169,2,68,0.11661154214383555,0.8738967523430333,2,200
34,0.01831654736897244,0.5502257851453928,2,26,0.7176311424368705,1.3226007297635078,2,58
35,0.025349867898526043,0.35651725736157647,2,29
36,0.24539914439716684,0.5332898001372814,2,200
37,0.030265022531839957,0.09904848237832388,2,15,2.285778738623971,1.4301096146756953,2,37,0.030613575968101003,0.07229382177473793,2,108,0.905893672168349,1.431699737906456,2,128,0.037043214144363644,0.06200197313801717,2,187,1.1092239050726893,1.3201832175254822,2,191,0.046529348012370984,0.22232457829846275,2,200
38,0.6473784464941489,0.7621582586850438,2,56
39,0.31258603137000734,0.5707929054896037,2,15,0.9442136904578902,1.1339008387397318,2,83,0.17948274318633584,0.5578708241383235,2,143,0.43066608294430625,0.6098328471183777,2,153,0.19520125921155834,0.537056269797873,2,200
40,0.8349665743653089,1.0681715745192308,2,13,0.07147398586031538,0.24149900178114572,2,34,0.8969690752389863,0.5356658200422922,2,37,0.054591113104311355,0.30073601929914384,2,121
