0,0.5999478700670078,1.0973492684187713,2,54
1,1.4400788046563826,1.2154745509227116,2,24,0.37227589793056753,0.7430155401428541,2,144
2,1.0571614406978433,1.09782870610555,2,6,0.14600322554246092,1.1895732641220094,2,21,1.5278179123726137,1.2165724158287048,2,31,0.1414164979620062,1.0982284397768551,2,200
3,0.6253483624558436,0.9032772961116973,2,105,0.5916838640297827,0.6724681022032252,2,158,0.5640627959081949,0.5246487039895285,2,200
4,0.9676508789780331,1.3392816931009293,2,8,0.046754027228909006,0.7378205025897306,2,25,0.777341653056226,1.1527141647518806,2,78,0.11979308116752516,0.7851628528700935,2,96,0.7386607124011346,1.2631580591201783,2,126,0.0525792856054713,0.8876246611277262,2,141,0.565794794269355,1.2865977128346762,2,156,0.12060925163463038,0.7918915039017087,2,177,0.08084813392893968,1.0602016397144483,2,200
5,0.2865251625929892,0.5918131433427334,2,16,0.5450808121704482,1.0588886001530815,2,33,0.12822511441225715,1.068988123360802,2,67,1.6884306522095476,1.6089169468198503,2,74,0.12611170651182946,0.45859705999730127,2,200
6,0.7566825379540931,1.0689077691027993,2,171,0.3414190884851446,1.1469565835492364,2,200
7,0.3791982785965925,0.5650619180365042,2,88,0.8044873734173813,0.6957408785820007,2,92,1.0291101586701734,1.1148181544409859,2,137,0.8695155220013934,0.874759454476206,2,156,0.6048650456123279,0.4878854975104332,2,200
8,0.3000480075519559,0.37302128776260046,2,46,0.47790101164302545,1.1486675583797952,2,69
9,0.7473908617664522,1.298799467086792,2,20,0.4533880407670043,0.8637454469998678,2,35,0.6590123974294018,1.2640949541872197,2,79,0.3296088640503329,1.2796689465988513,2,122
10,0.6765251632323365,0.8885884203694083,2,22
11,0.8823947188069761,1.354468734368034,2,23
12,0.7308056725098999,0.965826518535614,2,25,0.12673480766031675,0.8850601077079773,2,200
13,0.2598447407162171,1.482727086544037,2,10,0.13389813568333944,0.45305122873362375,2,44,0.9207326592140167,1.3685039260931182,2,101,0.19368856730765696,0.6664162039756775,2,106,0.14820570331174018,0.26423830640586937,2,150,1.8086433080722413,1.3775483220815659,2,166
14,0.46671036468400695,0.9610254008595537,2,41
15,0.2927130292416558,0.7270683103137546,2,45,0.9610820724880382,1.247862216544478,2,118,0.357653977645397,0.6687672966864051,2,200
16,0.8721785574205787,0.6308780776129829,2,9,0.06587055220623654,0.3912268344200019,2,42,0.17219666551929058,0.33616790920495987,2,46,0.6836593499164341,0.9070612703050885,2,67,0.10765062989172193,0.3642241617566661,2,105,0.9216378359196151,1.0593910898481096,2,147,0.10022961136491555,0.5508355890001569,2,182,0.8273782846155421,0.9868004785643684,2,200
17,0.9143791062674635,1.3675548434257507,2,38
18,0.817436679855173,1.2089166847559123,2,52
19,0.6866086854764546,1.0974268232073103,2,7,0.05716256605847169,0.9810318946838379,2,37
20,0.4705206114262702,0.26675714883539414,2,9,1.0732232845538556,1.2984761768265773,2,47
21,0.4269664843050018,0.2384821970836591,2,118,0.6844721599902961,1.090037763118744,2,122
22,0.7233296829897969,1.1064574666645215,2,23
23,0.5469343168885457,1.0846614067753155,2,48,0.497036997126354,0.5385578378387119,2,163,0.6844461801407641,1.0870171934366226,2,179,0.4409419078240872,0.7072061842138117,2,190,0.5366012599134925,1.0519690752029418,2,200
24,0.7263427730553743,1.0858796262741088,2,200
25,0.11362592948593714,0.7605624539511544,2,7,1.297706709035156,1.064232727755671,2,30,0.2447979595042773,1.0660080909729004,2,36,0.585047440749607,1.1117052369647555,2,45,0.04240056322702522,0.4415573989059411,2,147,0.8548864996235617,1.0449548937239737,2,200
26,0.7540867321434049,0.4465547601381938,2,3,0.13835549175099893,0.8402764830492475,2,200
27,0.7286588821607614,1.0581764720735096,2,21
28,0.26991698987831075,0.8819108179637364,2,112,0.7661871134239601,0.9983148629015143,2,200
29,0.40100816791350846,0.8318557447575509,2,94,0.45718849902029846,1.049431746204694,2,118,0.6573996287474165,1.0769197435090037,2,151,0.49969704824230254,0.6162371960553256,2,162,0.2890290048842837,0.4831044995471051,2,200
30,0.7015230971306294,1.6045767545700074,2,5,0.08347211227358158,0.7571765343062311,2,144
31,0.5436242093943816,1.0696476823091507,2,200
32,0.554844642068305,0.9430914199352265,2,200
33,0.8462199053883548,0.5306176763993723,2,27
34,0.5220849456994359,1.366929292678833,2,5,0.03291660689347428,0.45267026579898334,2,97
35,2.738369702519598,1.7244689521335421,2,21
36,2.1038084595345805,1.3239826191039312,2,21,0.25713824228448345,1.2684129857354693,2,93
37,0.446083600805277,0.5249946454167366,2,200
38,0.23256963559901245,0.7251253108824453,2,31,0.33581345455010453,0.8876032481590906,2,43,1.1522730074726977,0.9718865339572613,2,56,0.3468752620712399,0.6606441636880239,2,92,0.9473004927874484,1.388887494802475,2,96
39,0.8669500475280365,0.9225688301599942,2,39,0.3080742192787791,0.7873251438140869,2,54,0.2615221972841102,0.4076002747454542,2,101
40,0.20394318331827027,0.3388459584484362,2,73,1.2041789836375032,1.2777758695947843,2,200
41,0.5761101248734606,0.9425247337507165,2,23
42,0.53400366079087,1.2817259116606279,2,55,0.8513414130419921,1.2549291711587172,2,81
