0,0.5269305380613865,0.6675472939014435,2,150,0.6605201580591705,0.8940742778778076,2,200
1,0.7915308979654182,0.8389110893619304,2,49,0.2346672671788389,0.2608046589626206,2,67,1.3090897573952829,0.7751081049442291,2,87,0.1458657931308662,0.24940920232144076,2,200
2,1.1057557986371238,1.3090778524811204,2,74
3,0.5567270025164349,0.6882727788044856,2,26,1.0069813854160266,1.0202479788235255,2,54,0.27316124833149286,0.40342294419253316,2,189,3.8663371355620453,1.5776212323795666,2,200
4,0.5898020097418805,0.9911452659538814,2,28,0.24153640050752895,0.9815442388420863,2,179,0.983572529376974,0.9855464696884155,2,200
5,0.8831882969811736,0.7402603834867477,2,40
6,0.7821364247728718,1.1990565697352091,2,30,0.6927542245608656,0.6643098612194476,2,122,0.6823751666639718,0.9825440168380737,2,152,0.8263061764309044,1.2256749925159274,2,173,0.7860769338375749,0.6306846141815186,2,191
7,0.1493506601824139,0.3782597077744348,2,28,0.6777192922938651,1.1618863567709923,2,76,0.20876033815146797,0.8632682025432586,2,86,0.1190454963938234,0.7504578575491905,2,126,1.1136083749131458,1.2043341596921284,2,138,0.19368964405161815,0.7820890890924554,2,157,0.19062965030789103,1.2181377133657767,2,200
8,1.5099955452124967,1.311040483022991,2,19,0.43720791284296556,0.9615310771124703,2,40,0.5172876458505898,1.188463888951202,2,107
9,0.20290375464244878,0.6292662024497986,2,66
10,0.19729651649846036,0.7472157713614012,2,38,0.7289591626424476,1.030726432800293,2,44,0.29753667985006615,0.8355544949019397,2,98,0.31819852591878667,0.6836775259657221,2,189,1.0598225908352836,1.3059887344186956,2,200
11,0.4735970750888603,0.5454570353031158,2,6,0.07606943254620732,0.5211900778506932,2,44,0.8968311920428842,1.1632763147354126,2,70,0.0959234942910222,0.8818182238826046,2,124,0.6179517705374712,1.031261670589447,2,134,0.08226580163792617,0.8734812582984115,2,200
12,0.7840358319431143,1.0612507197591994,2,27,0.1685819302738348,0.14487501780192058,2,117
13,0.47698237208174943,0.6148705337649194,2,107,0.5661213835765583,1.1585967079285653,2,138,0.47117532149256836,0.6045823154910919,2,200
14,0.39987790952644797,1.1263526648283004,2,200
15,0.6772195115754559,0.8974202334880829,2,20,0.07740652791186572,0.7924174494939308,2,93
16,0.24074385366422021,0.4716727222715105,2,42,2.051227567805224,1.0631075302759807,2,45,0.2750213939557536,0.5029898380079577,2,200
17,0.025942608406158304,0.5704447263039198,2,149,1.1504350008808404,1.0442942073268275,2,180,0.03533894773932469,0.3158789284527302,2,200
18,0.19310447805158518,0.8452760236603873,2,21
19,0.01902831833117584,0.6868198744275353,2,44,0.7084750415606597,1.0846232666688806,2,61,0.026555336339738216,0.5336791694164276,2,116,0.9823554421735436,1.157427430152893,2,122,0.023262152183165203,0.5961231655544705,2,140,0.736040013797304,1.0833558602766558,2,151,0.021656682608267495,0.7077562030480833,2,200
20,0.23624592675526376,1.0817650609546237,2,45
21,0.9285024992778715,1.1899348199367523,2,76
22,0.13951014388743888,0.3120635552652951,2,29,0.7715864988317928,0.9941402007551754,2,63,0.12538750247363217,0.5048086554446118,2,110,0.5626910434838686,0.6183589763111539,2,119,0.1425420885147529,0.23906555863810175,2,200
23,0.35011516950056526,0.7136644988224424,2,87,0.7487146663124383,1.0273247154859395,2,113,0.2862653870091601,0.5577731268370852,2,181,0.591801515237834,1.1521033676047074,2,200
24,0.9821158611750772,0.9812418818473816,2,4,0.11244694076259973,0.9736228422685103,2,15,0.47999504283233896,1.0610211955176458,2,24,0.08940467264677444,1.0951324950817019,2,110,0.07054818917430249,0.7072287418625571,2,143,0.7773854130083839,1.0561828261071986,2,187
25,0.5568239210020489,0.6815090903214046,2,14,0.1702160628123916,0.6613931592666742,2,80
26,0.6572325719437997,0.2169700222901809,2,78,0.6198105609800695,0.8469515840212504,2,93,0.668172436622331,0.4060359477996826,2,123,0.7870739942511983,1.1140210628509521,2,146,0.6159220009191633,0.2560810173551242,2,200
27,0.7182745698097579,0.9493247372038821,2,47,0.2985062447941767,0.43992909305804484,2,84
28,0.21133391925755285,0.7947963078816732,2,24,0.7413493008263332,0.7122316445623126,2,31,0.20588359739911782,0.7587406813692884,2,178
29,1.2284828619415376,1.077754843235016,2,20
30,0.2670083108704734,0.6341981502140269,2,17,0.3702473811510867,1.2279212474822998,2,44,0.7845475742292171,1.2762751408985682,2,79
31,0.21983057787132845,1.4593269509427689,2,34
32,0.37723377230591626,0.6888960193503987,2,22,1.168355678973303,1.2394792437553406,2,56,0.2898958055688617,0.5937903892826026,2,127
33,0.33859630274264235,0.6948446081951261,2,64
34,0.4862722492895443,1.0551914632320405,2,20
35,0.4167722140115469,0.7317523544484918,2,110
36,1.5249421685832105,1.1502557918429375,2,16,0.26474810398922705,0.4788914740085602,2,26
