0,0.41881477504663994,0.7607314842087882,2,42,0.8255698031188632,1.1083815359232718,2,156
1,0.7992886303544053,1.3559620395118808,2,81
2,0.4701591069506804,0.7573114812374115,2,20
3,0.09195273773199046,0.9234609961509704,2,20,0.6814459773544589,0.7179376645521685,2,31,0.2434276440687154,0.8089338541030884,2,36,0.09039069512631358,0.871037686864535,2,72
4,0.999044379153548,1.062559215646041,2,19,0.34105733085592904,1.0257481187582016,2,91,0.9377506327958544,1.1079222559928894,2,103
5,0.43668541268921335,0.1210735246539116,2,10,1.4593226960545962,1.4387646749101837,2,39,0.21217001977248984,0.36466481608729207,2,70,1.4472638234097788,1.4985551319339059,2,114,0.14141125485143555,0.1237991542244951,2,162,1.25700110337636,1.5241500954878957,2,200
6,0.4531119974850105,0.8125539320580503,2,47
7,0.42508997292832046,0.9265251334371238,2,58,0.41473400060918136,0.7092834781197941,2,92
8,0.4336856808758801,0.4029530684153239,2,6,0.1242997075939587,0.6530193472281098,2,70,0.5601687600257867,1.0078850814274378,2,84,0.23911585613028896,0.5512461397382948,2,102,0.7663641295637906,0.766199438010945,2,119,0.1236299697167273,0.6257264846708717,2,160,1.283352302753421,0.9354877143070616,2,189,0.270355475330912,0.9006040475585244,2,200
9,0.014380497901961393,0.06688300027685651,2,59,0.7094178087263111,1.3523860897336688,2,94,0.017319334325900486,0.07089638529401837,2,127,0.7313945996560799,1.3844179643525019,2,145,0.017036671296055895,0.13838577891389528,2,157,0.8668176798035091,1.4071314722992654,2,200
10,0.380242486786121,0.36912218515689554,2,65
11,0.35239549040532253,0.6717945010889144,2,42
12,0.5533593432278895,0.626330078943916,2,46,0.6254687716165839,0.882903968746012,2,200
13,0.8755551763371606,1.004291018869123,2,117,0.6199318964270151,1.0443629613146186,2,181,1.4061549605142194,1.111439447653921,2,200
14,0.1746883852405075,0.6493847876787185,2,60,0.11114828381480495,0.6653954487735942,2,119,0.8903484289362574,1.543723498071943,2,133,0.13611444618036428,0.5648430603653637,2,200
15,1.0445641580924574,1.3312851244753057,2,22,0.3597716788867915,0.11255404399707913,2,54,0.8822775871154863,1.35090852919079,2,75,0.2831162531756748,0.12712008093506838,2,196,0.5127434686790232,1.194213628768921,2,200
16,0.7834506126604099,0.6942089512234643,2,21,0.3709911168315168,0.5448075666107945,2,200
17,0.1314466971609013,0.6684740086396536,2,6,0.2776111323689738,0.570321674976084,2,42,0.33072126571072685,0.8900562226772308,2,56,0.5410295152639933,1.0014486198916155,2,192,1.5466370886573417,1.2147075235843658,2,200
18,0.9083789785007456,1.2588352494769626,2,18,0.5059200743088617,0.17145392417907715,2,43,0.9039759084150034,1.368637666106224,2,59
19,0.6105373708394314,0.7252330682494423,2,55,0.7744583816250127,0.8687475649351927,2,152
20,1.0887225750186442,1.4618052318692207,2,16,0.10002605864951505,0.22761414897057317,2,47,1.468380451086339,1.255720401511473,2,81,0.13586021130081288,0.38501073407525777,2,200
21,0.7680508648260217,0.8655831997211163,2,13,0.6066711775428418,0.5711767307498998,2,70
22,1.3547620806955738,1.1395842662224402,2,13,0.4639364668064185,1.0911758258694508,2,74,0.41272834969029126,0.9802712864345975,2,200
23,0.21159888916674535,0.3979368180036545,2,50,1.995146046185367,1.0998982429504394,2,55,0.2672856869360728,0.8563449094372411,2,86,1.0758907359804784,1.1651520427068074,2,161,0.6305782186898036,1.219944865275652,2,200
24,0.459773275649406,0.7394891054022545,2,51
25,0.305687494541233,0.5783021798729897,2,200
26,0.04650978540468386,0.7924939191566324,2,53,1.3821704645209913,1.1325314726148332,2,60,0.05491610762419248,0.8405633098200748,2,174,0.6477072735119537,0.6347976326942444,2,179,0.05648093706292251,0.6482627874328977,2,200
27,0.8639741584539363,1.0266109147379476,2,62,0.1742099332443941,0.9590928695819996,2,197,0.6470956472671905,1.137284557024638,2,200
28,0.2357909803897761,0.32725261558185925,2,22,1.147039487666304,0.5930114835500717,2,25,0.18806856301840405,0.2729666494660907,2,70,0.6911645892419647,0.316535371321219,2,97,0.291527234492758,0.2072083204984665,2,185,1.1685323878047575,0.3321221023797989,2,191
29,0.6327453883671258,1.162555998021906,2,22,0.7228669536364104,0.6500568828555975,2,200
30,0.7278216343770386,1.187795558146068,2,28
31,0.6478280729441758,0.7521214612892696,2,14,0.17753444130769666,0.7021323459989884,2,82,0.16450125976221414,0.29106616891092724,2,100
32,0.7370948673651851,1.3722644192831857,2,14,0.2362845595478912,0.4153857356623599,2,33,1.0054765122817837,1.2722920249490177,2,50,0.2553835113607725,0.42159501888922285,2,78,1.5566140514208922,1.254468274116516,2,83,0.6387395363255455,1.3304162440092668,2,129,0.11709584322530422,0.6387092284858227,2,161,0.970665195670153,1.5744442701339723,2,166,0.13471024124928926,0.7018642783164978,2,186,0.18215647410651875,1.0427691638469696,2,190,2.458103013915407,1.2493808031082154,2,200
