0,0.410529430997403,0.6991348064714863,2,62,0.4081325281613933,0.8266255289566617,2,181,0.904343371269786,1.1848712657627307,2,200
1,0.5160287794802925,1.2364071641649519,2,35
2,0.8107211976335692,1.2681306878725687,2,30,0.09432531320008321,1.153273839216966,2,56
3,0.1642747377768894,0.10662165532509486,2,12,0.7468246570860118,1.1134355068206787,2,30,0.08801368400548439,0.089627443253994,2,200
4,0.38909183551201837,0.9762450853983561,2,3,0.0973150407064492,1.166000047775164,2,149,0.7882044154403223,1.1021929929653804,2,173,0.10567313682929573,1.188845643290767,2,200
5,1.432484537802262,1.1910539802752043,2,38,0.19679636195600583,0.4707616289908236,2,126,0.3467849769203243,0.45085999700758195,2,135,0.5678561118862536,1.2864741722742716,2,150,0.24193376972625452,0.4756903092066447,2,165,0.5056366849459747,1.2275594747983491,2,178,0.2870126645530389,0.3682950528768393,2,191
6,0.16411304367628834,0.887522085853245,2,23,0.06893459543704596,0.9486640200895422,2,57,0.37146484130331126,0.974568510055542,2,62,0.06659257578624318,0.8306459004388136,2,130,1.294363297908909,1.0069822754178728,2,144,0.08440327244162409,0.8478907942771912,2,200
7,0.7561346913547148,1.1374011635780334,2,20
8,0.3557875973241085,1.4361958836400233,2,43
9,0.33539330932082906,0.9570108890533447,2,20
10,0.8633371178513366,0.9167374367596673,2,122,0.6658254152490822,0.9020195175439883,2,200
11,1.1579100269162328,1.1376156784453482,2,53,0.5211013008769523,0.9325484845373365,2,98
12,0.4611267121886326,0.7206078072388967,2,18,0.9149007642106569,1.174974984900896,2,61,0.37154575282364277,0.6599794268608093,2,71
13,0.22190492851929178,0.20901345404294822,2,91,0.33630742954455817,0.1767923361530491,2,142,0.796250423537602,1.128396213054657,2,174,0.34891483520906785,0.20971062091680673,2,200
14,0.24968757320326937,0.8424006924033165,2,96,0.9055748293110616,1.0321166685649328,2,110,0.35596492812725516,1.010390461815728,2,200
15,1.4728195950903373,1.2035862037113734,2,21
16,0.41168956832561104,0.501627524693807,2,3,0.038000813837174366,0.4618981766700745,2,53,1.879608976602514,1.1593693324497767,2,60,0.030238157421593744,0.5104259058486583,2,103,1.4885408615612783,0.9996848560514904,2,124
17,1.4984621952139634,1.425262278980679,2,36,0.026691381082240426,0.3279643272360166,2,66
18,0.5295127885354863,0.9648911555608114,2,15,0.3040259964156487,0.5682294845581055,2,30,0.6335799574750826,1.0341242949167888,2,117,0.5217892428079698,0.9688384627041063,2,136,0.4477489488472077,0.6114011127501726,2,200
19,0.22358138872986974,0.9504005495382815,2,49,1.165638031241268,1.0264948904514313,2,57,0.26386961401390746,1.0162000864535778,2,200
20,0.012647588205248932,0.04229157169659933,2,36,0.3914021500305473,0.5950518369674682,2,41,0.01727994110157942,0.08822275755497125,2,93,0.6269343089110183,0.8011162010106173,2,104,0.015893912264444983,0.0863872454925017,2,137,1.0090923884016936,1.2622368097305299,2,152,0.0196299367678614,0.058232358656823635,2,200
21,0.45814075757184236,0.42609555341980676,2,11,0.5810198995059171,0.9938376791336957,2,28,0.42507318634956515,0.7408452455814069,2,93,0.7678393921711858,0.9766301090518633,2,141,0.5501034665919368,0.651841875579622,2,195,1.8445072650381003,0.8650861144065857,2,200
22,0.9615234804522899,1.286367314202445,2,7,0.1299664231198403,1.24946587754969,2,64
23,0.32076904065071066,0.6370526887168569,2,121
24,0.2699864253555034,0.6616388982342135,2,31
25,0.291542771204557,0.7787441788492976,2,37
26,1.2597262412072565,1.437509694614926,2,37,0.8533456445033264,0.19200798502711,2,98,0.8902787690513712,0.7329829366583573,2,117,1.030017266448048,1.2583438916639849,2,139
27,0.7734700862834215,0.17568908924502985,2,56
28,0.7479430328250009,1.3617190936716592,2,41,0.44031260508045245,0.2957895570180633,2,151,0.8425979013714251,1.3020051401488635,2,200
29,0.44826024857552,1.0586837604641914,2,16,0.8927526849625101,1.0806130250295003,2,91,0.2641311068803083,0.8525578336543348,2,174,0.8280820211325811,1.1311037448736339,2,200
30,0.6239606803542141,1.1229677226808337,2,45,0.970267142480258,1.148499016408567,2,126,0.5150378184397106,1.1701644134521485,2,176,1.3768250796436596,1.164393737912178,2,200
31,0.533899905762811,1.1508557796478271,2,4,0.03282893203351853,0.13257312515507574,2,27,0.5654612798854813,0.7946287463693058,2,44,0.03741663989427042,0.19179941217104593,2,50
32,0.32396806544367773,0.6026544833696017,2,93,0.3540684322532059,0.7724579923620848,2,200
33,1.0785574373734699,0.8800816833972931,2,42,0.3183974997157662,0.9373836293816566,2,74,0.9285441942714731,0.8502934680265539,2,91,0.27781170726615256,0.8981948912143707,2,151,0.4240823186407809,0.8943392184315896,2,200
34,0.05827317679825678,0.9433070051670075,2,200
35,0.16678807202635598,0.778237646818161,2,10,0.5431563158274553,0.9169034849513661,2,21,0.22983209310881766,0.7983290734498397,2,44
36,0.12654848373476274,0.771442685438239,2,23
37,0.08575364288883836,0.723788505130344,2,45,0.7581470133094128,0.847726280039007,2,56,0.11686056692822286,0.7425810719189578,2,129,0.5837196501040519,1.0061365119342147,2,158,0.08858695302433736,0.8395574589570364,2,188,0.834859269481702,1.0641749252875645,2,200
38,1.8746741836487295,1.1743961297548735,2,13,0.21642397787077236,0.3400372701640032,2,111,0.7033810721153265,1.5543193879880404,2,130,0.14877623973811818,0.5483539145568321,2,159
39,0.2094710988273625,0.6578207015991211,2,35,1.010024495617374,1.233709692955017,2,38,0.15992556586090081,0.5251849609262803,2,55,0.4059394186301272,1.3955632150173187,2,63
40,0.15392048512693465,0.8014384114995916,2,47
41,0.1412155607853256,0.9121827763669631,2,17,1.2215429476048534,1.3565758378417403,2,71
42,0.13563972030828897,1.06834252551198,2,32,1.048817777456502,1.0534525598798479,2,67,0.11657575781033452,0.758919378121694,2,130,0.7126869601902661,0.9557198967252459,2,137,0.8992745531334352,1.275123399401468,2,200
43,0.341945090062978,0.17312955179958478,2,141
44,0.737946194439176,1.1538179121587588,2,184
45,0.7185701895983243,1.0954161485036213,2,42,0.09126285820575547,0.32948236212585913,2,141,0.9350337140546894,0.962610924243927,2,161,0.21983612297741673,0.19180695950984955,2,186
46,1.023967161761515,1.0024773600589798,2,83,0.48852116184820743,1.0394175273400765,2,110
47,0.12721167620980856,0.19178276635706426,2,200
48,0.5968587157335292,0.9281732638676962,2,6,0.45558510787176826,0.31540347635746,2,82,0.6222593423570243,1.286942684289181,2,115,0.40854321451990644,0.36216300779155325,2,171,1.1448407825198883,1.3412173205408557,2,200
