0,1.3188173454672092,0.6984798650849949,2,44,0.16438046108191814,0.1372842639684677,2,47,0.0328819375868467,0.04661400957045212,2,200
1,0.9067639982749343,0.9710705848410726,2,128,0.028002490855545105,0.12786771770980623,2,200
2,0.6167656249445551,1.0829785823822022,2,10,0.04377555741645927,0.11811270775894324,2,130
3,0.9485404320235795,0.8127068618069524,2,23
4,1.6246908743364137,1.407628146084872,2,11,0.04346002414488259,0.12919933828839494,2,174
5,0.05079744141471313,0.10056071802973747,2,200
6,1.1833936321283445,0.933995794929914,2,149,0.04339997227572635,0.16362143906892515,2,200
7,0.05210742133412892,0.18715438731014727,2,200
8,0.8829203228841711,1.0593265354633332,2,20
9,1.1131217629306556,1.00111797824502,2,64
10,1.2621706693401449,1.0139181939038364,2,11,0.024983152206980396,0.06031008924125994,2,200
11,1.4633621984109342,1.1107089542425597,2,52,0.02635054972947028,0.16032566834945935,2,200
12,1.2429690420141462,1.3042684555053712,2,15,0.04410366247922126,0.0619033344694086,2,200
13,0.03957309584566613,0.14955516673624517,2,200
14,0.8242095193420421,1.1280566830384104,2,19,0.023246195205286334,0.05346061540453621,2,108
15,1.085859051037211,0.8903099125937411,2,76
16,1.1343959151358483,1.235176608369157,2,74,0.024615143149939036,0.11949666528428188,2,135
17,1.1428905710829087,1.0402960704297435,2,98,0.017516604582522636,0.06302602472258549,2,200
18,1.9176160028981064,1.0968788027763368,2,20
19,1.8413091226355387,1.0762029445689658,2,46,0.028093226059862825,0.09685290442860645,2,138
20,1.5813837588114392,1.0011781201218113,2,33,0.014791065499385308,0.07656365445630993,2,200
21,1.0606244954845856,1.014909267425537,2,4,0.01704761742361425,0.046707309478399704,2,200
22,0.7996788665147145,0.959051913022995,2,200
23,1.115472062926635,1.0607709648044965,2,131,0.03478904205652644,0.1479007381459941,2,200
24,0.8248316863570592,1.0522826850414275,2,80,0.0760987875201886,0.3121447958052158,2,200
25,0.37121586604119594,0.2986207952102025,2,3,0.03350918781245978,0.10481364624149303,2,200
26,1.0806720801751464,1.1573049322418545,2,46
27,1.3781922338244452,0.8371979702602733,2,55,0.0493851131001284,0.12743595067797037,2,200
28,1.0119469162114243,1.022691044368242,2,76,0.025912038421147598,0.1129547796182094,2,200
29,1.1340851327474513,1.0882396354125097,2,52,0.031861045920108966,0.21354816088805328,2,200
30,0.7436143944122257,1.0952351212501525,2,10,0.06840314723952007,0.3141091153025627,2,110,1.0581011121685708,1.0114369785532038,2,157
31,1.0491769050987383,1.0767236292362212,2,50,0.02614820435140694,0.09083880066871643,2,200
32,0.7209973976756516,0.8611175018278036,2,88,0.042863616350417987,0.056393620291990895,2,200
33,0.7351356752226141,0.7888527711232504,2,3,0.020395148911250247,0.07212901049190097,2,48
34,1.1513421856466524,1.080784728893867,2,26
35,0.06293300287100041,0.16368717440728392,2,178
36,1.2731093492624532,1.0815214670621431,2,65
37,1.1550912905594664,1.1477269369980385,2,145,0.055561575469566644,0.0681240816007961,2,200
