0,1.3127505452588506,1.1470544274648031,2,75,0.05701663368869008,0.24375004351139068,2,200
1,0.5532576112430303,1.3180462837219238,2,30,0.0782782362197694,0.1161034965339829,2,200
2,1.675849506537249,1.1906949119134382,2,22,0.11931889900415046,0.2359279143006614,2,200
3,1.2029915097286357,1.0819977124532063,2,24,0.0533076545544446,0.1684252479198304,2,200
4,0.7258130653382513,0.9195880264043808,2,20
5,1.1173778288951732,0.7188959821410801,2,23
6,0.8984348168428862,0.8926271132060459,2,35
7,0.6903387494827703,0.6929328583535694,2,21
8,0.10624043274862838,0.6434438565502996,2,23,1.0448116683485662,1.3736965358257294,2,27
9,1.0491587662293789,0.897134635465365,2,141
10,0.9515904389202882,1.1454529563585918,2,6,0.08203131487793001,0.18816196203634544,2,154
11,0.49383896910856395,1.0363431078195573,2,200
12,0.6197818027228925,0.9178393411636353,2,200
13,0.66413244981818,1.206781029701233,2,32,0.030436542330663036,0.08110944146201723,2,200
14,0.055598355474123576,1.0824329853057861,2,5,0.4049381103514054,1.0992443146912947,2,28,0.01903478714506551,0.05089242089279862,2,200
15,0.9363688212578759,1.1032821518002134,2,66,0.050641296776181836,0.19187545098030745,2,200
16,0.3947088638446295,1.3401335944300112,2,23
17,0.6474223228777599,1.5194734930992126,2,4,0.025908674083521377,0.04964168517048969,2,176
18,0.030402417480404106,0.1476268893480301,2,200
19,0.7547943292335372,0.7273767093817393,2,36
20,0.9554002384357908,0.897211830649111,2,72,0.02394360414962423,0.13830279291141778,2,200
21,1.5068013959713689,0.8926035887002945,2,200
22,1.1975524340769024,0.8961747068166733,2,200
23,1.1873932573645194,0.9016251834500738,2,119,0.018743340424868516,0.12559456957711113,2,200
24,0.5633249710630883,1.0440848072369893,2,6,0.04850480373139649,0.09186488689528298,2,200
25,1.1623103099730003,1.2165421758379256,2,21
26,0.3988294148613818,1.084924505566651,2,106,0.059201746449569236,0.19261725389576972,2,200
27,0.6636514336075213,1.1216451706308308,2,66
28,0.5038669615880337,0.9829700063256657,2,34,0.06182687402292696,0.10250449812773502,2,133
29,0.2656751355165202,0.9950408990230035,2,109,0.03812197257216181,0.7311275862157345,2,125,0.30862480242608886,1.0080358452267117,2,134,0.02464909039291248,0.39564456513949803,2,169
30,1.0894151614804382,0.8789506560748386,2,97,0.07056043111032871,0.28239768815850746,2,200
31,1.8521020220568485,1.139271354675293,2,30
32,0.9682636132175824,1.164999620988965,2,64,0.0331811896858514,0.13139809835702182,2,144
33,0.6881303659300424,1.0699133305322557,2,42,0.049507264101895154,0.16644842507718485,2,200
34,1.0680155319269486,1.041482895385218,2,131
35,0.8837100647824608,0.980135895989158,2,33
36,0.5128748830036266,0.9900706744194031,2,200
37,0.7902434691562129,0.7859579506127731,2,46
38,0.9825564381626103,1.080780307451884,2,9,0.02021118369482455,0.04966268120777039,2,93
39,0.6157194460447833,0.9627574372291565,2,200
40,1.0479846298799202,0.5729752659797669,2,5,0.033975616552846304,0.1611988832635328,2,126
41,0.7626144482751819,0.7412737965583801,2,20
42,1.0461524479211564,1.1125597091431314,2,94,0.05804269175793565,0.10218692667344037,2,179
43,4.806537042883311,0.5986715058485667,2,3,0.035915348018731925,0.10464961471291363,2,200
44,0.9260833989722586,1.0066546104675116,2,172,0.024263922199326635,0.16471501493028232,2,200
