0,1.1325141501637637,1.1742839464327184,2,41
1,0.7905243360602054,0.9261029521624248,2,60
2,0.8661938428388083,1.2128834979874747,2,28
3,1.1390188369423997,1.0106037436870106,2,57,0.03483612338706304,0.10277740407240141,2,200
4,0.6850003235595299,0.9258763220906258,2,200
5,0.19408988227312748,0.8605137485265731,2,200
6,1.0761993661772664,0.9383048671483993,2,200
7,1.6446561429916295,1.137126250700517,2,99,0.09228149704225982,0.20178820473132747,2,200
8,1.3148494427475876,0.8396927726268768,2,200
9,1.5121584078755461,1.0752145785551805,2,39,0.01770765099853249,0.06715427968442811,2,200
10,1.225354305267071,1.2435778221663307,2,68
11,0.6959924863092962,1.1744387524468558,2,35
12,1.3865029939210698,1.162703028539332,2,41,0.020964754062957964,0.12833004542019055,2,87
13,0.877759068828409,0.980532135282244,2,35,0.056164783697796476,0.13745681616393002,2,200
14,1.2123445720286368,1.19272434314092,2,30
15,0.8038614701694017,0.9911167764663696,2,200
16,2.414417185737283,0.9366135423382124,2,24,0.01705880472810467,0.07409838612445376,2,200
17,1.3464370101772773,1.027852349593991,2,61,0.020103580915142763,0.049318363019030725,2,200
18,0.260852466800424,1.1677109962701797,2,200
19,0.32743015189159874,0.9381717437505722,2,200
20,1.2407240549671468,0.8662461076463972,2,35,0.014620134347938067,0.040668307651172984,2,200
21,0.6007760512630937,0.9151338845296623,2,153
22,0.9428566227147342,1.122310757637024,2,4,0.050054523098049246,0.25165151792471524,2,187
23,0.6642671043434557,0.5514236465096474,2,12,0.051951407497350645,0.15533127318671408,2,200
24,0.4240171231929854,0.9188126212564008,2,174
25,0.843026245134932,0.807575357410143,2,53
26,0.6881658951153171,0.9206192460656166,2,200
27,1.0820264620842173,1.0081643284412853,2,114,0.013574303984157871,0.12570616498936055,2,200
28,1.1671660221916056,1.0887447917461395,2,200
29,0.8583058007205464,1.6966872453689574,2,5,0.05519991995371186,0.12222869923481575,2,200
30,0.8061042045185456,0.1516037562063762,2,7,0.08474300873939074,0.15063525022644747,2,197
31,0.7430320814423504,0.9857260257967057,2,155
32,0.9986019340884928,1.0331790905732374,2,26
33,0.059356746698589424,0.20065036522490637,2,42
34,0.9273835098854404,1.1627043135960897,2,150,0.06923602888810965,0.16044227093458174,2,200
35,0.9441233672784946,0.8793040227006983,2,27,0.08168583380002611,0.20523857519116706,2,200
36,1.5602365203327826,1.0507442517714067,2,22,0.06877188453102541,0.21552522836616203,2,181
37,0.5170389947035726,0.7943191727002462,2,3,0.03590466886999894,0.1357563564620042,2,200
38,0.8704755520294801,1.044138177037239,2,200
39,0.737718919757968,1.0614372697369805,2,29
40,0.9074724020036979,0.89344543375467,2,38,0.925402709828457,1.1539749573258793,2,72
41,0.6956497034300049,1.0793687105178833,2,8,0.015170459534379186,0.043817735432336725,2,200
42,0.5595204179092721,1.042149587030764,2,135,0.09888073031105296,0.25333736607661617,2,200
43,0.8212296516703533,0.8777522978683313,2,48
44,0.9541427948748399,1.1478639820874748,2,59,0.0485418545487862,0.10195256620645524,2,99
45,0.7436783114272821,1.0526270888745786,2,160,0.016039963042616175,0.12265043258666992,2,200
