0,1.1884607689439868,0.6511021747308618,2,34
1,0.679323142945268,0.9486132030901702,2,23
2,0.020853023610758185,0.07196875549852848,2,200
3,1.314900071451715,0.8310224371297019,2,14,0.05939672925574336,0.17550861918263966,2,32,0.7270891629699857,0.9768121382769417,2,49,0.06153940370821453,0.1846766361337624,2,200
4,1.1494510827503055,0.9616710488612835,2,130
5,1.494175746865752,0.688746622630528,2,21,0.04636539763943803,0.12672220420238026,2,200
6,1.4947550569254597,1.0613363115754846,2,73,0.03644126795210165,0.2405176063378652,2,82,0.37499955895965065,0.2591779927412669,2,85,0.04868356585427257,0.17395717916281328,2,200
7,0.9240002373126446,1.0283784453385796,2,153,0.04498156041748539,0.4422684387957796,2,200
8,1.4481636950505887,1.0910884102185567,2,60,0.038154433018641645,0.1081463563655104,2,200
9,1.0007967541100407,1.1318871599435807,2,200
10,1.3209867377510032,1.0239322764851222,2,107,0.05102010134297784,0.26909201984764425,2,200
11,0.0719268793712346,0.18415042407372417,2,17,0.6654217376943564,0.9305629975655499,2,102,0.06446674896361514,0.15889452701928664,2,200
12,1.1753281591687519,0.8851362070441247,2,200
13,1.2088425159861071,0.9998922348022461,2,65,0.04461271335639102,0.10525828434361352,2,200
14,1.0423929870855555,1.2637571334838866,2,5,0.018722439390555304,0.1346996504526872,2,200
15,1.0733030697865777,0.963648790218791,2,122,0.038093460649575195,0.25798184118973905,2,200
16,1.0465415096056523,0.8731932193040848,2,20
17,1.5749692436271234,1.0793745385275946,2,9,0.030305982137466166,0.12151060373552384,2,40
18,0.01733285652199442,0.033202223777770996,2,200
19,0.532415727180702,1.005486821134885,2,24,0.22285016702862956,0.2998230804999669,2,27,0.05913283887440337,0.24145682371420668,2,200
20,0.3096629382722291,1.0168384642743353,2,134
21,0.27995046117023853,0.9358120097054375,2,54
22,1.0750013672686678,1.072573366418349,2,113,0.023480203967667312,0.11760719582952302,2,200
23,1.307923302216675,0.9969507840371901,2,31
24,1.006253350061757,0.5653595465880173,2,13,0.021032732653264857,0.03758171615116099,2,200
25,0.413445540578892,0.5658369362354279,2,3,0.01806522593349954,0.10082878505215427,2,200
26,0.8819636980731825,0.8000571180363091,2,98,0.04430729249767222,0.18258121025328541,2,200
27,1.2859889744863247,0.9109455943107605,2,56
28,1.4249797108489537,0.9707267080034528,2,35
29,0.948319268191166,1.0767773433967873,2,81
30,1.4791034537567236,1.066211986541748,2,20
31,1.3053299828400047,0.8135640036385015,2,53
32,0.630405499800001,1.0632982976734637,2,160,0.018526352290568492,0.0958827082067728,2,200
33,0.5487920562965192,0.9955239999294281,2,200
34,1.5512696884148207,1.262170352935791,2,50,0.0322329070274667,0.10329310188690821,2,200
35,0.686549939287479,0.7791996727819028,2,23
36,0.9805140955601341,0.4990339477856954,2,3,0.06335482955115362,0.12343547424444785,2,133
37,1.031328422721421,0.9354653688187294,2,47,0.05583208050258519,0.1943361702697729,2,200
