0,0.7540243640922599,0.9930818162712396,2,102,0.045307013357422744,0.12854021483538103,2,200
1,0.88946967022564,0.9993751692625642,2,163,0.06620826439190135,0.24336171512668198,2,200
2,1.1420137511757364,0.8164573510487875,2,3,0.024571954962707105,0.1002447127842056,2,200
3,1.1187448217435716,1.0116420421335433,2,36
4,1.1722270717458327,1.033163192944649,2,39,0.025808171405290035,0.19733507174711962,2,104
5,0.2675921973073242,0.36144310235977173,2,3,0.028819618840494738,0.12471965785267987,2,161
6,0.786998850966896,0.8680691637776115,2,44
7,1.1911960033331142,1.0105181792203117,2,17,0.09707033848991277,0.36945262134075163,2,42,0.02417731338382535,0.33688806742429733,2,54,0.7434696381659469,1.0233378583385098,2,116
8,0.6737882253933677,0.5887721081574758,2,12,0.05874627531970921,0.17706735138880444,2,200
9,0.7247337152374941,1.023513338000504,2,194,0.031160488874741533,1.127887487411499,2,200
10,1.3429724830608898,0.8206476415648605,2,66,0.06019034422700486,0.10764885949554728,2,200
11,1.0073599829435231,0.9601235504333789,2,52,0.052853408043509555,0.07942145760800387,2,200
12,0.01835098569889554,0.03175294548273087,2,200
13,0.9417366658962053,0.8712451457977295,2,3,0.052433229771205576,0.186042406988628,2,200
14,0.4217424337680661,1.0147594012118675,2,148,0.024785227456257355,0.3491767467214511,2,200
15,1.4628253670131663,1.0125938556632217,2,49,0.0637519831238636,0.14080633825024233,2,200
16,1.150642565547395,0.6218726833661398,2,24
17,0.3168806724566956,0.3917010923226674,2,3,0.01604381382717518,0.03222499432297528,2,200
18,0.2706780004915151,0.27687259018421173,2,7,0.05575069693406704,0.120401397115826,2,200
19,0.6749152911111,0.6541412472724915,2,12,0.08631735951599352,0.24535115839953117,2,200
20,0.4478122706777592,1.0554411146375868,2,18,0.03610256071149838,0.05621981344052723,2,158
21,1.038589711942627,0.9211077317595482,2,8,0.06724936068905792,0.12232013947019975,2,200
22,0.08073860684705268,0.3308286517858505,2,3,0.018762923065835276,0.08303631209965909,2,69
23,1.7006151094544932,0.7540588506630489,2,14,0.03796415208245031,0.09058037360188781,2,200
24,1.503879997671842,1.0040680567423503,2,15,0.02191098931644463,0.132771164742676,2,200
25,0.8134345634959627,0.9442695057392121,2,200
26,0.8153184237126271,0.9998692705276164,2,47,0.029612599026455192,0.14332530496556775,2,200
27,0.9044220074382381,0.9811892688274384,2,200
28,0.5099081836170217,1.2006779566849812,2,101,0.031149600272021863,0.13697957300176525,2,200
29,1.4353379799937895,1.1493265628814697,2,4,0.022925784276552258,0.11734016308066797,2,200
30,1.4042746281702603,0.9332249962108236,2,71,0.0417658452038664,0.19131096227224484,2,200
