0,0.03978146188126674,0.11374847814440728,2,200
1,0.7973482845702015,1.0923478053166316,2,104,0.030978946319475863,0.11463944986462593,2,200
2,0.6924697992980023,0.9797438106675079,2,69,0.01797174554983051,0.1123583710375633,2,200
3,0.4851771106547664,1.1261790061925914,2,154,0.04821633308125677,0.2511117179756579,2,200
4,0.7229651543126976,0.32552532354990643,2,9,0.06678756525183392,0.2236774233779358,2,200
5,0.8013458552583655,1.2954366356134415,2,8,0.02557362836033404,0.2665601298213005,2,20,0.6280423304363582,0.6773210962613424,2,23,0.024408239667716193,0.06934523877114226,2,200
6,1.437740497274278,0.8179915939705281,2,79,0.01772397099427503,0.19844283908605576,2,99,0.4376016981504349,0.3480173349380493,2,102,0.027816184260183605,0.11323695584219329,2,200
7,1.0728688802385564,1.0950436914289319,2,37,0.03729016661720984,0.1108971382576995,2,200
8,1.1708020471268028,1.046845240118616,2,191,0.2147721632943517,0.6716201338503096,2,200
9,0.5661635553973577,0.9309510175998394,2,13,0.06662739573351946,0.16370659118348901,2,200
10,1.3537601365823941,0.8425103830439704,2,28,0.02288572730581811,0.03521709906500439,2,200
11,0.5358759537277351,1.3359309993684292,2,32,0.05870845908269855,0.1481641632992597,2,200
12,1.1967178675878365,0.6378360895010141,2,26
13,1.3332804050662244,0.8115136538233075,2,21
14,1.1239851753255516,0.7208090424537659,2,27
15,0.7625471516204638,0.9851769086718559,2,200
16,0.4265074969084729,0.8364633273105232,2,49
17,1.5191398662606035,0.9687068240117218,2,59,0.05892257996805619,0.15294233545766656,2,200
18,0.5818236955547076,1.4127880334854126,2,17,0.036615320536043626,0.1944957294099318,2,200
19,1.7235847199238998,1.4291210055351258,2,30,0.025001609414399738,0.09636088224018322,2,200
20,0.9892530000220019,1.032659610112508,2,33,0.05411131269566059,0.3220319739001954,2,200
21,1.2814298155678914,1.090709078742797,2,83
22,0.9043823506798953,0.9549988880753517,2,16,0.06740741434384438,0.19622673241444577,2,97
23,0.6075236579346206,0.906795753085095,2,23,0.05895654672644101,0.049952104687690735,2,200
24,1.5746260518610975,0.6904284656047821,2,8,0.04860002986650855,0.15250778004720614,2,85
25,0.08522868824839008,0.24207689270377158,2,200
26,0.3030138910112013,0.3430731842915217,2,3,0.05681039205533103,0.20089065567188458,2,200
27,1.6518446526534085,1.031200607617696,2,27,0.0258983165784922,0.047413369306939186,2,200
28,2.171884100357635,0.5255622714757919,2,6,0.04161740044306931,0.10165523537962708,2,200
29,0.8424105606738495,1.0837436199188233,2,115,0.028999270267954604,0.08931194193222944,2,200
30,0.36016048143754953,0.7199607491493225,2,14,0.027339998152863212,0.09955256648602025,2,200
31,0.6528405032725044,0.8877556771039963,2,8,0.03423953726085739,0.16034448457260927,2,200
32,1.415179483153991,1.0590542600705073,2,78,0.029200934764948297,0.1521712379133115,2,200
33,1.0148052637731615,0.6703706830739975,2,12,0.04637044743470966,0.13269983870642527,2,152,0.7659070318492817,0.3721217140555382,2,156,0.04779922806364776,0.07444640045816248,2,200
34,0.5275402868686708,0.98500299787967,2,107
35,0.7200510948771368,1.0690853816491586,2,27
36,1.1174078958043723,1.0951909317689783,2,17,0.04448139671628953,0.15150630048343114,2,31
37,0.6316439383454454,0.9773768549380095,2,23,0.030180210329636283,0.10204794144226333,2,200
38,0.7820752893124943,0.8293440282344818,2,30,0.03246978619619225,0.1709911236868185,2,200
39,1.2156207390338112,0.8324822589408519,2,43
40,1.0612272044480395,0.7899877369403839,2,200
41,1.4411477569377553,1.0148127164159502,2,84,0.05381554271335042,0.18878303302658928,2,183,1.520967078882559,1.0865520449245678,2,200
42,0.6129760017781123,0.8226093966513872,2,32
43,0.6721150412878054,0.9573216901337804,2,121,0.015558480712131225,0.18097921154078314,2,138
44,0.7388342924493436,1.2995703220367432,2,4,0.016884361865045105,0.053827927580901554,2,200
45,0.7979381983257487,1.088444721698761,2,50,0.08313354562102941,0.5315929438386645,2,64,0.9329302244665515,1.2502498865127563,2,69,0.0284238278780766,0.11490457977047404,2,200
46,0.6428558552721695,0.9915260444669163,2,34,0.014974745599851699,0.04826359235378633,2,200
47,0.8286122487586067,0.7994787767529488,2,80
48,0.5768352514509164,0.8542122371653293,2,47
49,0.08497026590083129,0.2713884653316604,2,90
