0,0.10832046872794322,0.9119888514280319,2,200
1,0.4026800064832383,1.022831177711487,2,35
2,0.3865428084790039,1.1369597679477628,2,118,0.020897707653926293,0.15407001904465936,2,140
3,0.8543982411225668,0.933460448399063,2,121,0.01950031145080089,0.07940192954449714,2,200
4,0.8414852729650258,1.0591886507140265,2,72,0.05475971494572369,0.1860303512075916,2,200
5,0.815660047602043,0.9880618318434684,2,31,0.0907880052614545,0.10549570531887416,2,200
6,1.0382260266777097,0.8305831295399626,2,121
7,1.1328126084397105,0.9283207412119265,2,54
8,0.05888694947253892,0.24809447333216667,2,200
9,0.07098094431216952,0.15323842957615852,2,200
10,0.023319619339319725,0.06290041834115982,2,200
11,1.607673534107923,0.8070621906142486,2,76,0.07989848055295787,0.23886665839839866,2,130,1.4619615443244984,0.9288092715399606,2,200
12,0.614589669648085,1.099266430910896,2,17,0.05464567321692965,0.11905246126195772,2,200
13,1.0267024103053646,0.944922673897665,2,61
14,1.5470108661840143,0.7713057920336723,2,16,0.04515225096231344,0.2502332673934491,2,200
15,0.8711002304466494,0.9827972769737243,2,200
16,0.6157487492302334,0.9389934277130385,2,59,0.015218159604765986,0.05967523326687779,2,200
17,1.2419528285735815,1.0001863384246825,2,25,0.02353768207902823,0.06268211330686296,2,200
18,0.5550645978333271,1.0481138081513635,2,129,0.05014247104610464,0.20830499160457666,2,200
19,0.6492709742231546,1.013539301753044,2,200
20,0.24733812041785636,0.33740667005379993,2,3,0.038423676539857066,0.1837597105103701,2,200
21,1.124807091467473,1.0754748722340197,2,188,0.05912944954451039,0.18996827801068625,2,200
22,0.8149216683954034,0.9202471471601917,2,155,0.03257483381852396,0.12668636606799233,2,200
23,0.5634809933974966,0.9642830590407053,2,24
24,0.9432549909069385,1.0514198533246215,2,142
25,0.862294094195883,1.02628972360066,2,70,0.034838115380540775,0.13228590958393538,2,200
26,1.1795088229779154,1.7825674414634705,2,6,0.03051053969468928,0.09804777616692573,2,200
27,0.6839583617141667,1.0998022968952472,2,26,0.06276756693666768,0.15175963373019777,2,200
28,1.1221078366843447,0.9236171940962473,2,36,0.04347656812895403,0.1378475964614531,2,200
29,0.8116109238523015,0.8321849553481392,2,115,0.03136481611540315,0.15049835829173816,2,200
30,1.4116084869076673,1.0165076112747193,2,100,0.029841015919996567,0.11899864688515663,2,200
31,1.1077447141011796,0.8177962201946186,2,53
32,0.9716849846319053,1.2072879324356716,2,24
33,1.8512593302692233,1.1960229203104973,2,32
34,1.3209025155888894,0.8242828366803188,2,51
35,1.1072006373016203,0.6120647835731506,2,50
36,0.9461719153667555,1.1409832106696234,2,54
37,1.056483544334803,0.9685130715370178,2,12,0.046104454048604686,0.0714614987373352,2,56,0.2503828955403425,0.30995268002152443,2,60,0.03872891191450137,0.12562174978000776,2,200
38,1.5816777614152646,1.0155017453691233,2,46,0.01956398502556118,0.17727549325723152,2,200
39,1.071387170165703,1.0470728496513744,2,101,0.019068976358102122,0.17320551143752205,2,200
40,0.06686195948113756,0.11085939779877663,2,16,0.023160913287649174,0.2017625735395334,2,192,0.05541341835457862,0.18756477534770966,2,200
41,0.07067940251590711,0.1866201777011156,2,200
42,0.04839895362458286,0.05048376338349448,2,180
43,0.7114637825451527,0.9243909865617752,2,200
44,1.223521848297284,1.162627536058426,2,120,0.06721954415914741,0.1437708891928196,2,200
45,0.6251480522199421,0.44606219397650826,2,9,0.02831401908594659,0.06328488098389191,2,200
46,0.9406234358514479,0.9650808738337623,2,72
47,1.0835206343120174,0.9200440073013305,2,25
48,0.7202889433317393,1.1413648930209421,2,171,0.08117131623193821,0.2641526871714099,2,200
49,1.7297234530628116,1.0524498850107193,2,20,0.047158930854140545,0.05759191678629981,2,56,0.5430722029828547,1.4757439345121384,2,64,0.034523147251780587,0.1004905170377563,2,200
