0,0.7062096305137736,1.043492567154669,2,31,0.016408460101740727,0.041159521193193965,2,200
1,0.6777634653249626,1.0253727126121521,2,200
2,0.02562432987609124,0.15262020289897918,2,200
3,1.4730341885413119,1.0568163167862665,2,21
4,0.9421326205774865,0.7443107238002852,2,51,1.0010414436660076,1.042668837489504,2,84
5,1.09426230956105,0.9464399609072455,2,29
6,0.09774887098032822,0.05314600181121092,2,52,0.49222250512663335,0.6827905603817531,2,59
7,0.07223748610462159,0.14581180094131108,2,116
8,0.6587769278800646,0.9774657253063086,2,66,0.03708787902427105,0.1212917653037541,2,200
9,0.6298043894873628,1.0950357049703598,2,40
10,0.7638068526719045,1.0780596858576725,2,57
11,0.21173692945371322,1.0805429855982462,2,45
12,0.3034554643355861,0.8112616011074611,2,35
13,0.769145875967345,0.9378493040200048,2,149,0.03540359964830958,0.08890547910157372,2,200
14,0.3667477062940874,0.9633471113443375,2,200
15,0.6463580820297304,0.9937247089717699,2,46
16,0.5617570635053886,0.6175523765625492,2,31
17,1.6475976846232796,1.3033391833305359,2,4,0.028090796792958558,0.06098640047841602,2,112
18,1.1792754541021266,0.7992756797207726,2,36,0.03431744529294655,0.08630502896337974,2,200
19,0.7129932578895044,1.2712428229195731,2,28
20,0.824287639749046,0.902934257047517,2,140
21,2.572136018705242,1.5340782801310222,2,21,0.08423814062967575,0.19119807994565485,2,200
22,0.8500297597773969,1.0093452692031861,2,200
23,0.12904326914385994,0.25035743912061054,2,3,0.01898669401269756,0.043512774376094646,2,200
24,1.148133720894374,1.055987070436063,2,46,0.023913173452529187,0.04209271460384518,2,200
25,0.7667088625532241,0.9560466368993124,2,30
26,0.024132609700482602,0.15286844670772554,2,20
27,1.1916442424143268,1.2946838604079351,2,36
28,0.3359784001969854,0.29611222942670185,2,3,0.03489614361369156,0.10744299994487512,2,155
29,1.7696286722034238,1.0787796362026318,2,37,0.029803690996559346,0.062394159748440696,2,142
30,1.4586707612476157,0.8778945196349666,2,53,0.020128127528103387,0.07327757826467761,2,200
31,2.2930911240540315,1.0749692382483647,2,29,0.05694108786475638,0.18503810359737066,2,156,0.10485890941844414,0.139307093213905,2,200
32,0.9086442108590144,1.0138326770067214,2,200
33,0.8429397467017572,0.8735595227529606,2,96
34,1.136309441362642,1.081601410519843,2,102
35,0.8739196977608716,0.5762746632099152,2,4,0.047774601879484235,0.04628317818349721,2,200
36,0.48141708045476295,1.039568137615285,2,47,0.030407968356090886,0.142555092284882,2,200
37,0.9617920456368906,1.0444080501186603,2,98
38,0.4611816135757669,0.9437035518884659,2,200
39,0.4666076287345101,1.2618230389697211,2,28,0.03352782603946948,0.09141927065197812,2,200
40,1.1589522082798098,0.8748803642434133,2,71,0.034186556273765024,0.1874130747114965,2,200
41,1.1235729189702341,0.9209435085455576,2,156
42,0.6211856922879736,0.9745093618614086,2,69,0.08041213878143166,0.18014495586620943,2,200
43,1.480050865504219,0.8371771254709789,2,84
44,1.374336526772244,1.0477538704872131,2,32
