0,1.4827190450913068,1.001813150369204,2,52,0.06871494676884148,0.16448084083763329,2,200
1,1.2370037515319317,1.3780661424001057,2,3,0.015870061520416742,0.042944555506488395,2,200
2,1.2960438290473095,1.0556713516061955,2,55,0.03397685997125435,0.1797134567951334,2,200
3,1.4485222754917886,1.1102190352976322,2,64
4,0.8935021936890508,0.8824547451652892,2,146,0.03342314889639739,0.08861191377595619,2,200
5,1.5531623067833638,1.0647266621541496,2,99,0.02833310394603314,0.1244737823115717,2,200
6,0.7714630032433836,0.9577160689138597,2,31
7,1.2183686921546542,0.7141141891479492,2,6,0.018381658019282848,0.044005679561919774,2,200
8,0.4814017903142844,1.175239852496556,2,49
9,1.6891486217567735,0.4464179575443268,2,6,0.024334962880144913,0.04378472207133303,2,200
10,0.8297193216907586,1.0307035148143768,2,200
11,0.7296783576161862,1.0336361732055892,2,134
12,1.7111685068921476,0.9367182978561946,2,14,0.01565432617567901,0.034460485462219484,2,200
13,1.597992774856954,1.0014073979854583,2,200
14,1.387209295735451,0.8708451017737389,2,32
15,1.6379330220004087,1.0285960222993578,2,28
16,0.7334114794289556,0.8018924593925476,2,3,0.041469384127528375,0.2467456892588917,2,199
17,0.025602727094249475,0.04796041518449783,2,200
18,1.4152323886984024,1.0176566513471825,2,172,0.04064548498869078,0.14137845113873482,2,200
19,0.056737719824731164,0.12195768348872661,2,200
20,2.1101233174691365,0.7930373102426529,2,4,0.06957320270215459,0.3614339047954196,2,25,0.060131012196603405,0.1261503230780363,2,57
21,1.243207631461503,1.0161699529166695,2,111,0.03542025304780874,0.15625853250535687,2,200
22,1.041335715104814,1.0225226143876949,2,167
23,0.7344331688979837,1.0388295805972556,2,23
24,0.018430707124215098,0.0685374727587641,2,162
25,0.06162665079010003,0.14880390734152688,2,133
26,0.052430015838649,0.15194550733412465,2,31
27,0.6057790930514549,1.3125361204147339,2,3,0.02292209556467922,0.0699698691782744,2,72
28,0.605366766060899,1.055728838927504,2,138,0.03697603035058531,0.1395582663161414,2,166
29,1.0399740006907174,1.0276123746748893,2,31
30,1.7330715055517594,1.6859623670578003,2,5,0.050417743881096926,0.14641771683326135,2,200
31,1.1262537698758701,0.834908259326014,2,58,0.053088358672823216,0.1738197020661663,2,200
32,1.0372850848410968,0.9777822602878917,2,44
33,1.3998982103242092,0.7232197496024045,2,44,0.02792453152600995,0.18307441080158407,2,154
34,1.0856282784169768,1.1980340117993562,2,23,0.02816064027193748,0.11668625676025779,2,200
35,0.046099329504912905,0.08442018546164036,2,200
36,1.434228964165974,1.085645906508915,2,126
37,0.9501050140366631,0.9438149403717558,2,59,0.029222770331178042,0.06138864962767202,2,200
