0,1.001255968658971,1.013277292251587,2,4,0.01849513637810202,0.08228513507210479,2,200
1,1.0106325845662796,1.0661489186079607,2,23
2,0.7977041553862338,1.2992384818292433,2,31
3,1.1187594795814233,0.8785216941553003,2,170,0.06147976557507652,0.15320926904678345,2,200
4,0.015672250514477577,0.029168487191200257,2,200
5,1.1650028482548835,0.8965185344219208,2,200
6,1.3568396690791085,1.2944507002830505,2,4,0.041186910892607786,0.18118040689400264,2,200
7,0.11330439024676627,0.18070403344929217,2,200
8,0.5303632189848628,1.0759022149694972,2,166,0.08457185296239796,0.26193119436502454,2,186,0.17144826820598882,1.1520911888642744,2,197,1.6443419171390046,1.3248478571573894,2,200
9,1.1375606142392045,0.9797918213738336,2,45
10,0.837987644518805,1.0981940868738536,2,74
11,1.0265958453334527,0.9322053388107655,2,43,0.05040662248665408,0.13806238658726216,2,83,1.2463574622534306,1.0827981090953207,2,200
12,2.657304224658197,0.9150080919265747,2,5,0.06767902926263974,0.2668602767663124,2,200
13,0.5860777126225943,1.1950769523779552,2,12,0.03578611984871299,0.16792170854007943,2,200
14,1.5057179026676377,0.8812971588892814,2,39,0.06647468738832944,1.065494179725647,2,43
15,1.0708470241333836,1.4311095078786213,2,3,0.033002964467032964,0.18410203337669373,2,53
16,1.73894677589328,0.703409519046545,2,16,0.055652256829479455,0.24966014792089877,2,200
17,2.085666095217693,0.8311174952465555,2,23
18,1.611678871960795,0.9414047441061806,2,68
19,0.4933020360921135,0.9169007658958435,2,200
20,1.3694268566701746,0.7778841853141785,2,6,0.07733740223633381,0.2136281141147171,2,200
21,0.3968941170746399,1.1281822204589844,2,80
22,0.5089523570191519,1.101350157349198,2,54
23,0.27010068142990284,0.6828413025752919,2,37
24,0.3742543853278763,1.3175101578235626,2,20,0.042756577886208735,0.22015624566816946,2,91
25,1.2467813516767288,1.0269319146871567,2,200
26,0.731908197525836,0.8102478250151589,2,84
27,0.695277828836356,0.8217145981995956,2,46
28,1.3882820827518638,0.9566146296262741,2,200
29,0.9521774016821919,0.8985297481218973,2,60,0.09309458115818174,0.26245041340589526,2,200
30,0.936589781282536,0.8554694164883007,2,99
31,0.8970142140822782,1.3360872707868878,2,19,0.02600403035041211,0.11864795630478728,2,200
32,1.0053107211586196,0.8575757467489449,2,139,0.12239807910447374,0.17809490224377053,2,200
33,1.0207311969354524,1.0438868140661588,2,186
34,1.3836835098368039,0.6094226144975231,2,31
35,1.3204170266423843,1.2077938732893572,2,46,0.03971756636041934,0.07831188223578713,2,123
36,1.0352744087300867,0.9369049310684204,2,35,0.21320349291185672,0.9445471465587616,2,39
37,1.6239810294531853,0.8141047209501266,2,20
38,0.6420013925119762,1.0378398382663727,2,200
39,0.734183765674317,0.730799688742711,2,26,0.03529423883979922,0.1680812678532675,2,154
40,1.386725191104056,0.5636392197710403,2,47
41,4.430217856985958,1.5863516628742218,2,4,0.07986026616306932,0.18271141030615376,2,128
