0,1.0325258013171108,0.9172403264045715,2,200
1,1.3613559903232424,0.8128755688667297,2,67
2,2.468319779062848,1.3239757418632507,2,8,0.03031701536536164,0.23151974685681173,2,86,1.4592919690097694,1.1123857339223227,2,101
3,0.7939010986340662,1.1957572400569916,2,12,0.047851988316087016,0.08793564941337768,2,200
4,1.1668839628134982,1.0157488512992858,2,200
5,1.3252608342471528,1.0192951989173888,2,200
6,0.970112356935736,0.8697161546349526,2,200
7,0.5134062630767071,1.181032165237095,2,23,0.025712118609092886,0.10956544610066603,2,200
8,0.07280924937070368,0.1930533116310835,2,200
9,0.01413704046429808,0.025924661904573442,2,200
10,1.1515390532939305,1.030880582332611,2,200
11,0.7489115226562828,0.947941093146801,2,80,0.023156012046099315,0.10089516590038936,2,200
12,0.7144028576030046,0.5911893921513711,2,31
13,0.7003042944055057,0.8979915589094162,2,20,0.023562278236207268,0.06026433785756429,2,95
14,1.0388733579468266,1.0013858952692576,2,56
15,0.027503225381864973,0.06609306052327156,2,200
16,0.41585091727957274,1.0572767070695466,2,153,0.07191003227392334,0.09485635985719397,2,200
17,1.1082889012717396,0.9776923513412475,2,200
18,1.0416356231552466,0.9814236879348754,2,200
19,0.753081250474223,0.9350423848187482,2,135,0.051343815777728063,0.2601616758566636,2,200
20,1.4288660884383504,1.0852052374223693,2,113
21,1.1364906512377102,1.324118748307228,2,8,0.04227022401676926,0.10215236619114876,2,200
22,0.9753607923339518,0.983753687504566,2,132
23,1.5907352772125363,0.8790550053119659,2,200
24,0.8041982207243832,1.1654989634241377,2,56,0.07333162789231648,0.12087159064727102,2,179
25,1.101841288568766,0.9963338362227241,2,139,0.044950112194299355,0.27713543274363533,2,200
26,0.6432447273525873,0.9984035795195061,2,114,0.014879358746057223,0.1542105030181796,2,200
27,1.104500775738469,1.1141900380452474,2,30,0.028182894389719243,0.13260457261520273,2,200
28,0.6245594809386152,1.0385108572244643,2,200
