0,1.641023524335265,0.9322683289647102,2,16,0.016868322298286133,0.0412014727683171,2,200
1,0.7271890784557407,1.0483006262779235,2,200
2,1.6808393927035217,0.5328360895315806,2,18,0.02509747761963478,0.07663925589768442,2,200
3,0.7805559575521653,1.3398289680480957,2,48,0.06011685739779719,0.18284698575735092,2,136
4,0.6436352846368363,0.982810061910878,2,46,0.028605211618349162,0.2101233174196548,2,190
5,0.8817742360685795,1.0025340044184734,2,152,0.0689107635615558,0.4465107321739197,2,161
6,1.2358590391151645,0.6402575996789065,2,22
7,1.1200511152180066,1.045614289385932,2,56,0.0262601335881034,0.10132945577303569,2,200
8,1.0854622433478267,0.9850115411811404,2,72,0.05882248938561046,0.3044631623197347,2,200
9,0.46681995688253,1.1508249916981177,2,97,0.07515113099623812,0.09362794646939028,2,200
10,0.9141580505008035,1.1724703040989963,2,44,0.030184213439845394,0.09341428782313298,2,200
11,1.2806630666519154,1.1051316464200933,2,47,0.030444139079419192,0.16784411933967622,2,165
12,5.225889733339834,1.2821312348047893,2,6,0.02951860046532564,0.08690832801086386,2,200
13,0.9004662682037977,1.1127918143815632,2,79,0.021788410697954126,0.11285641346096008,2,200
14,0.4188269344479501,0.9235148799419403,2,200
15,0.5059610678609119,0.9441120965140206,2,42,0.02214944111694983,0.04645507714965127,2,196
16,1.2244529043788528,1.1764323376119137,2,32,0.02966794457716812,0.10755772640307744,2,200
17,0.973709484731498,1.0102569355684168,2,136,0.14499775964022027,0.8457449674606323,2,140,0.07340885482799002,0.15598774328827858,2,200
18,1.0765082519213018,1.545010656118393,2,8,0.07307224235218378,0.18347675966409346,2,200
19,0.9027832427103556,1.3020431995391846,2,12,0.015124876456498442,0.054402247863881134,2,200
20,0.9821164970113592,0.9579143066231798,2,82,0.02201504154897066,0.058173419434135246,2,200
21,0.956658432390506,0.748064019463279,2,22,0.04320876727399754,0.09933095818824983,2,200
22,1.0521656426424972,0.8545684739947319,2,200
23,0.037400526848168233,0.08591123975813389,2,200
24,0.6667152177540412,1.0035111546516418,2,20,0.04486317876197717,0.10228349160816934,2,200
25,1.200800883047078,0.9716015060742696,2,24,0.042904433678979795,0.17000748623501172,2,200
26,0.565824567393664,0.915494115948677,2,200
27,0.6815375774341954,0.9873941570520401,2,40
