0,1.0281978646005439,1.0660473376512527,2,200
1,0.5146082983416974,1.0921397793293,2,200
2,0.6178817881189378,0.9015008655190467,2,200
3,0.9391950790001532,1.027243301824287,2,108,0.04272150741913817,0.050926774092342544,2,200
4,0.023289253428841146,0.052839051187038424,2,200
5,0.02580145469561569,0.11270936787128448,2,200
6,0.6625552015292953,0.9348235607147217,2,200
7,1.037917109570708,1.3711574077606201,2,6,0.038419494859632815,0.08568700491835218,2,115
8,0.8235962329604678,1.0196593332290649,2,25
9,0.7883966253688888,0.9153908745187228,2,61,0.15876600738712876,0.6466103990872701,2,64,0.0756180987308603,0.1825633452911126,2,102
10,0.6127872183127188,1.4317748167298057,2,22,0.034779259416301805,0.08369778364561917,2,200
11,0.783134517943093,0.8450092077255249,2,6,0.015014815551415346,0.0612542704228432,2,161
12,0.5277726117756288,0.9348489272594452,2,200
13,1.3013765735337663,1.055704437494278,2,200
14,1.4435377556667328,1.1262438052321133,2,73,0.048201218684112486,0.13541910603759796,2,200
15,1.1323904785864816,0.7883858482042948,2,6,0.031071739585738296,0.07996058069370889,2,191
16,1.1508735842632203,0.9745382966724694,2,141,0.05754722415650776,0.20639338483244685,2,200
17,0.8654980072084435,0.813540693372488,2,16,0.06253701078017768,0.14333984668812025,2,200
18,0.04082769709109685,0.05487841799855232,2,200
19,2.0357458586593022,1.1770526766777039,2,20,0.043842421251857694,0.15257563582724995,2,200
20,0.034352684407938074,0.06949245861985466,2,176
21,1.286220906097129,0.9553155335513028,2,165,0.03327461588190596,0.2370703033038548,2,200
22,0.6003452588748258,1.1149005060610564,2,23
23,1.089578819750325,1.3293255836732927,2,31,0.020404371877675617,0.16267303424946805,2,78
24,1.2203850477706024,1.2996593757911965,2,27
25,1.0615341598294024,0.956956875878711,2,86
26,1.0173623099292868,0.9695521841446558,2,108,0.06252573958587605,0.10047541493954866,2,200
27,0.7421464424725476,1.0194111702577122,2,53,0.027893585629845494,0.2116974601522088,2,117
28,1.5631497887316284,1.033124662041664,2,200
29,1.7474670588616483,1.4823923247759458,2,61,0.045007667005880055,0.1409380331957083,2,200
30,0.8957753220930474,0.9868598360764352,2,38
31,1.037303559704041,1.102930078903834,2,12,0.027156248614601478,0.10666666349820923,2,69
32,1.4680520828384949,1.3168807804584504,2,20
33,0.9232862142828041,1.3216546714305877,2,20
34,0.9512243706076834,0.8947104505130223,2,35,0.04443819026929488,0.2599196219986135,2,200
