0,0.7693759567536147,1.0914301872253418,2,74,0.010474636941984798,0.4784964695572853,2,82
1,0.5801605050623793,0.9167702353000641,2,200
2,0.06620030443287596,0.160164498090744,2,200
3,0.7445880630173057,1.0530687438117132,2,27,0.023888548554811078,0.10813132565834618,2,200
4,0.9928434706265387,0.9627069736781874,2,38,0.03899726559612832,0.17075503957860264,2,200
5,0.8448968599833844,1.0091166466474533,2,200
6,0.5460075929803464,0.9809302562475204,2,200
7,0.9380000208810864,1.0439176833629609,2,200
8,1.569753053965506,0.5327660899895889,2,13,0.02904768870559364,0.07110785354267467,2,90,0.9222278805332148,1.1097889197500128,2,128,0.03018512226408755,0.08732751198112965,2,200
9,1.033630612669286,1.0785443243319102,2,137,0.10355726876565281,0.14660491238510798,2,200
10,0.043304015542654846,0.14530314296483993,2,200
11,0.9735151119681499,0.8493449824755309,2,61
12,0.8444408031977271,0.7075939377148946,2,18,0.018905221416466885,0.06715759896970057,2,200
13,0.6137878879437622,0.8569771708586277,2,39,0.030990162926663657,0.11768124886551258,2,200
14,1.6302946688814963,1.1619400368796455,2,45,0.031453165650421486,0.10729651056951092,2,169
15,0.03627567056557411,0.12136055499315263,2,200
16,0.058596561281722005,0.17739793241024018,2,200
17,0.7216164112844702,1.129577324503944,2,63,0.07033879091095185,0.20775361282982097,2,200
18,0.5131451123028888,1.036754772776649,2,21,0.07735450679907044,0.13219137331626934,2,200
19,1.688000241590289,0.8333369260248931,2,23
20,0.04038634045582682,0.270161940716207,2,32
21,0.05358455932348683,0.16220293124206364,2,128
22,1.710365282170315,0.9906169247627258,2,200
23,0.08816247286527701,0.17332987390458585,2,200
24,1.1809613009176312,0.9402798592574954,2,127,0.06050680375871552,0.20656409451406296,2,200
25,0.6429126719977795,1.0361800558713017,2,49,0.01630706157666044,0.06276351262796794,2,200
26,0.1939862167351601,0.9032937964213263,2,194
27,1.1407404131025514,1.075957330790433,2,55
28,1.6791382553987064,1.0441646724939346,2,8,0.015030252792337344,0.13146195231991656,2,76
29,0.9784459339287992,1.4215861082077026,2,5,0.018218563521699278,0.15643787998706102,2,85
30,0.019244807024973477,0.11290755014527928,2,110
31,1.1439548952604075,0.7070749827793666,2,35,0.03917828968546085,0.0737552869500536,2,200
32,1.7396977757562397,0.7605278925462202,2,11,0.03887229818426714,0.1738141911528098,2,200
33,0.03285761599611264,0.12696388460695743,2,200
34,0.5903608598576816,0.9959548589061288,2,34,0.024000360122014317,0.10309363363018956,2,200
35,0.8811097486185314,0.884655973716089,2,171
36,0.968904759699292,1.0912522644293112,2,61
37,0.510830003010231,0.5297703472050753,2,22
38,0.5669704319427531,1.0722251269552443,2,18,0.014966062717929645,0.0864760123713072,2,104
39,1.7109479738068647,0.8908581649479659,2,184,0.09056200370365046,0.253978731110692,2,200
40,0.9689884085576566,1.044822062764849,2,28
41,0.7062470155091622,1.176292061805725,2,22
42,0.7665874049577269,0.9090723305940628,2,200
43,2.29399422661867,1.0895674601197243,2,16,0.017393297046161462,0.03845605011219564,2,200
44,0.385213490903741,0.5871335657743307,2,13,0.04392455801342032,0.30286621967738964,2,200
45,2.1036983405657503,1.0589343492801373,2,13,0.05861848722808641,0.21834467455027576,2,200
