0,0.04321638925163099,0.2249675690382719,2,200
1,1.0051844099185403,1.1169805758529239,2,108,0.0604663551713595,0.19765462110871854,2,200
2,1.5980334678409605,0.9269096752007803,2,12,0.02579016098151065,0.0852933519698204,2,200
3,1.064913590075543,1.019658054925699,2,113
4,1.2477408885324455,1.1909260324069433,2,28
5,0.5251452579705551,0.8495065741466753,2,66,0.058990996075672666,0.10073760585553611,2,200
6,2.1089052715276697,1.187944837978908,2,28
7,0.6216605642817052,1.3966528006962367,2,7,0.05734739755456764,0.10162035942077637,2,182
8,1.3597278603362701,0.8851252054346019,2,29,0.060742429559990346,0.18767787001983463,2,200
9,1.2606664123907865,0.9985950182123882,2,82,0.03369357697969652,0.13673382934372305,2,200
10,1.8960536102516103,1.1610379099845887,2,50,0.04947733636158223,0.11514303048451742,2,200
11,0.06419697894624901,0.2104891088604927,2,200
12,0.022714782221317422,0.10476862251758576,2,200
13,0.5989045187607176,1.0105766389105055,2,18,0.013343017288867887,0.10216677418121925,2,70
14,0.544077671465435,1.0331347042864019,2,22
15,1.021218827568503,1.0731650103804886,2,93,0.057391499061960054,0.17360745913514466,2,200
16,1.691854907050126,0.9778605028986931,2,64,0.020490264774166923,0.0629500805893365,2,200
17,1.1772843528190908,1.1325611930627089,2,52
18,0.6046143641446978,0.9905516338348389,2,50,0.03675612691518303,0.15077384183804193,2,200
19,0.049911819170067186,0.1180467639118433,2,200
20,1.4560399930941272,0.8442817306031987,2,49,0.04503079035112037,0.13981265362524828,2,200
21,1.7150682141280253,1.1158995628356934,2,29,0.07941051943673254,0.19619375842007977,2,200
22,0.3900806358219747,1.068025777214452,2,76,0.03389135632721872,0.1788589182880617,2,200
23,1.0845633661580176,0.9622506766029484,2,181,0.030434802814921443,0.13636094567022825,2,200
24,0.49724004515016657,0.8678514312694569,2,101,0.051944280024560155,0.1490375751798803,2,200
25,1.0148168072667605,0.9579465931653977,2,200
26,1.5217679603203529,1.2859454154968262,2,35,0.05172864899368219,0.1423180151892745,2,127
27,0.7706618557034366,0.9543659516743251,2,42
28,1.1373563819721833,0.9902943235455137,2,165,0.08727000804125237,0.2640355084623609,2,200
29,1.0133988606122362,1.0006897837616677,2,43,0.02047551386136489,0.12622883308465313,2,200
30,0.029835114977361157,0.1507759879529476,2,200
31,1.0162068612364983,1.0256179080289953,2,51,0.060763882193533944,0.24319627871049332,2,200
