0,0.03470658553983911,0.14099177283545336,2,24
1,0.045119851382596915,0.09817043195168178,2,24
2,2.1324628419578415,1.2590427199999492,2,12,0.047665628446885544,0.17757897491150715,2,200
3,0.05727339276781034,0.22069723278284073,2,200
4,0.5955453883690002,0.8946442520618438,2,200
5,0.5153767704800071,0.7594613912312881,2,46,0.029546820758262565,0.11708600654617532,2,200
6,0.9978178536831355,1.1008101065953573,2,15,0.02588596641203091,0.18910307188828787,2,36,0.7082694019450652,0.9992948480141468,2,75,0.02490935319268083,0.08536627888679504,2,200
7,0.8176388325792935,1.3119412798147936,2,26
8,0.7647283190924944,1.1402136087417603,2,18,0.020101165983528627,0.11655639934462386,2,172
9,0.6435314186933335,0.879971217492531,2,58
10,1.0030343497690992,0.5516365505754948,2,8,0.026051483887275618,0.06271215301972849,2,143
11,0.750698027778779,1.0584943724233051,2,86,0.032065046339783215,0.1330837837436743,2,200
12,1.1341747697417879,1.0805582214804257,2,170
13,1.011650833335703,1.3368991127720586,2,27
14,1.287195366459756,1.2561224937438964,2,20,0.0412804230854029,0.10284730419516563,2,200
15,2.338654727779955,1.0982498168945312,2,5,0.020105957345336357,0.07587634034645863,2,200
16,0.8123148069094782,0.8193041134265161,2,124,0.031317160755701394,0.18107499711607633,2,200
17,1.0741828797486075,1.0094126748367094,2,71,0.03147860678498486,0.15280010811118191,2,200
18,0.04911747575252258,0.18558610743241952,2,141
19,0.9460077024287107,1.0598320805213668,2,176,0.05962118502949656,0.15278292136887708,2,200
20,0.9632776531468552,0.9104775143604652,2,102,0.03347012624114709,0.06992874826703753,2,200
21,0.7614979444547894,1.1396670514887028,2,55
22,0.7008158558115894,1.1586320248055966,2,47
23,0.7936845668329721,0.9923702695152976,2,44,0.0586965907703283,0.11229622040105902,2,67
24,2.0496618651966867,1.3530190057224698,2,18,0.026803904805590216,0.09213046359093809,2,199
25,1.253195689012726,0.9317554024468481,2,113,0.03163168405938858,0.0844356397102619,2,200
26,0.02007645529593761,0.050497575998306274,2,200
27,0.8649472975637432,1.0502849006652832,2,200
28,0.02772683748719056,0.11788847996638371,2,195
29,1.0442604541889433,0.8942263931035995,2,200
30,0.804114768943058,1.1113315458539166,2,79,0.03793342940565868,0.19109960209648563,2,185
