0,0.7066525323905535,0.9988471275568008,2,200
1,1.5758477666261215,1.0836528079551564,2,57,0.025275164679582247,0.10167471670052584,2,91
2,0.029548974567818336,0.03378605045551478,2,86
3,0.8011901932586165,1.2421445792371577,2,22,0.03504393834528172,0.20606453314925846,2,200
4,1.5417888814560123,0.9648736348518958,2,13,0.03074483841391174,0.12773346542355848,2,200
5,0.022293665417688235,0.1324972366164257,2,154
6,0.6186710613100034,1.1244778037071228,2,9,0.04033648701421304,0.11987895917248081,2,194
7,0.8888667756915549,1.0390848008597768,2,41
8,1.1627102751973246,1.1619226038455963,2,60
9,1.1845465489511517,0.9967522869015685,2,101
10,0.5234661430598472,1.1013386195356196,2,110,0.05444924432732713,0.1807496714923117,2,200
11,0.9315830465787384,0.9318118178761089,2,143,0.07192084161553972,0.17026285356596896,2,200
12,0.5892159365330984,1.0045417474977898,2,33
13,0.5800192497383787,0.7251115537458851,2,31
14,0.40350240730664255,0.8871426745768516,2,62
15,0.6577469891962533,0.7627917903440969,2,27
16,0.6406936926756573,0.9019033536314964,2,24
17,0.7516293677463112,1.075839846664005,2,90
18,0.7374349915929842,0.8735013145666856,2,52
19,0.5796841193979476,0.9792395330244495,2,31
20,1.0022974314016886,1.094788272924061,2,158
21,0.9671898366980511,1.1693931549787522,2,40
22,0.9906457174738885,1.196433608730634,2,24,0.07471855853631883,0.2773981081660498,2,200
23,0.6207247437996801,0.9884347803572304,2,117,0.06233204978142628,0.1742279981992331,2,200
24,0.9877320062766305,1.008836317062378,2,45
25,1.0226458304669206,0.6105052040469262,2,31
26,1.0025670808275056,0.7524038824168119,2,44
27,1.045565728776323,0.9239471334218979,2,200
28,0.04500738322027405,0.09315768234431744,2,200
29,5.183457027232067,1.5515329241752625,2,4,0.030005217540438802,0.07609402738055404,2,200
30,1.2399129206147654,1.2133370552744185,2,28
31,0.8706863972936804,1.0589721253794482,2,117
32,0.875322285118687,0.9498832158206665,2,194
33,1.4382061764897145,0.9765171963593056,2,58
34,1.1944270309637226,0.7401583592096964,2,30,0.05921670863333957,0.18909438838561377,2,180
35,0.6593646038173441,1.011686384677887,2,17,0.08713080955866437,0.22835394976243295,2,200
36,0.9873304392815712,1.2214653907820237,2,43,0.03241082962880113,0.07722449152589701,2,182
37,1.2113880077279395,1.0821455989565167,2,175,0.03863401871236558,0.15111956775188445,2,200
38,0.43716321286210147,1.0635012101362096,2,187
39,0.9252651846839134,0.9256509238481522,2,200
40,1.436151066041704,1.1242489116947825,2,41
41,0.02787275787923074,0.14054449871182442,2,40
42,0.034652884512690774,0.030238930135965347,2,40
43,0.9770766775705269,0.9493613225041013,2,33
44,1.0361640984522036,1.0384158354539137,2,91,0.031561661711834894,0.20188676019509633,2,106
45,0.03163439868487617,0.1952087837457657,2,200
46,0.2824787997462882,0.8146592750714693,2,173
47,1.0442887560638316,1.0688623116188443,2,97
48,0.9239623621570683,1.1441339564323425,2,50
49,1.1881690066844701,0.9373282995717279,2,116,0.014887793883522779,0.04833026035200982,2,200
50,0.927528642102954,0.9541205379698011,2,45
