0,0.026616937197532515,0.12964120961182954,2,151
1,0.9669363835800092,0.8089106518124777,2,63,0.030264161174579193,0.08665887304466136,2,200
2,0.9152801777334395,0.7316912004351616,2,200
3,0.7762479098570949,1.0276907505375323,2,101,0.04844823532067333,0.18080055171793158,2,200
4,1.9563410274592543,1.0908467136323452,2,32,0.020248197913580446,0.14943182539372218,2,200
5,1.1827268377402502,1.1611704395172444,2,47,0.06947327541889625,0.22982781648246292,2,200
6,1.1353783550060716,0.7889467249082964,2,86,0.09366152480392546,0.08970980555341955,2,200
7,1.666697757667014,1.306321918964386,2,8,0.045273550401878894,0.09480303758755326,2,200
8,0.03383520474634417,0.09257967054843902,2,200
9,1.2917871307728717,1.0829651900700161,2,35,0.027851061197779615,0.04913564044417757,2,200
10,0.5063423765942984,1.064432334556854,2,139,0.03264617868911209,0.49123520794368924,2,160,0.9717292051533583,0.8292135720451673,2,184,0.04086505764410679,0.1727493219077587,2,200
11,0.9008583489022808,0.6070621354239327,2,28
12,1.3849884539641901,1.1275287323984606,2,145
13,1.6974593318047395,0.8445366365568978,2,28,0.04101701050381925,0.1953008472919464,2,115
14,0.8297902603645552,0.8876284480094909,2,50,0.07525170249268151,0.26633631765842436,2,200
15,0.41147145280864633,0.9270670936818708,2,171,0.01572577263308752,0.1275264435801013,2,200
16,1.3772624775209323,1.0077903832214465,2,69,0.042315194318817,0.2546951437496957,2,200
17,0.03758206388231937,0.09719557127506613,2,139
18,1.2721716988864726,1.0491505175266627,2,53
19,0.9350240293145845,1.0871557332575321,2,32,0.044756048983587864,0.12395506063560108,2,143
20,0.7232422577717535,0.9800520217418671,2,200
21,0.060713394084870066,0.22407615669071673,2,200
22,0.06579417126320604,0.1954150091856718,2,200
23,0.9045966110409447,1.0429021406173706,2,200
24,0.6891018577886562,0.9768091348501352,2,13,0.03362825029494673,0.06674097836973833,2,200
25,1.7820815123587939,1.4608857956799595,2,11,0.027547037515487358,0.12752964154437738,2,200
26,0.046168877727513824,0.1639660981033935,2,147
27,0.45020071433756986,1.0422150546854192,2,44,0.022128195828484007,0.11170812686666465,2,200
28,1.0506460037538432,1.068050593137741,2,28,0.08173939930909285,0.21976495683193206,2,93
29,1.0616668222135819,0.996553583348051,2,47,0.028056027912229418,0.097462140559371,2,200
30,0.7882530527863032,1.3040139812689562,2,26
31,0.7006531098848202,0.981698581805596,2,26
32,1.149580139140697,0.9839118987321853,2,200
33,0.8879679076568233,0.8580245611691238,2,101,0.025207060801800133,0.09029059503415618,2,200
34,0.0673952078252919,0.278412163523691,2,168
35,3.188676724996716,0.6147520840167999,2,8,0.06330167826340377,0.2810592202780147,2,200
36,1.2711341312225102,0.9645751059055329,2,60,0.03852543869448463,0.11814858700547899,2,200
37,1.0022307187025945,1.156000867486,2,56,0.06434902119414851,0.16920723010682398,2,200
