0,0.041136263579864156,0.2402029712498188,2,200
1,0.657969171511521,0.7295406311750412,2,32
2,0.5719270611660103,0.8625330721459737,2,41
3,0.5048234107873403,1.050165851910909,2,21
4,0.05262780105210668,1.330888384580612,2,10,0.03849722652641615,0.12385018883567107,2,200
5,0.9283434170634913,1.0950863647460938,2,25
6,1.0035247160214853,0.9840554038032157,2,61
7,0.7501054052185825,0.9344319036373725,2,26
8,1.160935826916268,0.9868351208920382,2,49,0.06131429450852683,0.19665932832964209,2,200
9,1.5377612867377002,1.138085141239396,2,83,0.04586469063826223,0.10904283897999005,2,200
10,0.48166795007042845,0.8833691593139402,2,62,0.08048918126246024,0.22261933928382568,2,200
11,0.6811892763226782,1.0299492524769491,2,167,0.05789945408634806,0.15364291315728967,2,200
12,0.07935992135398698,0.10516925424337387,2,200
13,1.7395565904322876,0.8935229095319907,2,48
14,2.0196712029857324,1.2322972958738154,2,22,0.024365309671315057,0.04950150227948521,2,200
15,1.094295015027894,1.0191037560586875,2,177
16,0.8374520562680297,0.9363942034890719,2,107,0.0345847003160859,0.17348655273196517,2,200
17,1.4582456433337785,1.0351765155792236,2,6,0.045592168257684126,0.13066452395977432,2,200
18,0.7131095698588265,1.0755207834387184,2,133,0.018143942040073368,0.12906835795338475,2,200
19,0.9906088781258715,0.9381607095400493,2,30
20,1.8221979422958623,0.5952385902404785,2,20
21,1.4377005302593113,1.11530702839727,2,115,0.0165369712088621,0.08565897669862299,2,149,1.730040835437533,1.177045844850086,2,170,0.018435850714352716,0.08393725603818894,2,200
22,1.256553154745096,1.0658547591559495,2,79,0.013992618637174868,0.1097995350137353,2,159
23,0.8570695457565103,0.997735699286332,2,148,0.05872177340142187,0.18673361465334892,2,200
24,0.30553872072584237,0.9285106360912323,2,20
25,1.0602181093335363,0.9394710580507915,2,30
26,1.4370731216997568,1.2257403830687206,2,48
27,1.4971579102659305,0.8603170903361573,2,49,0.06295397334963751,0.20106753450355783,2,200
28,1.1824061362644807,1.2264475708916074,2,63,0.070727913092006,0.22920405268669128,2,73
29,1.3362665108066618,1.2679021462150242,2,69,0.048801023617073676,0.13838678837277507,2,200
30,0.7527579537308361,0.8944236788638803,2,86,0.01783604821861869,0.10312971185173905,2,200
31,0.06840018611365904,0.08346604377031326,2,200
