0,1.1887865563461466,1.0691990489545076,2,23
1,1.6193955891595098,0.9772312641143799,2,14,0.03194981360366486,0.5857232528574327,2,48,1.4616863609216593,1.0491661848845306,2,102
2,0.9340719344076636,1.1872857885482984,2,78,0.01854679686367744,0.18580285689005485,2,104,0.8519860633733072,1.2144415286871104,2,156,0.026590082531474542,0.14431553408503534,2,176,0.6723553940340756,1.2950191001097362,2,200
3,0.6074631876175871,0.9609197980287124,2,98,0.040511952801354896,0.06720434772033318,2,200
4,0.8537112715578451,0.9799721089620439,2,126,0.11958278588686416,0.3373924025467464,2,133
5,1.6081849824263812,0.6677654981613159,2,7,0.04111656453186197,0.09717297329478068,2,80,0.9492196168783185,1.426856968137953,2,89
6,1.4916989794224156,0.9853660901387532,2,30
7,0.8057388385936982,0.887696051397803,2,179
8,1.529087714814708,0.679506174155644,2,28
9,1.2693116069205534,0.9148249439164704,2,51,0.10227276582841763,0.21624151497117935,2,82,1.1662430409587707,0.7372246861457825,2,92
10,0.8363196173277231,0.8614459832509359,2,6,0.016533837317063853,0.07614662426133309,2,68,1.3043834458056387,0.9578242843801325,2,79
11,1.0202071054381159,0.8021803150574366,2,120
12,1.226934188926594,0.9454284575250413,2,63,0.045240551689062214,0.22590990494126859,2,86,1.228170830321296,1.0018914568013157,2,115,0.04485258379866026,0.139780655503273,2,180,1.2508300687851417,1.200372928380966,2,200
13,0.4460028892626866,0.9222487415753159,2,102,0.03576887739048276,0.1733877702939267,2,200
14,0.6764477460034077,1.1380558013916016,2,25,0.01808448243333109,0.910088062286377,2,33,0.9138298269750812,1.1806372558369356,2,118,0.033654243057355857,0.14742393007403926,2,175,0.8200018608364232,1.207544093132019,2,200
15,1.1827427087689248,1.0820258736610413,2,10,0.04369103665516779,0.15937794974217048,2,23,1.3911939337874015,0.8507197553461249,2,34,0.028187360320046935,0.12602764310745093,2,60,1.3639665824479048,1.1695282704689924,2,128,0.8784731220184434,0.5310317516326905,2,138
16,1.9331690175839833,1.1759272168080013,2,24
17,0.5607170471823584,0.9927450829082065,2,180,0.05621690739437921,0.16423634439706802,2,200
18,0.646387317352292,0.8946443644369612,2,161,0.031590313597808437,0.17534976509901193,2,200
19,0.12453773776165068,0.16753739278231347,2,28,1.1726906037972487,1.0733727022012074,2,178,0.05221281404973834,0.2494333196770061,2,200
20,0.9737795870551966,1.3040408520471483,2,42
21,0.8052970153774422,1.2267998911085582,2,21,0.02781136315459377,0.07724780417405643,2,34,0.8053780721419954,1.210213343302409,2,76,0.03051003757652257,0.09373691308814867,2,189,1.380717431748528,1.4468134099786931,2,200
22,0.2727000802900326,1.066298097372055,2,16,0.017551159946115683,0.06304898231789685,2,154,0.41040834705194834,1.1277125996092092,2,200
23,0.25532929009968325,0.10786025722821553,2,3,0.060829105465360626,0.15610783435832495,2,90,0.7117772377178017,1.0123487589034168,2,178,0.06287326295894441,0.3124529326503927,2,200
24,0.4973498864584679,0.8527907399194581,2,56,0.039315488947728384,0.1243087992719982,2,79,0.6328499775787184,1.230137872695923,2,94,0.031436097449590895,0.11708674340877893,2,200
25,0.6059894193182717,1.242147431468332,2,151,0.045956004031204034,0.21195264403917352,2,200
26,0.480191592665356,0.7614577233791351,2,10,0.01612730589269731,0.23094172843477942,2,32,0.6744788392470384,1.014736082404852,2,96,0.04291002463291485,0.048009074714085824,2,169,0.4609931866552002,1.0781421815195391,2,200
27,0.47306786703616344,0.47377109713852406,2,16,0.4943457041375936,0.8131676246953565,2,59,0.0538484879051,0.10181657524629571,2,146,0.6186221350091254,0.915366522691868,2,200
28,0.9502854007865693,1.1641000424112593,2,84
29,0.5265719092241452,0.7495677037672563,2,11,0.01510145767849268,0.07056792722131214,2,148,0.7325829619083184,0.9832595891140877,2,195
30,0.1365478982572784,0.22936200201511384,2,5,0.054899072349586776,0.17809412124402382,2,73,0.16879601124293597,1.011410641670227,2,78,0.023574938640833636,0.15348108649253844,2,103,0.4743350835284336,0.9208052072328391,2,200
31,0.1149232232667367,0.09205236711672374,2,28,0.7896240940224765,1.0817151700341425,2,200
32,0.45724730236900285,0.9305905103683472,2,32,0.027525034998698766,0.17550862077120188,2,69,0.5551140027000607,0.9705413083235422,2,129
33,0.9168436670100653,0.8830644958897641,2,38,0.08216401353778743,0.249860574282817,2,105,0.46665496486942004,0.5830312743782997,2,109,1.009985838018946,0.7523728717457164,2,175
34,0.9880657456970636,1.1561536292235057,2,24,0.028540745229717127,0.14887219071388244,2,39,1.1559922590213225,1.118143569855463,2,81
35,1.080513476252774,0.8538891931374868,2,30
36,1.335979596485444,1.0233615466526575,2,21
37,1.1362050047951515,0.8824430558416578,2,45
38,1.0519136417671757,0.8874881034609915,2,87,0.009941560288184268,0.6560742457707723,2,96,1.4365349514086476,0.8147432059049606,2,200
39,0.05734936144770079,0.0495119310581862,2,67,0.8189567307750127,0.6398249268531799,2,70
40,0.5685761860819868,1.134981753230095,2,200
41,0.7461565624068648,0.9589785764614741,2,180,0.13845029242317955,0.17263700813055038,2,200
42,0.03080778079162674,0.16791957515207204,2,88
43,0.6664353555527559,0.9712624010585603,2,105,0.05031006630667704,0.15236856372732865,2,200
44,0.6907603750828067,1.0412578635577914,2,158,0.27263128333209513,0.8424655437469483,2,163,0.06300204010625635,0.34661268844054294,2,189,0.8335448345882759,1.5167812434109775,2,200
45,0.5447071360012999,0.428411066532135,2,3,0.04652716439298664,0.13828464907904467,2,99,1.234137910654002,0.9650424658241918,2,158,0.44245545118317964,0.9159825086593628,2,163,0.056077242675168226,0.270123941393999,2,189,1.3419102462023147,1.340803623199463,2,200
46,0.9684994994488413,0.8542019906251327,2,23
47,0.5757838519433911,1.088240648508072,2,200
48,1.034671880088163,0.9201101245880127,2,125,0.055276969874434104,0.06863017082214355,2,200
49,1.1413222636647256,1.1084525662660598,2,200
50,0.1556949604698572,0.5553009063005447,2,4,0.028901164803547007,0.12417514362307482,2,90
51,3.258470309852278,1.472485566139221,2,5,0.021755853056272544,0.1122018179250142,2,68,0.08736818498374294,0.19174712616950274,2,84,1.3519767328945735,0.9754639232859892,2,101,0.1557378151872838,0.7344605127970377,2,104,0.06727550617712919,0.2631607777439058,2,200
52,1.1067488080280323,0.9963458163150842,2,138,0.021304598760723305,0.1694281610349814,2,174,0.04429432020313648,0.1479701199210607,2,200
53,1.154577470354259,1.1474126130342484,2,80,0.028398038689106307,0.18292062878608703,2,100,1.1295915004228012,1.1666443212122857,2,179
54,0.7902058959052254,1.275448068257036,2,145
55,0.538434442653603,0.7157071530818939,2,22
56,0.01841063944204931,0.036417334609561494,2,45,0.08250622187856652,0.1037790874640147,2,48
57,0.2614161030501448,0.6213049590587616,2,3,0.02176479309893092,0.23130792264754957,2,16,0.35973124034231957,0.6535493731498718,2,21
58,0.6234883094943464,1.196632757782936,2,32
59,0.7009286180680843,1.1575011213620503,2,24,0.022656945271901038,0.2220410426457723,2,39,1.1977158464348778,1.1199265109731795,2,180,0.05004300578509222,0.5299095074335735,2,195,0.23383292566573652,1.2014589309692383,2,200
60,1.0279816871413783,0.8760210634111525,2,143,0.020617247310795735,0.06739871857459084,2,200
61,1.6039647498687988,1.1195631510502584,2,37,0.03435515312442477,0.1458031909333335,2,82,1.5528700110141067,1.104332862076936,2,109,0.04624760318832382,0.07343797556689528,2,170,1.2678470699824218,1.0712015867233275,2,200
62,0.8738287157356199,0.9946904959100665,2,33
63,1.088080646715213,0.9142262806495031,2,60,0.0687811469451264,0.1337643627857053,2,146,1.4367923212334615,0.9063829823776528,2,200
64,0.7799111390953241,0.9667271804809571,2,200
65,1.5383423336565063,1.0253788896969387,2,35,0.035998413457782256,0.06027831243617194,2,175,1.7955179030651107,1.3405612087249756,2,200
66,0.8523017434166391,0.32659357515248383,2,22,0.7975432028610707,0.8859457590363242,2,33,0.750488118672131,1.4722332225905523,2,51
67,0.9633567157576329,0.7691687797196209,2,128,0.11178042355765944,0.1586856611073017,2,148
68,1.178201523921902,1.0702988075304636,2,158
69,0.5732594683664325,0.6916078691897185,2,23
70,0.6244313632155404,1.1738211540948778,2,21
71,0.5156034748674594,1.1332200413018885,2,142,0.019098229961450965,0.09061685178814263,2,200
72,0.7729184156792465,1.1703643202781677,2,6,0.014671830339963159,0.8325541317462921,2,14,0.8902128377451646,0.9768366676110488,2,40,0.038430986081714386,0.08619942808789867,2,96,0.864655455891823,1.0054635313841014,2,200
73,1.3346380901448553,0.9713372039794922,2,25,0.028385945428809248,0.5267558209598064,2,33,1.6644933107833229,0.9674806868443724,2,94,0.030475619968041052,0.18445418761023935,2,200
74,0.6836665592354608,0.989288467168808,2,20,0.03769706891201867,0.10289845273301408,2,57,0.5944197138519356,0.9810530458177839,2,92
75,1.7191145952656879,0.5737084547678629,2,3,0.04611106555315685,0.144049275200814,2,99,0.6242047781859686,1.2858677357435226,2,115,0.04311218281149679,0.11460944098323139,2,182,2.0289998264513764,1.4542475011613634,2,200
76,0.5254671641119837,0.9904247890819203,2,55,0.08650862233230328,0.1914704442024231,2,73,0.4604285094756203,1.0021875554865056,2,95,0.07862411681468978,0.11410669698601678,2,116,0.6855080349441123,0.9975554275868544,2,183
77,0.8854054254418866,0.8586058355063844,2,139,0.029012276019168306,0.2506429267222764,2,200
78,0.8473181046784828,0.9524872453906869,2,158,1.163451860332338,0.9411695978858254,2,191
79,1.0665352011009634,1.0910631482665603,2,37,0.07301447089912182,0.21653234323157983,2,105,0.5035518346117493,0.9487113782337734,2,112,0.025163645412171427,0.4257299032281427,2,146,0.9501357800630086,0.577763020992279,2,150
80,1.418062218918673,0.9774502583912441,2,35,0.03979129318040023,0.04980896966797965,2,175,1.32700198429814,1.015667728583018,2,190,0.13652812098241,0.07612636238336563,2,200
81,1.0933966684150596,0.9013011774846486,2,56,0.053224912315223534,0.11975742358228435,2,79,1.1580589628121392,0.9311162139855179,2,130,0.06454039806943192,0.19131274265902384,2,200
82,1.4728013385222174,0.9617194497585296,2,100
83,0.7497531977561133,1.3468385934829712,2,3,0.05820296888326158,0.1477123209658791,2,88,0.6987153735296673,1.0870990987334932,2,200
84,1.4367192416602763,1.0912630644397459,2,69,0.03170080065743322,0.15564996924470453,2,137,1.3673691977511937,1.0230757054828463,2,200
85,0.5339622854462279,1.0842821033377397,2,19,0.01595247209351349,0.29732342765611763,2,36,1.0813162399605853,1.0735270427722556,2,138
86,0.9359354250415296,0.9418682887636382,2,87,0.023848282201017784,0.6112403339809842,2,96,0.8044877028122993,0.949628080924352,2,156,0.04440348826524421,0.1580824145248958,2,191,0.7500188289328024,1.1179886791441176,2,200
87,0.9481946693544997,1.2003254034580328,2,39,0.07187809329813298,0.23281542056550583,2,135
88,0.8172622784127876,0.9631658583879471,2,200
89,0.9534270011633191,1.1830878019332887,2,10,0.0269412750452753,0.40208114428179603,2,80,0.8346631526930771,1.200198687116305,2,200
90,0.8177375550205126,1.1633133531376054,2,157,0.05407372336273158,0.16876779189881155,2,191,0.6173023738655349,0.41500579317410785,2,200
91,1.0276371777603879,1.055922854514349,2,21,0.04655020207843322,0.09215258635007419,2,34,1.432492287179541,0.9951966944194975,2,76,0.03501306651805719,0.1031954429582157,2,189,1.8463311863075718,1.3272417350248857,2,200
92,0.850359915888155,0.96671389751747,2,61
93,0.692104950905521,1.0060456408249152,2,182,0.4416117158410527,1.0780565937360127,2,200
94,0.9292268872212229,1.1136517655849456,2,200
95,0.8019894246947845,0.822829829454422,2,200
96,0.9701819173286497,1.2619667127728462,2,32,0.040144804387084766,0.12420072693091172,2,58,1.3575035646919982,0.9533353022166661,2,72,0.064169307873076,0.14470398290590805,2,182,1.033561502017694,1.1046147412723966,2,200
97,0.49045552187049746,1.098167208108035,2,22
98,1.625831026964773,0.697347891330719,2,5,0.062365612604814456,0.1330242056180449,2,73,1.6071114379658045,1.0882634907438045,2,130,0.06673205574624713,0.19834731881107603,2,200
99,1.0286584278200448,1.277724398756927,2,53
100,0.864700345605104,0.7447147497109005,2,28
101,0.893909169608623,0.9781976630610805,2,155,0.05000966260300753,0.4012453593313694,2,187,0.903677813498065,1.1588261952767005,2,200
102,0.8959960824296115,1.0647706204447254,2,29
103,0.5937197397771778,0.587428230047226,2,10,0.03127154614666718,0.30517160998923437,2,80,0.5100218063079474,1.025613780816396,2,200
104,0.5936554201060732,0.9353470963400763,2,37,0.03653151827568438,0.17619730863306257,2,82,0.6810459250424914,1.093640735704605,2,155,0.05903795254467931,0.33312733822009144,2,189,0.7941380652524941,1.5589568614959717,2,200
105,1.3578218964542628,0.9002254162515912,2,35,0.07847928022669844,0.25927663391286676,2,57,1.2329209995819257,0.9509176296346328,2,142,0.23917132123307386,0.15192282448212305,2,154,1.516929498743303,0.9582201333149619,2,200
106,0.37718337077630165,0.3196938227523457,2,11,0.5901162368870996,0.8511253259551357,2,82,0.024888181241870585,0.09313672696644405,2,135,0.6200590132394318,0.9575227609047523,2,200
107,1.573681456353515,1.020500700388636,2,140,0.05893732561562745,0.1871280568950581,2,193,1.8358986829189765,1.173949888774327,2,200
108,1.763079357582666,0.9610309422016143,2,200
109,0.5917770634009416,1.0935355293750764,2,200
110,0.018613398401990902,0.08507727285226187,2,45,1.1035038122418899,1.1080712874730427,2,48
111,0.5429617614710673,1.0126072576171474,2,38
112,1.0116550749670516,1.08151338213966,2,42,0.05428236517968354,0.20368040729136694,2,147,1.413338755561292,1.2087415569233444,2,200
113,0.7076901340680728,1.3028660345885714,2,118,0.03175664760298117,0.15166028053091282,2,175,1.3270718046141556,1.4151184701919555,2,200
114,0.3314697027499087,1.3224925637245177,2,10,0.01585665230270647,0.22961680387908762,2,32,0.8174906191972918,1.051366621797735,2,54
115,0.412633062773591,0.6976287364959717,2,3,0.10998976110928733,0.11802064710193211,2,12,0.04136925656403457,0.1446946612559259,2,44,0.43776800181899334,1.2004118583820484,2,71
116,0.9342279514972293,0.804807152066912,2,98
117,1.2648710647027352,0.9982806173237887,2,22
118,1.1661463872437376,1.1149922340146956,2,31
119,1.184275793356022,1.0299404275183583,2,102,0.040097058252970844,0.14604605673527232,2,200
120,0.13103366712590137,0.845399539561788,2,157,0.05659271811694482,0.6884957551956177,2,162,0.044188774313522895,0.42785283538603014,2,193,0.12535190585997547,0.6219298669270107,2,200
121,0.8807154913648014,1.2483408066534227,2,31
122,0.7980890333671692,0.7453894723545421,2,22
123,1.1786118307383981,1.201763072184154,2,28
124,1.7574135326143736,1.1227551817893981,2,10,0.01603077422113492,0.02811865583062172,2,90,2.3443945484191326,1.4371168083614774,2,99
125,0.41182968299016964,1.070705134421587,2,32,0.02721668021274177,0.0793484605020947,2,122,0.514625419278341,0.9085287841466757,2,200
126,0.9636031865618111,0.919168769188647,2,53,0.10121480685764299,0.26982141463529496,2,74,1.0426287394682079,0.8774988736425128,2,95,0.06851387895889195,0.19182313165881418,2,117,1.0405248696947247,0.8570698391960327,2,200
127,1.314190000299438,0.9413747317450387,2,175
128,1.7265259605803458,0.9351352728330172,2,156,0.010267456821091843,0.34082198739051817,2,176,2.078752522883843,0.9433459540208181,2,200
129,1.0903928243030983,1.0503323100231312,2,108,0.06581427313011898,0.12310487634324013,2,155,1.4760943238336286,1.095694571071201,2,200
130,0.5254334568037334,1.1499015718698502,2,40,0.030570201454316895,0.09485365141112849,2,93,0.19620079174720353,0.4661011934280396,2,98,0.6188571559578044,1.0157296108264549,2,200
131,0.8068334939981805,0.9538686299324035,2,50
132,1.2740312764188473,1.1022573788009005,2,167
133,1.244248798747008,0.9805719922115277,2,154
134,0.872555606915122,0.7979795248420151,2,27
135,1.1986714317494611,0.9585439464939174,2,67,0.021459937666059876,0.08357544478617217,2,200
136,1.0165232659535668,0.6825536921316263,2,98,0.03848291040067358,0.07154472917318344,2,200
137,0.8378529461154619,1.1973739435913366,2,109,0.06394938461138423,0.0996822581316034,2,157,1.0591403246551307,1.176561527473982,2,200
138,0.3477937062833859,1.0181063920259477,2,200
139,1.651290532550601,0.9466995807255015,2,34
140,1.2114283515324273,0.90985239939443,2,116
141,0.5910396851065228,1.118530554557914,2,67,0.018410331511262912,0.08266034251765202,2,200
142,0.09376664053645913,0.17666891713937125,2,21
143,0.09878222005680387,0.3648606694262961,2,23
144,1.5040001197754296,1.0474944032471756,2,29,0.12060950347679103,0.5290041888753573,2,41,1.1380490791915718,1.0051593123856237,2,159
145,1.026381865683983,1.0079209089279175,2,55,0.19633973312961248,1.023180317878723,2,60,0.015063924414044097,0.05153949342776036,2,129,0.7906321335175839,1.050658494234085,2,133
146,1.1057953205861317,0.9590077817440033,2,200
147,1.4349211501953183,1.3394205201239813,2,42,0.05272096169012457,0.12801751705273143,2,148,2.0985340193526185,1.1516825602604792,2,161,0.04134685942527249,0.10528053343296051,2,200
148,1.591981547583943,1.0783435173754423,2,53,0.9865875143999326,1.0461235386984689,2,81
149,0.6273134233291581,0.9341510136922201,2,189,0.21263232115273586,0.7376101016998291,2,194,0.13765631854571178,0.2239199603597323,2,200
150,1.6396677626512455,0.8338959357317757,2,34
151,1.486155708519508,0.8838120253992753,2,71,0.027229871471723847,0.18351027475936071,2,85
152,0.7277109394297236,1.0141903559366863,2,6,0.039024627706539465,1.1301303058862686,2,14,0.8573796426155216,1.006222003890622,2,200
153,0.7068572417932467,1.0376673936843872,2,33,0.025351026680148023,0.12448152320252524,2,123,0.5749046073069081,1.1073654100492403,2,200
154,0.13651469075010403,0.14906177602031015,2,11,0.03272005371999244,0.1975325304083526,2,43,1.0876381423865868,1.0519996931155522,2,91,0.019315810936480566,0.06280020717531443,2,171,1.2333285346026042,1.4721806624840046,2,200
155,1.2507989154338301,1.1066119283195432,2,123,0.025494914913288546,0.1884018416915621,2,137,0.672060845770254,0.25792061469771643,2,148
156,1.173753780470978,0.9878463992050716,2,140,0.0457331741603859,0.10381281572692799,2,193,2.2811673179650906,0.5728287271090916,2,200
157,0.7276051859450654,0.9802675438778741,2,56
158,1.2465649553939524,0.6953168282906215,2,60
159,1.0878108448746489,0.951062822341919,2,40,0.031003417830556008,0.264618424905671,2,58,0.638351942098313,1.203044867515564,2,63
160,1.4605561009815156,0.9580976786436858,2,54
161,0.8950029504973918,0.8219951506583921,2,31,0.043089437791233545,0.09762869849801063,2,51,0.7333862138595372,0.9182500015169182,2,200
162,0.486025452776838,0.9306150744943058,2,17,0.012182283296484759,0.08609607304845537,2,87,0.4984859908356452,0.8825823393735018,2,98
163,1.3392809508208567,1.060696398615837,2,200
164,0.6989961465007376,1.1062691336870194,2,200
165,1.9466283131170385,1.2009625945772444,2,21,0.0371348941492002,0.0653646469116211,2,96
166,0.8308377999459868,0.7323995782778814,2,26,0.04894312606192676,0.062303419279701566,2,94,0.6874918479496658,1.0568064451217651,2,115
167,1.1057372926295703,1.0450402777642012,2,64
168,0.8880596670459701,1.0521898192744101,2,31,0.04245119384140042,0.47734256661855257,2,44,0.04701387749714195,1.0658474990299769,2,51,1.2700008233614508,0.9393609864637256,2,179,0.029890496928840347,0.3456998532637954,2,195,0.3644051069647941,1.0254588842391967,2,200
169,0.8053048110404586,0.7350207657525034,2,66,0.045301206819620236,0.17337184727191926,2,141,0.6405471494816218,0.7946378305806951,2,200
170,1.0842796452918688,1.0747871780395508,2,200
171,0.47287218782239526,0.6157968565821648,2,8,0.01863811689759888,0.14346612883465631,2,22,0.7527203849566797,1.0597138106822968,2,30,0.2005468360107943,0.9166770130395889,2,34,0.01678266479441337,0.20224465544407183,2,60,0.7621332009046525,0.8687987165017561,2,71,0.07103413666373655,0.3306623036041856,2,103,0.6875288790119182,0.9650607720801705,2,179,0.05291482625961909,0.16462797352245875,2,200
172,0.7651897916345354,1.092852401105981,2,76
173,1.3412951760925933,1.0912028153737385,2,9,0.043555308561008664,0.18047148764133453,2,34
174,0.986508252581771,1.2588798271982293,2,95
175,0.8244687097463537,0.9607278108596802,2,26
176,0.814118156982575,1.0028640731521274,2,23
177,0.4454153792230854,1.0265577100217342,2,32,0.02056946660063132,0.16170810695205415,2,46
178,1.4117597795584724,1.0190043811862532,2,148,0.027009282290653566,0.28886797346852044,2,170,0.4747088567753411,1.2166184425354003,2,175
179,0.6979124545614288,1.010352904146368,2,99
180,0.7324611376400401,0.7916261106729507,2,24
181,0.897753026258204,1.089521024376154,2,32,0.06405079936778564,0.10915700474689746,2,61,1.6542913451841084,1.1704011722044512,2,72,0.06262856484061434,0.12890516276206446,2,181,0.49858544979707947,1.0614181788344133,2,200
182,0.6339219828419942,0.7712234941621622,2,48
183,1.1598963555045267,0.8749952111925398,2,105,0.055782650962231964,0.27456595270257245,2,200
184,0.2723549151368575,1.0113578295707704,2,200
185,1.3559910546771439,0.9663091432179837,2,151,0.0435997558810004,0.17773112472222777,2,200
186,0.7905413184076637,0.762176315958907,2,82,0.013330742091335269,0.2475993975120432,2,99,0.5670688544470169,0.8483608942478895,2,131,0.9851215363317337,0.8096576281215834,2,200
187,1.084584424546034,1.0616348987817765,2,200
188,1.1091490753661206,1.1055009529131268,2,109,0.047352093960421185,0.12547289763317734,2,170,0.6398257279957135,1.1825040300687155,2,200
189,0.6718440404103442,0.883252604007721,2,200
190,0.2709156887916001,1.3582299053668976,2,48
191,0.6629684794969429,0.9712520978030037,2,34,0.08056601830636574,0.364521315942208,2,58,0.4783650809846163,0.9296829005082449,2,82,0.027471848380079707,0.10391320812481421,2,136,0.5598434428872203,0.9169051736593247,2,156,0.0746672817798123,0.5980762640635172,2,162,0.06091700731178933,0.17385409497901014,2,200
192,0.6074966135598728,0.9637817636368766,2,63,0.047263487072181316,0.1794132732209705,2,84,0.47503655323839455,1.0016545669452563,2,121
