0,0.6734985228424646,0.8620302357055523,2,108,0.382711897570551,0.4182961086432139,2,120,0.6162498670704071,0.96145608574152,2,200
1,1.5585893667343618,0.9731212059656779,2,42,0.03583675507138236,0.1735255176370794,2,119
2,1.7916708556754042,1.0863305469612023,2,77,0.053574241688149636,0.1541983467049715,2,200
3,0.5583491167713707,0.780097484588623,2,3,0.022389547384840582,0.4320357648225931,2,16,0.770740293301791,0.9896361827850342,2,44,0.039620334195449816,0.10341020501576938,2,57,0.1397422405346666,0.1609419398009777,2,61,0.9199090105411414,1.1337654829025268,2,66,0.03146317039367807,0.11427163173917865,2,127,0.6848952639714969,1.3539860248565674,2,146,0.032762860529449045,0.0929419665976807,2,200
4,1.033305356794498,1.0652775849614824,2,28
5,0.99032682922868,1.0827567987143993,2,64
6,1.0921477516085782,0.4747102200984955,2,5,0.03040223940943181,0.06618503108620644,2,125,0.4506709319595202,0.27891417486327036,2,132
7,0.33696187798229355,0.8544109451770783,2,200
8,0.15275061530553918,1.0899255223896192,2,23,0.02563482219401346,0.1538407521986822,2,194,0.05184510187534561,0.7737322648366293,2,197,0.16803375548810967,1.0640113751093547,2,200
9,1.1925842144310188,0.9569433951377868,2,200
10,5.108127961178407,1.4675347805023193,2,3,0.04943660901035092,0.2777111354546669,2,42,1.3423364671969589,1.0326620908670647,2,128
11,0.8584565457267211,0.9813702344894409,2,35
12,1.3802899571924836,0.7941943917955671,2,7,0.2378325523574617,0.13378560813990506,2,18,1.5503247451771482,0.1707840065161387,2,21
13,0.5630099272504978,0.5817651572050871,2,27,0.03871035142115803,0.21082854614808008,2,66
14,0.8039962426722068,1.0096693464687891,2,70
15,0.3342499841940493,0.7569359615445137,2,8,0.03265981767941053,0.054869842416835284,2,61,0.08664141650451626,0.0465249220530192,2,64
16,1.9805363330330286,1.129511648416519,2,20,0.06763687411832169,0.13817440701085468,2,106,1.2603558881045367,0.779369924930816,2,200
17,1.052833314422875,1.1579636534055073,2,18,0.016951344824601956,0.0904649094659455,2,67,1.2047617928534804,1.1069639213103102,2,200
18,1.114066894892286,0.8662841242503344,2,123,0.041164631581044483,0.1715311390625966,2,200
19,1.4149042537371208,1.6875354945659637,2,4,0.07039130740420534,0.13075517794611502,2,200
20,1.1107939023479931,0.9109207563675367,2,104,0.03981913360498668,0.18212235687921444,2,200
21,1.8248862061118452,1.7274951934814453,2,4,0.09578081176854675,0.2803776877430769,2,56,2.6778877377736476,1.323200061917305,2,64
22,0.022055399367408104,0.26600183145358014,2,52,0.17697845275788543,0.3030003805955251,2,55
23,0.8376350711107666,1.048252865379932,2,51
24,0.9321694237355715,1.1349653326548064,2,26
25,1.3987541891383648,0.772418517381587,2,188
26,0.10200080240678736,0.16702765034091088,2,31,1.3863113328095864,0.1984600020306451,2,38
27,1.0977388677886877,1.0367648541927337,2,40,0.026006565735211415,0.17049593243159747,2,154,1.1161810119062012,1.0651731465173804,2,200
28,1.326912995386996,1.0781661939620972,2,150,0.048680491641442745,0.21635501623153686,2,200
29,0.5672487531843732,1.2357751856679502,2,23
30,0.5824224569963317,1.0359235219657421,2,160,0.05284301785013777,0.19198489983876546,2,175
31,0.20882636874425262,0.2516014774640401,2,3,0.04700970747083153,0.10141536141886856,2,36,0.2636627275934703,0.1360258013010025,2,42,0.5047164654000253,1.1257562935352325,2,46
32,0.6563915374569185,0.8688721368389745,2,31
33,0.4509105168965991,0.731890877087911,2,3,0.0352378383183445,0.162406273411982,2,69,0.45500229238003814,0.6591757734616598,2,75,0.023092030171573175,0.1924081336002092,2,112,0.61112577255439,0.8268149746091742,2,131
34,1.2537853861752017,0.911636820906087,2,190,0.10171086520744634,0.4139022931456566,2,200
35,2.022643157956152,1.2275742292404175,2,3,0.016808893594818124,0.09166393677393596,2,51,1.478307002708804,1.1050392029420384,2,104,0.044564967480562406,0.14013743043566743,2,200
36,0.33692000298259445,1.5994582970937092,2,3,0.044240264474632064,0.1674757586682544,2,37,1.7050071062982537,1.084326934814453,2,47
37,1.4249091694966232,1.077387966326813,2,67,0.090609310008639,0.15659581392239302,2,106,1.1009697911751473,1.0368738770484924,2,126,0.08267437738257019,0.17696536945946076,2,194,3.064846795849283,1.2203227082888286,2,200
38,0.03627205941485385,0.11609727711904616,2,21
39,0.030476086252117465,0.13613808850447337,2,30
40,0.02459178961078917,1.0591542720794678,2,4,0.5341701375503946,0.835724416167237,2,47
41,0.39206752047124904,0.9806303977966309,2,3,0.03885721224880894,0.30006257392639335,2,46
42,1.0204827786344426,0.7186966892331839,2,96,0.02551554340786808,0.06383841092649259,2,172,0.9090809635881039,0.8613196228231702,2,186,0.04972224766443948,0.19305918685027532,2,200
43,0.9864214237342322,1.0079546588659287,2,200
44,0.33000559593687767,0.9881810729320233,2,13,0.021236915318231814,0.06710486344888177,2,84,0.3070534866562746,0.5878896691181041,2,111,0.23476214186457886,0.9100662640162877,2,125,0.11311740999859204,1.0468915700912476,2,146,0.05011990561807335,0.0490549902121226,2,200
45,0.9063997057899632,1.0807934223219406,2,43,0.05726856664047869,0.16605474874377252,2,63,0.7580258500465666,1.3437162399291993,2,78,0.06003810924995225,0.12420063649044662,2,200
46,0.5986203493594446,0.8218135578291756,2,7,0.3399964104974896,0.27183787027994794,2,10,0.026622093231864676,0.11612992216097681,2,200
47,0.878818210111585,0.9020168806465578,2,71,0.034643662735882264,0.1383551066204653,2,130,0.4640017254279576,1.0398831698629591,2,148,0.02871808900687572,0.12157451395284045,2,192,1.9963724293634042,0.9598944634199142,2,200
48,0.35942733771068736,0.872396877178779,2,13,0.028374752341084223,0.27410120765368146,2,22
49,1.0125396746563562,0.8877870514069075,2,81
50,0.9717678857133757,1.0640928127147533,2,27,0.04345836735660979,0.17696848590123027,2,46,1.5149521047341403,1.0107390694804006,2,200
51,0.04077725209522933,0.10156766623258591,2,20
52,1.0200343424509435,0.9695005943248798,2,154,0.024632716006104165,0.13145181066111514,2,192,1.2596187284319689,1.0356553196907043,2,200
53,1.3747897224317207,0.9561119500328513,2,34,0.018618587670899436,0.1634214147925377,2,52,1.260990064733236,0.9682207372453477,2,70
54,1.1113754440968784,1.0922035157680512,2,40,0.09884058087223249,0.30095383068546655,2,200
55,0.4342234795760086,1.1602100474493844,2,42
56,1.112619523041738,1.1297495126724244,2,200
57,0.37432938282511563,1.0072603536688762,2,115,0.030671194641584427,0.11809287626634944,2,159,0.3928090602592412,0.7135886664573963,2,185,0.10213451220545758,0.1402803172667821,2,200
58,0.5308419908439534,0.9786715989417218,2,47,0.021457756506429015,0.14897649375529126,2,105,0.5956749468292672,0.9363612515585763,2,175
59,0.6008248153856811,1.0156397128105163,2,200
60,0.3544540158706399,0.7364070465167364,2,3,0.017668051844758323,0.07355463628967603,2,51,0.39957289266484874,0.5084781050682068,2,54,0.8811477646850283,1.018867843771634,2,200
61,1.3342575852228868,0.9852913834831931,2,11,0.032044554074367244,0.26078559339992585,2,74,1.2860568012588938,0.9932603061199188,2,174
62,0.9491336444967146,1.182363636950229,2,47
63,0.35242848932971305,0.9423563872513018,2,152,0.07119017832250872,0.22874934564937244,2,163
64,0.789819049332185,1.1050037050247192,2,200
65,0.37964767225317236,1.0699853616952897,2,200
66,0.5674426501145683,0.8556304281949997,2,200
67,1.0878475065548125,0.7656102811588961,2,34
68,0.9557578566400335,1.524340550104777,2,3,0.08016961240668449,0.09044919363435755,2,200
69,1.2379844237175925,1.007590405319048,2,46,0.06538575522772709,0.1450353470586595,2,88,0.796306742117571,1.1367722988128661,2,103
70,1.008116483417788,1.1142517197622013,2,73
71,1.3496032065359276,0.9973001956939698,2,95,0.05437434574195364,0.19854219528761777,2,106,1.4559417812460915,0.8748859539628029,2,122
72,1.2777403005010952,0.9293466097116471,2,200
73,0.8453312548755681,0.8593503672589538,2,93
74,0.792449273157173,1.1767546704837255,2,14,0.03320980659508955,0.1472197440655335,2,60
75,1.0259350096432471,0.9391145598888397,2,200
76,0.8793062565891842,1.0447107363830914,2,22,0.0866289907586518,0.12447933279550992,2,48,0.8341075285802536,0.919942170381546,2,200
77,0.046027149355360994,0.0887608841061592,2,20
78,0.4087231549162683,0.892146372795105,2,65
79,0.8679557692811337,0.9709850599368414,2,24,0.07175871146778258,0.10348770022392273,2,47,0.6362815066206551,1.045561906387066,2,192,0.03767592046205226,0.7241909578442574,2,200
80,0.8229490611778927,1.036270260810852,2,114
81,0.8500500795748747,1.108347806930542,2,200
82,0.28321923606848076,1.1165421815479504,2,68,0.02176976158536927,0.06355561790141193,2,200
83,1.4603504372792075,0.9059281303332403,2,13,0.017857474159157727,0.0406151317374807,2,84,1.0750710480375176,1.1053784216443698,2,132,0.05121183338188404,0.16244041240390608,2,200
84,1.571660234086111,1.0344601364239403,2,92
85,1.545422425117401,0.9787962039311727,2,126,0.09475222606268088,0.2134624421596527,2,195,2.094489038669107,0.9435101270675659,2,200
86,0.7128297458897195,0.7196294784545898,2,5,0.05083826924288584,0.16660158497256203,2,42,0.6911916147192719,0.9808537127479674,2,105,0.6157721308912478,0.7968416546520434,2,200
87,1.0428890114332834,1.0001401042938232,2,200
88,1.235377898701699,1.2223042395650123,2,49
89,0.6351032601521858,1.1781873504320781,2,30
90,0.9125110743255067,1.031211829185486,2,5,0.0393612984715125,0.2160365418639294,2,48
91,1.5264820464253852,1.0847013159231707,2,22,0.08494785319059263,0.33820511932883945,2,36,1.4524142313833694,1.0762764616729388,2,189,0.03466877400393285,1.618626253945487,2,196,1.0631812947272206,1.3015291690826416,2,200
92,0.020624868183033763,0.14831751939796267,2,63
93,1.0396772336354165,0.7661853694915771,2,75,0.11269470777210795,0.12292145086186272,2,117,1.1156982735459533,0.9221537630242037,2,200
94,0.7198404894275261,1.0083533260557387,2,9,0.018600632076727772,0.045754772206251536,2,200
95,1.0339812875705232,0.802163014113903,2,200
96,0.4841192084102452,1.086528804898262,2,200
97,0.2562776295335711,1.2407995859781902,2,3,0.06780149571050453,0.4877490358693259,2,17,0.785913030242073,0.9906606922547022,2,29
98,0.705902443344409,0.94527841163309,2,76,0.08689401570309432,0.18081083725537023,2,200
99,1.0254754039467247,1.0003726428205317,2,22,0.021220540312869275,0.16972828242513868,2,40,0.8934485672284782,1.0129777944606284,2,178,0.048270796860780216,0.4804243246714274,2,184,0.45366263007098817,0.3493189066648483,2,188
100,1.1631189246821314,1.0623535538107398,2,123
101,0.9683054387671658,0.8365967761386525,2,132
102,1.0288551848799774,1.0888195112347603,2,32,0.02022812283402311,0.06504108981480675,2,95,1.402038181424129,0.9583880662918091,2,100
103,0.6975360315000203,0.8074609239896139,2,3,0.031012873585506986,0.11549480076421771,2,60
104,0.126915467624941,0.2136089715090665,2,55,1.220847044078138,0.9016795092158847,2,64
105,0.5564940473932414,0.9257764551950538,2,115,0.06208464632621814,0.2655805006623268,2,135
106,1.0407832497957552,0.9584174776814648,2,194
107,0.613126604563691,0.6326647202173868,2,3,0.07396794185636339,0.29061241838194074,2,87,0.9460440199788459,0.7779963450587314,2,179,0.0792519122502552,0.2892266625449771,2,200
108,0.451452237354798,0.4073089767586101,2,11,0.025465799198937003,0.08319844636652204,2,200
109,0.9255890945542021,1.3701979294419289,2,16,0.011925618077119357,0.08168897591531277,2,96,1.2931321557171087,1.0632236886482973,2,200
110,1.5044734279906902,0.9579650717122214,2,84
111,0.025427347104500515,0.21157780658490588,2,101
112,1.3301711278925044,1.1204518111546835,2,75
113,0.5014057515713669,0.6863475685769861,2,22
114,0.8537335755989772,0.7768055738941315,2,31
115,1.1006369347391838,0.9093824308930021,2,66
116,0.7827068238496416,1.0171921335014642,2,102
117,0.7071667006126335,0.8880099654197693,2,22
118,1.3599752032278456,1.0832789385760273,2,54
119,0.7243709255930278,1.3707534571488698,2,12,0.08590280010332829,0.1590684792995453,2,137
120,1.1302177978925023,0.7403554903424304,2,46
121,1.2643861597321986,0.9009777853886286,2,24,0.031491753276630806,0.904565691947937,2,32,1.6862442587135167,0.8268962442874909,2,52
122,1.3347348535473935,0.819674347837766,2,12,0.07513051319835042,0.07623897218390514,2,88,1.078889916362043,0.9683963060379028,2,185,0.05795983231538257,0.12485114534695943,2,200
123,0.5034047576466317,0.9689259147644043,2,200
124,1.349555773565699,1.0027615392530287,2,185,0.055678563904245526,0.28139079213142393,2,200
125,0.6578012057124503,0.8939534910023212,2,16,0.014313018544063687,0.0938163597136736,2,96,0.8664941569808053,0.9624848033373172,2,200
126,0.5055434979002157,0.9596905328665569,2,157,0.11975390370127682,0.08002551974252213,2,200
127,1.5017316987916793,0.7901945471763611,2,15,0.054337089152281644,1.2820165838514055,2,22,0.9805736863438379,1.038654834616418,2,73,0.029856075408244125,0.13854425760606925,2,193,0.9676965691333718,0.935717503229777,2,196,3.929273781347299,1.218676249186198,2,199
128,0.14601330843413754,0.21702124029397965,2,10,0.36960437678891583,1.1412742239672964,2,92,0.0653284876765679,0.12237194583222673,2,129,0.33892664459701793,1.1458829970195377,2,158
129,1.1084624557574156,1.0990067982092135,2,82,0.023750187230444,0.18794538877731146,2,168,0.8199074534059652,1.246802292372051,2,187
130,1.4884523920881907,1.1277583461058767,2,19,0.06779448206123322,0.13984410795900556,2,109,1.4723248697558406,1.1197267980365964,2,200
131,1.09192605694795,1.0878796523809433,2,200
132,0.8000759623947437,1.031373986731405,2,92
133,0.7490453095091056,1.2623238836015973,2,35
134,1.109612894576641,0.9504175217528092,2,38
135,1.834038487384339,1.0685784614086151,2,200
136,0.016861091339961838,0.07599795390577878,2,51
137,2.480209688606309,0.8473394025455822,2,11,0.03825341114614171,0.27045738602441455,2,74,1.069983749241302,0.933838393007006,2,200
138,0.9116088402435417,1.0573916377090826,2,41,0.06240325948200555,0.28378098654119593,2,60,1.1349666453322007,1.0373881432143124,2,192,0.10010926531182415,0.9341385811567307,2,200
139,0.4338779096249938,0.572170190513134,2,8,0.028981561735727367,0.12576059316811355,2,54
140,0.8254903464279184,1.0013374430792672,2,14,0.021222575413764166,0.09549094890726023,2,43
141,1.1942318804939034,0.9371950583798545,2,126,0.048878245974715094,0.12687303512184708,2,153,2.8492501365956557,1.3684867322444916,2,157,0.04699914700566371,0.12607709301072498,2,200
142,0.8631152269336044,1.1249795601918147,2,26,0.020036535203895683,0.130773424225695,2,43,0.7188676224385521,1.1738219389548668,2,108,0.016281081207034885,0.13443061401104106,2,166,1.2435252818796119,1.1407596328679253,2,200
143,2.2173590030418637,1.1727350950241089,2,11,0.07418256790807067,0.09649603068828583,2,88,1.1460501076783738,0.9387446205530848,2,200
144,0.6991546890138207,0.9630289201466542,2,106,0.20879442256707245,0.14732250074545541,2,121,0.6278371739636567,1.0128804535805425,2,200
145,0.9658595256295102,0.937299790084362,2,200
146,1.497311863788561,1.1307266663621973,2,108
147,1.4813379874846149,1.127399472089914,2,52,0.02621004460766258,0.32730538547039034,2,62
148,1.3919735271806364,1.3178510665893555,2,4,0.024883686540758135,0.12987377416146428,2,118,0.5529919756823067,1.0477882479799205,2,176
149,1.3003309074590768,1.1691033060734088,2,104,0.02303774212839769,0.15024151310727402,2,141,1.4164390813789516,0.6657546758651733,2,149
150,0.65271900764419,1.0118315403278058,2,39,0.06691823437612418,0.2730789603221984,2,60,0.717664275028129,0.9575128304330927,2,117
151,0.6733216003526717,1.0988518778640446,2,101,0.050841363285127325,0.09278887289541739,2,128,0.7320553711176081,1.1363457441329956,2,180,0.047880947921879614,0.15375803112983705,2,200
152,0.5697433192376047,0.5062335059046745,2,16,0.060353107670372136,0.12188591960133338,2,114,0.6460786716169122,1.0232679871625678,2,200
153,1.1307375553198333,0.9539195385532103,2,69,0.01697279764127369,0.10742509089734244,2,161,1.5638719858387493,1.3529387208131642,2,187
154,1.4310035016858773,1.2302352763988353,2,27,0.021903569661077447,0.11201127618551254,2,43,1.3879766344991984,1.0990458180507023,2,67,0.10629675033637069,0.09652360946666903,2,108,1.0874738240597925,1.0483216319395148,2,200
155,1.0598090316412996,1.1661553507759457,2,105
156,0.8713279586062734,0.8238407486193889,2,37
157,0.3438181762429646,0.3537891109784444,2,3,0.03154015572690502,0.1038924264056342,2,31,0.7961878450260677,0.8761630398886544,2,73,0.02976275315718454,0.07843939059002455,2,116,1.2280785532841916,0.8668213330564045,2,158
158,0.9318226032433351,0.9653185985305093,2,22,0.054051905633870696,0.3780596822500229,2,32,0.5154117526537495,0.3685037669810382,2,54,0.5670601737510457,1.1083551839340564,2,97,0.0241768314739683,0.05616133133570353,2,172,0.8790439898896053,0.9726500170571464,2,186,0.042402226800583497,0.17818757785218103,2,200
159,0.4714390755654991,0.8970837224820617,2,157,0.13505567454394238,0.09512511554152467,2,200
160,3.0092638958178224,1.3114069104194641,2,8,0.015300893450937535,0.22099489569664002,2,28,1.372594613192571,1.0526049585099433,2,185,0.07109621367771256,0.20604467590649922,2,200
161,1.2787256963070823,1.046799137042119,2,39,0.04579258549928959,0.25996887790305273,2,67,1.177639818342935,1.078764805936406,2,184,0.04443747099196071,0.2027134783565998,2,200
162,0.9182711621196291,0.9473334913668425,2,69,0.01914221623298763,0.07833407333363658,2,161,0.7835436799994093,1.2942093372344972,2,191,0.14091437931227965,0.33542676435576546,2,200
163,0.4741614767931077,1.2746037642161052,2,12,0.03035940280256457,0.148542054494222,2,27,0.8895629543546633,1.2204331496976457,2,80,0.039578759920729484,0.09755067968810047,2,188,1.1818969055306812,1.2510511726140976,2,200
164,0.6455807990098361,0.4693801462650299,2,5,0.04632821446939783,0.18731133201543024,2,39,0.9078212577106796,1.1497974477965256,2,68,0.023522767588137438,0.08140713823112575,2,200
165,0.7255934683870862,1.2164385670965367,2,44,0.15146900514525444,0.5944030616018507,2,53,0.057654447544853,0.6268470449881121,2,64,0.7245300657639159,1.318621133503161,2,83
166,0.9124313190226395,0.9717370592057705,2,160
167,0.6245812040646377,0.6605641146500906,2,12,0.04246884188429665,0.42870514194170634,2,27,1.470508461975264,1.0124630417142595,2,69,0.05364660811144697,0.17221067731197065,2,134,1.6068775036617984,1.1147226293881733,2,200
168,0.5255503416762899,1.012645383675893,2,12,0.01994032867871043,0.06323631054588727,2,68,0.47249101568038926,0.8476240038871765,2,121
169,0.5795224344743584,0.731342780093352,2,24
170,0.34384971449833074,0.5324867218732834,2,4,0.022222267641311678,0.22412100592345902,2,70,0.31273024526756193,0.6524870656430721,2,78,0.027593039728484186,0.21269372957093374,2,113,0.4451340270508647,0.7445105165243149,2,121
171,0.9518519987191887,0.9629378223764724,2,69,0.0571609055421471,0.11391195356845855,2,134,1.0342428831579515,0.8527792096138,2,183,0.054786244861293534,0.07714878285632414,2,200
172,0.8564324564842342,1.018897357251909,2,90
173,0.6159342553736606,1.084058028459549,2,60,0.046701256244713774,0.15641593476947474,2,109
174,1.217492217780454,1.0007803295597886,2,66,0.033364477191290605,0.0700023427605629,2,126,1.6130711524350247,0.9549998431592375,2,200
175,0.3290046714266122,0.24813010916113853,2,4,0.07930521716890891,0.17752566520708152,2,87,0.957793016756061,1.5555908918380736,2,92,0.05807651019735237,0.15264126948184437,2,128,0.7245452086728356,0.8378760929291065,2,180
176,0.766347445437453,1.0378259518989046,2,133
177,0.7658813588317918,0.8242855840259128,2,45
178,0.9527170911004514,1.3644172048568726,2,25
179,1.0593843474112703,1.2186335345794415,2,58
180,0.6313250168348449,1.074278814925088,2,126,0.023559773123452102,0.6902135759592056,2,134,0.8336626840213132,1.0563150068124136,2,194,0.17250040166812872,1.1563050746917725,2,200
181,0.63799503754528,0.918150990097611,2,27,0.3349247130462965,0.9999116017268255,2,40,0.029403710976274755,0.1962679990550928,2,154,0.7922819029315787,0.9886939486731654,2,200
182,0.8808307442542055,0.706824931231412,2,11,0.2941228176258236,0.5760054488976797,2,17,1.0280632009450281,0.6159738779067994,2,32
183,0.8246766949226907,0.2628696834047635,2,6,0.09864827793445972,0.10135865672713235,2,48,1.1998364678377427,1.1028759773226753,2,117
184,0.682090558575255,0.7598008275032043,2,45
185,0.8581993844516026,1.1497010986010234,2,24
186,0.5965973345707443,0.5688316740772941,2,22
187,0.9122318771899377,0.9091933136400969,2,23,0.04662180036716031,0.1601244263924085,2,153
188,0.018222199094566554,0.04529186405241489,2,200
189,0.10880303791514782,0.47188693284988403,2,3,0.03427612683185926,0.35318685855184284,2,10,2.1942726283512504,0.5375382989645004,2,30,0.03399476183539784,0.12475551485169864,2,171,0.6864071675449421,0.7076737761497498,2,181
190,1.8529748812666536,1.0733015139897664,2,9,0.019019055276758907,0.04670999639945504,2,200
191,0.7378831544611616,1.10607065813882,2,35
192,1.2283564175367432,1.1133395754977276,2,152
193,1.3462570784189527,0.6808320979277293,2,12,0.031273242672935166,0.1107021430705456,2,153,0.5459253504495726,0.853896168867747,2,168
194,2.0575628753017114,0.9919433951377868,2,10,0.03324247880613679,0.10910677189628283,2,70,1.3087086137102868,0.8816926633158038,2,101,0.03285386457710239,0.8367978201972114,2,110,1.3791490495545204,0.9145113454924689,2,200
195,0.7339148961446761,1.218879520893097,2,22
196,0.36198182003182955,1.0725851505994797,2,16,0.10220030920574405,0.10259953024340611,2,67,0.27366346770223027,0.9702719449996948,2,75,0.09484536044636721,0.08668214827775955,2,115,0.6883418648218582,0.8828770630499896,2,200
197,1.1053253807353214,1.0132100336691912,2,68
198,1.3117112721605921,0.9597307056188583,2,40
199,2.0454459608310245,1.0017055049538612,2,16,0.1528070474380228,0.24259032309055328,2,19,0.05387417663542581,0.19330901346708598,2,114,1.7270286939456396,0.8892214097255884,2,200
200,0.6936034307498934,0.8971704590049657,2,88
201,1.0293643979505849,1.0942871379852295,2,50
202,0.017240692481294662,0.03272757649421692,2,200
203,0.4460987878837615,1.0518257684177823,2,18,0.016906800130704138,0.05257767528295517,2,68,0.7934289038750703,0.8832829143061782,2,200
204,1.3545484758179451,0.9754178165493155,2,133,0.04624013052790503,0.3202117405720611,2,200
205,0.0657380399155863,0.1571280755873384,2,29,0.7007918561137465,0.819112973080741,2,65
206,0.7711975130191044,0.8951558779787134,2,27,0.05488097663214889,0.19286572188138962,2,45,0.9931016653187739,0.9460964905364173,2,101,0.05198643027104697,0.08039392034212749,2,128,0.9367437037239303,0.9760422267411885,2,185,0.03969910023981708,0.2956616262594859,2,200
207,0.9005651239689528,1.0136777236289585,2,97
208,1.1007766100511904,1.0169415473937988,2,65
209,1.1944095885082409,1.17302564864463,2,47,0.23947520018699414,0.3669005458553632,2,59,0.49587869904665205,1.1399255309786116,2,66,0.05433835392028626,0.2192734041147762,2,102,3.007451604765868,0.8782883286476135,2,106,0.014728112911422528,0.06346324036518733,2,166,1.4085017455186204,1.21529221534729,2,179,0.025767313282800866,0.29407191063676563,2,200
210,0.6251480364149925,0.8326757717550847,2,57,0.046283589621937564,0.11936868692553321,2,186
211,0.623320781074389,1.3830251336097716,2,10,0.02660398069630184,0.15364980126420658,2,70,0.7048186640741649,0.9121616517796236,2,121
212,0.24576034656311654,0.8061998089154562,2,3,0.03662284022555572,0.14526072298658305,2,61
213,1.1027918676003277,0.850709587678142,2,174,0.06866055949482068,0.09973288878150609,2,197,1.4850475277045447,0.3388378918170929,2,200
214,1.1457575107359381,1.0333762605015824,2,41,0.0600259567257281,0.26075310153620584,2,62,1.1105292902758195,1.1022822242794614,2,95
215,1.2438793435357165,0.934680489393381,2,39,0.05120384853108084,0.23723665305546351,2,67,0.9209741249271712,0.9763619738413876,2,200
216,0.6320111635383259,0.84671663090309,2,161
217,1.2378158723472454,0.9294469843105394,2,98
218,1.1190628032261778,1.0771929427132088,2,193,0.06898547376337794,0.9103432893753052,2,200
219,0.8947017535750893,1.0516697585582733,2,80,0.03819231846162885,0.10471817892458704,2,188,0.9751601657780635,1.4374062418937683,2,200
220,0.4955916839044948,0.825687179962794,2,12,0.017860985323550065,0.07380107524139541,2,68,0.8699376980906628,0.8943409395217895,2,93
221,0.8418937183004042,1.0506040052934127,2,55
222,0.5405919371807691,1.0170729815959931,2,40,0.11739592142101322,0.24849159363657236,2,200
223,1.1655409043420586,1.2470925879060177,2,57
224,1.2173446209627812,1.1217449247837066,2,40,0.05957365890111697,0.240691928145213,2,79,1.2920562606168269,1.1562251586180468,2,92,0.04996750803271429,0.09537970675871922,2,118,2.1956195317439753,0.9704794883728027,2,122,0.03623216564504838,0.208014554062555,2,165
225,1.0407682591194154,0.9054184463716323,2,155,0.06668934138592353,0.1466348857983299,2,178,1.4029012674213388,0.8106492757797241,2,181
226,1.0242294771227345,0.8845649563840458,2,56
227,1.192284791056172,0.9078176562432889,2,54
228,1.3250389327532601,1.1521283370256423,2,200
229,1.6941089138615646,1.09101652354002,2,48,0.026263371938685574,0.19522116106489432,2,71,1.3715570389047735,1.1196938355763753,2,200
230,0.5137592459188867,0.9676036967171563,2,27
231,1.2229742512851745,1.0186460076308832,2,41,0.05843124813964948,0.17235882952809334,2,61,1.474006830452796,1.0847928017377853,2,101,0.021525636674311992,0.14349218824553112,2,164,0.9832879946310805,0.9315197914838791,2,200
232,0.8483030882215837,0.44676127036412555,2,3,0.02188399143393184,0.42760411175814544,2,14,0.9830431305014813,1.0160593393832276,2,191,0.047128744286671936,0.42713598906993866,2,200
233,0.7070977927649272,1.3750110417604446,2,8,0.01937416284112743,0.11885235607624053,2,28,0.7279196297751876,1.0552853973288285,2,47,0.04225080196808237,0.21038006618618965,2,71,0.8254830270007046,1.059989142787549,2,200
234,0.6363947967583876,0.8989210261238946,2,9,0.05409561817712202,0.4659012747662408,2,23,0.42375068592796367,0.7851324900984764,2,31
235,0.8317057322331525,0.8468916567066048,2,79,0.16410666091446766,0.9443165510892868,2,87,0.057528809188555546,0.4233957758316627,2,100,0.828575913022081,0.8592204970121383,2,200
236,0.7181667723544334,1.024596028857761,2,18,0.07312771045358978,0.2585898789824272,2,67,0.7412478751074424,1.0494729459733891,2,200
237,1.4358253264331968,0.9740485302039555,2,140
238,0.5808626775905761,0.6205233484506607,2,4,0.019229515458779146,0.06779510951509662,2,55
239,1.3784807470170497,1.0171539207522788,2,89,0.023147838810225307,0.45545829155228357,2,100,1.3612745700475017,1.0065273830765171,2,138
240,1.4268046370226493,0.8139474384668397,2,82,0.022175666019888265,0.12085599892518738,2,170,1.274060963265109,0.978537525733312,2,200
241,1.2460114694797064,1.0009164692650379,2,71
242,1.4498468326877074,1.0330343119641567,2,47,0.07002331843034998,0.4632679544962369,2,60,2.5002019933873876,0.972023089726766,2,66,0.051385155737622305,0.33025384197632474,2,102,1.311919658373913,1.096894058645988,2,200
