0,1.2080973873940546,1.0271535480022431,2,200
1,0.5901376068870152,1.0176836794614792,2,200
2,0.8621459818719673,0.9859427586197853,2,144,0.11837200764885986,0.16237749807212665,2,167,0.617064026798252,0.9801078348448782,2,200
3,0.7807676637566283,1.0122996239826596,2,87,0.09414642546120139,0.09875087532186017,2,184,0.3501642241893713,0.4081404833123088,2,200
4,0.23174573791020725,0.7351315496741114,2,74,0.07497711625444123,0.782129575808843,2,80,0.3049737615378307,0.7039023458957672,2,110,0.05188607944348654,0.09264365252521303,2,146,0.2974405602637807,0.4833601713180542,2,150,0.04241656723007216,0.10172562998660067,2,197,0.5101196809677823,0.4329124887784322,2,200
5,0.933834315366878,0.9159737488915843,2,62
6,1.1871881324220679,0.9991057384759188,2,64,0.030148604682743753,0.20984350983053446,2,80,1.0904739178932015,0.9992818718155225,2,200
7,0.45501614747577807,1.0490036552602595,2,11,0.023369531408206728,0.1212395029142499,2,27,0.6007237659349358,1.0173730179667473,2,43,0.03509292423977337,0.09746926861583807,2,200
8,1.3839128185850715,0.9902400189432604,2,29
9,1.1463013755306277,0.7677130566702949,2,72
10,1.3820139167603605,0.7438923204154299,2,57
11,0.8108742710219785,0.8086064067482949,2,200
12,1.47664913321758,0.8561363890767097,2,200
13,0.6972592639896317,1.1456715563933055,2,12,0.06103056554162663,0.22498654880944421,2,114,0.635623509008429,1.14072335511446,2,146,0.061562310164679654,0.21336610349161284,2,174,0.8430347036675627,1.2526153463583727,2,200
14,0.6582452289866146,0.883430939912796,2,30
15,0.6876363345090187,0.9622808375828703,2,71
16,0.9291918265270824,1.1326410528542339,2,69,0.016157719245395396,0.07930100430514066,2,200
17,0.6143045078819583,1.0244753468653252,2,58,0.06097005833221525,0.16990428030490876,2,83,0.7061779153306678,1.0881271759668987,2,200
18,3.1232159194833913,0.6847231388092041,2,4,0.0675616024321778,0.08633738349784505,2,26,1.4666920616226993,0.9668501368108785,2,79,0.06767247599335993,0.12608510722864918,2,146,1.4288200472724788,0.9429330308482332,2,199
19,1.5266537355580858,1.1112753795338917,2,154
20,1.096798373006664,0.9937617529583516,2,177,0.02387684533336516,0.16415683730788852,2,200
21,1.3980349732965578,0.9444478331950673,2,57,0.03170926593473789,0.16972815844562503,2,200
22,0.6957001582712425,0.9114225627085485,2,109,0.9099709925951771,0.9410769232026823,2,200
23,0.5892146671235743,1.182793071636787,2,26
24,0.8043935940827261,0.9056504762250613,2,153,0.041997719293418494,0.22993888793622747,2,187,0.9584160154714073,0.991123630450322,2,200
25,0.826393532172349,0.8634532392024994,2,42
26,0.7376239591735737,1.1381408774852753,2,200
27,0.09919246833917116,0.2654134443272715,2,23
28,0.3270528178971893,1.2200518495896284,2,34
29,1.4607710731845949,1.0516075497865678,2,200
30,0.0689050653245751,0.15586156434402232,2,82,1.1941721504198552,1.1308487265006355,2,174,0.07616743919254855,0.10884084781775108,2,200
31,0.032305000917026885,0.1890804064883427,2,88,0.037068465761149735,0.7745274991861412,2,200
32,0.03878947837917124,0.17554827979815904,2,93,1.2856116340044337,1.2034598155455156,2,104,0.0568238032685805,0.1547265029267261,2,123,0.6149341159598279,0.9781835760389056,2,130,0.05979734992006818,0.19232912084886006,2,200
33,1.077478719209854,1.108311463804806,2,68,0.15104986569698187,0.3152160346508026,2,81,1.227021450375629,1.0805268447940088,2,200
34,0.12547143955282422,0.4623425503571828,2,3,0.020703699746191972,0.20710048992787639,2,34
35,0.4906800394921164,1.3384563265175655,2,29
36,0.559258452911236,1.104324071133723,2,61,0.03265342582954685,0.15690355718135834,2,86,0.6085513505271548,1.037592595273798,2,97,0.0319379505073493,0.2517175987362862,2,107
37,0.9567899979729984,1.056679732090718,2,148,0.11872484967333378,0.23770138124624887,2,151,0.018299512956409164,0.17814815416932106,2,171,2.040105395735329,1.3319054634674736,2,194
38,1.1947048426268772,0.9768965787747327,2,68,0.020214748155663976,0.040551660413091835,2,200
39,0.5936552153698827,1.072975457906723,2,200
40,0.7496559767035427,0.8254522830247879,2,12,0.026127458897072384,0.2162458816652789,2,148,1.273656336807019,1.1292005330324173,2,156,0.008872112468645643,1.1307494401931764,2,161,1.0648781775621525,1.113833451271057,2,191
41,0.5703897656883566,0.9289182550028751,2,38,0.032509903311182954,0.09097351105707996,2,91,0.5554340899471164,1.1146930182745698,2,200
42,0.9320133529567836,1.0340008603201971,2,27
43,1.0919191778961521,0.9762204999015445,2,147
44,0.08597033515681304,0.10749546626964247,2,83,0.8751698932441099,1.0980596226504726,2,200
45,1.0477262098721178,1.1312858884351966,2,137
46,1.43643313435767,1.0541284948587417,2,200
47,0.7364302733074227,0.9019834995269775,2,13,0.024641409174538477,0.08519010828888934,2,59,0.918453323568376,1.0897345408964694,2,148,0.07869642489679836,0.13517681623880679,2,174,0.8155848718251322,1.5204301357269288,2,179,0.030164328221372223,0.12644307173433758,2,200
48,0.7816914285016222,1.255616359932478,2,43,0.3491058665377682,0.41648391882578534,2,46,0.06588870899366119,0.17076143272677247,2,144,0.7336072478483852,1.2688561167035783,2,172,0.06632344545535131,0.06470144859382085,2,200
49,0.6837127663218713,1.235154678081644,2,29
50,1.5034317942996653,1.2928325484196346,2,24
51,0.016841885743118627,0.0543433769365375,2,89,0.771798524852542,0.9838953752850377,2,132,0.022378154737999797,0.14617801961653373,2,200
52,0.6005776964112688,1.0806027203798294,2,200
53,0.6875829511145287,1.258807842930158,2,144,0.06381079021136349,0.2346642000807656,2,162,0.16031367224799922,0.19043630063533784,2,167,0.5561693474724698,1.1788913481163257,2,200
54,0.6767202536929882,0.9035786103053265,2,83
55,0.608165022721215,1.0294136349111795,2,64
56,1.3471640813551262,0.9058798185239235,2,96,0.024140355399551137,0.19989724973640818,2,197,1.7462150641123506,0.9189340869585673,2,200
57,0.48960522497300046,1.0444176688706135,2,177,0.08547925571030916,0.09246118107567662,2,200
58,0.907582137986924,0.95868079662323,2,200
59,0.9585805325889138,1.1201249175601535,2,135
60,0.9237940475858163,0.7314333786135134,2,46
61,0.6938480817267675,0.9960617025693258,2,6,0.026481361445008497,0.08765272021293641,2,56,1.2574936235910845,0.9688049679001173,2,200
62,0.5666470851945663,0.928554158056936,2,62,0.02084362810789131,0.05013204738497734,2,126,0.33130993155505417,0.341637370261279,2,137,0.023886445122027866,0.17789735738188028,2,153,0.6157022414604254,1.1053640690255673,2,200
63,1.2122794075629286,0.9040427992615518,2,79,0.059132493621284914,0.26325153734754114,2,147,1.0535542196581056,0.9536753398067547,2,200
64,3.7682243616311197,0.8211472928524017,2,4,0.035349172040522805,0.14524484562630557,2,53,1.814807092432319,1.2100397192913552,2,191
65,0.3284863903740965,0.7534991502761841,2,6,0.028109069783698835,0.09639232754707336,2,56,0.8136655848985411,0.990297596073813,2,200
66,0.4528811829452237,0.9927997568379278,2,115,0.042715315796682266,0.1345862534116296,2,200
67,0.9402665874770425,0.8447216803377325,2,33,0.01497324838492787,0.06390050155195323,2,121,0.9069992577526723,0.957822387731528,2,200
68,0.642939223298832,0.9961797383096483,2,180,0.020792565793768463,0.2531969457864761,2,200
69,1.2714126472399891,0.998620751576546,2,39
70,2.750552508474511,0.8912290185689926,2,4,0.11587519029061474,0.06762429017029452,2,93,0.6515857630307142,0.19919727370142937,2,97
71,0.09250953936542705,0.3669118285179138,2,3,0.022874830460736652,0.19934100896120072,2,53,0.44858580499773754,0.8350474834442139,2,58,0.05470262676961547,0.6850574562946955,2,70,0.0251898174860008,0.16943292031365056,2,101,0.5789406724161482,1.2383666158926607,2,200
72,1.267225290647042,1.0685101696568677,2,117
73,1.5799103919026338,1.251163540464459,2,33,0.028117399682196918,0.18625839182308743,2,68,5.584464076590842,0.8659354746341705,2,72
74,1.0050053796177767,0.8788055295035953,2,21
75,0.8819702541302875,0.3189227655529976,2,4,0.05305369251703865,0.17634308905828566,2,25,1.0586454300527246,1.0666008820043547,2,132,0.024818214446493434,0.14748239415613087,2,176,1.6588751843759975,0.9966564973195394,2,191,0.7343801274305437,0.9873969025082059,2,200
76,1.5169086098480207,0.9024124118103378,2,87,0.08617231071165796,0.2198437418864698,2,185,0.24687608312820208,0.4582246243953705,2,200
77,0.3080110082211195,0.9825562512552416,2,148,0.076783243775473,0.1518771324593287,2,200
78,1.2689661230669145,1.051126272082329,2,200
79,0.4198750980541064,1.0209652944044634,2,11,0.040133245802682176,0.19135191511939947,2,82,0.49783552585096674,1.3070144286522498,2,95,0.03982033234092323,0.1660035389661789,2,120,0.56299799413562,1.054907414317131,2,200
80,1.0609750104052855,0.941014506693544,2,174,0.0727733878599227,0.11140255458079852,2,200
81,0.8885381779640227,0.9389046397007687,2,71,0.03247033765042464,0.1440347100413123,2,200
82,0.6983419780843456,0.639481782913208,2,20
83,0.8260207503859833,0.7876678274737464,2,18,0.026165386117475646,0.15903534358128524,2,96,0.8537528009905095,0.8454077970690843,2,137
84,0.7163422463986435,1.072265128294627,2,12,0.06366063641869507,0.21395938565918043,2,114,1.0603183243257364,1.285299772440001,2,200
85,0.41177541924357963,0.9243425846099853,2,5,0.03222781611014723,0.1773808240890503,2,20,0.6305931232203924,0.7673961818218231,2,26
86,0.09888612233581723,0.06425950924555461,2,3,0.028801432198740318,0.04218073875716563,2,92
87,0.35530493853264306,0.76288902759552,2,3,0.0227461439736399,0.18800441586241431,2,52,0.7730471930612152,0.47107478479544324,2,58,0.04455480511852542,0.5048146706361037,2,71,0.02534790718090024,0.19569861491521198,2,101,1.1137243659887994,0.9594185400490809,2,200
88,1.0761537713884828,1.1299058578231118,2,66,0.05085089459460477,0.2164652145571179,2,111,0.9730481271634343,0.9763008140135503,2,180
89,2.7293073457616575,0.9865375558535258,2,6,0.1008224667070744,0.13983914928717744,2,150,1.560438497963185,1.1225316548347473,2,200
90,0.8816379776583425,0.6937594858177921,2,114,0.07196023242623689,0.09133202702768388,2,145,0.8191953467336823,0.7687506097735781,2,178,0.02248713293496014,0.17313900142908095,2,188
91,1.1431428322552777,0.9163436269760132,2,200
92,1.605366312513865,1.3487919785759666,2,11,0.024684276700875467,0.06513189667082847,2,58,1.3563379789558365,1.003916920842351,2,95,0.03388514555778156,0.2882606899738312,2,120,1.6806212266126015,1.137338444109886,2,182,0.1039952119787092,0.13769537707169852,2,200
93,0.646115794984265,0.873058810532093,2,200
94,0.49838106142337074,1.0197798735217045,2,38
95,0.40982954085110856,0.8757787572926489,2,29
96,1.0498330178363628,1.0020775277659577,2,53
97,0.9676538017545326,0.7626796281614969,2,43
98,1.0663722441296055,0.8665190245190711,2,146,1.2216482834612106,1.0540126440476398,2,195
99,0.7928129109242308,0.8397348305535695,2,63
100,0.35474329994796927,1.0544853108269827,2,35
101,0.24472846948097193,1.3491323036806924,2,28
102,0.5225805764778568,1.4714077472686768,2,10,0.5116280800441363,0.7851474668298449,2,80,0.4678233543614686,1.4373655319213867,2,108,0.46069537514380776,0.7147490116565124,2,200
103,1.1376681274334624,1.0100819525511369,2,115,0.043047902038767565,0.14530862832770627,2,200
104,0.9744522911623177,0.9393750127259787,2,154
105,0.7388842821200815,0.9723884623225142,2,41
106,1.1232699240240938,1.1333624541342675,2,143
107,0.5722849433918461,0.7724035722868783,2,7,0.021208481503773968,0.10139114822487573,2,155,0.4661876360937097,1.21116783618927,2,170,0.0513028152614718,0.09064208666483561,2,200
108,1.3616282408461744,0.9795205491654416,2,47,0.015730379374910317,0.0495863721456403,2,200
109,0.5501564606788686,0.5376092195510864,2,7,0.04147416543431542,0.05423311270200289,2,72,1.1879234633665252,0.9458080955914089,2,93,0.0541783913886024,0.5608184418895028,2,104,1.2929638414591327,0.9890675472490715,2,137
110,1.6279604024803371,1.3900257710254553,2,33
111,0.020666909314727065,0.13678319484330295,2,89,0.9594426447130205,1.004030957952276,2,200
112,1.0253252772227583,1.090565116405487,2,100
113,1.3008909064173027,0.8971490391663143,2,28
114,0.7004884024193749,0.3864780416091283,2,6,0.03985918181725817,0.1582574055689137,2,47
115,1.1733992309382375,1.0663269332477026,2,56
116,0.7677132373036287,1.297855269908905,2,20,0.054104399523199,0.22301310553865614,2,73,0.6328967328155055,1.1063925673564274,2,97
117,1.1958205625270026,1.056926867733263,2,73,0.774764951438633,1.0746003889268445,2,104
118,0.8268741028229829,0.8951070642832554,2,66,0.3294383308910945,1.097088360786438,2,76
119,1.2191643843983024,0.9792879258885103,2,153,0.040758865173376485,0.263957885258338,2,187,2.3310885707134883,1.5330558648476234,2,200
120,0.7330154271680949,1.0623496759612605,2,106
121,0.7595387109574556,1.1605447310468424,2,92
122,0.8423938051278136,0.8333774971961975,2,100,0.038060320332851436,0.1107055054998946,2,187,1.3584453699609396,1.0705497815058782,2,200
123,1.110323559221972,0.8493313735990382,2,67,0.03553778677613706,0.30355139754035254,2,111,1.359630918740104,0.9761176725451866,2,200
124,1.114530723793313,1.5082333513668604,2,14,0.1340368997740235,0.04873892023999204,2,107,0.8920451013568907,1.2528065953935896,2,114
125,1.4185560849657064,1.1366380623408727,2,7,0.023427364310709086,0.09775547783922504,2,155,1.6089626239819472,1.1992832528220283,2,200
126,0.9434221226716173,0.9034715709090233,2,200
127,1.0476654309204467,0.933065180120797,2,29
128,1.077169791711298,1.0560650825500488,2,32
129,1.131147276802019,0.9290635585784912,2,34,0.02266428167387882,0.1434227593243122,2,54
130,0.1354905902833762,0.08309046853156317,2,21,0.4693436805664337,0.6841096182664236,2,27
131,1.079593895759925,1.0023851936513728,2,22,0.04716885635139214,0.07087532573201683,2,200
132,1.2720077583563156,1.0100004225969315,2,200
133,1.1404066500530603,0.9390262516451554,2,71,0.0337971480143124,0.18288068149903025,2,200
134,0.7658175711336386,0.7815257425003863,2,94,0.058902058691491496,0.19023471930995584,2,126,0.6966741567804038,0.9416940759968113,2,200
135,1.7601562278158445,0.9156988705907549,2,35
136,1.6533276838451172,1.0590080753449471,2,31,0.0510525480328219,0.24366438503448778,2,44,1.6233213764384717,1.0500593857887464,2,200
137,0.8382226805057349,0.8849763106554747,2,96,0.027827483925087267,0.23370296176117245,2,197,0.4377857662369898,0.6012677351633707,2,200
138,0.9136831412233393,1.046576863335025,2,62,0.01902294927883242,0.05419818591326475,2,126,0.40852566076011376,0.34489893913269043,2,137,0.02216823686618989,0.12139332382118001,2,154,1.1454577050599304,0.9753945314365885,2,200
139,0.9382107457722275,1.3747798336876764,2,9,0.049410903135262516,0.24221150147712836,2,68,1.5809894389281827,0.9681284702741183,2,94
140,1.3371323039832412,1.0356711130589247,2,64,0.047345442438645975,0.14547284040600061,2,80,1.3834870151524679,1.036496376991272,2,95,1.1980933115766896,0.5982692201932271,2,110,0.04980689749003484,0.08124670634667079,2,146,0.7917699942213655,0.5487191081047058,2,153,0.032092466712305735,0.15113771402023055,2,197,2.3512793994522387,0.6816797653834025,2,200
141,1.0989897151456676,1.0794457834820415,2,43,0.0330696320888003,0.1409751953213078,2,200
142,0.5488028274739888,1.1186148203336275,2,13,0.02322589427292761,0.08731299274497561,2,58,0.7977402430731249,0.9402346611022949,2,169,0.04645547185227254,0.15538150552780397,2,200
143,0.6916827943985246,0.9555886195551965,2,31,0.04911345254646587,0.1752056788120951,2,45,0.858338889149437,1.001721440217434,2,84,0.018850883895963833,0.5604979523590633,2,91,0.8003397276263852,0.9859163929586825,2,137
144,1.3938956510027583,0.9038950219386961,2,41,0.031463684113068845,0.16142839585479937,2,60
145,0.6460049499867521,1.1519938143816861,2,55
146,0.6419256928589081,1.0503284193628983,2,139
147,0.8270860349638349,0.823333536585172,2,24
148,1.8020370828258196,1.1801054315133528,2,22,0.04902252863067632,0.0688578233625112,2,200
149,1.3508816895578657,0.9354817184309164,2,48,0.017560013139650638,0.2737214748676007,2,61,1.205529846289345,0.9119572230239412,2,128,0.06534050307743365,0.2794484554065598,2,200
150,0.6566037112330804,1.1375123346061038,2,57
151,0.6040291336503157,0.9893290815931378,2,33,0.04959490905987022,0.305552337976063,2,67
152,0.4922682646156912,1.2600193752182856,2,18,0.02198124168099236,0.14408587301388764,2,96,1.0208308231016938,1.0506836950778962,2,116
153,1.1190390669926475,1.0803043355404491,2,71
154,1.2764293820091688,0.8633893690210708,2,47
155,1.0381091574990102,0.8670520307052703,2,84
156,0.9287716206851176,0.9494664973682827,2,45,0.06857391219987705,0.26520731247434715,2,144,0.5805293142871648,1.132621871797662,2,163
157,0.999384651905087,1.053279222586216,2,39
158,1.4972239834247085,1.3767858147621155,2,22
159,1.3968871451194746,0.31084131946166355,2,6,0.023691636425526068,0.10822119563817978,2,24
160,0.7796715875543465,0.9484281488086866,2,23
161,1.2737996030398329,0.9625368679271025,2,34,0.02392523684282994,0.14045442408985562,2,124
162,0.5340586867833917,1.1721277407237463,2,7,0.07655032200803993,0.1526145187557721,2,68,1.1617034327293567,1.3762518405914306,2,73,0.02373140541883281,0.09325301176623295,2,92
163,0.7759676179431809,1.1690110853740148,2,35
164,0.6142863870414169,1.2918152293643437,2,37
165,0.7476803767252882,0.9256670739915636,2,45
166,0.8280763974256181,1.0835216522216797,2,100,0.03410586539112927,0.08964073349689615,2,187,0.6902045924762661,1.0405241250991821,2,200
167,0.6249175139564433,0.8197900116443634,2,40,0.03062606448106368,0.2954035888115565,2,55,0.49403764144890067,1.027438195852133,2,81
168,0.5868778423137649,1.0827310697452441,2,37
169,0.8356686984991885,1.017984185900007,2,21,0.028630755815181187,0.1023019394453834,2,157,0.2589219016058864,1.270211173937871,2,170,1.2469178225894286,1.1753904223442078,2,200
170,0.7092565090238026,0.9950980731419155,2,70,0.03610210462515082,0.2260597676038742,2,200
171,0.7613453361907573,1.2173454316457113,2,75
172,0.8254636662074765,0.9949718193076122,2,87
173,0.972881069189516,0.9352440896270039,2,182,0.041692746343130804,0.17046153793732324,2,200
174,1.3787067923924896,1.0782530088173716,2,76,0.047767259988968226,0.21733744966763038,2,130,1.5111670757123212,1.0517793280737742,2,165
175,1.5192620212160286,1.0380082082748414,2,175
176,0.5770467437780374,1.0439631938934326,2,17,0.018706630022330615,0.053845875793033175,2,170
177,0.5329801496876123,0.9886219203472137,2,48,0.02742113504771448,0.1915646229798977,2,61,0.4435116248424423,0.8593992331753606,2,84,0.023890940431237215,0.8508247307368687,2,91,0.3906297414872964,0.9949810830029574,2,102,0.050635394152312746,0.2756836549157188,2,123,0.5338077922259241,1.3053782365538857,2,189
178,1.1480612875771568,0.9829971200287945,2,99,0.15421443046709812,0.9363346497217814,2,102,1.1781813944749413,1.014915218158644,2,200
179,0.6497140825074037,0.9471327770840038,2,33,0.017074122226150127,0.09833142041474924,2,120,0.8269198145431598,0.9718537098023949,2,161,0.025376407761935758,0.1398388100521905,2,196,0.35930586698286165,0.4750029221177101,2,200
180,1.0570149316893942,0.9580755066871643,2,200
181,0.9649173527550735,1.007114074712882,2,163
182,1.5728052177604803,0.960709867477417,2,200
183,0.8108586005117138,1.162118723938585,2,179,0.019116062345694983,0.2151495416959127,2,200
184,0.7087122692250869,0.8911479234695434,2,40
185,1.330829409558274,0.7221197200858075,2,23,0.021839869619824787,0.3896127823326323,2,41,1.1163577460359988,1.0275953114032745,2,53
186,1.326408693194158,1.1140101183028448,2,21
187,1.1790307356910696,0.999878853559494,2,4,0.04608579690200154,0.050348831340670586,2,68,1.2469754246208173,0.3618316174972625,2,89,0.04649139359230958,0.10839136193195979,2,101,1.2321347402901175,0.5506048225439512,2,114
188,1.411280879298095,0.9801468431949616,2,20
189,0.5027647555014146,0.8500298327207565,2,200
190,0.8352843618286067,0.9472831479655016,2,149,0.06918899329504623,0.13760113336291968,2,200
191,1.0824641565509312,1.0220060103978865,2,39
192,0.7408949666940048,0.9075590732407435,2,177,0.08317827877936945,0.11216776526492575,2,200
193,1.497790951807981,1.3375887667879145,2,94,0.07367344762675544,0.14691886667049292,2,127,1.332539248416132,1.2548550035132737,2,188
194,0.6102142842763468,0.9641491451263428,2,125,0.1326827589622513,0.15212827708039964,2,132,0.05670231595908175,0.08895125865936279,2,157,0.5401034310457389,1.0153495211933934,2,200
195,1.3451258829738244,0.7495026450890762,2,13,0.04562442901893943,0.13964958032783198,2,62,1.709216902653243,0.9772119190957811,2,71,0.029871731835966198,0.10171766117099644,2,200
196,1.5687272617571597,0.9413826573978771,2,22
197,0.6345308083867468,1.0213948607444763,2,10,0.03979999764857457,0.2941738549205992,2,28,0.817442181879353,1.0063974416101134,2,182,0.10397198717860595,0.1621343493461609,2,200
198,2.509780864180849,0.44349798560142517,2,5,0.0851903232792991,0.17854664808717266,2,150,1.0782613175615996,1.2091801524162293,2,200
199,0.7342423047958401,1.068675450656725,2,23,0.0158608225316991,0.196156257481286,2,56
200,1.2796027667068586,1.0292789459228515,2,20,0.026738006116889788,0.2283976621925831,2,40,1.067612775842701,0.8640782253609763,2,112
201,0.7840699799438369,0.907984302341938,2,200
202,0.46296134163264113,1.0119512269371433,2,38,0.03191122077183899,0.08274625297987236,2,91,0.5298683439181863,1.0705878827178363,2,194
203,0.8128399017212085,1.0566468552539223,2,95
204,0.8457852220053501,0.807878335316976,2,51
205,0.10174840492543583,0.3587590456008911,2,3,0.03446976143645624,0.16848771167652948,2,59
206,0.8364492722826854,1.0849223945822035,2,56,0.03749549549714414,0.1230314736151033,2,200
