0,0.4301214936517852,0.902228577931722,2,30,0.0633532892534719,0.3163807587964194,2,65,0.7104481850754127,1.119116804816506,2,76,0.0761583661306677,0.15911834571096634,2,121,0.15886994970740254,1.1354622474083533,2,134,0.7131870695216982,1.1398069461186726,2,137,0.10432129195996893,0.12353542645772299,2,152,0.7549445095070259,1.1565578654408455,2,200
1,1.4292418685049313,1.1448655316704197,2,114
2,1.5101195473881905,1.0336466102223647,2,38
3,1.6128384277547552,0.995395302772522,2,23
4,0.04502040154413699,0.10320577390491963,2,200
5,1.3763009621262219,0.7932376474142074,2,20
6,1.0713768943257782,1.0236064917849799,2,137,0.08703789117409398,0.3017553240060806,2,152,0.3498111059517829,0.5966130097707113,2,155,0.03048167176154196,0.1345076067580117,2,200
7,1.7388945840847911,0.8577220737934113,2,22
8,0.04479335670992928,0.09161151200532913,2,48
9,0.922025827584192,0.9460235981293666,2,81,0.05708598487326549,0.7736935973167419,2,91,0.953340472245424,1.0056281226021904,2,196
10,1.492406869430882,1.1686728954315186,2,10,0.039625735570268134,0.0589579324973257,2,105,0.9152388001850478,0.9342251689810502,2,200
11,1.3002416601856466,0.836044668737385,2,144,0.06191807772288903,0.14162108594817774,2,200
12,0.4757780009085083,0.9813319027423859,2,200
13,1.0634913411351155,1.05025617378514,2,123,0.016468564560875996,0.07188481208565947,2,200
14,1.0067691083574437,1.1729380067657023,2,34
15,1.4538279908718874,1.1117594242095947,2,14,0.09640069184067285,0.07476372178643942,2,30,1.108324305585559,1.115310210170168,2,129
16,0.9302567089330008,0.7652256031831105,2,30
17,0.805553486690496,1.159848522056233,2,44
18,1.1639880320445535,1.0574328074088464,2,13,0.0209006591904248,0.1777807613213857,2,28,1.4871584180271666,1.0976403702137083,2,200
19,0.6604795185788702,1.2013606929779053,2,200
20,0.8952039459075857,1.0739478709404928,2,114,0.022381035399731266,0.06811476550823034,2,200
21,0.9136947331951573,1.0962813323736191,2,200
22,0.8181984552868743,0.9063589138749205,2,81,0.0512538733312152,0.8314751908183098,2,89,0.7525181239559929,0.9361886076025061,2,200
23,1.6661121318755676,0.5408822596073151,2,25,0.016145434401466027,0.13041183700164158,2,55,0.932196138008759,0.8010397255420685,2,59,0.11770217746192899,0.8491335034370422,2,64,1.0224702657911067,0.8243291875984096,2,143
24,0.370289164766691,0.9474055828192295,2,39
25,0.40571248444293956,1.4074606630537245,2,18,0.38651148770121446,1.1315172666526703,2,101
26,0.3914792132529692,1.5725516080856323,2,6,0.06761673106517878,0.19412226142252192,2,40,1.1233370125723439,1.0397005501915426,2,74,0.052241230262118826,0.2492428457674881,2,170,0.9344758083267035,1.0943971991539,2,200
27,0.8883521772995595,1.0955480892855423,2,133,0.12268937862780581,0.1503844608863195,2,136,0.04302668843316927,0.1381617973490459,2,177,0.6495853728747587,1.0101382562092371,2,184
28,0.9824823357991928,1.274890375137329,2,20
29,0.9831374486770397,0.9729434649149576,2,45
30,1.8406196811211684,0.5923016965389252,2,6,0.027165799448138017,0.21535190145174662,2,36,1.1335596229769087,0.9053423443148213,2,129
31,0.946529057433906,1.0486246568185311,2,27
32,0.8855117111493329,0.9106452884674072,2,125,0.016068692804736273,0.07232052529299701,2,179,0.6326387723531518,1.1413509788967313,2,200
33,1.4155317702729666,1.0419478690624238,2,200
34,0.647302555631916,0.7361630418083884,2,33,0.022240820449066143,0.04365144661086762,2,200
35,0.45449288064153587,1.1782184302806855,2,40
36,1.1605489793494261,0.9071581661701202,2,82,0.061780863649138824,0.22634350495380268,2,139,0.7631775855630902,1.0574452779332146,2,200
37,0.7722226151073921,0.8992160994832109,2,82,0.01613923069659868,0.09695713172356288,2,112,1.6158538801826163,1.1643992850655003,2,131,0.06940203884601047,0.16737027898214865,2,200
38,0.5680251205914038,1.0433380532264709,2,200
39,0.7587520134879288,0.6546532939518651,2,62,0.051786979313199276,0.15186149084273678,2,143,0.8525883219438326,1.19219341061332,2,154,0.06622018288664275,0.11121724481168001,2,200
40,1.578678350290477,0.8522835919554804,2,71
41,1.743402203109956,1.0342017005790363,2,44
42,0.734977466474512,1.028514967245214,2,51,0.007156532363175385,0.9376134157180787,2,56,0.1920450327973771,0.7684093713760376,2,59,0.034527163640424643,0.6307899185589382,2,66,0.7885589373476881,0.988273591692768,2,200
43,1.0022301671322689,1.068934819390697,2,62
44,0.8703477147483474,0.935812840461731,2,200
45,0.5664458446016211,0.9308338586021873,2,51,0.026587884619012587,0.8310813546180725,2,56,0.7411862460705275,0.6315241058667501,2,59,0.013927412506266376,0.401116954428809,2,66,0.605380256923625,0.8946246726568355,2,109,0.02577601351548339,0.27661450599369247,2,128,0.01462493104974928,0.061675308300898624,2,193,0.9956013174390054,1.2388691561562675,2,200
46,0.6705002035940614,1.1198796778917313,2,24
47,1.4415767009580434,0.9340502154827118,2,200
48,0.7126668289224142,0.9905233712572801,2,152,0.04413475300029671,0.11559505201876163,2,200
49,0.6641636604371159,1.1013077108756355,2,46
50,1.362171777434122,0.7770993784070015,2,32,0.45931015635713285,0.7622962329122756,2,41
51,0.8419317914557887,1.1933102380661738,2,21,0.05979255039781928,0.10169146480507024,2,200
52,1.2287752495226254,0.8583060308144643,2,52
53,0.7087531326381642,0.9848831778480893,2,21,0.06428193784071203,0.17131443462281856,2,127,0.271729744509886,1.2601823210716248,2,131
54,0.7171444924882239,1.2591833121636336,2,68,0.019338257784583868,0.0519032809093143,2,200
55,2.1576794759993194,1.0471319903930028,2,24
56,0.9984548386020801,0.8410774554525103,2,7,0.06786890570860275,0.3253015567336166,2,64,0.6612822229499421,0.621676555275917,2,84,0.07867909300026865,0.33858194251855217,2,114,0.9120018149287945,0.7791121253600487,2,179,0.23356900667323002,0.25159334923539844,2,200
57,1.2902078403018968,1.076246174482199,2,26,0.03447018067361238,0.11054728702567089,2,200
58,1.0269632758633256,1.07527667087513,2,91
59,0.9575281316868974,1.1204521214520489,2,27
60,0.45142506726076875,0.5965390413999557,2,10,0.03855900559816398,0.14136121057449502,2,104,0.7272488094796707,1.0975232794880867,2,200
61,1.184109692753636,1.0070404215614395,2,101,0.04695152857379197,0.241739175889803,2,124,1.3962865449476132,1.0320191578431563,2,179,0.06369947047424612,0.10419919803029015,2,200
62,0.7982925562113151,1.0117716273081672,2,194,0.08575433230745871,1.0678494175275166,2,200
63,1.412145795514975,0.6605486188616071,2,35
64,0.03865325346463437,0.16847139045596124,2,200
65,0.968175897170177,0.9346784400939941,2,200
66,0.5271417641810836,0.25217887333461214,2,7,0.03864873197315251,0.2140517313525362,2,60,0.5838981345366167,0.7806421160697937,2,65,0.04976020601046896,0.09594152122735977,2,97,1.1000715578510938,0.9584492532218375,2,179,0.06981382683390455,0.08074730634689331,2,200
67,0.6491348934691925,1.1118676099512312,2,36
68,1.0804920209973379,0.9467439761868229,2,162
69,2.1101704871471973,1.3551191091537476,2,5,0.04348379067424946,0.22093919619269994,2,120,1.2100285379664448,1.1098093181848525,2,200
70,1.0798390128318043,0.9486145310931735,2,54
71,0.5514793576635134,0.6635875999927521,2,6,0.051671591767209736,0.1917119397307342,2,59,0.1734992232213735,0.14304399277482713,2,66,0.04874058412192654,0.1385051247573668,2,97,0.6984702204516529,0.9132281541824341,2,101,0.05077715952228988,0.11202438693979512,2,124,0.5876542921813738,0.9826892269285101,2,200
72,1.0324675540888286,1.0759438179372771,2,123,0.020557895381442974,0.04972983683858599,2,200
73,0.8197993221640664,0.9982253401367752,2,54,0.06945441624994388,0.17599057638254323,2,176,0.08918840196438586,0.40576371861000854,2,200
74,1.1181790048994769,1.053662803096156,2,155,0.027483657948940657,0.19015211595429315,2,200
75,1.1772145722045417,1.0826331580078208,2,182
76,0.02041026396616436,0.09853393584489822,2,8,0.9112666533963625,1.1669695830345155,2,58,0.013170971053743602,0.0683926768498878,2,131,1.9017066407434702,1.2033262494681538,2,200
77,0.9882081650220259,1.1408262042999266,2,125,0.011135133970082796,0.13374298203874518,2,179,0.9616229063768987,1.2528209459213984,2,200
78,1.4490226942872542,0.9775250998078561,2,196
79,0.27336457348268933,1.0449345956246059,2,120,0.07715707584552735,0.15726942320664725,2,150,0.15154837729285833,0.9190574288368225,2,154,0.07606482046527523,0.11343899887541066,2,200
80,1.2469683551166364,1.1049261055886745,2,32,0.024720358713333144,0.06588064630826314,2,200
81,0.7288310785504928,1.0167633811632792,2,60
82,0.025764049491951043,0.11772410571575165,2,8,0.6080778227807276,0.9828002994710748,2,30,0.028891451434481342,0.17024442243079344,2,54,0.732563110632022,0.9519095871183607,2,189,1.768876542525677,1.0026054924184626,2,200
83,0.84802044920909,1.090889020562172,2,200
84,1.276380940141881,1.1352750527858735,2,200
85,0.35312693232292,0.17303120344877243,2,6,0.04158069439742523,0.17938259412413057,2,121,0.907733408231815,0.989677166636986,2,200
86,0.7645716465743153,1.0357015750494347,2,83,0.0616760287315817,0.22125781710658754,2,153
87,0.6409420386854486,0.7214808655235002,2,53
88,0.677028498636832,0.9647022271424197,2,89
89,0.6493599948016383,0.5799783229827881,2,20
90,0.6143465511851477,0.977249515908105,2,28
91,0.5820805300757771,1.0262865821520488,2,3,0.17208767382512136,1.1258635520935059,2,10,0.5745617173847457,0.9439825323911814,2,36
92,0.05731875818915148,0.09428463752071063,2,12,0.6494248593333292,1.0037881082042734,2,200
93,1.7010854515321414,0.8347247513857755,2,22,0.00921197491779945,0.4113899767398834,2,28
94,0.9314860714761818,1.0056794956326485,2,144,0.05116122340307842,0.11686652552868639,2,200
95,0.3089353888712463,1.1887866237707305,2,114,0.020066824464058466,0.08220203861940739,2,200
96,0.8740659930805706,0.9366840958595276,2,200
97,1.0882142534175705,0.9105416280882699,2,49,0.03190073005220178,0.327703737786838,2,63,0.46880531138864684,1.0320523778597515,2,69,0.02760928702523664,0.23360007209703326,2,133,1.2672999739078097,0.8821007858461408,2,200
98,0.8529504880329032,0.8818587263425192,2,6,0.0741675657314724,0.15155479311943054,2,9,0.02981912106857213,0.11591855436563492,2,37,0.7546727741077627,0.9011339772315252,2,58
99,1.4032196660173517,0.9900827045026033,2,23
100,0.7203662163473192,1.0589383397482137,2,113,0.031069895713611857,0.1700432403456597,2,197,0.42897103682103965,0.253657266497612,2,200
101,0.574490893381515,1.1209631750247622,2,149
102,1.134935460143689,0.9369965855215416,2,122,0.06084308177246738,0.6405840963125229,2,130,1.4053547049752881,0.8710566329174354,2,191
103,0.721134347547427,0.7888790185634906,2,26
104,0.7800163133810266,1.0685977339744568,2,24
105,0.7897701671723648,0.9157021188735962,2,200
106,0.35574495407931317,0.6293779611587524,2,6,0.039276561662615145,0.0890886242955159,2,162,0.3441760072335484,0.21529966965317726,2,166,1.101486128311384,0.8591208037208108,2,200
107,1.3306582463766596,0.8916085097524855,2,54
108,1.251126953616522,1.0005723985273447,2,67,0.059618305437102614,0.17693236623054895,2,184,1.380954254258012,1.320403277873993,2,200
109,0.6735503413177388,1.0024886107444764,2,200
110,1.0198997701325176,0.9268482824166616,2,36,0.04551493300547964,0.4061034172773361,2,58,1.1872355707401216,1.0454203124139823,2,109
111,0.605447125095181,0.9937389945983887,2,200
112,2.3236147493218797,1.3266343863114067,2,23
113,1.2033767880611959,1.0893179333055174,2,154
114,1.1579419271640812,1.0625339831624712,2,28
115,0.7322653358882432,1.0912863314151764,2,200
116,1.1744310036549441,1.0179300078978906,2,26,0.08015349863925661,0.31054910695230636,2,63,0.721807070615023,1.141675932066781,2,77,0.06243676998522861,0.1540514018307341,2,124,0.8757067801171264,0.9933659983308691,2,200
117,0.8500860738274474,1.1157724147015902,2,193
118,0.24382358861868156,1.1126167633316733,2,110,0.012608777981410397,0.2628897981471326,2,193,0.22234196267856468,0.7489998170307705,2,200
119,0.7436893683783076,0.8669201147556305,2,200
120,0.5888316150154399,0.8550371253301227,2,63,0.04528152269715965,0.146519841812551,2,143,0.7344722701445282,0.9643317461013794,2,200
121,1.5083120316988714,1.1126513878504436,2,21,0.04707740424422539,0.14161567319007146,2,63,3.6175822408587943,0.6359665393829346,2,66,0.042531488145712684,0.15768553483397213,2,200
122,1.1412696052778897,0.9319789507985115,2,200
123,0.6097940329238241,1.1994747613211099,2,159,0.0543023242682895,0.46686774492263794,2,174,0.7022882470760523,1.1954797964829664,2,200
124,0.6431083796508856,0.8306728879610698,2,15,0.03445255701634952,0.15895425492808932,2,36,2.2619117526819053,0.9988433122634888,2,42,0.05325290083050418,0.18457829345797383,2,128,3.248102015040696,0.7714098890622457,2,131
125,2.0502363670979276,1.1351249143481255,2,32
126,0.8191435279424047,0.9474549431067246,2,26
127,0.7636098005275487,0.9864837431138561,2,31
128,0.9899641891929706,1.0753865909576417,2,200
129,1.6047914565894699,1.1134532690048218,2,67,0.058653238131120826,0.13637188796774816,2,185,1.9218789919318926,1.0837047735850016,2,200
130,0.8496380547512186,1.2851984967356143,2,23
131,1.8987482050470141,1.1927128008433752,2,7,0.01955788035834518,0.05312064238306549,2,151,1.1157844137427302,1.0532419705877498,2,200
132,1.4528847914340428,1.1952423315781813,2,39
133,0.6883746120502636,1.0091970567780781,2,123,0.03581665275172959,0.4309398705760638,2,147,0.6557811754635435,1.1389077317039922,2,200
134,1.626325919280696,0.6871588144983564,2,7,0.07124021209471555,0.18060755325576006,2,66,1.0914998700443217,0.9195566668229944,2,83,0.08661000893534478,0.20518818451091647,2,115,1.4912306931614718,0.9442655493231381,2,200
135,0.9859589142571094,1.0062639796942996,2,57,0.02863751365168476,0.18227923484075637,2,120,1.0080770813326048,1.0002768834431965,2,129,0.06261447926299657,0.5841527432203293,2,137,0.5202992883391395,0.8845403519543734,2,148,0.050692915543625795,0.20783500831860763,2,161,1.0073589134012428,0.8572734086601822,2,188
136,1.7649686736104853,0.9563307820296869,2,41,0.015623711006867314,0.9354398548603058,2,47
137,0.7230057133507707,1.137300762355837,2,117
138,0.9410760623074779,1.0452488491205665,2,123,0.3188516447333184,1.0688291490077972,2,131,0.03912213880874884,1.092114269733429,2,139,0.673335473221087,1.059590337706394,2,200
139,0.9958933977965012,0.9120368641249987,2,49
140,1.0125012551511852,1.1060527251525358,2,88,0.02386278884980709,0.25086544851462045,2,103,1.0651110053173845,1.0213153489092563,2,150
141,0.8489135259200034,1.0347701972723007,2,200
142,0.7549631543178617,1.2419763040542602,2,25,0.039712522550597165,0.07302643963268825,2,200
143,1.5093291910114344,1.0871640826974596,2,28
144,1.2281080001642615,0.9680756211280823,2,30,0.026349773153648625,0.21046231457820305,2,43
145,0.3122642337934856,1.0025183260440826,2,6,0.042478785957754825,0.11832224755517898,2,161,0.4047343219851868,1.065788217079945,2,200
146,1.3260701387952027,0.9499293935709986,2,58,0.014838760955937015,0.06125498103768858,2,131,1.3172292466806848,1.0135489538095999,2,200
147,0.8346531069421372,0.9677733587768843,2,53,0.06370074961597925,0.21523774694017814,2,200
148,0.6208247704996342,0.7837175761195395,2,139,0.02602537383072481,0.3189284344514211,2,154,0.676552191915672,0.8378590620481051,2,180,0.09134656252592734,0.5340028211474419,2,200
149,0.056283664968667865,0.17433635077693246,2,11,0.6624476696245828,1.0820632731473003,2,65,0.06538539046299814,0.16876168648401896,2,170,0.5558501547218782,1.0347426789147514,2,191
150,0.5143261854278205,0.9601762449904664,2,146,0.3463240708140745,0.547747815356535,2,163,0.5400035983437614,0.9373607071670326,2,200
151,1.1464542130160358,0.8600646555423737,2,200
152,1.4244002147773536,1.0115440291166307,2,200
153,1.0825399600156622,0.8490356379939664,2,31,0.022513406044815602,0.15232637877527036,2,69,1.1616035712574724,0.9742183710666413,2,116,0.014868787560193168,0.8430555926428901,2,125,1.0199267877843037,0.9308828250054391,2,187
154,0.8409255110349552,1.3569859862327576,2,6,0.042578732515316124,0.3965747032095404,2,40,0.6657794853927971,1.1575920148329302,2,51
155,0.7510287923417138,0.9568206537060622,2,41,0.06256967729108133,0.254937954341309,2,120
156,1.5579154359367064,1.124088539796717,2,68,0.023557415317460893,0.046950249622265496,2,200
157,0.7752024843622215,0.9515440123421806,2,49,0.026853417344965637,0.39520981449347276,2,62,0.6620392030313658,1.0072511487147386,2,198
158,0.5387297089044797,1.5741164003099715,2,7,0.017598144644768336,0.05945182570980655,2,151,0.997642376941382,1.0051118368055763,2,192,0.05979955039915593,0.3951970003545284,2,200
159,0.9046785643507745,0.8088789836380833,2,129,0.023737723909211236,0.5592725574970245,2,138,1.0442185032470053,0.853629671758221,2,200
160,1.2594587124590015,1.2262093782424928,2,35
161,1.5004069362948789,0.9953938325246176,2,69,0.05407318083407632,0.1284435713155703,2,113
162,0.5745186163470759,1.1571866101026536,2,200
163,0.7653162908551082,1.0145234223958608,2,74,0.0541764478380394,0.24596527046278904,2,169,0.5780218927008509,1.109563039195153,2,200
164,0.9320029070573442,0.983037927571465,2,34
165,1.372587549192199,1.2070865601301193,2,40
166,1.2013062818165092,1.1800152701000834,2,86
167,1.1522867425200054,0.9365972484030375,2,41
168,2.244794174371635,1.0940012090346392,2,17,0.06021243742041385,0.2573106688184616,2,95
169,0.3001066712386474,0.3988201965888341,2,3,0.06246872227894847,0.21285211738376392,2,87,0.9434910821754595,0.8697471249671209,2,108
170,1.0759306216970186,1.0570444527425265,2,76
171,1.5239013276007318,0.6978641975493658,2,21
172,1.2672236909679078,1.1512092016945201,2,121
173,1.840900565004307,1.4441156053543092,2,25
174,0.7794586647898449,0.9088563415408134,2,200
175,0.8232777043662769,0.9828041267395019,2,200
176,0.88363578638134,1.0204610987143083,2,176
177,1.5145651722679978,1.0268704367846977,2,82,0.05556095579063355,0.2399945502218447,2,139,1.6634080006652203,1.0718480348587036,2,200
178,0.7929267829668896,0.9833773489921324,2,31,0.022113196505092494,0.10595782722036044,2,55,0.8138528917930378,0.9735752705371741,2,187,0.03961225545806551,0.13116236718801352,2,200
179,0.6544351822431859,1.0042081062610333,2,13,0.021125728254849447,0.19288615882396698,2,28,1.2584331650642109,1.008107786437115,2,194,0.05694410852402817,1.1701380213101704,2,200
180,0.7715552023889349,1.0362060520707108,2,82
181,1.3045136032548001,1.0846508958122947,2,44,0.024414170643147434,0.09255866863225636,2,82,1.273622401870591,0.9705026745796204,2,85,0.08558407889526783,0.08200962562114,2,101,1.0066233641583098,1.1158845791449914,2,114
182,1.0040159032447051,0.9823009301634396,2,34,0.05636659241088341,0.12483667108145627,2,78
183,0.9754233984435259,1.0136900087455651,2,154
184,0.9627560225558224,0.7409435456449335,2,22
185,1.1953737415709231,1.2254963636398315,2,25,0.01584807231561707,1.1454618930816651,2,30,1.2338820008101352,1.2061121429715838,2,100,0.058311054897460676,0.5605629748768277,2,109
186,0.9225647923901737,0.7810069417953491,2,25,0.051559951325165644,0.10387029498815536,2,65,0.7309514592359765,0.7343675041640246,2,92
187,0.21867115899615816,1.0572730239513701,2,113,0.039476450783121196,0.31529792319787175,2,151,0.037758233085686856,0.09104467928409576,2,200
