0,1.2344494039610883,0.8979089856147766,2,114
1,0.825006222238548,1.087173035015931,2,148,0.05422375517029848,0.08870856693157783,2,200
2,0.8683591586456553,0.8862576067447663,2,110,0.04827992433167654,0.21256408592065176,2,131,0.43139292443418037,1.6204403936862946,2,135
3,0.7856307275912713,0.8790184033328089,2,29,0.007113920296916088,0.8887832363446554,2,35,0.33223683259949616,0.7192655603090922,2,38,0.03659238621428882,0.1673356090218593,2,194
4,0.7431695301466789,1.270169985294342,2,20,0.0866668198982995,0.06532652676105499,2,57
5,2.2766275415946917,1.3513709085958976,2,27,0.024983662239187396,0.09670422894832416,2,66,1.2088676738313267,1.2507973975605435,2,102
6,0.8386106882509233,1.038958170290651,2,116
7,0.6507562005001496,1.002382097705718,2,31,0.085864048605696,0.09293676416079204,2,154,0.9075655372511353,0.9918062790580418,2,200
8,0.5583057029192791,0.8447194401221939,2,79
9,1.3223800989539085,1.1318606260944815,2,68
10,0.626195568007744,0.7961763242880503,2,24,0.054405950697897755,0.15688088993231455,2,99,0.7565822423684743,0.9309394176189716,2,164,0.06650227741877912,0.07172155380249023,2,200
11,0.6083670822663282,1.13403788418837,2,71,0.7908833329210869,1.1381971318592397,2,200
12,1.7020631303595155,0.9664353393926853,2,41,0.03473159556969632,0.1355980283021927,2,66,1.7976341915564693,1.0362841969444638,2,150,0.02667602499566721,0.21668725329286911,2,167,1.7280249921286601,1.0366647568616,2,200
13,0.8080034657905234,0.939851910173893,2,200
14,0.6795076688444243,0.947619278641308,2,34,0.08379388528480758,0.21069083787086937,2,178,0.21900664682749227,0.6164611835371364,2,200
15,1.3645583047367302,0.9681617635137895,2,136,0.022084147580815436,0.48807057509055507,2,149,0.052021576602278255,0.5037194672558043,2,167,1.9448279251257914,0.8189124266306559,2,200
16,0.8276625172607673,1.2263893597834818,2,74
17,2.231770021041429,0.8873944806330132,2,33
18,2.0653095692323977,1.1079176052196607,2,37
19,1.4397615759730276,0.7586518667512021,2,59
20,1.4572542680973812,0.986716254337414,2,37
21,1.0412632830680344,0.8872057449433112,2,31,0.03734523465006868,0.2714865356683731,2,38,0.5130691721852262,0.28011354165417807,2,45,0.03567612462519861,0.09389255296799444,2,200
22,0.5510491441023055,1.1004727760950723,2,15,0.06314329544314558,0.0646294290331048,2,86,0.7331811433362997,1.0140861283268845,2,200
23,1.0156224505353868,1.224537724798376,2,22
24,0.790054171525397,1.0671694843392623,2,38
25,1.0436095570291402,1.0799507376659347,2,166
26,0.7363869315589429,1.0253617735136122,2,42,0.021440345173831272,0.2826192422459523,2,66,1.225842422235452,1.004107240770684,2,188,0.05841487485398981,0.1374617430071036,2,200
27,1.1808248353377127,0.8300771487922203,2,82,0.027937205747445494,0.36376671422095525,2,103,1.7026013705848204,0.9410356467532128,2,200
28,0.015752524415399313,0.04773975270135062,2,98,1.7207633108466005,1.2620169401168824,2,133
29,1.4120287218802607,0.7844555899500847,2,24
30,0.7677717599870391,1.073343368938991,2,35,0.07458963028885719,0.25742586003255474,2,164,0.0805934721810148,0.49351560696959496,2,180,0.20538096437305528,0.8158409059047699,2,190,0.08095970936721321,0.4347145646810532,2,200
31,0.9069450982968089,1.0981153297424315,2,25
32,0.9865997733715145,1.1615319677761622,2,14,0.024096466732542555,0.24494508107503254,2,29,1.1900240536256517,1.137174365195361,2,73
33,0.7775765753687981,1.1064368215474216,2,22,0.021237489389966804,0.09133098599776415,2,93,1.67384857961171,1.3369526982307434,2,103,0.017716887526868876,0.06988959809144338,2,133,0.807869526184672,1.0031157269769786,2,182,0.028647466400272076,0.06036760244104597,2,200
34,3.0545320843790145,0.7436976830164591,2,3,0.07423426480527245,0.11798386573791504,2,18,1.7852207247569984,1.1836222280626711,2,41,0.04533848132898441,0.0857110231552484,2,147,0.6321499039552967,1.0688069778330185,2,164,0.05634295558931746,0.07781091900098891,2,185,0.10385887788934005,0.052982364098231,2,200
35,1.1277215402316092,0.9439777266688463,2,41,0.03959496892324017,0.0804213460372842,2,64,0.17009493565651643,0.24971941113471985,2,67,0.018963082156997994,0.08110960444113366,2,200
36,0.0299506265988818,0.150205178579814,2,71
37,1.4672633732138134,0.8850048102744638,2,73
38,1.311296585913535,0.8929562633102005,2,74
39,0.7945592177047933,0.9554751074411035,2,123,0.0698396937323539,0.11327757176600005,2,180,0.9268614404922192,1.1635480761528014,2,200
40,1.8326981228275123,1.1293452164483448,2,63
41,0.27826910340597255,1.007180142402649,2,25
42,0.10782713209047319,0.8325710106979717,2,22
43,0.08297579521956695,0.1573304825502893,2,23
44,0.3303665870287156,1.1418131673058798,2,43
45,1.0079065195517167,0.9423339330420202,2,49
46,1.005014550313327,1.0505865624972752,2,140
47,1.1949371392364354,0.940019201349329,2,27,0.029766139955992175,0.14019760970146425,2,58,1.232071486580904,1.0534150298212615,2,200
48,0.6327895668450929,1.0003312243971714,2,86,0.7111154420260706,1.277590927324797,2,124,0.6171339897506856,0.918327287832896,2,154,0.04090552134995446,0.1475144153511202,2,191,0.3557672429943222,0.32529548307259876,2,194,0.5425046452396094,1.0922007362047832,2,200
49,0.7820643237017822,0.681766003370285,2,40
50,1.0526001035781662,1.0834275029954457,2,42
51,2.055370310266826,1.3222546378771465,2,24,0.041296604962359935,0.2520523610748822,2,103,2.0625508028872415,1.370479679107666,2,108,0.7891737959436348,1.4639363951153226,2,117
52,1.2389234946705532,0.9480414659204618,2,71
53,1.4301531512747527,0.9837453961372375,2,54
54,1.6310263350204268,1.0458038008731345,2,23
55,1.3163567977494395,0.9791143195969718,2,126
56,1.3711618113796025,0.967607552354986,2,44
57,1.3233737299209063,1.1252552853690254,2,45,0.07624852975642618,0.21465465568360828,2,66,1.005086612537631,1.1651575235220102,2,131
58,0.08957276809895633,0.10521310049554576,2,23
59,0.9269935956020928,0.9850529220369127,2,45,0.09479604287339996,0.2751308706673709,2,67,0.7274377305797025,0.9719792455434799,2,103,0.057997807682981864,0.18792705456415812,2,178,1.178136986241992,0.6511555801738392,2,200
60,0.6932623958366038,1.0525874158610469,2,23,0.03751993280894114,0.12437469471950789,2,171,1.3653485170687052,1.1586644567292312,2,200
61,0.6779348193458451,0.9474164068698883,2,200
62,1.005416616868381,1.0003611125807832,2,69,0.031982343603302064,0.0608534189787778,2,113
63,1.4779872579428748,0.9937651616334915,2,200
64,0.6061908937885969,1.3625669082005818,2,3,0.07419572683468005,0.14970510080456734,2,23,1.3838364143484438,0.6348224639892578,2,28,0.08755075966329424,0.10145702715153279,2,120,0.9395806028463033,0.3290512760480245,2,123,0.0788250649208652,0.07812488523491642,2,180,0.3176234865917839,1.1910659968852997,2,184,1.7926897176592567,0.9835085943341255,2,200
65,1.121886591720434,1.0412737661600113,2,200
66,0.8948201798097539,0.9278037038445472,2,200
67,1.3029135002734622,0.9976198984229047,2,23,0.017728765275196186,0.127420988040311,2,93,1.6501822128904695,1.2342852354049683,2,103,0.05068017926528333,0.15074679553508757,2,178,2.355130100936895,1.241539868441495,2,200
68,1.7793028269817732,0.9459020007740367,2,22
69,1.403820890323515,0.9910590171813964,2,15,0.08033122059045587,0.11323281587698521,2,93,0.551682182365073,0.8968194723129272,2,98,0.06580442406218551,0.07968079405171531,2,126,1.3533527383383286,0.9106530442431167,2,200
70,0.7603671000130365,0.9881460601633245,2,110,0.041113777203313065,0.1648039739917625,2,154,0.2977275865998265,0.8642253194536481,2,161,0.10944261407949842,0.9313252170880636,2,167,0.6942719121943319,1.018361554001317,2,200
71,1.4880783039666832,0.8041897024959326,2,32
72,1.1382611812054895,1.0513261395531732,2,37
73,1.1864705788950913,1.0122525191307068,2,100
74,0.8531719691628306,0.9676698190825326,2,35
75,0.9906521046973987,0.7971014651385221,2,132
76,1.3266442362034714,1.099292903156071,2,91
77,1.3090421206609855,1.0606390745682124,2,169,0.05769437865100154,0.24237563567502157,2,183,2.740190449921087,1.072409482563243,2,200
78,1.1653985084811067,1.1551636229543125,2,136,0.019772495215713157,0.3249326440004202,2,149,0.9740477891322232,1.0923482618833844,2,168,0.021926718506016955,0.2622562050819397,2,182,0.923226069693108,1.2061729166242812,2,200
79,0.7099107138322208,1.0317146931925127,2,31,0.056881854789460305,0.18309606580684581,2,79,0.7330266022488756,1.1386149982611338,2,109
80,0.8816343182354727,0.722014844417572,2,27
81,1.1989419247295467,1.0348204120117075,2,136
82,1.0663578076608822,0.9605598449707031,2,35,0.029689918359358965,1.008648951848348,2,41,1.3221578264157996,0.9764948783277654,2,188,0.11065906111103481,0.19509747872749963,2,200
83,0.5020587235020204,0.8953022406651423,2,52
84,0.8711627236861267,0.8851977790656843,2,38,0.0334922418578296,0.06039039248769933,2,82
85,0.593715081302173,0.9488580352067948,2,200
86,0.7621955487928598,1.1346065700054169,2,4,0.028355787607083762,0.2638067790504658,2,70,0.7796792813997969,1.4806315898895264,2,78
87,1.1440646754659898,1.3798936406771343,2,48
88,1.1088113578803185,1.0943821806174059,2,26
89,0.8232656045789929,0.9376691943407058,2,200
90,0.9136553666573685,0.9761699079735878,2,163,0.017370365714577223,0.11686152823873468,2,200
91,1.3002486738294012,0.9740433070970618,2,46,0.021090383527078805,0.42794434070587156,2,71
92,1.2615764564851795,1.1549276231539132,2,101
93,1.3475204887226313,1.0692899805126768,2,33
94,1.7261506644091444,0.8932100810655733,2,41,0.021969899533640733,0.09532395927678972,2,83,1.172839658940104,1.036334769338624,2,200
95,0.8953981117937194,0.9537219134244052,2,154,0.062462991384368796,0.19042260167391403,2,200
96,0.23468517889923432,0.5285257250070572,2,3,0.019449303298304858,0.12319673088036086,2,41,0.9085792319454585,0.9988739553250765,2,117,0.02010092578003408,0.17079670960996665,2,168,1.3686681382779815,1.081168268037879,2,191
97,1.288555166866707,1.1607331534226735,2,36
98,1.0410128611297096,0.7579130039495581,2,17,0.050218815380457006,0.1807497296577845,2,56,0.728797973285498,0.9109580715497335,2,59
99,1.122901175680773,0.8864571109503329,2,167,0.0874521003369426,0.20230949763208628,2,183,1.354891809423296,0.8840528761639315,2,200
100,1.2771351996889635,0.7961870781012944,2,70
101,1.4878472781832883,1.1159302223296392,2,21
102,1.619619759305163,0.6279006554530218,2,13,0.03989801669289619,0.227065546340064,2,51
103,1.012604757503255,0.9144830059360813,2,74
104,1.1629651008150357,1.063269222838969,2,79,0.028807373638985084,0.933879554271698,2,87,1.0527810715250565,1.046955336223949,2,98,0.03219479013442063,0.12749617112179598,2,122,1.4944537433492668,0.9668820386841184,2,164,0.03773769038285389,0.18828780433306327,2,190,2.200651421685479,1.2920144081115723,2,200
105,1.241047503520719,0.8840566412969069,2,88
106,1.6347061109955532,0.5282330487085425,2,23
107,0.9920152432496788,1.6701965034008026,2,4,0.07151413476523927,0.10384719936471236,2,23,1.3350921685632775,0.9413575172424317,2,28,0.0807318325973127,0.11921694843392623,2,123,0.6716667734651595,0.8762093751461475,2,200
108,1.4144504498779014,1.029607457992358,2,39,0.06604145045463852,0.09859064283470313,2,87,1.525111422504828,0.9115079140121286,2,131,0.02772948846061633,0.0599355162544684,2,175,1.5573404657278491,0.9412981082092632,2,197
109,1.5400338244107703,1.1589874174536727,2,41,0.04513832635754057,0.14490509750145786,2,147,2.144589075342993,0.8886048027447292,2,154,0.02770890121776478,0.25073515603671204,2,191,3.0274444118120383,1.2317254808213975,2,200
110,1.40924148916356,1.0648371703696973,2,33,0.0328372733078743,0.10466481892617194,2,124,0.9427712244069963,1.0671941995620728,2,134,0.02297640194751782,0.08261736101574368,2,179,1.0202696272766758,1.0547295808792114,2,197
111,1.5344764903913897,1.0372499847412109,2,100,0.04714336686641902,0.07311383132324663,2,143,1.1924425665540042,1.000543841948876,2,182,0.01779873914638262,0.16456638193792766,2,200
112,0.9391763516848718,1.0698616198131017,2,70
113,1.1034045797477303,1.1205261380132967,2,137
114,0.7516405730511311,0.9770105254650115,2,200
115,0.8801580146036032,1.0597578268202523,2,63
116,0.9598957663919677,1.1633439710584736,2,59
117,1.413254235219073,1.038715124130249,2,18,0.05557754415621694,0.8580970101886325,2,27,0.699966517522604,1.0852822934587796,2,75
118,0.5026426032040625,1.193979959487915,2,25,0.043545454780263906,0.05338981970032649,2,92,0.5297409450958573,1.1896043243231598,2,200
119,1.3095244667553545,1.0035917705959745,2,45,0.03564679743567096,0.13370172025695923,2,200
120,0.7893590035726391,1.1765087168557302,2,175
121,0.694876719922658,1.0089199483394622,2,20
122,0.48001314073507356,0.26843379012175966,2,7,0.017286746047098962,0.08724087442474804,2,94,0.6421567092065957,0.9399716158707937,2,106
123,0.69507421634238,0.7432391132627215,2,28,0.017843279435001497,0.06187127445425306,2,98,1.26475170025034,0.918370546265082,2,142,0.20526759751122042,0.32598614394664766,2,152,0.6624030330743332,0.8146156388170579,2,169,0.017520530158122133,0.3112270062969577,2,200
124,1.596520543889686,1.278351436490598,2,23
125,1.7805027825993505,0.9233827728491563,2,52
126,2.136644345530915,0.6312186519304911,2,21
127,0.9648724582500289,1.0242674138648378,2,163
128,0.4027137106544176,0.6465730396184054,2,11,0.09862967844664397,0.5587091520428658,2,15,0.06284188218467093,0.16442299370582286,2,80
129,0.8668172113065994,0.777377750562585,2,23,0.108058365651865,0.25904517245471925,2,156,1.3149301228650985,0.9212407483295961,2,200
130,1.7937021513911415,0.9195363585438047,2,28,0.024771383163860045,0.16093171825484623,2,154,5.891517795690613,1.1788136959075928,2,158
131,1.4573674567071941,0.93988345180239,2,70,0.02230686429331332,0.12271964062343944,2,125,1.1418079757145854,0.9612482152879238,2,141,0.02100932721450995,0.15348097905516625,2,161,1.4522586416126084,1.1718023067865617,2,200
132,0.7132618432530965,1.1712555487950642,2,15,0.02646604601273107,0.06151803370032992,2,29,0.8302763500320179,1.0981108092126393,2,71,0.022459400363598753,0.11537128659811886,2,126,0.9702353976176248,1.2101150069917952,2,182,0.0339664334150328,0.10416069875160854,2,200
133,0.8873134049130174,0.8667097128927708,2,32,0.024543725132152784,0.2088036835193634,2,54,0.8697341727009646,0.9137703376273586,2,200
134,0.4820329662251242,0.93410937732725,2,134
135,0.62599429249632,1.1267935134269096,2,74
136,0.9458663715674299,0.923070700602098,2,55,0.05504865683095385,0.19326848977682543,2,104,0.5661046073036631,1.0342913957742543,2,117
137,1.2292205282730984,1.087831260553047,2,67,0.01422381319486886,0.1159790252836851,2,119
138,0.2656885398456971,0.6129275113344193,2,4,0.02542670949177543,0.13914199805620944,2,70,0.6861251063430225,0.9316929179888506,2,200
139,1.052298478937808,0.990397110898444,2,141,0.021873322839412623,0.20098947286605834,2,161,1.1839892581456002,0.908439576625824,2,200
140,0.017375354491823293,0.04457245630269148,2,98,1.039438915229566,1.1371353256936167,2,200
141,0.8798970648420467,0.9453253816155827,2,34
142,0.7888993110016282,0.6761844621764289,2,18,0.028304627167208798,0.14519028632627057,2,191,1.653597481583762,0.9449390636550056,2,200
143,1.4722383842697577,1.0611437161763508,2,12,0.2751658456600256,0.2431577742099762,2,15,0.05571009563151927,0.11084565946034022,2,85,0.5738425974353201,1.0773546767234803,2,110,0.04039339225499106,0.14326843551614069,2,154,0.5151695185739898,1.070657157128857,2,185,0.03251528400827373,0.1144329567750295,2,200
144,1.2807572712100916,1.078111425638199,2,100,0.0457758248015224,0.1312721097885176,2,143,0.5827983701404084,1.4259662866592406,2,148,0.05175638516261931,0.0989485360108889,2,200
145,1.0288494844944636,0.906356175839901,2,200
146,1.13649123205868,1.0232233703136444,2,100,0.04922986647624565,0.1467397695495969,2,142,1.1934812147521128,0.8043451756238937,2,162
147,1.4044904105691267,1.0697150230407715,2,19,0.018548402667639022,0.29458697411147033,2,41,0.8696299281221533,1.1394449174404144,2,81
148,0.9020263129136686,0.8155854534019124,2,22,0.02204743422056331,0.07816004988394286,2,60,0.5847232537673654,0.8231570654445224,2,69,0.03043637491506536,0.09077230917996373,2,98,0.8484186543004311,1.1497348036084856,2,112
149,0.5898908831937317,1.1499590139056362,2,86
150,0.5553856042123085,1.1311002199242755,2,82
151,0.9573902880629496,0.9459003354563857,2,33,0.032166868331227075,0.11392641460502541,2,124,1.0875642280766609,0.8457700688587991,2,200
152,1.0542805174959058,1.1820268871322754,2,124
153,1.5517273187795275,1.0811339020729065,2,90,0.015870449523708564,0.05700654765734306,2,142
154,1.8211615088932147,0.6972614457974067,2,26
155,1.1979531899700848,0.9623792970303408,2,97,0.018995113437696127,0.9040937304496766,2,107,0.9798686142818945,0.9328222120249713,2,161
156,0.10673717028423012,0.2036364237693223,2,44,1.319142283679916,1.208530270284222,2,106
157,0.8018730008099858,0.9722101311398368,2,117,0.02082168367484756,0.13926686048507692,2,167,0.8089297782483111,0.7389955665125991,2,200
158,1.3319463898874166,1.0215655654223996,2,67,0.014773386754411574,0.05246363051476017,2,160,0.0563843676636296,0.21136821309725443,2,163,0.019713835870167725,0.13240690609893283,2,200
159,0.6115715784288885,0.8729755195175729,2,41
160,0.8171952851747624,0.7101363675160841,2,88
161,0.5977998263427597,1.1136478424072265,2,15,0.0811916130809199,0.09121519689624374,2,52
162,0.5514346390414064,0.9644733615543531,2,23
163,0.4967493369743346,1.0052111148834229,2,23
164,0.5671822810875633,0.9352586950574603,2,7,0.039294672910680006,0.10752999847349913,2,76,0.657842780297374,0.4306930422782898,2,86,0.04440680722874839,0.10556229017674923,2,182,1.5021349423195194,0.8643563191095988,2,200
165,1.0431588926805044,0.9936368124825614,2,77,0.052665194171629265,0.188345433678478,2,173
166,1.1812239973763077,0.9296204784642095,2,23
167,1.3823541074590895,0.9773390329245365,2,33
168,0.42940801482551383,0.6072462712015424,2,7,0.033042491080616694,0.23192275974197665,2,76,1.2333524444908435,0.9246323307355245,2,85,0.033446856371613404,0.11253209934406674,2,182,0.516503820656702,0.954796271191703,2,200
169,0.6337994873926801,0.9516044252592585,2,92,0.03870214647748212,0.0810836424621252,2,144,0.8209168315320355,0.9189750552177429,2,151
170,1.1009859872070076,1.3004144533820774,2,23,0.11148534733465121,0.22035274290500728,2,156,1.9134621103608709,1.1973172787464026,2,189,0.09613113163570715,0.12003343213688243,2,200
171,0.7287524228289536,0.9408273881673813,2,200
172,1.1134509321274217,1.0168385517249987,2,103,0.013587657812262717,0.20321991344292958,2,133,1.2084965873320388,1.1307166887789357,2,182,0.035951227758091536,0.11117562403281529,2,200
173,0.5743580188095814,0.6887459345161915,2,16,0.07319103558211197,0.9335308737225003,2,34,0.4697700199764392,0.9125282382965088,2,84
174,1.916902438632541,1.0292849408255682,2,27,0.024893920559535224,0.1773668671807935,2,58,1.8418652031434095,0.991496441477821,2,163,0.018857853842329002,0.13371821392226863,2,200
175,1.0380914595349808,0.7917449006012508,2,70,0.04190958421236,0.15272564046523152,2,87,0.6822999585499622,0.8561645150184631,2,96,0.027924695285630276,0.2233723554383503,2,185,1.1725633096731969,1.0953639189402262,2,200
176,0.7935488709929338,0.8736198770189748,2,103,0.8524759083429534,1.071648856624961,2,167,0.017635869453732682,0.14873342911402385,2,182,1.2442273399973915,1.0993715061081781,2,200
177,1.3133411079755832,0.8734490031003952,2,200
178,1.2014844095282395,0.6259776651859283,2,10,0.04545652021638432,0.22506214482219597,2,48,0.4490974673035594,0.5938095971941948,2,52
179,0.8769550768401649,1.0038897851680189,2,94
180,1.5957459669501375,1.0373319040370892,2,79,0.027976581351032214,0.6665711030364037,2,87,1.7673038558678846,1.0604908899827437,2,98,0.019603143998882622,0.1377709141621987,2,122,1.6815840701538154,1.1455414661994348,2,200
181,0.910094624667475,0.897216526667277,2,15,0.07625112021905528,0.17296996387915733,2,93,0.1947596443867846,0.8198972821235657,2,98,0.10408465729419511,0.09264987309773763,2,128,0.5935620398760828,0.9004973849734744,2,165,0.5522216045741191,1.2851908922195434,2,185,0.024176442590667042,0.0984221617380778,2,200
182,0.8498358754959532,0.8797392249107361,2,10,0.023772516011594146,0.23974509599308172,2,34
183,1.3445064600178298,0.9411391493601676,2,39,0.015083187524892456,0.04251720073322455,2,183,0.7198944176599347,0.7841448608566733,2,200
184,0.5560294334178222,0.965157915353775,2,200
185,1.0725275126033758,1.0918754202127456,2,200
186,1.5141906368436886,0.9481712656636392,2,31,0.0783472546324967,0.05254667554019896,2,152,1.9516875485505105,0.6753964424133301,2,160
187,1.3850468191479983,1.089501838684082,2,25,0.03983485915803936,0.04216485370450945,2,92,1.3989516679451968,1.0758926614567086,2,200
188,1.1185679736129566,1.1044583188162909,2,18,0.029559539553146292,0.2401445137627552,2,191,0.8685749938284827,1.3080065117941961,2,200
189,0.7743138930348715,0.9416175768488929,2,42,0.022282513459649236,0.3542206237713496,2,66,0.8891218630914338,0.9241765062014262,2,126
190,0.7447991590980478,1.0411547392606735,2,200
191,0.7877681898976225,0.7374642760522904,2,31
192,0.6283467776720516,0.9564333396887629,2,159
193,0.7391629388316948,1.0007948305295862,2,23
194,1.308281077661412,0.8060740932174351,2,23,0.017371415336746042,0.06772165542299097,2,111
195,1.1330722690565238,1.0463668914402233,2,34
196,0.8594428504434031,0.9424116966572214,2,141,0.0389651455881972,0.07778752457212519,2,195,0.3345435877867097,0.48488979041576385,2,200
197,0.6609821257459122,1.0595524522322644,2,158,0.021072916551755975,0.08820424973964691,2,200
198,0.9894990076460733,1.1634476557374,2,32,0.02070682562069013,0.29236935011365195,2,54,1.4691324901480103,1.0551055612629407,2,200
199,0.7741418143737916,0.6145221853256225,2,25
200,0.7565813312663205,0.5295378764470419,2,3,0.04064883972584478,0.15849955486399786,2,17,2.8993723462549146,0.9531054049730301,2,25,0.06351405166580727,0.0887664307470191,2,98,1.2146389207816675,1.0038852900266648,2,138,0.04162823993493631,0.1768301041877788,2,184,1.2882777078913623,1.0293420776724815,2,200
201,0.8365673933661804,1.070433497428894,2,21
202,0.7822469016977147,1.0941119988759358,2,21
203,1.025197141109547,0.9295553704966669,2,115
204,0.847246998345636,0.872187153417237,2,49
205,0.5655639187062695,0.5728665131788987,2,26
206,0.732804203657074,0.8086848026368676,2,41,0.027023124431719937,0.1376143509433383,2,83,1.2093000820968194,1.00002885939645,2,144,0.038311217372629096,0.06253052343215261,2,200
207,1.199432518456276,1.0276189645131428,2,24
208,1.7288459504021068,0.9845169633626938,2,8,0.029874049360382855,0.160544657991046,2,134,1.4219501274227744,0.9051196139033247,2,175
209,0.5497299728028566,0.993477474451065,2,200
210,0.92822138929036,0.9479658325223157,2,137,0.0289772463961087,0.8598571949534946,2,146,0.9379910843252095,0.9743373614770395,2,200
211,0.5097597259273866,0.9891460045524265,2,23,0.0394385080645526,0.1264159351380335,2,167,0.12442758485038795,0.10661622136831284,2,171,0.47159955772707257,1.1015214488424103,2,200
212,0.5872061007925662,1.0714576542377472,2,28,0.020013051207447338,0.11593152433633805,2,98,1.065755311873719,0.9926487332896182,2,174
213,0.8132888893716482,0.9901115192642694,2,158,0.029489200315382096,0.10669344841014772,2,200
214,0.788494189186403,0.9367890134453773,2,200
215,1.0194888717826491,1.1301411294168042,2,31,0.025656390908357602,0.13721458207477222,2,42
216,1.2081731954644226,1.168519683000518,2,164,0.03198805408010041,0.2384916627407074,2,189,2.306180578782823,1.1016157323663884,2,200
217,0.9087831872093335,0.7790650558822295,2,68
218,1.3051079411779873,0.8629464896825644,2,52
219,1.0835067393023585,0.4923004844249823,2,39,0.014078684271914603,0.037150605064299375,2,183,1.0303114280162262,0.9185777446802925,2,200
220,0.8170416201326562,1.1302492985358605,2,26
221,0.8343987521270155,0.9545471505685286,2,66
222,0.5730414415217946,0.7902475932370061,2,23
223,1.2064484494232224,0.897949251459866,2,82,0.06332282353283797,0.11136420096381236,2,200
224,1.2631244492248754,0.8245413328210512,2,24
225,1.5361342745691242,1.1081097819084345,2,43,0.3812588797506769,1.0328539907932281,2,47,0.05918634692335639,1.0679420828819275,2,51,1.5436009138217235,1.0342991094331484,2,125
226,0.8428399669941283,0.828423498162798,2,157,0.030846067954751432,0.2565218040655399,2,186,0.4395934216167212,0.8923013582825661,2,194,0.13765357284721003,1.0351815223693848,2,200
227,1.6669289966472463,0.7450671536581857,2,21
228,1.7517103982652102,1.0102932352130696,2,59
229,4.083934041478772,0.95912766456604,2,6,0.043775225506196724,0.18562677715505874,2,27,2.4634780847275954,1.3927852312723796,2,30
230,1.861794923312779,1.343930540766035,2,35
231,0.6369622724947622,0.546097069978714,2,12,0.053995155408102784,0.183138777812322,2,39
232,0.6376143105255198,0.8921802129064288,2,7,0.053089815089078445,0.1432590092986058,2,85,0.4560341385714288,0.7847000136971474,2,93
233,0.511866072182933,0.7669739772876104,2,3,0.06665781861177711,0.16218887979076022,2,66
234,0.7809463586705404,1.190812337398529,2,20
235,0.7094905643718633,1.1653281052907307,2,45
236,1.0622849003654082,0.9908664314835159,2,27,0.07568671182204685,0.07374731451272964,2,69,1.5254090639978763,0.967112558228629,2,83,0.015087412189616841,0.2461762105425199,2,89
237,1.8752389947439083,0.9491968005895615,2,96,0.026967973276973936,0.21249475321742925,2,185,1.1069736498804748,1.2039671341578166,2,200
238,0.7785406473051177,0.9370584264397621,2,32,0.09395244779381151,0.9685127139091492,2,38,0.7598066468769802,0.9679812597639766,2,200
239,1.3561313251151559,1.1737160980701447,2,12,0.03181364713716051,0.19190377702838496,2,50
240,1.363307724174078,1.0667841964297824,2,18,0.0347881217445605,0.12980757524137912,2,41,1.0589604268017498,0.953427261672914,2,169,0.023343186102335045,0.18447298676736892,2,200
241,1.014857265738861,0.9122296579472431,2,154,0.04165041228534913,0.21517028141280878,2,200
242,0.7670644543462424,1.0320700925329458,2,23,0.11703075017723638,0.9756534099578857,2,26,0.64804438429394,1.0273320014987672,2,82,0.057743261206726626,0.23036165738647635,2,126,0.8030841424575409,1.0319579993524859,2,188
243,0.8246244722564889,0.8378156084905971,2,44,0.031775438812461955,0.12036866217087476,2,200
244,0.8483821429872904,1.058871215581894,2,200
245,0.8809252217019053,1.006410757303238,2,200
246,0.9594021357085954,0.8834927205915575,2,77
247,0.40924409818296315,0.4265841742356618,2,3,0.024130097326505666,0.08341212100104282,2,41,1.168335022537737,1.0513427833030964,2,70,0.03642621607793018,0.2212452108369154,2,87,0.8785041882219399,1.0097078425543649,2,192
