0,0.9814955666838173,0.8728212362527847,2,200
1,0.660114072125302,0.7702737033367157,2,10,0.041654466045031126,0.185785250230269,2,65,0.8336730935160747,0.9893119931221008,2,99
2,0.6651213198289342,1.546029195189476,2,8,0.05110472781859257,0.17200134336948394,2,33
3,0.4352776269606864,1.292133823821419,2,38
4,1.2120436912748085,0.8553546630419218,2,65,0.02593687854712671,0.07334103698913867,2,130
5,1.203198997960514,1.1410327874697173,2,39
6,1.2705597921953253,1.008848445756095,2,28,0.025079039585377914,0.04775358005003496,2,138
7,2.041084294779662,1.163742184638977,2,4,0.07137885197627176,1.3922100578035628,2,11,0.9286389105935005,1.5055075138807297,2,19,0.018787836681324287,0.13659503993888697,2,43,1.0252656870040098,1.2747848657461314,2,108
8,1.0554728382800755,1.4935427109400432,2,6,0.015966872716718632,0.12995413629735103,2,67,0.8847218641491514,1.2307212233543396,2,77
9,0.06069996762767548,0.11592748110669518,2,197,0.25219838686153473,0.5414001246293386,2,200
10,1.9201407543748856,1.141603990605003,2,19,0.024954452328743937,0.21873838951190314,2,43,1.3043004482787788,0.9664476267091787,2,200
11,1.6693599253213434,0.7684373656908671,2,6,0.014715450535436407,0.09117465832016684,2,61,1.3364641715847578,0.8954765022270322,2,188
12,1.4002482895084467,0.8525667144702032,2,39,0.06274919624286358,0.19777382928204823,2,122,0.5357519127428372,1.1513335307439168,2,128,0.04872859750773725,0.2616945405801137,2,152,0.313523257292141,0.6065654589070214,2,161,0.06056190568841482,0.22320812940597534,2,200
13,1.5424666429250231,0.8888436011646105,2,46,0.01791619587038745,0.1381870849893011,2,104,1.4725024572996772,0.8218327702387519,2,196,0.3035472149406534,0.9431348741054535,2,200
14,0.5803255037613254,1.1526069194078445,2,8,0.03196549485757748,0.08694513966736284,2,111,0.6451905473067018,1.0843966364860536,2,171,0.03574093862636988,0.11031023592784486,2,200
15,1.017445726497943,0.7051250128185048,2,17,0.024380990048146294,0.11864366266928927,2,88,0.948973235914558,0.846049358269998,2,200
16,0.058902107046904184,0.15293524195166194,2,17,1.1481102549307696,0.9388872586964258,2,200
17,0.7254173920509599,1.0372737667976168,2,109
18,0.8592566590958618,1.1021890304982662,2,32,0.05405332229756935,0.3609199238860089,2,55,0.6968853954511401,1.064034789800644,2,91,0.022761815516959456,0.04952757812421256,2,200
19,0.9751472738674667,1.0676988899707793,2,20,0.10259108601234122,0.15083761857106134,2,33,0.42681319635693576,0.21384337246418,2,38,1.53798665971961,1.1366578075620863,2,101,0.058387170114820135,0.1560011539194319,2,200
20,0.8671949550648705,0.984998559394078,2,171,0.04682387148898639,0.1410172874557561,2,200
21,1.4643514186907796,0.5510712108191322,2,17,0.02691070054288938,0.06412768573828147,2,88,1.0837216212281495,0.923459129674094,2,144,0.06449964858874387,0.15626928636005946,2,200
22,0.5933096956276885,0.8399612105318478,2,56
23,1.159485002579885,1.0326524275653768,2,53,0.04032944735831947,0.10073085453199304,2,122,0.9967991449639918,1.1120466675077165,2,129,0.034858864787895794,0.2897773059931668,2,140,0.7449123886824435,0.9569854776064555,2,200
24,0.8513058699013767,1.1752060171511534,2,139
25,0.33683851394499115,0.4884396158158779,2,8,0.027672936968209164,0.3440312535866447,2,31,0.4715850458211392,1.3742201328277588,2,40
26,0.8917745083289599,1.044902503490448,2,6,0.032542634705972615,0.11649895427019699,2,52,0.4750502463845524,1.1315377892517462,2,93,0.03386358083950628,0.05118256572045778,2,169,0.504061170423051,0.7310898352053857,2,200
27,1.160158105937453,0.8208599290251732,2,200
28,0.4144700207283722,1.0186502910577333,2,156,0.33615662539275604,0.775989814150718,2,187,0.10286286183358699,0.23553132437742674,2,200
29,0.33644276093994674,1.1458263939077205,2,22,0.018207343955287964,0.13286370151873791,2,88,0.3920080360733346,0.8495384587181939,2,169
30,0.709341551347909,1.034125759601593,2,200
31,1.052123782390482,0.9090381923806731,2,189
32,1.5914049571441427,1.132525558758499,2,133,0.0693998368880056,0.08303832411766052,2,178,1.3040222226835214,1.2137268348173662,2,200
33,1.162140895261307,1.056752963897285,2,109
34,1.0466808868562079,0.8665764120317274,2,31
35,1.3383322877380908,1.0592865188916525,2,30,0.06649915934619904,0.1617999957366423,2,52,0.632443979638786,1.0588648548493018,2,104
36,1.0072314296904623,0.7282223466001911,2,81,0.09218661251265968,0.1823433380987909,2,153,1.5905566693598552,0.9303780261506426,2,200
37,0.7134924950485207,1.0506029564600725,2,52,0.0711528937561105,0.17580040595654783,2,110,0.18972912150800395,0.2317880131304264,2,118,0.06773561953233534,0.2279590235816108,2,163,0.6688823645909384,1.136952435648119,2,200
38,0.8236924771907754,0.9452745229937136,2,128,0.12358821126710093,0.8084651297993131,2,137,0.048115453628469106,0.1495583165436983,2,177,1.0684154964283126,0.6931486129760742,2,188,0.10905668164853619,0.11265545959273975,2,200
39,0.42059015244301395,1.0055757723748684,2,32,0.11701228656499564,0.05275293853547838,2,77,0.5879575643073628,1.0848643043461967,2,111,0.18476806445928617,0.19937995672225953,2,131,0.3742694326987936,1.1042902184569316,2,200
40,1.0875919527161793,0.978180606672369,2,163
41,0.6224643563849988,1.2857764601707458,2,30,0.03934204462029883,0.06830186110276443,2,173,0.7482325133586071,1.1775760518179998,2,200
42,1.4325196356076435,1.0149746988758896,2,33,0.04076718800997246,0.09592945529864384,2,59,1.490744431658065,0.9379347093177565,2,92,0.0314411316474431,0.12930000753238283,2,150,1.2644520523817404,0.6668191419707404,2,159,0.030533735840760193,0.2561634269853433,2,171,1.1874065724221379,0.9001398148207829,2,200
43,0.9422561650929087,0.8581688106060028,2,28
44,0.8137873756061409,0.7793012678623199,2,20
45,3.5203551584741417,0.8473047812779745,2,9,0.02044626124053081,0.20323910639527137,2,98,2.075037511316588,0.7544959932565689,2,106,0.10924452394334482,0.8513091405232748,2,112,1.4331426756469767,0.7342764826921316,2,138
46,1.5317499448200371,0.7728981100595914,2,26
47,1.1167644154962277,0.8970398375621209,2,26
48,2.491615977408081,0.5539575374644735,2,23
49,0.8577500633359043,0.894083836376667,2,200
50,0.992911825616609,0.5895381644368172,2,24
51,0.2631502855460859,0.5747232762250033,2,22,0.018852514161903044,0.18285289406776428,2,88,0.4809449592742934,0.8180477438228471,2,200
52,0.5854898902335358,0.9912630969827826,2,33,0.036762328679797854,0.11858859658241272,2,70,0.5512984012229123,0.8406801912933588,2,134,0.032806011335690916,0.2581378156037042,2,200
53,0.35826710443309095,1.266414366422161,2,124,0.015623112220822247,0.17419766458241562,2,200
54,0.9568489441034735,1.3590442053973675,2,32
55,1.1076070169452223,0.9435762802759806,2,30,0.041770022660630304,0.10674857099850972,2,174,1.2857754352601642,0.9343491059083205,2,200
56,0.5903291315998664,0.9963408470153808,2,35,0.14731524974419755,0.07016561726729074,2,80,1.0033446232532615,1.0458896114276006,2,158,0.04749787079411799,0.09107496908732823,2,200
57,0.5637999611266595,0.8428356229213246,2,57
58,0.5563815461101591,0.8663531054149974,2,44
59,0.5344626432779475,1.1704234007077339,2,39,0.07204542960627049,0.17874553889395242,2,122,0.410008208491961,1.4566897948582966,2,128,0.061359264350169564,0.3283104014396667,2,153,0.08562810560482752,0.876029474394662,2,160,0.06602424517824955,0.17005774416029454,2,200
60,1.1860231478733574,0.9744906474042822,2,135,0.026734181202325402,0.10070420801639557,2,200
61,0.9915432504084856,0.9321560537815095,2,200
62,0.37029586137248943,1.3797624588012696,2,5,0.03850742354658473,0.10974490822389207,2,121,1.418640491415147,1.0203609764575958,2,149
63,0.7116836820726292,1.2896325540542604,2,25
64,0.8925497900075877,1.0448002104889857,2,146,0.027266702770926746,0.1501646646194988,2,200
65,1.4801540839536962,1.076615951277993,2,11,0.06377244393964189,0.09336358308792114,2,61,1.092367613960645,0.8615315468872294,2,95,0.04412264535869559,0.056222392095101846,2,169,0.46238598617014354,0.6132743954658508,2,177,0.07089815355764913,0.06618149448996005,2,200
66,1.0012862610083637,0.6819786667823792,2,5,0.07316634111328943,0.2052112986644109,2,20,0.6423840635726817,0.9079698342265505,2,53,0.03197790165610924,0.09348371668138365,2,122,0.845518616115657,1.0625056879861015,2,129,0.04397156333165696,0.18957471698522568,2,139,0.6538494525351047,0.8723825712998708,2,157
67,1.0307961644971924,0.9009900119900703,2,200
68,0.9485214430228444,1.0440550702810287,2,200
69,0.7694830595885785,1.1353075246553164,2,74
70,0.6729299621273517,0.8617718391222496,2,73
71,1.0762281329609404,1.0622755086421967,2,200
72,0.755171283271643,0.9397640958124277,2,49,0.03820567290317011,0.14951700158417225,2,105,0.7349543955432748,1.097660157555028,2,200
73,1.4637171955991373,1.1674969283545888,2,41,0.059518251714700855,0.1814041638916189,2,195,1.609754020245571,0.466901034116745,2,200
74,1.071028442884945,0.808511252621658,2,131
75,1.1087195891893882,0.9930227398872375,2,110,0.04364818761640143,0.45175874658993315,2,131,1.2707736572746224,1.018741970476897,2,200
76,0.6457066302660068,0.9802199631929398,2,40,0.06435166311333763,0.9917910993099213,2,44,0.30284001339159744,1.0233559608459473,2,48
77,0.5331164851152196,1.0189683638714455,2,148
78,0.5508684478245414,1.1193306744098663,2,20,0.06886591478817115,0.2630794905126095,2,44
79,0.8362664481394249,1.035682999261535,2,101,0.05550808590352904,0.19340165395929357,2,200
80,0.7465570854731226,0.8985045676430067,2,72,0.025529754759203827,0.20314878079236723,2,123,1.3056970319099297,0.8170342087745667,2,133,0.039990797154027334,0.22598379561260565,2,200
81,0.7260163240181049,0.9109782936438074,2,53,0.06650592164334453,0.20666015893220901,2,87,0.0979272508457503,0.23369936935313337,2,164,0.6594966872885023,0.7477837320831087,2,200
82,0.06051271802186274,0.09221442714333535,2,40,1.0229126249783953,1.1733132408511253,2,102,0.8966268008063786,0.7158043563365937,2,112,0.016381366313358327,0.10029882412742484,2,200
83,0.9983989477652074,1.1480800341337154,2,39
84,1.2923270485172127,1.130515946660723,2,35
85,1.5380255844836552,0.921169396241506,2,45,0.03692109277614101,0.06708519879509421,2,130,0.6290047639068154,1.6872178997312273,2,137
86,1.092863768395976,1.13688627761953,2,102,0.021404421742026704,0.7826960027217865,2,112,1.0552174644253627,1.1833494621164657,2,146,0.02551257594292355,0.09858646547352826,2,200
87,0.7776081582113639,1.0113334515515495,2,17,0.03403701027716809,0.3736728646538474,2,28,0.4748397963804955,0.811134397983551,2,33,0.031672321108514034,0.1522171520269834,2,59,1.0829122567563625,1.0975428372621536,2,75,0.040713349802493574,0.15544290468096733,2,111,0.9343001701329244,1.1307827935499304,2,128,0.03926597221571956,0.16180375197695362,2,200
88,1.079522729423304,1.0154727412306743,2,92
89,1.4302675400204838,1.235708392583407,2,26,0.05752593203072244,0.23038195750930093,2,48
90,0.8826426455558618,0.9930666212377877,2,58,0.03062397561098671,0.22640723060159124,2,143,1.2102055407316021,1.0104894826286717,2,200
91,0.8975910470586754,1.009050567150116,2,200
92,1.1457357195555147,1.025080875758707,2,137
93,0.4632657003075357,1.017475718543643,2,21
94,0.47155036632397623,0.8683568494660514,2,21
95,0.6095045593272397,0.9726779292791318,2,156
96,0.42178003955881344,0.9695583814382553,2,200
97,1.3000029854626662,0.8641890012300931,2,52
98,1.1154702469942903,1.2142617398119988,2,47
99,1.012425007528137,0.993772509197394,2,48,0.03367378646340072,0.12636629930313895,2,82,1.70538807112864,1.0317064090208574,2,93,0.028444586176653294,0.10311083407963023,2,144,0.9702766845101648,0.8975576176199802,2,187,0.04301402503193567,0.14456183635271513,2,200
100,0.8686323194379031,1.0453716241396391,2,13,0.029719135543521496,0.0759116451848637,2,35,0.9823765237378584,1.0267139778983208,2,159,0.019423543324376433,0.16681327907050528,2,200
101,0.16084444879701382,0.09218417604764302,2,3,0.0565331632966718,0.0643957433246431,2,108,1.5856018417501403,1.2023409195244312,2,140,0.7379759927303358,1.1783836285273235,2,158,0.03703830928718995,0.20498121742691314,2,200
102,0.6621112034783334,1.0875184933344524,2,33
103,0.6534571609102814,1.072348803281784,2,200
104,1.208826989168254,0.9842915749177337,2,128
105,1.1642730314301981,1.026353120803833,2,43
106,0.7230610301332832,0.917834279361678,2,163
107,0.9206405589927765,1.1543032328287761,2,6,0.04623550228987871,0.09016398384290583,2,23
108,0.631930013688656,1.0090473927557468,2,32,0.05385308651617389,0.35274828722079593,2,56,0.5971982266940911,1.218688170115153,2,68,0.02211172312327284,0.08874649825421246,2,200
109,0.8258399701256237,1.003507278686346,2,43
110,1.5378136182274529,1.2826709333731203,2,49,0.037335149397916614,0.05669545347873981,2,114,1.5861861830904602,1.2351031760836757,2,200
111,2.433216501658539,1.1765643501281737,2,100
112,1.7014589771534205,1.153935660015453,2,77,0.14508762187887436,0.8384627103805542,2,81
113,1.1915260524777795,0.8199283261509502,2,68,0.02401830717418906,0.09722320599989458,2,200
114,1.161149971693326,1.0851795915947404,2,172
115,0.7249175517213456,0.980411582522922,2,9,0.023287769367695593,0.1467178627848625,2,99,1.2355407430544405,0.9745424694485134,2,144,0.04733027653179284,0.26069273027990547,2,200
116,1.6188542671413417,0.9620179182291031,2,200
117,0.602210429831921,0.5018370091915131,2,5,0.0639851190535962,0.4705245137214661,2,20,0.6294993503190787,0.9027419090270996,2,23,1.6909863102947376,0.9229549058278401,2,98
118,1.3104505325194042,0.9575337839126586,2,50,0.08039360615798558,0.2566474676132202,2,75
119,1.0362423532752267,1.0230613920126068,2,178,0.08054787906359422,0.10908385637131604,2,200
120,1.492374639535936,1.027642729282379,2,50,0.03490095588175889,0.21245960492108548,2,106,1.235224313137099,0.8509133911132812,2,131,1.2134250394296904,1.0978626030078833,2,200
121,0.7149816141569386,0.9960121987387538,2,128,0.025906667413456236,0.1967758258183797,2,158,0.05188192428263962,0.17749031775054477,2,200
122,0.0709043414692806,0.08371984130806392,2,18,1.8997709966819347,0.9462805337765637,2,154
123,0.9625701480919124,1.0167099279165268,2,200
124,0.7820158557896023,1.0819323524352042,2,31,0.1105576420146137,0.11696426384150982,2,55,1.1405915158870235,1.1210212806175495,2,200
125,0.017994265206598407,0.034395553334786076,2,137,0.6168340248079,0.5686236449650356,2,144,0.0210053880491975,0.0844264200755528,2,200
126,0.9979875033610075,0.6320904393990835,2,3,0.05361123995064773,0.09454742779857234,2,41,0.54293395784157,1.0125554914657886,2,93,0.02982976062213513,0.150431686464478,2,144,0.7584033400887555,0.9984775973217828,2,200
127,1.0958953423155953,1.0077392373766219,2,14,0.020191105703509498,0.1455991580372765,2,35,1.5900974578487235,0.9983013426816022,2,89
128,1.0180928574019963,1.0565353327609124,2,47,0.02496578770049848,0.05980376454821804,2,104,1.3072539077719425,1.1032245576381683,2,124,0.024083719608760275,0.09539015257829114,2,200
129,0.07222161071524291,0.3081556757291158,2,3,0.015134916794703161,0.030030166419843834,2,195
130,1.343555516642603,1.007746799238797,2,29,0.021565194993625778,0.1773246652523025,2,151,1.1906718840605865,1.0605604174185772,2,200
131,1.2749126081387556,1.0198843030186442,2,77
132,1.2963261219180753,1.2097036716265557,2,39
133,0.8448320247386952,1.0667623764276504,2,200
134,0.05292612354890327,0.19021872915327548,2,40,0.92123143056994,0.9601448535919189,2,80,0.04268345186760713,0.15111601225873258,2,127,0.6894394480033925,0.9446277599781752,2,191
135,0.7507225203274698,0.9625119119882584,2,20,0.0851011841452443,0.11657838642597199,2,45,1.2904361326219758,0.9643298001850352,2,79,0.05618107622566284,0.101936497092247,2,129,1.1385717022868385,0.9433061950643298,2,200
136,0.5181782287668036,1.0234256792068481,2,200
137,1.2425929587469886,0.9421921569108963,2,200
138,0.7945657047654793,1.0579085341271233,2,136,0.037949527585845626,0.2425731991728147,2,154,0.35730117520525567,0.6232290913661321,2,157,0.05815635253003611,0.18600169462817057,2,178,0.4571681916351452,1.192045200954784,2,200
139,0.6750419312702438,0.9332478046417236,2,102,0.015265109703097983,0.324725878238678,2,112,0.6763535099096076,0.9832957969470457,2,200
140,0.9953169006436131,1.0389780779274143,2,49,0.036453983840887154,0.11016278889249354,2,83,1.135878630729966,1.0332683615195446,2,200
141,2.4332108045425125,0.6991348216931025,2,60,0.049493784965227716,0.10621551003145135,2,152,2.229421440060261,0.872594120601813,2,200
142,0.42019228465771935,1.1304059624671936,2,4,0.044266922926659076,0.1347794455086064,2,121,0.6348836329850204,0.8430993790867962,2,200
143,0.2537255371269183,0.5400974035263062,2,5,0.027900236489301237,0.06967438167581956,2,53,1.2287655871696284,0.9394395589828491,2,133,0.018575258266989397,0.16435981635004282,2,149,1.5069591456277958,0.9592679972742119,2,200
144,1.0540989186316414,0.7700847089290619,2,10,0.040414090318615446,0.2961996410180021,2,64,1.2980453525623519,1.5315794944763184,2,68
145,1.4435400991700393,1.0684736933026995,2,35
146,0.9731300465925687,1.0768403896918664,2,65
147,0.6784001512040506,0.9807276844978332,2,10,0.052862313366898964,0.12740329487456215,2,64,1.1125722641583482,0.9996730144633803,2,150,0.06817360804448382,0.09581992536783218,2,200
148,1.6747953395578283,0.6602105617523193,2,35
149,0.7238746155010093,1.020721760979534,2,137,0.07268675861153819,0.2077272099161905,2,200
150,0.020448040830515844,0.05601019263267517,2,30
151,1.0738100267320938,1.1670333255421033,2,22
152,1.2192785295229125,0.9677041868368784,2,84,0.04003840886133917,0.3771435979165529,2,103,0.1542482678045701,0.28391141030523515,2,112,0.058372487510768435,0.21505010382431308,2,153,1.392883608529744,0.8772224897430057,2,174
153,1.9847468061853992,0.4713879014764513,2,7,0.029890589901626678,0.1148736969782756,2,111,0.35100013106482597,0.50534255305926,2,114,0.09605015516282021,0.1593380570411682,2,131,1.2817397449180281,0.9185336957807126,2,200
154,1.0895407014812228,1.0037054863843051,2,55,0.017970119140053357,0.07209475672450559,2,113,1.3544155755647171,1.1567567620012495,2,149,0.02248030392643961,0.09968533498399398,2,200
155,0.9994760585571398,1.1148987102508545,2,25
156,1.1562566788052135,0.997418475696464,2,153,0.0542440356359312,0.5211268266042074,2,156
157,0.09512894299098433,1.5606869161128998,2,4,0.04655784871456114,0.10963930576466598,2,108,0.6247148820199485,0.964801505855892,2,200
158,1.6599971408983734,0.9433304071426392,2,42,0.07886232521222272,0.17044398423872495,2,61,0.5373667653017172,0.2861486574014028,2,64,0.08774969649920882,0.14691411024507353,2,132,1.4755210239000796,0.938856361543431,2,200
159,1.5588391118718266,1.0713741296813601,2,42,0.07723575850565649,0.18181900514496696,2,60,0.46386617904236654,0.20953917503356934,2,63,0.08874329278647844,0.08873062909525983,2,131,1.3371842509311165,1.0726064754569011,2,200
160,0.8244338134250329,0.9846223724090447,2,59,0.05262276299334482,0.08696655336246696,2,152,0.7676573734028495,1.32961309949557,2,188,0.0818753709814334,0.13473362351457277,2,200
161,1.003880439735651,0.9397055261275348,2,17,0.02971458852846371,0.2597399192551772,2,29,0.841373490582004,0.9750159623531195,2,133,0.018180784093158965,0.31154197191490846,2,150,1.2533486313771711,1.0478939480251737,2,177,0.06309433447635682,0.18903493816437927,2,200
162,1.4503484194736815,1.0360853374004364,2,12,0.04286720745928958,0.16031449546619336,2,61,1.167427195940415,1.0508853771703706,2,200
163,0.017390439384084702,0.03772403789262702,2,137,0.9340783488910603,1.018387028149196,2,144,0.020793868249930448,0.04053451980535801,2,196,1.5264142812807644,0.3175339624285698,2,200
164,1.9109215751568087,0.4865830570459366,2,10,0.048713936072984,0.09384185617620294,2,65,1.6263457826527215,1.0121031543787788,2,150,0.06254470286599617,0.11669785290956497,2,200
165,0.6306700475142072,1.3193758259648862,2,23
166,1.152193316781823,0.8607080042362213,2,30
167,0.5865430073049328,1.0006411546468734,2,200
168,1.2699255330226613,0.9845725953578949,2,40
169,1.1753699024534343,0.871987709873601,2,95
170,0.7936294995368302,0.9843911561701033,2,72,0.02367831101683833,0.23631005135237002,2,123,0.8393031355540594,1.0061015021055937,2,187,0.12458547214223192,0.29369335908156174,2,200
171,0.35241517787197996,0.6155083456209728,2,42,0.373598858676583,1.100355775125565,2,135,0.07314063160572189,0.6466495350003243,2,175,0.39597272666731903,0.8131352353096009,2,200
172,0.9822501878397729,0.9717223726469895,2,29,0.02439545677835024,0.05856958532431086,2,151,0.8345019012972724,0.9976532629558018,2,200
173,1.2163395448565542,1.063465063986571,2,46
174,0.8381243061297735,0.9772740659259614,2,21
175,0.8435081646357206,0.8804941282332318,2,159,0.024934657054611196,0.139951418812682,2,200
176,1.343536076086245,0.9858160354197025,2,64
177,1.3203282963149872,0.26210502215794157,2,7,0.016071583763255466,0.07459514820184864,2,68,1.3163392008788497,1.151498252695257,2,79
178,0.738969154377204,1.0483672179002812,2,187,0.03185617213169563,0.1792734872836333,2,200
179,1.5625846004054837,0.7067484074625475,2,58
180,1.6797396257822015,1.0405108636280276,2,53,0.014234032576749182,0.09831484982913191,2,141
181,1.415661779105041,0.8994859150850056,2,183,0.07990771999225026,0.16966138955424814,2,200
182,1.0774379746113598,1.159075778722763,2,20,0.04871839500626051,0.11238228587003854,2,33,1.016638954897021,1.099744399388631,2,81,0.08404328835490524,0.12404171977606085,2,153,1.3142299089243834,1.2123705681334151,2,200
183,1.4342543644055794,1.0343896374106407,2,128,0.047657365474168406,0.23659013059674477,2,177,0.8066219943589902,1.0404781621435415,2,200
184,1.3649288805966795,0.8747471188887571,2,39
185,1.461760664950064,0.8941289509336153,2,96,0.05913091893057584,0.11097098886966705,2,159
186,2.318175831478663,0.23800501972436905,2,6,0.012355059971863234,0.1226689484986392,2,61,0.7207107015761505,0.4654242793718974,2,64
187,1.9393678258860272,0.8488160079839279,2,49,0.039087128437661614,0.10280709931483635,2,114,1.8102792409954123,0.9829540391300999,2,200
188,1.0266331275166716,0.66485804887045,2,42
189,0.5127987751521232,1.0390980496551052,2,33,0.03295855003328911,0.13800134006384257,2,70,0.511359220172322,0.9629310062298408,2,200
190,0.741228297902953,0.9635029530525208,2,75,0.055371262709372135,0.1728493699596988,2,111,0.7960673381443112,0.7862638104252699,2,193,0.2625548719266188,0.9226223911557879,2,200
191,1.2542640116706651,1.081205552816391,2,20,0.09291880253515994,0.09256652355194092,2,45,1.788208142369591,1.0115307688713073,2,55,0.019287347615458864,0.058419562105474804,2,113,1.7575834964452148,1.071765747335222,2,149,0.019418852290262478,0.10593656244430136,2,196,0.08360529052228337,0.09155459702014923,2,200
192,0.8031106421123861,1.232608891766647,2,58,0.030645778748141887,0.0914236819534971,2,115,0.9328884332148805,1.2417263984680176,2,124,0.04254461883994094,0.09983457281039311,2,137,0.6067845191145937,1.2153363256227403,2,158,0.0638650861366316,0.23294995512281144,2,165
193,0.6631290792852425,0.17830771704514822,2,3,0.020864723128534067,0.08283897617767597,2,32,1.231133696094668,0.538573044538498,2,37
