0,1.2114636672176846,0.6200684077209897,2,18,0.018109811796733988,0.0538034252190994,2,77,0.5741118571612179,1.150608499844869,2,86,0.01775009005048239,0.04740539612904401,2,157,1.4792567114044333,0.9047074525855309,2,200
1,0.6988240685093794,0.8448345631361007,2,20
2,0.9660504662592654,1.1689458840033586,2,34
3,1.2575472923662139,0.9998330640792846,2,200
4,0.8068357806517996,1.0281387954950332,2,200
5,0.5117075056182933,0.9099053777754307,2,32,0.01799187664043961,0.09066085165197199,2,87,0.11990662972825557,0.41994065046310425,2,90,0.8049587136755317,0.9816646731816805,2,155,0.023724458495732,0.05695301658577389,2,200
6,0.7943539322166956,1.024086797848726,2,78,0.05199715398971058,0.14964649764200053,2,126,0.7410359448779645,1.0765045223867191,2,194,0.18529828073130433,0.5267723749081293,2,200
7,1.6263261108998548,0.9715445064148813,2,53
8,0.8499266883946742,1.0076918590068817,2,200
9,0.36628273621025437,0.9694180003889314,2,91,0.07043590395968426,0.3570021264828168,2,117,0.25589216123323305,0.8656526667525969,2,200
10,0.4247032896505164,1.0355355007739007,2,158
11,0.643674495464185,1.0904517287299746,2,42
12,0.9089993621447896,0.9574873905915481,2,130
13,1.7484131946859303,1.11263807117939,2,40
14,2.9670280314011155,0.6391909023125967,2,6,0.0425977272930928,0.15433797669475494,2,190,3.2325580567429673,1.4788071155548095,2,200
15,0.8021280204395914,0.880810069711241,2,73,0.0477086836511271,0.18660458709512437,2,94,1.0837450358243592,0.8998760013085492,2,200
16,0.5491363187840854,0.9104449355602264,2,200
17,1.635658233669059,1.0171538096553874,2,53
18,1.137952909218973,1.3763340413570404,2,8,0.04819005325339641,0.27114865069205946,2,34,1.4258289758082374,0.6214565336704254,2,38
19,0.953378324789208,0.8989626594952175,2,28,0.05976547837003925,0.1019519595084367,2,55,1.026277277531844,0.8662135481834412,2,145,0.04776012466537915,0.2557167825954301,2,187
20,0.8066699678695576,1.1018301576375962,2,200
21,1.0770535506021426,0.9876497647979042,2,110,0.009006764724464048,0.7863852679729462,2,118,1.1787073083062147,0.9862355967847313,2,200
22,1.4251935928559931,0.9426577527758101,2,71,0.026790581582225016,0.48808922121922177,2,83,1.314240443322043,0.952799571885003,2,110,0.018230219916471304,0.37458697458108264,2,122,1.2349191198055791,0.9185709081314228,2,176
23,0.643307463232841,1.0685462872187297,2,15,0.01990680813241659,0.13899288041626706,2,83,0.7684523271290535,1.0720539093017578,2,200
24,0.4581183704646465,0.9487609063522725,2,158,0.04729289533346779,0.3543819181975864,2,200
25,1.2529982556373394,0.8430203331841363,2,18,0.016531024392713232,0.06788353697728303,2,77,1.1840480710902617,1.2133245627085367,2,92,0.03614549135954015,0.3173802142793482,2,103,1.8708820202800511,1.396957278251648,2,122,0.039205594717667276,0.04495687706348223,2,200
26,0.66183906991735,1.0224880882211633,2,74,0.052500911333514005,0.24307524661223093,2,92,0.8178946467062482,1.087810674538979,2,144,0.021846715463575986,0.2354313526302576,2,200
27,0.8178131746593185,0.9685503711303075,2,60,0.04349817783412652,0.16341573434571424,2,108,1.0230432092542006,0.962946856799333,2,200
28,2.1079265596521473,1.2769501426003196,2,11,0.03998055969702569,0.1643701248397731,2,110,1.3370144121746952,0.9450240270146784,2,163
29,0.6682232593257501,0.7700165196468955,2,38
30,0.6546874485235535,0.9196949174930883,2,172,0.7428110794639597,0.6960551674876895,2,200
31,0.8501225398671508,1.004059293053367,2,44,0.07781504286852224,0.07827154571811358,2,104,2.617001310849463,1.3799762725830078,2,109
32,0.12013641952265182,0.10878639212912983,2,36,0.7756118841187175,1.099496512702017,2,69
33,0.7917526260163406,0.9808392891517053,2,13,0.03889987892407886,0.13987693777590088,2,46,1.1103743242486124,1.0671440301003394,2,123,0.05454382665641887,0.2991197848474825,2,200
34,0.9317608333447706,0.9979974932786895,2,123,0.05782240354587839,0.13491882661641655,2,182,0.8284656732498086,1.0638214217291937,2,200
35,1.56233837834232,0.9837112737738568,2,46
36,1.2908397777814604,1.1777814536383657,2,66
37,0.8435852970945983,1.2175740978934548,2,22
38,1.1581509594511479,0.9133993844191234,2,60,0.09919760474518119,0.1179310991005464,2,104,1.0115073010540427,1.0131860059850357,2,121
39,1.119662664044119,0.9142504713752053,2,22
40,0.4027529638466196,0.9071129146887331,2,49,0.026745732556765205,0.11255615703064761,2,188,0.3948963605921345,1.57151131828626,2,200
41,0.823030765286636,1.105522644692573,2,69,0.04510989299364014,0.13318198698538322,2,123,0.6431938237744851,1.1713768494756598,2,161
42,0.4674422265928397,0.9303737917884451,2,61,0.06637299522174504,0.13679614527658981,2,105,0.5114134169105063,1.0409350395202637,2,119
43,1.3486356910905388,1.1356217554637364,2,35,0.01996992111404017,0.16370401832651585,2,82,1.4915696183386957,1.0084153026342393,2,162,0.020755392841867278,0.0629813718168359,2,200
44,0.6513470661060174,0.9528191304206848,2,200
45,0.056088496236530686,0.12370215498265766,2,21,0.7965873668373774,0.8374449209291108,2,70
46,0.7656282185331947,1.1563573617201586,2,13,0.03169834973367961,0.10344593971967697,2,47,0.6858929161660648,1.0664849533754237,2,132,0.2679219672264467,0.6407305218956687,2,143,0.5979364336050126,1.0363097379082127,2,200
47,0.6906685340095992,1.0143250298500062,2,100,0.07822511266709141,0.17702753154131082,2,152,0.6317975628937024,0.982946939766407,2,200
48,0.5101203191981379,0.968702482373527,2,89,0.022609101390834923,0.22410173322025098,2,108,0.5045823263706134,1.0234717176510737,2,186,0.04748400756774791,0.17038730212620326,2,200
49,1.5573972818994053,1.0148467464106423,2,56,0.08597425664214065,0.09142525990804036,2,170,0.1460840485203075,0.7221840222676595,2,176,0.092306711945986,0.10652539382378261,2,200
50,0.6773471134474973,0.8767635692720828,2,69,0.01598175001182591,0.10273368320157451,2,100,0.9538399089868355,0.8104112794001898,2,112,0.017017403382607613,0.0733959238318836,2,197,0.05925703090919157,0.09494392077128093,2,200
51,1.344981062642088,1.121406003832817,2,64,0.04392680288999425,0.23872504383325577,2,80,1.3042449934163982,1.1161484494805336,2,128,0.043676713123907675,0.1306132855447563,2,165,1.586972422753024,1.1456289189202444,2,200
52,1.2260796480431548,0.9244896498593417,2,66
53,1.3758583459764822,0.9651057573012364,2,81,0.017245703183627344,0.1714629828929901,2,118
54,0.7325194706725872,0.5601843396822611,2,27
55,1.0677874198319486,0.9177916124463081,2,16,0.04126079606027177,0.2699302067843879,2,57
56,0.18821596326920775,1.2494888305664062,2,3,0.06953082041702896,0.09769888035953045,2,51,0.2053184409458973,0.15219110747178397,2,54
57,1.013301820740231,1.0873615784304482,2,28,0.013421327003334092,0.1833517998456955,2,46,2.525182426184829,0.9049171060323715,2,50,0.019326234383403647,0.0410155366090211,2,138
58,0.5924708257489084,0.9839242412930443,2,42,0.050380440472583735,0.1260425585347253,2,79,0.628314551420317,1.4468153655529021,2,99
59,0.6022903807689081,1.106629440560937,2,64,0.05362709151589289,0.13740630224347114,2,84,0.5941033554884377,0.8824311892191569,2,99
60,0.9033353832158947,1.0298793270037725,2,26
61,0.4708566308648079,0.8291660818186674,2,11,0.04805293130035253,0.1475322080346254,2,37
62,0.7001807484085389,0.7098815352530092,2,74,0.06171208373032502,0.11806706977742058,2,200
63,0.6116899484665658,1.1084342590018885,2,67
64,0.7160189435070798,0.8263413005096968,2,43,0.03254295356296726,0.25472422008929047,2,66,0.6948082702784717,0.8986644190411235,2,109,0.042574421108200124,0.1260505534316364,2,147,0.640842672261627,0.9585787687661513,2,200
65,1.65979280458279,1.1374484729766845,2,100,0.07452265778874483,0.17019070712504564,2,154,1.6419585442318603,1.1196561015170554,2,200
66,0.7160178376360103,1.3735489705029655,2,17,0.1554247151033558,0.2598995305597782,2,21,0.04794494269656794,0.16912419020130648,2,200
67,0.49597500335986244,0.923624720176061,2,60,0.047116489380828984,0.2868700882001799,2,109,0.4959301561764704,1.0130419875239278,2,200
68,0.987006969796062,0.9751306772232056,2,21,0.023976287777057473,0.24705835706309268,2,40,0.1948755420421632,0.5938447117805481,2,43,0.03472898295293863,0.28216023807940277,2,66,1.144703318145591,0.9754308632441929,2,80,0.03324992740826739,0.2449629112250275,2,116,0.8311114220470498,1.1745661284242357,2,200
69,0.9266946791973217,0.9038909626521653,2,139
70,0.5867846946529276,0.8182081835610526,2,21
71,0.5377044458538756,0.8540749891420428,2,89,0.462197051423541,0.46716803247513977,2,135,0.231272753724787,0.6288349520076405,2,146,0.05148757587598274,0.23331352104158962,2,163,0.32947526545594896,0.9804471376779917,2,200
72,1.375526737630143,1.4901902228593826,2,8,0.05244457746834446,0.18889056543509167,2,83,0.4480854245139809,0.34849948808550835,2,91
73,1.3970524092663117,0.8339643618639778,2,68
74,0.6901082391916293,1.2884451491492135,2,42,0.02385824584404622,0.13327814272621222,2,99
75,0.5251120896751172,0.6599462032318115,2,3,0.019300508980216884,0.04645949893671533,2,95
76,0.840393276574219,1.0347691917419433,2,100,0.036108564528777046,0.31950663899381954,2,124,0.7955222762202095,0.9485597133636474,2,144
77,1.4510013252761527,1.0246737707744946,2,176,0.012898012407763554,0.4267220903526653,2,187,0.14372879955134052,0.4042844871679942,2,190,0.04443132076738154,0.2583146870136261,2,200
78,0.8282170540786108,0.8536716434690688,2,36
79,1.3327546836447366,1.320316606760025,2,20
80,1.040660607925144,0.9125927171191653,2,37,0.0455253719609892,0.9286562919616699,2,42
81,1.441393111753433,1.2044305711984635,2,40
82,1.1752733375258537,0.7225799113512039,2,24
83,1.2691434376938127,0.9314263478569362,2,115,0.23207153671309944,0.5005117721027799,2,124,0.5583629813156639,1.028667163848877,2,134,0.04412247924903024,0.18957393751903015,2,200
84,0.06206682423828395,0.20099151444931826,2,48,0.6883174420648235,0.778132040249674,2,67
85,1.0537780697724088,0.7609504163265228,2,50
86,0.1428205533539303,0.3488929867744446,2,10,0.5419292503524236,1.1100541449881889,2,47
87,0.4492748408972458,1.019844044957842,2,35
88,1.3168852786529976,0.9229786131910221,2,167,0.10465128863557581,0.07948952145648724,2,200
89,0.6327462946481615,0.9285120363776566,2,141,0.14678411962163215,0.24442737499872844,2,156,0.7605841282406496,0.9454716694982428,2,175,0.14831508961148102,0.2904901283979416,2,200
90,1.0971810073562125,1.018152959912801,2,139
91,1.0243357716377106,0.9757133091197294,2,17,0.12253050672914668,0.14039308950304985,2,21,0.04402564137934279,0.09832282477541815,2,179,0.0696897885912838,0.07532478798003424,2,200
92,1.625838901451351,1.0471805978465725,2,74,0.01407228961909103,0.13395660287804073,2,128,1.3628188159037948,1.1405478434430227,2,200
93,0.7288111822270196,0.8785396828884031,2,41,0.030899275922035938,0.18797624483704567,2,69,0.6768304827016841,0.8849504590034485,2,78,0.020699331640309706,0.06327967162717853,2,135,0.6362565583892716,0.8120851807105236,2,174
94,1.0567870256339658,1.1131987799419445,2,89,0.07234573760107575,0.185537242763479,2,160,1.1974579561038017,1.1916630774736405,2,200
95,1.270020565511552,1.0277141196387154,2,35,0.024519936660470393,0.07721138666284845,2,82,1.2261935960415482,1.0428689864965586,2,147,0.034116830155941746,0.25431318167183137,2,165,1.530278637376834,1.0272334848131452,2,200
96,1.0215960752118238,0.7775929768880209,2,27
97,1.4313504126416663,0.7397755565065326,2,33
98,0.7191850197760492,0.9503383708000183,2,200
99,0.5696442652850165,0.83952083332198,2,14,0.057256759411869494,0.19444822901632727,2,55,0.3284865026862453,1.3515309032640959,2,74,0.05195004104232309,0.09829175945312257,2,200
100,1.2637141084381935,1.047179869869176,2,136,0.02714467953426333,0.1843790459935948,2,195,1.1215089131903366,0.9396304130554199,2,200
101,0.833243846816384,1.1857601983206614,2,35
102,0.9422355030290815,0.7367782711982727,2,10,0.0500245255563305,0.07880572312408024,2,64,0.9600460358402149,0.9881612250679418,2,121,0.03470109865519669,0.9858569502830505,2,125
103,1.3319277494284334,1.1919952687227502,2,106,0.06450221446908026,0.1632788322473827,2,163,1.6873963133904577,1.2415623149356327,2,200
104,0.786356521388093,1.04390832911367,2,92,0.03331858392247668,0.523435789346695,2,102,0.8191632254187958,1.0236533782920059,2,200
105,0.6556800456373713,1.0433435057111355,2,193
106,1.1738152352877098,1.0256530719644883,2,85,0.015087268566442016,0.047047219342655607,2,157,0.9955914725212586,1.1577491760253906,2,200
107,0.5941251356312675,0.9482450529381081,2,27,0.025928410333624075,0.15781846332053343,2,51,1.380803121046852,0.8853190197240586,2,200
108,0.43939648059496766,0.142118638753891,2,15,0.05935906531680182,0.08277873322367668,2,31,0.7466267642044061,0.9705954623222351,2,81,0.05440128494477061,0.07000236601388755,2,200
109,0.8442699672166011,1.113567318235125,2,14,0.056729130373308755,0.12766804471611976,2,54,0.7584036968117703,1.0973886243284565,2,200
110,0.8523457183865749,0.9219573388497034,2,168,0.29963993438564923,0.36325785517692566,2,171,0.09864772576208745,0.07155590324566283,2,200
111,1.4199726477599046,0.8950213012487992,2,23,0.06003631042586286,0.4238143797884596,2,70,1.4046937252075649,0.697647856341468,2,124
112,0.8867791577455977,0.7860557462858118,2,23
113,0.9309280778581314,1.381881872812907,2,24
114,0.9957739442352583,0.9900158785638355,2,42,0.06425235388509733,0.08263038541819598,2,79,1.5645182178553965,1.0873884583307691,2,200
115,1.6188678427884478,1.023091299193246,2,21
116,1.4007467341272242,1.0248271152890962,2,145,0.028415672154559084,0.10167969438162718,2,200
117,0.8654435668096978,0.8656928676825303,2,26
118,0.6949836869214392,0.9901451349258423,2,25,0.05863746005061801,0.17102521450020547,2,68,2.6291010214033905,1.2420199513435364,2,72
119,1.036412436960597,0.7779137368859916,2,29
120,1.3144240520949628,1.013321532143487,2,27,0.09176573366762465,0.12953397201167213,2,72,1.0111517562920669,0.9408988793690999,2,132
121,0.9190363841313955,0.9978349804878235,2,8,0.05215155949135198,0.36926180000106495,2,32,1.0445240469536101,0.9581849634647369,2,52
122,1.0918153142751235,1.0607381882490936,2,27,0.11560288364449321,0.07089444930138795,2,73,0.48873333366737887,1.0283090273539226,2,79,0.022399570011295954,0.0539312786177585,2,136,0.42916276368273204,1.0862877130508424,2,146
123,0.8426972567641285,0.7644986456090753,2,22
124,1.12693911052715,1.102842127835309,2,54
125,1.41228048930445,0.6305826252157037,2,11,0.06976391224671612,0.09957716779576407,2,47,1.1738028162809204,1.0643827080726624,2,77,0.11053448981483971,0.06266396641731262,2,112
126,0.8658779878654299,1.1078539490699768,2,22,0.023949650871468726,0.08903104851120397,2,79
127,0.7223491448201382,0.9720337980985642,2,200
128,0.6539966824176323,1.0005021950472957,2,46,0.045641266656381754,0.43236124063983106,2,79,0.8185355318324976,0.9812072722448243,2,151
129,0.5058064820479461,1.1572547364234924,2,200
130,1.2635159494894181,1.1041495712179887,2,95,0.043829301698621766,0.126815177872777,2,135,1.201025571395609,1.1578558958493745,2,200
131,0.5151216840867685,0.9032572358846664,2,44,0.04005898788091792,0.15618597112950824,2,65,0.4197455359124234,1.0420007298632366,2,188,0.2200883967761221,0.8683552145957947,2,200
132,0.7266253204172298,1.1180867662032445,2,120
133,0.6275951069007196,1.373567895455794,2,11,0.053153465987631376,0.40330465815284033,2,22,0.7262681331832561,1.3389241627284458,2,57
134,1.1127949336727894,1.0710546374320984,2,20,0.016079912723872616,0.038976651181777316,2,200
135,0.5173374746608549,0.9110959893778751,2,38,0.023483472735754542,0.09042247002189224,2,112,0.6399814376506296,1.0310028804974123,2,200
136,0.8578583693612657,0.8485487550497055,2,16,0.07890736974012318,0.11140418946743011,2,31,1.5263404251969666,0.9929807221188265,2,82,0.045597301449934874,0.09151195132351936,2,176,0.11065515549283887,0.0759999764462312,2,200
137,0.8045590451829427,0.8248007202905322,2,63
138,0.6216304191393858,0.8768020033836365,2,15,0.10580495200796995,0.08692096173763275,2,37,0.8228699562617414,1.0479998366038004,2,112
139,0.8250350251960984,0.7334315691675458,2,7,0.04467345843270945,0.12418832405994498,2,190,0.9516731465641227,1.4331465005874633,2,200
140,0.5207785493515681,0.8916906318494252,2,70,0.031666237760234396,0.22378235253003928,2,83,0.7253930835000575,0.8804544340009275,2,106,0.0582677836718684,0.1215257662952992,2,163,0.4522984764844339,0.9872678357201654,2,200
141,0.9472168869874866,0.9900698001568135,2,130,0.020041916648529508,0.2004635622319968,2,176,1.24061240418687,1.013209030032158,2,200
142,0.8669926878233077,1.1046002682517557,2,17,0.043600003123226545,0.22941799108628874,2,152,0.6562856771063581,1.0905739789207776,2,200
143,1.28999608493701,1.2782336132866996,2,28
144,0.8646217166179695,1.0125072536183828,2,67
145,1.2792504192080245,0.8004466548357925,2,73
146,1.2493948608744225,0.9349902180524973,2,26
147,0.6896428757264698,0.9267147270115939,2,110,0.34165988346424825,1.423534870147705,2,120,0.05146102615194119,0.13047492913901806,2,200
148,0.7631155924912437,0.9311875725180153,2,123,0.04990676620688259,0.30612178050078354,2,200
149,0.6636390278476201,1.0054475941309116,2,123,0.047549762536160216,0.19772102349791035,2,181,0.8467324153505376,0.9728432203594007,2,200
150,0.7233482416437547,0.9249257644017538,2,27
151,0.3435750679783239,1.0623272275924682,2,75,0.05529196959045065,0.19785142938296,2,126,0.3275427036462832,1.0961820918160516,2,200
152,1.3190249482162042,0.8470838715632757,2,144,0.02454911149179342,0.23447149858943053,2,200
153,0.8898118560582008,1.1836898624897003,2,64,0.02991942719639646,0.11406021488123927,2,93,1.2929945417504178,1.1587560110003035,2,200
154,0.5499625809051384,1.0366847356160482,2,30
155,1.005597659270074,0.951627641916275,2,12,2.466451753643607,0.9181234174304538,2,21
156,1.0213227330150365,0.5570468565692073,2,23,0.1092660731215619,0.11267481102393223,2,88,0.817092728134841,0.9474050157836506,2,200
157,1.5462601394428888,1.0563024003058672,2,64,0.035453815517882646,0.08759186699472625,2,93,1.6795058189930736,1.0496630991730735,2,200
158,0.8881337360240292,0.91498504281044,2,20,0.04276278949492323,0.17594493851065635,2,40,0.2321728499348269,0.4418537865082423,2,43,0.03263544615493868,0.15174657365550165,2,66,0.7870772556548671,1.2312843243281046,2,81,0.03311053347077676,0.14554482435478883,2,115,0.7719628715965875,1.2162355857736924,2,200
159,1.3646563662425273,1.0059997379779815,2,20,0.01716873425121833,0.03448074691825443,2,200
160,1.1715435067935323,0.8673818707466125,2,11,0.013193816335065323,0.25553021267537146,2,42,1.9538911401939247,0.6764642054384405,2,75
161,1.5087698460398242,0.9965645404572182,2,47,0.14613875985772615,1.1260336296898978,2,54,0.9585537509077269,1.025034785270691,2,58
162,0.8918206023328212,1.0503273987379231,2,61
163,0.5853946818591029,1.0726615954190493,2,64,0.04501111781318595,0.2987849675118923,2,80,0.6556068855108569,1.0794680646703214,2,159,0.050799956693565816,0.1672812631217445,2,200
164,1.3747422249336623,1.4446177192636438,2,37,0.07091953599888856,0.21727935376420485,2,150,0.43592999674111677,0.3773920113841693,2,156,0.10528023417889755,0.08638626337051392,2,181
165,0.4448549986218061,1.0856034065547742,2,19,0.03916934208444937,0.12263051016877095,2,163,0.689562512002285,1.0845153686162587,2,200
166,0.9751774697631589,0.2898005520304044,2,12,0.029845575152714465,0.2943065051849072,2,38,1.2437251577589028,1.1938419739405315,2,41
167,0.8402916730649771,0.9454097736764837,2,108
168,1.2207659452931772,0.7572282254695892,2,26
169,0.8634385479212364,0.8395291209220886,2,45
170,0.4226738334595441,1.0918049183156755,2,36,0.041776221057278316,0.2251952038361476,2,75,0.5107771798804395,1.1729257282088785,2,109
171,1.0471561653663168,1.089954981803894,2,200
172,0.6897607121115253,0.47531270203383075,2,23,0.0783510891753791,0.2931894647038501,2,69,1.5884577083482039,0.5588337282339731,2,72
173,0.7493016151373657,0.7255573336567197,2,28
174,0.8967721334676336,1.0825335717782743,2,41
175,1.244825972595243,0.8676503205299377,2,200
176,1.1091807831016427,0.9094248849612016,2,52
177,1.1204935468639496,0.8087869882583618,2,3,0.07296475186517264,0.1964155097420399,2,29
178,2.4930936627532283,0.7389566858609518,2,15,0.04999706614494869,0.19188462546119442,2,92,1.783494785517304,0.9303514321645101,2,107
179,0.5817675078726631,0.8685760512948036,2,200
180,0.868940670557082,1.0629178724790875,2,19,0.04019402225554781,0.1210681391465995,2,163,0.9752428615419023,1.075240177077216,2,200
181,0.9578233810244513,1.0721766017377377,2,32,0.050256876302707254,0.34286271863513523,2,41,1.1140929071043983,1.042803738117218,2,141,0.14066865717931573,0.22609571740031242,2,157,0.6632434785970517,1.061818818251292,2,175,0.1251958715312202,0.2529610413312912,2,200
182,0.5423506102441613,1.006563812494278,2,32,0.03690731226652252,0.7344156901041666,2,41,0.6557776246854861,1.0120040115557218,2,60,0.060167967470196385,0.21738634589645597,2,78,1.040018221876354,1.010533380703848,2,200
183,0.7690127459613745,0.885070951147513,2,44,0.02978616199542202,0.5466059843699137,2,53
184,1.0949343904708104,1.0449044621267984,2,43,0.3421450498078087,0.34081920236349106,2,47,0.02071055834514814,0.11856301315128803,2,55,4.163404451298456,1.2315115630626678,2,59
185,0.6484026365230935,1.0332627614339194,2,30
186,1.3335868375538513,0.8975479830516858,2,89,0.06744257442458518,0.1435874683516366,2,159,1.2540020056176058,0.8898109982653362,2,200
187,0.543135298569007,1.011263804557996,2,39,0.02903426883595965,0.11955744345982869,2,114,0.3594521590113515,1.1161306997140248,2,186,0.1327860264962574,0.2706906007868903,2,200
188,1.0982777753387603,1.0083551856338,2,61,0.11798724142966703,0.14826009538438584,2,106,1.5893657455981027,0.9806060738861561,2,186,0.06314029544418213,0.10818553928818021,2,200
189,0.3273781431220031,0.7890673130750656,2,4,0.9570452082615385,0.6496657011872631,2,63
190,0.9922515205719027,0.9025820083916187,2,32
191,0.1951066144779378,1.1037736159783822,2,27
192,0.501232738755459,1.029659056145212,2,46,0.034551326318154045,0.2034176036272899,2,147,0.5236787759668211,0.7991635063115288,2,164,0.06577030791754508,0.20412255755879663,2,186,1.132552013125086,1.050234513623374,2,200
193,0.020421746074465365,0.2034862759438428,2,11,2.4111154787432905,1.2718831928152787,2,30,0.018563503897971036,0.09046469309500285,2,86,0.8667248395492804,1.110299506187439,2,111
194,0.18888105869441982,0.26577585314710933,2,12,1.3015009356130014,0.7117636180841006,2,64,1.3663655892739457,1.2337553552959277,2,87
195,1.6085715884484781,1.1597709483221958,2,76
196,1.3555975234577324,1.0392385181039572,2,64
197,1.0424388210980136,0.9074137723150332,2,121
198,1.1830058004764907,0.587804073637182,2,22,1.4483021908768607,0.9231761858171347,2,120,0.06813361815983184,0.27422327345067804,2,131,0.747151367585029,0.33238692084948224,2,134,0.045488185931343045,0.19685233294060736,2,200
199,1.013782491469109,0.9330668475892808,2,45
200,1.7235297687303603,1.24800047453712,2,17,0.0312561957921046,0.1934058913740061,2,76,0.8481233759205657,1.047110390663147,2,81
201,1.1222199670209478,0.8877802110109173,2,122,0.036415536417427195,0.35257917642593384,2,132,0.8736857709767148,0.762633292571358,2,155,0.025182989520677643,0.08587869703769684,2,200
202,0.8667440333737889,1.158530672842806,2,88,0.04002334892903954,0.29307913382848105,2,118,1.0191185892339896,1.385845544009373,2,176,0.03720870306406056,0.2945129256695509,2,200
203,0.5198124764014979,0.8740572518840128,2,196,2.62784619511158,1.099845439195633,2,200
204,0.5211173594561792,1.0594564905533423,2,52,0.06744252997859716,0.2135903094895184,2,84,0.6842363743593173,1.0539665601470254,2,106,0.02462666399675774,0.052208251934102244,2,200
205,1.955335008682938,1.1521652870708041,2,27,0.02503822991869459,0.10523136643071969,2,51,1.2378087576484385,1.1465943645347247,2,95,0.04690552529934936,0.08171809166669845,2,135,1.2972455939899246,1.2082867090518659,2,200
206,0.9578947501838943,1.0268570601940155,2,60,0.0650161758567132,0.21375930806001028,2,78,1.20257417252686,1.0041703044391068,2,200
207,0.8390594833133611,1.1285662184590879,2,23,0.10423396389234843,0.178343640640378,2,87,0.6546603560565595,0.984718778859014,2,110,0.027593347613325894,0.2190035656094551,2,122,1.1039521434731565,0.9476959155156062,2,200
208,1.066610278514642,0.9810426162213696,2,49,0.030138376104671398,0.08954554653167725,2,174,0.08339214479450448,0.6375030676523844,2,180,0.022350241066307022,0.6917429367701212,2,189,1.7228187475732322,0.7381143028085883,2,200
209,1.4155374052947858,0.9181251912281431,2,145,0.03477701626271754,0.11452174972404133,2,200
210,1.268077327107764,1.0963246402917084,2,108,0.04372956229390781,0.12619045223945227,2,147,1.1289455509741564,1.1327082436039764,2,200
211,1.0315356539268292,1.1175560021804551,2,118,0.016971814499361453,0.35163934917553613,2,164,1.4175479288274009,1.360758567849795,2,188
212,1.083460079507071,0.9751913666725158,2,20
213,1.719405083328053,0.9410681843757629,2,200
214,1.5540177286440484,1.3186841221416699,2,17,0.04768403137224228,0.23326224938586906,2,152,0.7716083826920469,1.0397691914909764,2,190,0.06853560407026626,0.19140614569187164,2,200
215,1.30146391527382,0.9832280238469442,2,15,0.021152444775971217,0.06341525474015404,2,83,1.2670959035309237,1.004068436785641,2,200
216,0.0959737802045157,0.5115345815817515,2,3,0.03329391157027714,0.3461501747369766,2,21,0.6569114962008942,1.0265026405536928,2,200
217,0.4600054575564788,0.9350717099937232,2,74,0.020698176053576326,0.10630264742807909,2,129,0.34029865547296895,0.9016946151222981,2,200
