0,0.5008757020144078,0.36752045154571533,2,3,0.0467642731634636,0.16263274929007968,2,114,0.44636290665201034,1.143972430910383,2,121
1,1.3675227237698957,1.0314346294145327,2,74,0.03404678170346332,0.20062655278227545,2,96,1.4205306137235871,1.070410080123366,2,153,0.02364647803880989,0.07711543792333359,2,192
2,0.47524492447799566,0.8570293843746185,2,10,0.03696365288318236,0.0658995408609689,2,93,0.4549918097163317,1.1673605493877246,2,116,0.035919659496733494,0.08633661653314317,2,151,0.9550091921267939,1.0307777341531248,2,200
3,0.5676328198569403,0.9109195313670418,2,110,0.016144526372226044,0.06391635957436684,2,188,1.676654996985536,1.3900922338167827,2,200
4,2.2868378078140994,1.1416550278663635,2,24,0.08688090579606679,0.20461948947793634,2,193,2.4050024067339737,1.2868881395884924,2,200
5,0.7020642362051472,1.1210780759011545,2,31,0.03663610320360402,0.17492851321126374,2,102,0.5508417856284602,1.0504076967434006,2,200
6,0.9387395070297794,0.96033809085687,2,36
7,1.5360201859822018,1.0235905603928999,2,55,0.04254947326682897,0.2455433119427074,2,66,1.612148729072159,0.9650774433695036,2,95,0.07570526667354048,0.13677253912795673,2,106,1.4268029886605627,0.9996037890271443,2,147
8,0.11057002323781523,0.08742620274424553,2,20,0.7304844490490873,0.9227068026860555,2,59
9,0.35650414246130563,1.113218069076538,2,7,0.7110238553567727,1.0382116238276164,2,37,0.07873034842124846,0.08157053476647486,2,116
10,1.0973256845792363,0.9348876254355654,2,94,0.07824154772295105,0.154799592663657,2,200
11,0.8990070833163787,1.0729120786373432,2,26,0.02322338743144611,0.21556731739214488,2,40,0.9225903928418312,1.0230153942108153,2,90
12,1.036652138853679,1.081919574075275,2,72
13,1.023279001367365,1.2773999296701872,2,26
14,0.7942926822226007,0.9847120022773743,2,200
15,1.0712044163330976,0.8470845373197534,2,87
16,1.067211956520298,0.879936537321876,2,68
17,1.108030006918591,1.0890713131652687,2,106,0.033315968219111085,0.19822452741640587,2,187,1.0235272045968233,1.2134552735548754,2,200
18,0.6525835938999965,1.050753386815389,2,45,0.04017939560365264,0.2164138810415017,2,121,0.5812530448618182,0.9740946633475167,2,128,0.045968032154015334,0.17128847887118656,2,158,0.6386027142043776,1.0688416465469028,2,181,0.055457374832135205,0.1894458171568419,2,200
19,0.43075618570417795,0.7897418538729349,2,3,0.05488674585529883,0.20514755155525954,2,54,0.1691721867531886,0.16857666273911795,2,60,0.0748234017321381,0.23696924612990447,2,116,0.8853063306952664,1.1661272048950195,2,123,0.09824576619722708,0.18619743809103967,2,143,1.0001067815271534,1.1160615787171482,2,200
20,1.2266887931483994,0.9294830328458316,2,77
21,1.1047747544384054,0.851508420247298,2,91
22,1.1898072819004806,1.0285584950447082,2,50,0.017712354213708054,0.10135763768966381,2,76,1.0765162850253711,1.0655282861308049,2,190
23,0.7603760804090761,0.8378082224726677,2,200
24,0.6257268438221689,0.8069070543561663,2,70,0.048684048188160765,0.24889417638381323,2,100,0.5324546189589451,0.9289146041870118,2,200
25,1.0001151460924296,0.7199145930784719,2,27
26,1.1324245721733617,0.9712804305803525,2,143,0.0576780155931004,0.14213152177501143,2,200
27,0.7846595546568411,0.752800186475118,2,6,0.040689739008505366,0.09135943960468725,2,59,0.9113486497410004,0.96213250971855,2,200
28,0.9648017613914629,0.8114697838823001,2,120,0.07961746628251577,0.09337132815271616,2,200
29,0.9265032185229036,0.7028921323437844,2,31
30,1.53002209014498,1.022380548554498,2,74,0.029751912721608195,0.29548537813954884,2,146,1.7467041409981943,1.1196229921446905,2,200
31,0.41717367471883554,1.0372114455699921,2,200
32,1.0218288592662195,0.9417393597689542,2,55,0.02170783786021628,0.05442622237735324,2,145,1.7201617897170487,0.9562171654267745,2,200
33,1.844259457650478,1.1145901783652927,2,23,0.0229605578611857,0.09716996456116019,2,165,0.49175541275365053,0.7764037350813547,2,183
34,0.6610650032725224,0.8034977704286576,2,20,0.027614738089296337,0.07405667155981063,2,200
35,1.2759364278813077,1.1020925718545913,2,200
36,0.041123415962590025,0.12422778982986775,2,129,1.2066649256386532,0.6296655395451713,2,146
37,0.4508926222570021,0.8634235818734329,2,89,0.04507027958187599,0.6090736567974091,2,99,0.6879979638308743,0.8920712471008301,2,108,0.033899934585062526,0.9182575702667236,2,113,0.5766059950487605,0.8840299296653134,2,200
38,0.5328497429364643,1.1589180339466443,2,33
39,0.5989133309899133,1.1097173017614028,2,85,0.04576127046556655,0.25177007678307983,2,104
40,0.8183072257275367,0.97574478328228,2,200
41,2.1173898366762263,0.6906053721904755,2,10,0.025840551435515086,0.059025183612225106,2,163,2.5577914637512618,1.1935135577176068,2,200
42,1.5967967253596478,0.49551145195961,2,25
43,0.09520871460033095,0.19100402766152433,2,19,0.9625315009569358,0.9705994809046388,2,147,0.018404449402371504,0.20567305005611258,2,194,2.6164052647298703,0.9627594351768494,2,200
44,0.7350846648386327,0.9532095462847978,2,195,1.7271150772790385,1.0504690408706665,2,200
45,0.73782287638709,0.9336692988872528,2,22,0.044698234122070746,0.135317722114466,2,140,0.4946004429855677,1.0229950613445706,2,158,0.05942519341693797,0.133632463713487,2,170,0.5455597366771219,0.5575637817382812,2,188
46,0.4699506496305196,0.436121662457784,2,3,0.04126157711988661,0.13218586307925148,2,114,0.9289090786019026,0.9851230795566852,2,192
47,1.1350947267923297,1.08501170362745,2,84,0.02794851175342361,0.13733107577531767,2,123
48,0.8852095641893336,0.9777979149537928,2,34,0.02028361340920127,0.1946904178370129,2,56,1.3100873449250232,0.627462774515152,2,60,0.02729889565808676,0.1520791429848898,2,81,0.8952201662594426,0.9844570045775556,2,128,0.05839680051263341,0.17477147048339248,2,160,1.2321958903585253,0.9804576665163041,2,200
49,0.5856303507053212,0.672604268247431,2,11,0.02673882794795222,0.1654691332951188,2,27
50,1.2542079468606273,1.2479707458439995,2,34,0.012871775710600072,0.09783672004245049,2,77,0.6584076997038614,1.2574726854051863,2,84,0.014501981171546727,0.13366239853203296,2,124,1.0012285077566974,1.0018109224344556,2,200
51,1.4044462250774004,1.1905963985543502,2,19,0.03344655863489412,0.07673056887255775,2,109,0.9700016284838561,0.975347780919337,2,200
52,0.9890077223987732,1.3746018535212468,2,19,0.03130538506134693,0.08054068025963082,2,200
53,1.1065085033254685,1.1152432111844623,2,73,0.020881517805179446,0.0579966675108812,2,200
54,0.5222507621060765,0.9710541540576566,2,31,0.03390270837527569,0.2845652976506193,2,102,0.5752688737007491,0.880237562476464,2,155,0.07837765372624095,0.17693280312750076,2,200
55,1.512282094282699,0.9720260083675385,2,200
56,0.1268951746981082,0.889550390697661,2,63,0.05053238265160183,0.4850167883069892,2,82,0.04895363656621194,0.20920646329258763,2,125,0.1770953591540241,0.7702778577804565,2,200
57,1.3422685881133056,0.8540135622024536,2,7,0.04645659489670477,0.11171962057842928,2,58,1.5254620776928307,0.8603183031082153,2,67,0.027485986118674515,0.08910661472214593,2,112,1.2000536204351184,0.9900490343570709,2,116,0.03210062764935035,0.10984160729816982,2,151,1.0504272495192473,1.136022457054683,2,165,0.022583503969927813,0.07506112195551395,2,197,0.8404357703834109,0.5568973819414774,2,200
58,0.8698162584301065,1.110287346929874,2,53
59,0.06324090873833847,0.2850940944547327,2,117,0.26390077478336815,0.8417971837951477,2,200
60,1.0659014915649174,0.8083919745225173,2,13,0.02255985188900576,0.10277478146452863,2,132,1.8036981177944957,1.2635836336347792,2,141,0.03274090957179011,0.04008122369394464,2,200
61,1.4284449096558434,1.0060240981775685,2,109
62,0.5826069646700034,1.0844305157661438,2,34,0.024888236913753553,0.15987747704440897,2,56,0.8379414927237504,0.7388555258512497,2,60,0.029116584333593806,0.14196212447824932,2,81,0.7258079936427224,1.2200829419222745,2,136,0.019412366549894075,0.05687448661774397,2,200
63,0.5048478834971923,0.9922967038742484,2,73,0.019760082638066077,0.057925297167357497,2,200
64,0.5271253217573252,0.8132430265347163,2,24,0.09805573104411584,0.7010165080428123,2,40,0.673828380815575,0.8501106682750914,2,112,0.608395615424899,0.9686925627968528,2,200
65,0.9576336290376736,0.9678954994469359,2,57,0.07079858838202742,0.16002904395667875,2,155,1.3453843569481074,1.0384579752430771,2,188,0.046911367084959986,0.20983763908346495,2,200
66,1.1944019234737453,1.17617619699902,2,90,0.04669580642133379,0.7973671356836954,2,99,0.9682986354158563,1.1127721838431783,2,200
67,1.0418726668668106,0.9062491846807075,2,165,0.029182770141996675,0.08584538102149963,2,195,0.13996841111572805,0.06851710379123688,2,200
68,0.7877820470228543,0.9499751840318952,2,21
69,1.5498020085155504,0.9081743474592242,2,57,0.06097497231306371,0.2475847760025336,2,155,1.8682216605693442,0.8655437610366128,2,188,0.06878641699952902,0.15313254172603288,2,200
70,1.0537554507035543,1.0961187839508058,2,30,0.022658030594090054,0.09880276234217093,2,172,1.4921074771298504,0.9379821419715881,2,190
71,0.7692394365032678,0.8461021808060732,2,44
72,0.5792050662312975,0.9920970875024796,2,200
73,0.6538464690221183,0.9499393844604492,2,25,0.08066131083544718,0.2216136422717855,2,193,3.5710250628029545,1.0154005118778773,2,200
74,0.6557059653592717,0.9530149847269058,2,8,0.021133236720860517,0.0685937078534693,2,77,1.4183554642379552,1.0846143553896648,2,200
75,0.43079669892599476,1.7795205314954121,2,6,0.05937282878600985,0.16511245798473514,2,127,0.7853375387033492,1.112434943517049,2,136,0.02103655726801498,0.05560670606791973,2,200
76,1.022149771410059,1.0806765739734356,2,13,0.02823740102305431,0.08859680717190106,2,133,0.5643033688053313,0.9360231533646584,2,141,0.024884932836737254,0.04890885848110005,2,200
77,0.982257733959935,0.9809203594923019,2,8,0.02392388243341053,0.09558630443137625,2,77,1.4407200114612913,1.0499313882227694,2,166
78,0.7432915968126415,0.9324172268311183,2,120,0.09504976136291911,0.28859592296860437,2,142,0.9738427595203859,0.9286804586126093,2,199
79,0.8724611676519889,1.0808297185336841,2,51
80,0.9769591998488596,1.0382694774203831,2,45
81,0.3555366521031881,1.236351119844537,2,19,0.03481536391030413,0.1024508019288381,2,109,0.6207838372830955,0.9908255537350973,2,148,0.04064210015633429,0.19710939492170626,2,200
82,1.1000344206457238,1.0234548330307007,2,180
83,0.5652321434469256,0.8952189347960732,2,110
84,0.541255898695631,1.0639275645100794,2,43
85,0.5667976990194759,1.1179720163345337,2,22
86,0.9071221699608316,0.7082344827980831,2,87,0.0256046848452795,0.12138314019231235,2,121,0.7638382328634156,0.9058713965778109,2,200
87,0.838521196127333,1.0157961490991954,2,111
88,0.7206876270111016,0.5158990375697613,2,40
89,0.9448071805746752,0.8648207213567651,2,23
90,1.1411888960466208,0.44585731128851575,2,6,0.05040018367442383,0.2333929533800803,2,127,2.1534866680444553,0.9222836196422577,2,131,0.6854145926207982,1.0162630202113718,2,200
91,0.8827624482071315,1.1044335854053497,2,200
92,0.5178981862663826,0.9259487986564636,2,22
93,1.5808454526051086,0.9676255291700363,2,200
94,0.8910791624183244,1.0297935068607331,2,200
95,1.348926644406316,0.9578054060218155,2,186,0.3353601563815271,0.9979347387949625,2,189,1.134911054693154,1.0272550691257825,2,200
96,1.9398761567474334,0.8975994212286813,2,35,0.025829527663981996,0.2875201631994808,2,52,1.0910132382327622,0.8623204100877047,2,148,0.17426619264753382,0.5821128704331138,2,159,1.1386925995261286,0.7835962699680794,2,200
97,0.6097037766173877,0.8311114840667341,2,179
98,1.8097714400865443,0.9182752271493276,2,60,0.01913407969609084,0.22147353681234214,2,86,1.5045923171881816,1.0129435702606484,2,140,0.020033828649847183,0.2749982327222824,2,159,2.05363133277114,0.9770455709317836,2,200
99,0.6603127398902049,1.0756122893095017,2,200
100,1.0946634069512935,0.9544315255514466,2,101,0.055574378739628484,0.18080118546883264,2,113,0.5619398064633452,0.53496781984965,2,116,1.3007097630232904,0.9308080623547236,2,140,0.0267827908854909,0.2590550066609132,2,159,1.5404506452524849,1.035644827819452,2,200
101,1.3771424980451568,1.1004582448439164,2,55,0.026583423667181,0.04904135035143958,2,145,1.1645189838391692,1.0947778423627217,2,169,0.06651886340843932,0.13928578048944473,2,183,2.0185969314787218,1.2031077917884379,2,200
102,0.7034963067187561,0.9328717654943466,2,200
103,0.8952733287230141,1.2018819867061967,2,119
104,1.8957180112331564,0.9884915791059795,2,19,0.053713102238618755,0.14875689609484238,2,74
105,1.4871803032038946,1.0403130054473877,2,26,0.025578461207226746,0.192314051091671,2,40,1.026193677391738,1.041108367534784,2,92
106,1.0240221694579135,0.6302270923020705,2,106
107,1.0091877767406208,0.9309322287638983,2,72,0.04226711622992833,0.15694314963184297,2,200
108,0.9860432277038823,1.0095452427864076,2,20
109,0.7091778781725568,0.8779776493708292,2,3,0.20110711645687265,0.08629627290524934,2,22,0.5448628048210484,0.9626615047454834,2,30
110,1.5056121518684042,1.1864183055503028,2,56
111,1.8809362226572532,1.156488767037025,2,26,0.018341537100438097,0.1179161166602915,2,59,1.414297845970588,1.2411210735638936,2,83
112,0.08686134789836226,1.0607793995312282,2,70,0.0749882069732257,0.18843087324729332,2,200
113,0.6602505299754146,1.1036979666462652,2,27
114,0.776465824126358,0.9567996689677238,2,200
115,1.7178455535147819,0.9205936420319686,2,134
116,1.2159712142254786,0.9863896653765724,2,21
117,1.0457470353811333,1.0285165172815323,2,200
118,1.2266503116446932,0.9671232349732343,2,34,0.014488164196166158,0.0564500093460083,2,77,1.4509694621447238,0.9890806164060321,2,84,0.017210965471290234,0.09712564945220947,2,123,1.0657228346658274,0.7324316730866065,2,162,0.05072000937779642,0.26319728046655655,2,176,1.5004152496196614,0.9763941814502081,2,200
119,1.5267160200341305,0.9603180710862322,2,82,0.023167137492250894,0.1889328168971198,2,103,1.3706368885254219,1.0699146081661355,2,132
120,1.3293195563545361,1.0153921274038462,2,65,0.032409771890350506,0.07787738867262577,2,159,1.1186525828741443,1.0385604515308287,2,200
121,0.9494021208884328,1.0114574879407883,2,24,0.22697809934238344,0.34048956369652467,2,41,1.3074703326623198,1.0498387303742223,2,200
122,1.5934187909421267,1.0736260372295714,2,57
123,1.3265783842694066,0.8786813974380493,2,20
124,0.11885137856805818,0.14732302374699535,2,17,1.5494307379691543,1.1644602830593402,2,30
125,0.7482710896404161,1.0337582049744853,2,89
126,0.5471827324613494,0.5487118721008301,2,25
127,0.7018318669546096,0.9571186639730213,2,103
128,1.7991181065860562,1.1431952958757228,2,66,0.04031051313472502,0.28909730649831,2,123,1.542500845929555,1.0495533168315887,2,143,0.038575046382880646,0.04381790652609708,2,200
129,1.0834105033901331,1.026411289754121,2,46
130,0.8527310905732705,1.1183836062749226,2,102,0.03876167266429371,0.32793577313423156,2,112,0.23659591931703497,0.5283165673414866,2,115,0.04606863838338674,0.25237700273008906,2,200
131,0.2878318344057012,0.4969510833422343,2,3,0.05217111167843854,0.12136259600520134,2,23,0.41278332533732975,0.2583102434873581,2,30
132,0.5660345523367538,0.9559235101938248,2,200
133,1.5400840550232966,1.1058123731613159,2,200
134,1.0237946382899341,1.0476282128067904,2,86,0.04741122366297962,0.6094514642442975,2,93,1.514677489892847,1.0477837101321354,2,200
135,1.1553891775729501,0.8650377889474233,2,30,0.04378195346378444,0.6342638015747071,2,40,1.109218412672928,0.8809074867040592,2,173,0.05395483401015576,0.12868144114812216,2,200
136,0.9120831498348639,0.943317926404151,2,176
137,1.4950875555963632,1.0557035219669342,2,200
138,1.0888611600445497,1.1096381040719838,2,26
139,0.789927559860837,0.7761122054523892,2,9,0.02140094168499584,0.1321592779928132,2,161,0.2144876945941079,0.2979286809762319,2,164,0.7922495767941302,1.0783085889286466,2,200
140,1.2789468277296168,0.8353419146318545,2,87,0.01884462554856069,0.6497770150502523,2,93,1.0049045693063383,0.780652353806155,2,149,0.04581261841399326,0.2539123200318393,2,200
141,1.3231814842770526,0.9449518156051636,2,200
142,1.4965378417894424,0.918398003578186,2,200
143,1.3067702684240192,0.9762325624250016,2,53
144,0.9529201786573507,1.29997914036115,2,12,0.06655117094810085,0.2661739625609838,2,142
145,1.4076035739595167,0.9967913663209375,2,67,0.024902342685820315,0.2647645009888543,2,112,1.1634820814644884,0.9593712104992433,2,200
146,0.8457676317481413,0.4171503931283951,2,20
147,0.6928643935998283,0.9942928966070186,2,173,0.04517611382813125,0.10636200397102921,2,200
148,1.4637930811823798,0.8822675461769104,2,125,0.047915429664356274,0.2011087190720343,2,187
149,0.305384506246107,0.660513679186503,2,6,0.02794779055771785,0.1085936957874249,2,200
150,0.9976213391358296,1.1817757857812416,2,74,0.023852657854546384,0.2921563469701343,2,146,0.8920699908071862,1.0238440743199102,2,200
151,0.8212781941525544,1.2004423578020553,2,71
152,0.4941969065922448,1.2294872438805735,2,117
153,1.0143639386125676,1.103251124129576,2,34,0.04479299367420993,0.19848716802011102,2,152,0.9808254841933753,1.0990204351643722,2,200
154,0.8182799635787917,1.0334235516687234,2,96,0.08168924795182096,0.11581861729232165,2,200
155,1.262067332175695,0.9742822236028211,2,116
156,1.1003145495023297,1.029911086294386,2,45,0.04157511330536716,0.2974937569938208,2,121,1.0804698398345538,1.1315945583053781,2,200
157,0.06097846434261006,0.44823149794881995,2,22,1.0153918898331908,1.2152051949987606,2,71
158,0.9638627777679671,1.0270977668594896,2,57
159,1.076387068034784,1.3812734603881835,2,10,0.037770845698919336,0.12182751872453344,2,93,0.7873939139722564,1.1583305106443518,2,144,0.029753258181303262,0.08786034663873059,2,200
160,1.361979725707858,1.02111057639122,2,140,0.06710703925838958,0.16022885316296628,2,197
161,0.7204687696668445,0.8623703973633903,2,7,0.03091070220171357,0.050250521595613946,2,200
162,0.0444673268691256,0.18478840231433397,2,129,1.6040916130796683,1.0699729124704997,2,135
163,1.0936139893418821,0.8630024350750509,2,191
164,1.6785756313967604,0.9088060584935275,2,44
165,1.6927551859137708,0.9806276101332444,2,13,0.0455878700983209,0.24448769709520174,2,70,2.0427851309475384,0.9365484822880138,2,81,0.0665237180057595,0.13884022204499497,2,100,1.8037347852511867,0.9227548866044908,2,142
166,1.4172268708677498,0.7945603834731239,2,28
167,1.0118793382629043,0.9987386294773647,2,35
168,0.7722980655793441,1.0432800258460797,2,114,0.0506522444750714,0.18891379462425098,2,200
169,1.5825872901434868,0.8389823721213774,2,44,0.029230938526829568,0.07117232978343964,2,84,1.3159220804434615,0.9687198833985762,2,106,0.02960425766482499,0.18018776730254846,2,187,1.040772830505569,1.2382317322951097,2,200
170,1.1161903994894615,1.0466649355711761,2,27,0.7006681801972461,0.6169229547182719,2,30,0.03723932632366961,0.18041878789663315,2,40,1.2272999258810884,1.0936308176621148,2,155,0.0859762601130284,0.16071767608324686,2,200
171,0.9357647561435452,1.0885203384583997,2,31
172,0.7126017233923666,1.1861620366573333,2,20
173,0.9116483822117456,1.1768263833863395,2,14,0.08416102557435742,0.33319777509440546,2,37,0.021162279853430045,0.3909068425496419,2,52,0.8708280769602613,1.1924707804407393,2,66
174,1.4787781018835942,1.076261200688102,2,44,0.028921173180158664,0.07460498373682906,2,85,1.2348700680463809,1.319083105434071,2,118
175,1.681263726945012,1.0141574621200562,2,60,0.13300306543144103,0.35482903321584064,2,63,0.047849653676782684,0.20035173772619322,2,115
176,0.8593763499025955,1.0278701596303816,2,109,0.014257741946377255,0.060653996995732755,2,188,1.051235713167157,1.332834353049596,2,200
177,1.4635024601382836,0.9578657045083887,2,34,0.028173623375704344,0.1773496452305052,2,52,1.7906203293358387,1.0358456617907474,2,147,0.03094164286695576,0.1533654934289504,2,196,0.8254701135402899,1.0070400834083557,2,200
178,1.499098597179341,0.7049144216946193,2,35
179,1.2099587095959297,1.16668607059278,2,114
180,0.9720372410972339,0.7614053394645452,2,32
181,0.43750647735058873,0.8683494357047258,2,108,0.05803151513745703,0.5347586165774952,2,119,0.4579493503565362,0.9080135660406984,2,200
182,1.0526119440716906,0.9651361538813664,2,65,0.029257486828354707,0.1281010615889744,2,158,1.2131747535678465,0.9245285732405526,2,200
183,0.6397478054658164,1.1113993889755673,2,72,0.03544753971071877,0.18675720901228487,2,200
184,0.5078196297386827,0.9175979802102754,2,66
185,0.48301544832159504,0.8177076322691781,2,28
186,0.6527617628708419,0.892917777810778,2,70,0.032589168925440684,0.3154980805185106,2,97,0.7414335230502694,1.0001491562834064,2,200
187,0.46705363330049976,1.0389046013355254,2,200
188,0.570841932675511,1.0158248477511935,2,45,0.043643282981984756,0.1568232594478515,2,107
189,1.0788384455376894,0.9845013386011123,2,200
190,1.0416235165607783,0.9889603680372239,2,200
191,1.5576853619263806,1.0450053608294614,2,194
192,1.3447161072966274,1.0196023488044739,2,50,1.0029482803775915,0.38061063346408663,2,71,0.05475949602123764,0.25286879673086365,2,129,1.542082941938692,1.1502205721089538,2,200
