0,0.9763675042000796,1.1186385816090727,2,146
1,1.5566370253264685,1.0925799793004989,2,200
2,1.403444902475196,0.9310584632973922,2,38,0.024429735261804683,0.07818488163106582,2,174,2.1012905322415123,0.8841117322444916,2,200
3,0.5193945714277765,0.9096391408339791,2,161,0.05816577073331599,0.19083595097064973,2,186,0.7808313659663544,0.9485190979072026,2,200
4,0.9532389642030408,0.8876445192211079,2,53,0.030771024965307175,0.12175139921312114,2,184,1.3631198462735161,1.1865102276206017,2,200
5,1.0399667414006908,0.9259801179170608,2,200
6,1.4802220336628085,1.0623314766721292,2,176,0.041551174259865785,0.18208048803110918,2,200
7,0.1666674069180332,0.7855588258572028,2,142,0.03725534077896451,0.06491732211976216,2,200
8,0.5900191364232056,0.6697391036309694,2,38,0.024609005439071335,0.12862205362933524,2,174,0.5575652990832296,0.9550850185064169,2,200
9,1.2348621091306897,0.9994782596826554,2,200
10,1.5264205603037888,1.1040195912122726,2,200
11,0.9383365771778899,0.9256296717390722,2,49,0.06365078878987741,0.17267513707760843,2,80,0.9877171309963806,0.9861161106088189,2,169,0.4857873294252531,0.8612515059384432,2,180,0.07526811125591074,0.2518684133887291,2,200
12,0.9456216684003536,0.8680349860872542,2,105,0.020102537339994928,0.13694832732802945,2,200
13,0.6350312014845173,0.8697428477221522,2,29,0.05512014666614421,0.14313278286843686,2,66,1.235650611194799,1.1411796659231186,2,74
14,1.0252315299206751,1.0296055605778327,2,52
15,1.262681098812076,0.998971866933923,2,190,0.10099301640999901,0.6174923568964005,2,200
16,1.6032899957903293,1.1003820199471015,2,77,0.015927453328451233,0.06678619726402003,2,200
17,1.024202387582632,0.8469734597206116,2,25
18,1.2938367243879083,0.9105578941106797,2,200
19,0.9711425231666653,1.0149740987353855,2,45,0.04261831498926496,0.21873103669195465,2,111,0.1545336270478845,0.362362007300059,2,114,1.1543317778095201,1.0539818447689677,2,200
20,1.4689927986550488,1.1551239860468898,2,87,0.031549853615112054,0.1337638132274151,2,107,1.6473142936580076,1.4498405286243983,2,114,0.033115575979397,0.12117493952865954,2,168,1.276149757360108,1.16437603905797,2,200
21,2.083705134240597,1.1027911106745403,2,3,0.043128122942275006,0.07663043890849199,2,104,0.9191543838102268,0.4725316564242045,2,107
22,1.146616678157601,0.9941763430833817,2,24,0.05592657385919599,0.23954590409994125,2,46,1.032390974030756,0.9833992464201791,2,88
23,0.925916270413912,1.141469476904188,2,70,0.026287151618338743,0.16046313608163282,2,146,0.6119888289249055,1.1355955941336495,2,167,0.023224789641020708,0.12741823964997342,2,186
24,0.8685322620668829,0.9841987771807976,2,106,0.033233513533169355,0.11819769586286237,2,137,0.5062121659909538,1.1437509854634602,2,146
25,1.192567400763886,1.0718895996318143,2,85,0.06051076557778942,0.12830513543807542,2,163,3.5695738199379767,1.0116967757542927,2,166,0.04437968106834313,0.12097714434970509,2,177,1.6424907867752043,0.9799220887097445,2,188
26,1.488154309749584,1.1221263083544644,2,143,0.028055667688098126,0.12739600267326623,2,200
27,0.5517069242189082,1.1259855906168619,2,30
28,0.6891813277196553,1.0141936022610891,2,168,0.024173412313492026,0.15931745991110802,2,200
29,0.876727201542543,0.975035235285759,2,200
30,0.6439976611137339,1.0794393398143627,2,81,0.030061814717688356,0.1699577683911604,2,183,1.1460788342194883,1.2106873638489668,2,200
31,1.1146700847271191,1.0014177211901036,2,41
32,1.3133411663548011,0.990478278985664,2,67,0.017695580874452534,0.26405822098255155,2,92,1.6345326607723651,1.1081891780675843,2,135
33,0.1338347015056484,0.7365481952826182,2,3,0.02873157059360256,0.0633378688778196,2,59
34,1.2399383523382959,0.6132355738769878,2,22
35,1.584506298797509,0.6759975178297176,2,43
36,0.9496306265434081,1.3271412797596143,2,23,0.036033829533432524,0.18477015727657384,2,200
37,0.6954701678741054,1.0224524202017948,2,29
38,0.9653299050897924,1.0191821750005086,2,75,0.05211123704576295,0.15784042655375966,2,132
39,1.1942313762818932,0.9262159579916845,2,79,0.05788472455324873,0.051168687358687195,2,158,0.6960334845877248,0.657337615887324,2,164
40,0.7567885451298354,0.8537208651596645,2,53,0.032054499678537275,0.2482358939547575,2,184,1.4099690584864464,1.0653752014040947,2,200
41,0.7105956034867703,0.894920112995001,2,26,0.05296184697055037,0.0821455157286412,2,63,0.8557391593378767,0.8683407202363014,2,103
42,1.024130465594629,1.0007277564568953,2,44,0.018462901904193516,0.03807795964754545,2,200
43,1.3085341937417099,1.0208091703621116,2,74,0.12233660391168309,0.32346917879887116,2,113,1.2087330176330497,1.0089949533857148,2,200
44,1.071183687047141,0.9844663191226221,2,124,0.053770495577090245,0.11278515060742696,2,145,0.6655280591836933,0.6862494101126989,2,148,0.04801120281462235,0.09486613350529824,2,179,1.7308171200715772,1.1368484326771326,2,200
45,0.6549528454806783,0.8414634323120117,2,25
46,0.5467472198955572,1.0601617862016728,2,39,0.24876111829915187,1.0877944285219365,2,61
47,0.5790244972638331,1.1910152243029686,2,31,0.07842505588519953,0.15073132094664451,2,70,0.6470382584992783,1.034215251604716,2,79,0.1150967929350559,0.16450332198292017,2,95
48,1.310330947426473,0.9670610881987072,2,21,0.42073644436940477,0.1930817820959621,2,39,0.9996689036616975,0.9694870206880273,2,200
49,1.1101192748225044,0.6630431347423129,2,18,0.01730698407446985,0.04661672582497468,2,166,1.0319843751721547,1.442316374358009,2,200
50,0.5767072342683691,1.1829422116279602,2,20,0.04796697848767049,0.09427990544010216,2,91,0.8514204877689865,0.8971206181579165,2,109,0.043430990629910245,0.144062751421222,2,136,0.5154516903798291,1.4427911520004273,2,146
51,0.5213684526264643,0.8551137986637297,2,42
52,0.9510411932681236,1.0368746916453044,2,45,0.02440213228097703,0.619910255074501,2,53,0.7462633071909351,1.0428735107183456,2,93,0.02204965665650692,0.18052091721504454,2,156,0.7530933595987157,1.1495533856478604,2,200
53,1.1064584882309034,0.9574495553970337,2,140,0.016046216423520717,0.07827580546339354,2,200
54,0.7622993450397765,0.8227137237224939,2,53
55,1.473814962509124,1.1095563173294067,2,68
56,2.841727537870908,1.0774799585342407,2,8,0.029080071836178546,0.1526522763857716,2,84,0.7664023982118486,0.9883134603500366,2,94
57,0.5046367048959154,1.0977434353394941,2,11,0.06697982730731371,0.6273771737303052,2,25
58,1.0389492399507978,0.6692112867648785,2,13,0.05340495849740324,0.2002145177019494,2,69,1.363442262035986,0.947165371807477,2,200
59,0.7047922411011731,0.8119747868993066,2,88,0.026756604201684745,0.16215297053841984,2,105,0.5325144547085671,0.33511689901351926,2,120,0.5873202471476129,0.9301074117422103,2,200
60,1.2850021082122929,1.171908372565161,2,79,0.062251809999713664,0.28624037325382234,2,104
61,0.8503230975128244,1.0482935087004703,2,67,0.020767498927867462,0.06103267166221026,2,170,1.3281324528673435,1.0424144903818766,2,200
62,1.1813124973690747,0.8344437193870544,2,25,0.019270963291005822,0.04178964819226946,2,200
63,0.9075411833474037,0.9363693439043486,2,65
64,1.1733167639091893,1.1547563234965006,2,60
65,0.8451840201867024,0.7066156826441801,2,79
66,0.8709570064171199,1.0821072231639515,2,55
67,1.097715969933863,0.9279162690446183,2,37,0.029761033332254428,0.08804832642728633,2,147,1.3945851016869415,0.8897637859830316,2,200
68,0.8784984704527489,0.8978109082631898,2,114
69,1.154330318536446,0.8091942087396399,2,77
70,1.2439857722925187,0.8860818313997846,2,86
71,0.5661267985958226,1.0679365694522858,2,12,0.02959494573393712,0.15558393117858144,2,53,0.47636577215552744,1.099347499700693,2,92
72,1.077721031675923,0.9526066559553147,2,200
73,1.267812810200747,0.7778928023576737,2,200
74,0.688122094263995,0.8355840495837632,2,93,0.075558597674867,0.13645662751889998,2,124,0.9266235622683023,0.9215606058898725,2,200
75,0.40012770033109485,0.9163025732963316,2,62,0.06627039007308576,0.17335384854903588,2,192
76,0.7374321061663072,0.8592803999781609,2,40
77,1.053917054865379,1.0941351676473812,2,49
78,1.2753077855495238,0.8031571968035265,2,110,0.034090998941382074,0.18596050592317973,2,183,0.9551538780252066,0.9735678574618172,2,200
79,0.7167976358145806,0.9212474771167921,2,23
80,1.389064123449804,0.8648453752199808,2,45,0.04723519109174303,0.19006188235421112,2,114,1.1759685262706,0.5517815530300141,2,124,0.026470888865628157,0.17358240201359704,2,145,0.5853336453544702,0.6931220392386118,2,148,0.03618357185844904,0.16081980289891362,2,180,1.5402291476898413,1.0718633472919463,2,200
81,0.6618841783045178,0.7053153961896896,2,20,0.040965939998859766,0.2399261970486906,2,200
82,1.2472439006241827,1.199887977249321,2,174,0.08652663532945312,0.28075814495484036,2,192,1.8984101822848227,1.1841752231121063,2,200
83,0.7761874332762384,1.1470280528068542,2,10,0.016462937165328505,0.2777131150166194,2,34,0.7143519452839705,0.7588569845842279,2,80
84,0.09187180955016228,0.47671371698379517,2,3,0.01964000596668641,0.17816670760512351,2,23,0.40723924467713635,0.45964160561561584,2,30
85,0.02192484489287409,0.13771953011552493,2,60,2.4275774368740555,0.7252783377965292,2,63
86,0.24423814041788322,0.10273677706718445,2,5,0.051186587616907434,0.06488473345251644,2,90,0.8133547882816403,0.8796998858451843,2,96
87,0.9209409826577825,1.3662969668706257,2,18,0.01659445607289638,0.06068022295731266,2,165,0.9001778677210756,1.0221398455756052,2,200
88,0.7884014450828063,0.967161745429039,2,200
89,1.174885600379079,1.1723095093454634,2,14,0.02660983152416325,0.15518757242422837,2,53,1.2491746019421763,1.1529583440107458,2,155,0.032348750049812205,0.16270228119000144,2,178,0.6788157403122921,1.3059432804584503,2,190,2.4566156986346845,1.4379443407058716,2,200
90,0.6072711219206236,1.133506600246873,2,43,0.0359231408210202,0.17878080176752667,2,86,0.7218864388900037,1.0160755036789695,2,167,0.11360749944358994,0.17430567327472898,2,185,0.9298327465354169,1.0885907113552094,2,193
91,0.8971492141164824,1.0228136074543,2,200
92,0.6034019942423103,0.887794017791748,2,19,0.03436099605872008,0.16323976874898333,2,128,0.8350032032026532,1.0649559497833252,2,200
93,0.7491682501504553,1.0102233900910331,2,84
94,0.5979309690881958,0.7563300224450918,2,13,0.024526983417168035,0.093454190662929,2,41,0.45021840983773864,1.4359065975461687,2,48
95,0.558847379699891,1.1763093090057373,2,25
96,0.6355958764800436,0.9779454210530156,2,46,0.44819913990839694,0.5419826110204061,2,49,0.03792734268010202,0.09620703756809235,2,138,0.7340982068920284,0.6856931149959564,2,143,0.031564874487142895,0.10316134231132373,2,200
97,1.0025780314564898,1.0749150014692737,2,31,0.04298170039310269,0.06672658731003066,2,105,0.8725954777513748,1.1761256017183002,2,200
98,1.0420450149677767,1.0175084993243217,2,16,0.3187159810593591,0.16878083009611478,2,38,0.4338813311370034,1.261965016523997,2,44,0.014805253415704949,0.046791182401088566,2,200
99,0.8038333883359241,1.0842137444019317,2,100,0.026518844367566814,0.17396356330977547,2,163,0.6207919434060138,1.11242882947664,2,200
100,0.4349504947171615,0.840363601843516,2,12,0.03586764232710355,0.15171600952744485,2,52,0.7388220331889337,1.0132587023184334,2,123
101,0.7568423976698364,0.9822640866041183,2,56,0.04194176718400148,0.14990186169743538,2,76
102,0.5701541177401467,0.6549334658516778,2,9,0.02880090357001597,0.10709427974440834,2,53,0.04272740000578392,0.09893695958729448,2,82,1.2057319043681627,0.7921700452343893,2,200
103,1.0459933832069923,1.0435463541320391,2,112,0.011784649669585607,0.12341913527676038,2,168,1.38608046517252,1.0153223156929017,2,188,0.019401610585053183,0.2731432653963566,2,200
104,1.0765651819825752,1.1314783891042073,2,36
105,1.6470858261183094,1.1814965705076854,2,12,0.05823934038106655,0.03824259718259176,2,87,1.5009780981999987,1.2124319436938265,2,130
106,1.2582803849064126,0.9690378076070315,2,77,0.017633178006281097,0.039509466145096754,2,200
107,1.8879689919288039,1.5136283901002672,2,9,0.0259793809875864,0.15886216852310542,2,83,1.3213885242385925,1.0986685701924512,2,200
108,0.36251103603099966,0.93837236839792,2,23,0.08567052071382694,0.9920406704363616,2,46,0.3784665586198594,0.9520679828408477,2,200
109,0.9753304453548816,0.962329812347889,2,48,0.05559394568056313,0.14727796912193297,2,78,0.8733900553811512,0.9727930661107673,2,200
110,0.8695200969098923,0.9333763971924782,2,200
111,0.54919621012334,1.0373966442911249,2,19,0.04032465918865748,0.09608870761170572,2,200
112,0.7494307898017872,1.080789715051651,2,124
113,0.576444717922449,0.9959233623963816,2,162
114,1.301974929686242,0.9398237696865148,2,57
115,1.3247897537862965,1.2592251130512782,2,42,0.03409448742750661,0.16433692265015382,2,68,1.3105086921060718,0.5980738600095113,2,71,0.07862744971287275,0.07939920795930398,2,108,1.8264614246908515,1.3471531569957733,2,116,0.13779107431789314,0.08239167578080121,2,133
116,1.0034262234145273,1.0086728530851277,2,176
117,0.9605291092387563,0.9925687897205353,2,200
118,0.6671685826834216,0.972076188434254,2,11,0.04735334710711985,0.13447517255942026,2,26,1.2946736188379233,0.9002133666300306,2,77,0.04726308761878397,0.20729533036549885,2,92,1.0315385987598888,0.8672982704910365,2,180,0.06673361796435301,0.3042640291154385,2,200
119,1.0266297330268415,0.9657713930521693,2,112,0.01374016162522742,0.13210164968456542,2,168,0.8148192863308807,0.9993660673499107,2,200
120,1.0897907223635592,0.9952380524741279,2,27
121,0.7007358287666475,1.0327064566092916,2,101
122,1.334461707666253,1.0470176935195923,2,31,0.023012162718872353,0.11888649003072219,2,141,1.0116946155617657,0.9843722745483997,2,192
123,1.4622217606142773,1.040501480102539,2,200
124,1.29027988841682,0.9224791966595696,2,103,0.03186017424138237,0.11735774789537702,2,131,1.8210598730834322,1.0772030022409227,2,149
125,1.7553770150736845,1.0416341500404553,2,39
126,0.838135250559404,0.9192972454157743,2,33
127,0.656693399594618,0.9515788636424325,2,88,0.024539029931362505,0.30063750288065744,2,105,0.7738823412118354,0.771398698064414,2,193,0.2695531438674823,0.8282820326941354,2,200
128,0.5472872207298757,1.2389863597022162,2,72
129,1.1826313685065024,0.8612896255824877,2,23,0.05637906636469227,0.4779422310265628,2,34,0.7957975129368472,0.6256625652313232,2,37,0.06210761827738884,0.5798232985867394,2,46,1.2481414645395816,0.8692133209922097,2,200
130,1.3363472221194344,1.0169701319932938,2,200
131,0.6862106037521131,0.8836965292692185,2,200
132,1.091133273931813,0.8788893724360117,2,82,0.02904060499119481,0.14168123945151226,2,183,1.2783640627343493,0.9068771285169265,2,200
133,0.9431478057799451,0.9971823602594355,2,93,0.06716871523616261,0.25333419852719014,2,191,1.6893782553782084,0.9263703425725301,2,200
134,1.2430346379334607,1.0926307301188625,2,43
135,1.4231957967135325,1.2925054372525682,2,51,0.05143119008045522,0.1541720336234128,2,78,0.6503684526967789,1.3096419402531214,2,92
136,1.0218755006779967,0.9907661926746368,2,200
137,0.35793850586482573,0.41106194257736206,2,6,0.022384284969707537,0.052534939742636406,2,180
138,0.5342273210708965,1.0794311821131417,2,181,0.09314280518923464,0.18128075019309395,2,200
139,0.6160986041238857,0.9036459597674283,2,11,0.03360650759836407,0.16865827639897665,2,26,0.5930381142483232,1.051333257130214,2,47
140,0.5110073478110683,0.6486143286411579,2,26
141,0.5666111966696095,0.9543930425726134,2,116
142,0.5141573523173212,1.0172125569411687,2,28,0.04436335243309187,0.07252382338047028,2,58,0.3416730397777945,0.40674149990081787,2,61
143,0.8992430144260111,0.6857886552810669,2,20
144,0.6025535120026064,0.8857983147975096,2,97
145,0.6353415651895404,1.033005902641698,2,76
146,0.24404142573031865,0.9668389707803726,2,200
147,0.774859778794381,0.8786311424695529,2,13,0.027050474058594474,0.2586692959070206,2,38,0.7881790831706154,1.0228189920124255,2,114
148,1.462079283091819,0.7876511958410155,2,53
149,0.6312430342931288,0.9540688187888499,2,178,0.06318383306941354,0.3512967716563832,2,200
150,1.0622396710422928,0.9969206375735147,2,140,0.022113534648402603,0.06400811622540156,2,200
151,0.6743760982849571,1.002924633026123,2,200
152,1.2017729573648364,1.0423239415342158,2,22
153,1.0610447157001865,0.950811224579811,2,200
154,1.125303042794747,0.9723371890875009,2,65
155,0.7114778928740477,0.8479929747003497,2,33
156,0.9310909069233493,1.2072666798319136,2,14,0.03567241667365367,0.06714632201428507,2,116,0.5166011582911647,1.367510477701823,2,125,0.05042449144705631,0.04144155780474345,2,140,0.7289753612291617,1.2960624159598837,2,189,1.5645079312000283,1.3487023982134732,2,200
157,1.691962181196501,1.021699997200363,2,87,0.03068550191716394,0.17484332323074342,2,107,1.7412216007866468,1.0233004093170166,2,114,0.05570038413519244,0.08699235320091248,2,169,2.0736005495064482,0.839262475890498,2,200
158,0.6812714130588757,1.25212141345529,2,34,0.03379328195699769,0.07396121215129244,2,103,0.8665480328598267,1.0091339605195182,2,117
159,1.0040253927133072,0.9987881830183126,2,59
160,1.2020451800983831,1.0973314092709467,2,26
161,0.7946036631252624,0.8391873151063919,2,20
162,0.3186185697847401,1.0175146341323853,2,200
163,1.69076037279409,1.167140656329216,2,47,0.04278558138431756,0.11239168129779481,2,138,1.3397371694400206,0.6557695984840393,2,143,0.030898719680176476,0.07897935833847314,2,200
164,1.5362926948216353,1.1008132898807526,2,200
165,0.7350658938472433,0.8868658343950907,2,12,0.03483075479328306,0.6208961486816407,2,22,1.4275226182084815,0.96734617050592,2,176,0.03828567150677517,0.22549211233854294,2,200
166,1.9182456829480423,0.7321187899662898,2,13,0.06188982733123841,0.10303536908967155,2,69,1.011383622312039,1.1017428835233052,2,93,0.05214241878643273,0.1992489000161489,2,189,1.9106205847785342,1.0356007380919023,2,200
167,1.0991584119036741,1.0175336661546126,2,115
168,0.6579066350533255,0.8022714542305988,2,23
169,1.2297614258599843,0.9832215525887229,2,33,0.05701356918446197,0.09831196585526833,2,111,1.2899113992464646,1.2765320539474487,2,114,0.051218654974712625,0.052576522935520516,2,125,0.7897011793574018,1.0542693571610884,2,136
170,0.6354230000700558,0.4539710730314255,2,3,0.03932174601243407,0.16079559534788132,2,103,0.2801916268707466,0.175436915208896,2,115
171,1.131820949882767,0.7810090745953348,2,139,0.06975347943778341,0.3256501278706959,2,195
172,0.04412241033649172,0.07997696625219809,2,37
173,0.7181268736904334,0.7833457157966939,2,47,0.07873747330749514,0.24382763480146727,2,71
174,1.16931299619873,0.8903379037976265,2,40
175,0.8322576859506261,1.1374723627453758,2,21
176,1.007935548003049,1.0424431953579187,2,128
177,1.1711620460231025,1.1156333134724543,2,65
178,0.05168265226145541,0.19769989331311819,2,79,2.7313880270051545,0.5607550839583079,2,82
179,0.9096256664835829,1.008523355889064,2,186,0.05424884725904624,0.2273296213575772,2,200
180,0.9478680539770061,0.9820321075844042,2,66,0.03917038089443881,0.16823830116878857,2,88,0.748073415738041,0.8707532939456758,2,130
181,1.6281645259052775,1.0298732048586796,2,38
182,1.3354424416734405,0.7599161379742172,2,53
183,1.4891108776372282,0.8900913628664884,2,55,0.03392606055763637,0.10190231539309025,2,87
184,1.2182509967870803,0.9845848298072815,2,200
185,1.131944883424237,0.9726056098937989,2,45,0.026283747476780233,0.5577739104628563,2,53,0.8309431381437519,0.9828468799591065,2,93,0.023036345239618082,0.061120702160729304,2,156,1.075979871934306,0.8076038789004087,2,188,0.027409138627506418,0.09571273997426033,2,200
186,1.3993917009079448,1.2482928911844888,2,30
187,1.6557239061663003,1.0081620727266585,2,7,0.04833550451711086,0.14798200026501057,2,93,1.444150944817596,0.9888855072489956,2,150
188,1.2203574169240377,0.7569115090370179,2,200
189,0.6315684103844792,0.97415473818779,2,200
190,0.5333171774877502,0.9673184806650336,2,143,0.0537515956657199,0.1413917625159548,2,200
191,1.778771820387863,0.7030525803565979,2,14,0.029600987859134592,0.13264867052053794,2,53,0.691302763652039,1.3025938187326704,2,67,0.023730348949546634,0.06089114234561012,2,172,0.8758672783238385,0.9263913184404373,2,200
192,0.49109067916410387,0.6784310184027019,2,19,0.03934355771229296,0.15891389268867218,2,200
193,1.1198192150612203,0.9933377784841201,2,51,0.015266522638096483,0.06768351534138554,2,143,0.22312952203067057,0.1672855814297994,2,146,0.07975598854338037,0.16280061310088192,2,200
194,0.7958618364515624,0.5322478711605072,2,6,0.024802447510950856,0.12532773542971837,2,27,0.7139670571465185,0.6970632672309875,2,38
195,0.6348587233483542,1.1186283048318357,2,98,0.02425512448350635,0.16680990755558014,2,163,0.5609918743014218,0.9547746181488037,2,200
196,1.297301159123599,0.899368205357119,2,183,0.08640783576836662,0.18690342675237095,2,200
197,1.0383451225697418,1.0172639620304107,2,200
198,0.8965090833053849,1.1475823427501477,2,19,0.02929305209601386,0.2749102063682101,2,128,1.9873270983128566,1.1519021805789735,2,200
199,1.9316806220997824,0.49010139065129416,2,14,0.03121162282830881,0.08520765779632153,2,115,1.1075409709041728,0.7854498212154095,2,128,0.02943486153134789,0.2154680552581946,2,140,1.662872563707912,0.9132905632257462,2,200
200,1.3919892099109827,0.8211938548088074,2,75,0.13223579640794408,0.18233831838155404,2,114,1.1859216357618527,0.8513247945478984,2,142,0.06894974256092191,0.1695895784844955,2,166,1.3913086183000012,0.39615855117638904,2,172,1.6091131378782448,0.6501216132725988,2,200
201,2.243604968460358,1.1839156361187206,2,17,0.05483867279650846,0.18191654675386168,2,61,0.9810583021524502,0.5670609076817831,2,85,0.02968534274652618,0.13248767714265366,2,156,1.038131525898649,0.8393580317497253,2,168
202,1.078375544171873,1.0749365448951722,2,10,0.07832447610195378,0.44596662869056064,2,22,1.0579682513517819,1.0340146595431912,2,53
203,0.7267222483953191,1.155306679861886,2,105
204,1.0838678351053392,0.9044277189483105,2,142,0.21255849597170462,0.445950984954834,2,152
205,1.0482420095649854,0.8890828205191571,2,46
206,1.1565707047792437,1.0122361260075723,2,93,0.048195237396078276,0.4635241797992161,2,107
207,0.7430310069710934,0.9907060482285239,2,132,0.012314602792951424,0.2139119726419449,2,157,1.1518978412814318,0.9657878335132155,2,200
208,1.2324531411170878,1.1704884832555598,2,110,0.03603061160124322,0.15396108835527342,2,183,1.844236980564133,1.2823018677094404,2,200
209,0.6957440344367979,1.0702157020568848,2,6,0.022037512351335505,0.16370228162178627,2,32,0.4383695338055636,1.1784597833951314,2,44
210,1.1826635859739925,1.0552706996599832,2,30,0.017132450757818312,0.1990564492188002,2,125
211,0.7396998286223172,1.159471516098295,2,56
212,0.5873617673271092,0.8535974085330963,2,10,0.07057798171873354,0.1794475475947062,2,40,0.09962362663959151,0.7684496268630028,2,48
213,0.7576956376588069,0.9717117834091187,2,200
214,0.5695840189379517,1.0740203440189362,2,20,0.050576103013895354,0.16756819839208897,2,91,0.8565030971543445,0.9785689465496519,2,200
215,0.7770616378944479,0.9816070359240296,2,93,0.07321012175455736,0.2099761934049668,2,124,1.028118608828711,1.0617485354023595,2,155,0.030484150720119087,0.28599289513152576,2,178,1.0216752757289964,1.1507245952432805,2,200
216,0.5106807911737461,1.1097111701965332,2,24
217,0.07161721058137015,0.15943316605530286,2,38,0.8552472511875271,0.8997650256863347,2,65,0.08179573028575537,0.1914882411559423,2,86
218,1.614473530760546,1.4897284507751465,2,3,0.024010497216526122,0.21821350018892968,2,59,1.5224588956286331,1.0556614408973886,2,178
219,0.8301738529664006,0.9230465383429802,2,191,0.10418163095633588,0.8299034039179484,2,200
220,0.6213988398157293,0.9340747651457787,2,200
221,1.0967870242948783,0.9931981792816749,2,78,0.11157825437714577,0.2872524599234263,2,93,1.212822723873436,0.958427624167683,2,200
222,0.6803588303280389,1.057091074563115,2,183,0.07925844317464957,0.2405017640660791,2,200
223,0.5247138257888913,1.0038634027753557,2,70,0.052449904434869514,0.2109398613609965,2,196,1.0396218649870919,0.7897968888282776,2,200
224,0.599992190101173,1.1475967431068421,2,200
225,1.1834827494846283,0.9773940617038358,2,31,0.033451991691921014,0.07676134923019924,2,105,1.0706558892124218,0.9426961640516917,2,141,0.07172395363542507,0.12009692478638428,2,167,0.8087445384229561,0.9341085119680925,2,200
226,0.4969601520206262,0.8756905794143677,2,6,0.05135299255860312,0.21034235498051584,2,87,0.9365406870385181,1.0540526424135481,2,122
227,0.7685276976716685,1.0854315334558486,2,200
228,1.14987182210104,1.0664551365375519,2,200
229,0.5114978625073605,1.084944118152965,2,44,0.016092124151599038,0.07933281140124544,2,138,0.7275397966298772,1.0440741777420044,2,194
230,1.1291598801518075,1.1764695206203977,2,185,0.06889858403623375,0.25567345023155214,2,200
231,0.079216720994779,0.08573204678733175,2,41
232,0.11492389848668413,0.17612379647436596,2,21,1.3627601073391156,0.9719594210386276,2,61
233,0.6753149502313058,1.3319954746647884,2,19,0.041036286274107735,0.13639024396737418,2,43,0.34126878931823573,0.597248911857605,2,46,0.6349433383361307,1.1516466856002807,2,51,0.04906254583003003,0.2075871729081677,2,82,0.28048802721747845,0.9249526943479266,2,89
234,0.019686261645297253,0.1627291165292263,2,60,0.40858506488659085,0.2929517428080241,2,63
235,0.6032315040231728,0.8702532890680674,2,37
