2,0.31649957991491584,0.5891087246792657,2,154
13,0.07789774759630778,0.5974582476275307,2,28,82.71978769831583,1.7659389411701876,2,45,0.09535107873904834,0.9017190568976932,2,54,88.86523120288162,1.8637159943580628,2,74,0.02572938189028755,0.7424070970578627,2,85,186.9342300201326,1.9282275263856097,3,126,0.07095239010983538,0.9442514181137085,2,135,150.3856396056017,1.9646134575208027,3,159,0.0995360959599048,0.7324898766504752,2,196,80.33264876982143,0.9999075680971146,2,200
18,0.15316828590115383,0.4909393147099763,2,200
21,0.2746779242294705,0.6721203018724918,2,200
22,0.8148841400030267,0.5714130671322346,2,200
25,0.7670383475388918,0.689670714434613,2,178
26,0.12819962985654543,0.6122639472782612,2,200
27,0.03161393544177971,0.8063260474801064,2,200
28,0.10258661884765441,0.36527662186159027,2,72,3.788247239190859,0.21812821167611307,2,134,0.13073209233483485,0.5621257065372034,2,200
30,0.5959493912147921,1.314104813337326,2,200
