4,0.5239721094518613,0.9494467805016715,2,159
24,0.00020314315137733775,0.9493140757083893,2,20
34,3.200816026845068,0.4262457901669532,2,97,0.3642112315784816,0.6516930903937366,2,171
38,0.28371805535831884,0.7407347939908504,2,200
42,0.672636044654222,0.5463110678016193,2,126
46,0.809112355959291,0.9848693282902241,2,200
48,0.09375394650062,0.6068651054216467,2,46,7.549435244910903,0.11279834857718511,2,200
49,0.48292830180572444,0.979395366460085,2,160,5.348831543583959,0.761926681548357,2,200
50,0.41806670527278444,0.7293672674894333,2,200
54,1.0168872164663623,0.5621465532218709,2,136,38.00468232982984,1.3606210014758966,2,175,0.9900033849976051,0.7717441701889038,2,200
