0,0.5059834555845194,1.074676242846887,2,103
21,0.4643142694046969,0.46710606795459536,2,199
22,0.06352388538657514,1.0020417457535153,2,21,15.517994185398708,1.122503645379435,2,65,0.037875007986862184,0.8928048393943093,2,76,3.5081195814178128,0.4417297337204218,2,200
24,0.13762452700766187,0.8034292310476303,2,200
28,0.00010457543594011736,1.3746883273124695,2,20
29,0.47869253145408297,0.9995535379749233,2,177
31,0.17110766998593166,0.8466906887292862,2,200
35,0.22567979195889024,0.9107100775948277,2,54,37.4580534339544,0.9022733025364021,2,121,3.8358413097981914,0.5122465934085695,2,200
36,0.4059548389053874,0.9836002203822136,2,200
37,9.438962330133275,0.4693130786530674,2,200
