0,0.8038929241518159,0.8571568259171077,2,56
24,0.12708731074879018,0.4894395053386688,2,20
25,0.8123711875912617,0.7994342957224164,2,98
26,0.7512975626862461,0.9308967863927122,2,122
30,0.1580983966723421,0.9317612880468369,2,200
31,22.330818802654473,0.44467611610889435,2,22,0.45693652884953073,0.6217582724737317,2,200
32,0.5249384439339848,0.8132733228802681,2,200
33,0.39744205083710116,0.9909774321381764,2,93
34,0.13872208418162107,0.7473507216572761,2,200
35,0.245120327284492,0.5489159351265108,2,74,5.439109192337705,0.2979138698724527,2,200
