0,0.5431816685672958,1.1013584059087476,2,199
21,0.12361842694247606,0.6631360257690276,2,199
22,0.44439765270208287,1.303259598016739,2,200
23,0.5328805093094354,0.7674443397605628,2,57
25,0.42071880386108146,0.657811210155487,2,200
30,0.3738421873917866,0.3698892025119167,2,118,5.856229022854282,0.3010093660616293,2,200
35,0.5035028239732786,0.2853707133141239,2,113,22.382830235124025,1.5036388943935264,2,171,0.2966047234868744,0.5402519985519606,2,200
37,0.2837988487252358,0.7713935062289238,2,200
39,1.0366872222483114,0.827436985153901,2,38
40,0.14057734576969974,0.7245467263460159,2,200
