15,0.3379133696383094,0.8689866960048676,2,10,5.753475932319282e-05,0.9305854797363281,2,20
16,1.3988741859105844e-05,0.8956495732069015,2,20
23,8.670871067129216,0.42266081012785434,2,200
24,0.6887666352327441,1.1397736662855515,2,104
25,0.817618096621387,1.0185812244812646,2,60,0.024406896713934385,0.6086304150093561,2,147,0.9549348268740265,1.0710833684818164,2,184
26,0.1506545243183488,0.8320476281088452,2,86,2.9684929435544087,0.4214948746457435,2,200
28,0.4280292375301089,0.9423667672276497,2,200
29,0.3308052569999389,0.6682310849428177,2,20
31,0.5391875222830904,0.6115922431151072,2,24,9.067301600423614,0.31506518266079103,2,200
40,0.3047006365307099,0.4568099404082579,2,85
