0,0.6259587349240716,0.7610337501764297,2,200
31,0.3222242137083534,1.0960220247507095,2,200
32,0.46513439672834145,0.5431720114460117,2,152,5.2098145604791455,0.3591981288045645,2,200
41,0.09662445016206099,1.227466493844986,2,20
45,0.15481945912832923,1.2304023188907047,2,172,14.413600171180072,0.9493594148329326,2,200
46,0.4120279447658887,0.5439363703131675,2,200
47,0.46579549348612836,0.5662754065748574,2,138,11.089977824634124,0.485725486470807,2,200
51,0.6398908319608475,0.8126243996620178,2,200
52,1.3258987837355287,1.4328846176465353,2,30
55,0.9060715909634304,0.3967172248314505,2,73
