0,0.4061810134111903,0.7937222418189048,2,200
24,0.1751428457113529,0.5853230968862771,2,200
25,1.6046050154094404,0.9274782647739104,2,199
26,0.0001680364976490709,1.010416853427887,2,20
31,0.7164191723238543,0.7617482188585643,2,111
34,0.01772319918130615,0.623888202157675,2,102,1.2260044015555267,1.2416301080158778,2,137,0.0408569270406294,0.6183784003295596,2,200
35,0.393760804002983,0.9994796758348291,2,22
36,0.8036942794958429,0.9068841624259949,2,200
37,0.8335200094942684,0.4385197649151087,2,200
39,0.0650607338955477,0.7734055251647265,2,78,2.133049458506481,0.41400621401575893,2,130,0.11701611130207533,0.806484454870224,2,200
