0,0.39053039846104687,0.7538244268298149,2,200
4,0.18697699889756325,0.7815016677975655,2,200
8,1.3988741859105844e-05,0.8956495732069015,2,20
10,0.04293287913507328,0.5001815567910671,2,200
11,4.225094813032717,0.685927114635706,2,115,110.43173369153712,0.16706337729359375,2,200
12,0.11330686500334859,0.7872154636585966,2,47,4.585830989914414,0.2855522686652109,2,200
13,0.6384084779909721,0.8614352166652679,2,200
18,0.671330626971152,0.7242866466824825,2,130
23,0.7076315813672212,0.8513358695940538,2,44
26,0.8012893443207589,0.9540147488767451,2,55,11.114553268213282,0.6374007961418056,2,134,0.4457513736286552,0.8015042245388031,2,200
