0,0.33834586764184116,1.150340722157405,2,26,0.026043450155500587,0.843481363190545,2,71,0.3436821572939092,1.3287335062026977,2,96
1,0.3686860856332274,0.8447730630636215,2,20
2,0.34097363623172333,1.3084917033212424,2,169,0.024187488918538974,0.5881618005888802,2,197,0.25211117452999676,0.5617225567499796,2,200
3,0.24384948785807514,1.1128553671714587,2,78,0.03898218673665262,0.6714371214894688,2,112,0.13320419666000974,0.7673914929231008,2,118,0.028996825029018007,0.7244827139611337,2,169,0.2449720060478147,0.664341151714325,2,177,0.015083147708598959,0.6801135880606515,2,191,0.3909902539543412,1.3080445925394695,2,200
4,0.2171922360221092,0.8498223483562469,2,50,0.011686821007325541,0.7223734930157661,2,58,0.1682174735298134,0.6955997149149576,2,61,0.03929320554506609,0.17648734350999196,2,76,0.29044395769604303,0.21907107532024384,2,80
5,0.3320115017167236,0.8130761855239168,2,109,0.02370849400465724,0.6089233629631273,2,142,0.016631223223159877,0.21707047671079635,2,162,0.2755996829608558,0.969099361645548,2,200
6,0.2638366808307522,0.7215402498841286,2,200
7,0.27261672281099897,1.0054298315359198,2,92,0.037861228852551415,0.3163860380649567,2,107,0.28227402161593157,1.0141193943638955,2,200
8,0.29659018432030954,0.6563634655692361,2,22,0.07230335099519695,0.7606535473385373,2,59,0.31660745261680906,0.7320751777062049,2,189,0.09548725774593338,0.8130598555911671,2,200
9,0.28713824572254204,1.1450602361134121,2,35,0.03219335392195037,0.6969774478957766,2,56,0.2984142053083178,1.2049097196165337,2,139
10,0.2789402835823563,1.063719318908395,2,103,0.017991354116140244,0.7058247460259331,2,112,0.30956000047952986,0.9805793606422164,2,200
11,0.3081391074381063,1.4334328550181976,2,73
12,0.05513655841699515,0.9942987194428077,2,26
13,0.2420251749239436,1.6390080882952764,2,130,0.05458099912640645,1.1591221570968628,2,145,0.21427480733201462,1.6624987806592668,2,152
14,0.31952946342055455,0.6242061759296217,2,76,0.03910148611480773,0.7223258227109909,2,96,0.24348079235917283,0.698631937114092,2,200
15,0.273425988025434,1.8414440462666173,2,31
16,0.2892630830390473,0.5594601255655288,2,200
17,0.363567952096849,1.6375120436207633,2,89
18,0.28034803834916566,0.6509429745208052,2,133,0.0328354710435871,0.8721312917768955,2,149,0.2740638902890316,0.6351225048887963,2,200
19,0.33645184669510664,1.5742884576320648,2,36
20,0.17725678242731183,1.4804490089416504,2,55,0.029135625981347304,0.440216804926212,2,68,0.10166404468343446,1.4528940121332805,2,92,0.2123585502717337,1.5179642564372013,2,187
21,0.26538187169068844,0.9855328493929923,2,188,0.12222837595381578,0.923734039068222,2,200
22,0.25731358720277714,0.604931726100597,2,47,0.017246676599437447,0.6144538970438989,2,138,0.24202968826504795,1.0098327090663295,2,200
23,0.1437617589431628,1.4862246474912089,2,62,0.2657335488711593,1.5758212804794312,2,200
24,0.025966990945048347,0.661195422921862,2,7,0.2526433364530016,0.5013854769227418,2,200
25,0.25162448352807354,0.976187456485837,2,86,0.056030520610167917,0.7527693808078766,2,100,0.3133274639957494,0.9984095847606659,2,200
26,0.30219043553322616,1.0567407357065302,2,38,0.045419113333803426,0.7347182438654059,2,72,0.35528344038421156,1.4582493011265585,2,145,0.2755577818932575,0.8215593916398508,2,172,0.04530949618065123,0.8228579418999808,2,200
27,0.26878504050376517,1.0657807093162042,2,77,0.03319496620520099,0.49825454856220047,2,96,0.2881964111577937,1.0728976600445235,2,148
28,0.3480613017702889,1.2809673845767975,2,20
29,0.03887053078047784,0.7999724414613512,2,45,0.26829264693161003,0.7194492270549139,2,57,0.03606024582640516,0.8367060740788778,2,72
30,0.4136416027803144,1.2868820905685425,2,5,0.027031230894294433,1.0211144116791813,2,49,0.29327750551170334,1.2612766325473785,2,61
31,0.2312743163671253,1.2845485770702363,2,200
32,0.2608964978052717,0.8269414634348076,2,107,0.026795298247972672,0.6471156857230447,2,140,0.25490141664917954,0.6835476510664996,2,174,0.04288936621905897,0.8813651639681596,2,200
33,0.019310889636358047,0.2650519976249108,2,13,0.16525454666520198,0.6353224515914917,2,16,0.028088716185149444,0.7320764303207398,2,21,0.25644491887609505,0.6599757134914398,2,51
34,0.24662235948467767,1.3347732203065856,2,121
35,0.26385790218259486,1.0399867790085928,2,70
36,0.39909779726901423,0.9734981237573826,2,94,0.023928920684081426,0.20834783514340718,2,109,0.3785846269176903,1.1049070358276367,2,200
37,0.3129618688634221,0.9492448170979818,2,90,0.035376585193666404,0.641146529288519,2,111,0.2807932843626147,0.889127766818143,2,200
38,0.32029731290214264,0.8060618937015533,2,48,0.023711978424755545,0.3454097118228674,2,64,0.15082884869482432,0.7403053522109986,2,69,0.022773651444726067,0.3107712894678116,2,89,0.1846251255918489,0.6568081180254618,2,92,0.03958900980022519,0.5280147820711136,2,102,0.24372342899068214,0.6682903132377527,2,180
39,0.2742689667679666,0.9761099421061002,2,65,0.03084038070463566,0.2942700637014289,2,84,0.31265368856306497,1.0385994828980545,2,200
40,0.2470479233394483,0.977261133491993,2,112,0.036368665205951535,0.7603556226039755,2,141,0.29396819282335956,0.9706174850463867,2,151,0.07024584410661094,1.00674447146329,2,162,0.3129732204472987,0.9967824377511677,2,200
41,0.4008086176297985,1.0687454750663357,2,38,0.03639050458789209,1.006964662671089,2,78,0.28712885248425635,1.140813218087566,2,176,0.024008783386933914,0.6426480147573683,2,194,0.20314096045954214,0.572991798321406,2,200
42,0.21872447852009852,0.47118674053086174,2,27,0.032663805735717706,0.6268914561522635,2,46,0.11918004811950451,0.609508017176076,2,65,0.2801933884207046,0.4159308907597564,2,108,0.044428096279840984,0.48999893177639353,2,163,0.2102998176102726,0.5170581493828748,2,200
43,0.3369571938269688,0.7554721891880035,2,170,0.03599719496327484,0.9675414482752482,2,185,0.23405754296883366,0.36222642262776694,2,200
44,0.2776086100099094,0.5936578461527824,2,200
45,0.33687889347626115,0.7344407981092279,2,11,0.07740966129445219,0.6836071610450745,2,23,0.26106887157453174,0.5928476008318239,2,200
46,0.26312496176776917,0.9783961743484308,2,81
47,0.05842610264891862,0.6644542717933655,2,25
48,0.060471406804475325,0.7768226303160191,2,16,0.4209580250157105,1.319744889078469,2,74
49,0.328401946423567,1.2505990366141002,2,60,0.024594585071080845,1.065390476158687,2,74,0.47071300259153637,1.249731133965885,2,91
50,0.05109619443882992,0.9307764532665411,2,48
51,0.019466781314613612,0.6560865971777174,2,9,0.3021485300963399,1.098911003632979,2,20,0.01816196619960498,0.9322754854247683,2,41,0.26877290086828864,1.3309756517410278,2,80,0.06529388271155646,0.26748993141310556,2,94,0.2936658908813551,1.5675655007362366,2,100
52,0.2700363181165512,1.1539314913749694,2,200
53,0.2542486240730662,0.4614136423329887,2,159,0.05506624924097958,1.111044424336131,2,200
54,0.2490630319115015,1.284694657606237,2,85,0.04909614975788972,1.1918980926275253,2,109,0.2686071176018511,1.2564596304526696,2,200
55,0.022710979317126623,0.5204332083463669,2,10,0.28638486119559586,1.43007480353117,2,106
56,0.400293745526252,1.4253855379004228,2,19,0.016899804085678278,0.7469121570940371,2,46,0.3063367976454101,1.32051747578841,2,59
57,0.34588671943698773,0.9347892466344332,2,38,0.03252458023891314,0.8063310633103052,2,50,0.28271097113958177,0.935174463568507,2,124,0.09452636646652128,0.47580998241901395,2,134,0.0283970424126979,0.45229105837643147,2,150,0.08912897120431959,0.6547823927619241,2,172,0.3017424051469677,0.6496133868183408,2,200
58,0.31664049841093855,1.1805044147703383,2,54
59,0.2639603229188806,0.9820765405893326,2,200
60,0.29244703392770943,1.287791873727526,2,28,0.009192128227500417,0.4033955293042319,2,42,0.31127112742397356,1.4539336186868173,2,96,0.021588928717734646,0.7934360802173615,2,122,0.32957379389849495,1.5631868930963368,2,148,0.02438976229689747,0.6927978518334302,2,192,0.8307825367851013,1.622560441493988,2,200
61,0.3030485664232463,1.3951120966672896,2,200
62,0.28832187539710186,1.1997728258371354,2,160,0.019996492304683627,0.6178613938391209,2,176,0.34607064643712165,1.2051260024309158,2,200
63,0.30921427691322845,0.8202665813507573,2,62,0.023032222201253387,0.49950226887743526,2,109,0.2452930010442533,0.9869207706344262,2,198
64,0.30915404220944365,0.9981748395495944,2,9,0.047168723861437827,0.8872637073948698,2,62,0.04541875427542341,1.1737488839361403,2,80,0.31541539999904294,1.271554660797119,2,110,0.18351196067927988,0.492845438859042,2,127,0.3690011723874566,1.2919082380320928,2,200
65,0.3033355861508175,0.7845623131309237,2,28,0.02967043043880123,0.4945389539003372,2,48,0.18157997826830072,0.7372850942611694,2,73,0.02346228416630394,0.6838173613403783,2,106,0.2595409842294913,0.7359443153104475,2,137,0.07612123872628877,0.9094796299934387,2,147,0.24380716483270112,0.8145934984369098,2,200
66,0.3476589932388538,1.022651493549347,2,8,0.020149969938497846,0.416105629876256,2,24,0.3038762616952419,1.034727370601961,2,111
67,0.3630830647694567,1.1401329040527344,2,24,0.04186684808113024,0.6564005421740668,2,80,0.4111083187857836,1.1299970409144526,2,103,0.10646338565436297,1.2130313941410609,2,110,0.03574889736117158,0.9071014920870463,2,116,0.028437197288543433,0.6344297506979534,2,172,0.39705280687862105,1.4642993467194694,2,200
68,0.260864297003685,0.7665668337634115,2,66,0.04847860136854322,0.814379769563675,2,76,0.26786149179215674,0.8198618038046744,2,200
69,0.2805087773060176,0.4088839248470638,2,115,0.05081319237389587,0.9548584567382932,2,179,0.11842252011735258,0.7706303596496582,2,200
70,0.29387590031477545,1.059455994459299,2,65,0.038711659480174763,0.8827012578646342,2,68,0.04052524946025126,0.49981396325996946,2,82,0.3141071340928703,1.1176328162352245,2,106
71,0.246266053810658,1.1954563240210214,2,60
72,0.19247592375616998,0.8300099074840546,2,10,0.04813730206643077,1.0817049609290228,2,28,0.277598277922167,0.6228881147172716,2,46,0.05722646964574119,0.8630854189395905,2,62,0.24665862179963935,0.7083477020263672,2,117,0.10513948409859411,0.9915334690700878,2,139,0.03409601684307481,1.0378978429017243,2,166,0.2252710103425159,0.7520458891111261,2,200
73,0.2928526007786876,0.8048259658472878,2,14,0.04251655071071296,0.987355359395345,2,29,0.1941024143071978,0.9511615335941315,2,37,0.02170333573303643,0.7059707335936718,2,76,0.1830282683047386,0.9433426712010358,2,113,0.06998468096780826,0.9157921834425493,2,124,0.023591186672707515,0.7992691856164199,2,150,0.22577119659043543,0.7430254578590393,2,155,0.038127514437543336,0.7080961010035347,2,172,0.26126193594790426,0.8948238591353098,2,184,0.02199979346159887,0.8712475560605526,2,200
74,0.33315764063858044,0.38424270048737524,2,200
75,0.32132666630925455,1.0595747072865644,2,127,0.027836586990677793,1.1798961420316953,2,164,0.4031854600544152,1.3019657986504691,2,178,0.022426700961083828,0.6299085021018982,2,194,0.8529183353375135,0.8967915972073873,2,200
76,0.2459518830608706,1.0141342465694134,2,26,0.019956672903045973,0.46651718371054707,2,43,0.28723994514421297,1.020277593545853,2,200
77,0.06509039052479008,0.4927991001229537,2,19,0.13052510971446932,0.798825885120191,2,76,0.03310412788538186,0.8024459509622484,2,118,0.07882419403674498,0.7747685341607957,2,139
78,0.2705259548752074,0.9012507549277297,2,111,0.021792893217089486,0.5989862734621222,2,122,0.05144255703502403,0.7200831420281354,2,190,0.4093474180021126,0.7273007869720459,2,200
79,0.21067419965793482,1.1103579998016357,2,108,0.03827481110355306,0.9479091838002205,2,116,0.34298908195565175,1.1018280926204862,2,200
80,0.34530253626437357,0.08560109349924165,2,148,0.026823582776532795,1.0963287565443252,2,193,0.2745199140915055,0.6804259930338178,2,200
81,0.31024214080315826,1.5601092898443845,2,89
82,0.284760777476262,0.7899809634685516,2,50
83,0.24412475268529804,0.8733727137247721,2,6,0.016699992962514294,0.9308623400601473,2,17,0.05372524302406668,0.8888933008367365,2,39,0.28160800133519304,0.8845267742872238,2,47,0.02317499717660536,0.4692349016666412,2,102,0.2537213546623199,1.1053439595482566,2,113,0.022542890496920123,0.6464675640066465,2,161,0.3767346440122881,0.41241976618766785,2,164
84,0.28244907888863185,1.4226120544804468,2,72,0.02108851848958959,0.9958283534416785,2,85
85,0.18141736182144,1.0043917724064417,2,28,0.02168531157992319,0.34080348382977876,2,45,0.053781076605044886,1.0256220281124115,2,55,0.14741265076088164,1.0264424927094404,2,72,0.03856089474265461,0.5393966273827986,2,83,0.14706656942986648,1.0176754714921117,2,147,0.031286018393731595,0.43527716398239136,2,171,0.17560831485132128,1.019112936381636,2,200
86,0.050510455858477216,0.4878085136413574,2,10,0.2719382734395798,0.40823445953044696,2,107,0.06074264876997089,0.4522424851145063,2,128,0.028062474612760638,0.5073888407034033,2,162,0.06581594783163432,0.4308466679520077,2,189,0.1662578606518683,0.3043619313023307,2,200
87,0.4131126372065708,1.0647769714223927,2,29
88,0.29498646460064004,1.1666099370503036,2,122
89,0.33542980852547927,0.6230831271217715,2,62,0.027414257471712625,0.6096944666427114,2,108,0.26285148247014317,0.8690211643343386,2,200
90,0.2361254884882317,1.0441179937786527,2,27,0.012907115047131367,0.915438625547621,2,36,0.28649561796952816,1.0609205663204193,2,76,0.027891599181341396,0.8511985966137477,2,139,0.21469165052988326,1.2571010745939661,2,200
91,0.3018608759092001,1.0810627681016922,2,200
92,0.37448182292466087,0.848002179310872,2,26,0.060357005942096906,0.9183566263227751,2,59,0.34284480586981037,0.9176577872104859,2,148,0.058499966958430995,1.160723368326823,2,157,0.30348667504729315,0.9606676517530929,2,200
93,0.06240402468405641,1.3512419197294447,2,9,0.27368385997508576,1.322144954190778,2,182,0.03625704075165805,1.1530116688121448,2,193,0.4118994866108668,1.3214893000466483,2,200
94,0.261258115593223,0.5888323892246593,2,22,0.05870814237798009,0.7251652376405124,2,51,0.2428603261121113,0.5959216612297417,2,200
95,0.2817130578667945,1.1751692196902106,2,85
96,0.3867899639582672,1.1577017425750353,2,161,0.02617136312765598,0.40563874784857035,2,193,0.23814615489554308,1.1435507706233434,2,200
97,0.23897837435455924,0.6896851048583076,2,42
98,0.3151011957362912,0.9293998309544155,2,63,0.09150182764977072,0.8287027512771495,2,132,0.26772505610438635,0.9268781936168671,2,182,0.03587124107139205,0.668661375840505,2,200
99,0.34317045412925495,1.3502689498536131,2,47
100,0.4514434227332191,1.176290512084961,2,13,0.025455204259697963,0.3281475657071823,2,52,0.30326917522707264,1.1006751027675943,2,161,0.019238768200731015,0.7467292203353002,2,187,0.30508117288398157,1.4493146217786348,2,200
101,0.29078286992525954,1.3237082958221436,2,45,0.038414381063465924,0.6713962908144351,2,72,0.2640254826089277,1.281230249712544,2,103,0.08807948075704584,0.9352494947453762,2,150,0.3286585271404433,1.260328587363748,2,184
102,0.29980542658548287,1.0060276561808363,2,107,0.08069904817930323,0.7038868949526832,2,128,0.02343017658453259,0.7830113084877238,2,162,0.12717509156823129,0.9124512531255421,2,200
103,0.25613390562638433,1.3654030328509452,2,174,0.028212951196929046,0.8868489609314845,2,200
104,0.2924058645568308,0.749565794467926,2,200
105,0.2848267332959687,1.2622867430959428,2,70,0.04684619523587424,0.406996855368981,2,83
106,0.34418419917794424,0.9949874794483184,2,200
107,0.028230249785700715,0.7003227877167036,2,53,0.26687954451734974,1.1500751291002547,2,200
108,0.22294835362416537,0.9390763602195642,2,156,0.01611124851571768,0.5998629385774786,2,167,0.31906272909407657,0.9649849443724661,2,200
109,0.2879820794072594,1.047819190621376,2,200
110,0.053906670608481304,0.625234831571579,2,50,0.13378446266994864,0.8137525208294392,2,66,0.026760843639730067,0.7890448210990593,2,139,0.3143373668997791,0.7927643395960331,2,155
111,0.2817797219723597,1.500127937482751,2,23
112,0.3411596269841757,1.4223512209378757,2,65
113,0.2643105639065468,1.6706309914588928,2,4,0.07203999994961025,1.6903129402472048,2,102
114,0.22227567243621865,1.2652625900048475,2,52
115,0.21230823604258264,1.2384180992077558,2,39
116,0.4092451147492791,0.0408071392291301,2,37,0.06041213958337847,0.14975040831736156,2,51,0.05852183975245902,1.1222832997639973,2,78,0.4098624778634929,0.047763725121816,2,120,0.1076419502313824,0.21092169359326363,2,136,0.08916041291687825,0.8049238677378054,2,163,0.2763119315055491,0.08271634216244156,2,200
117,0.39154717415668866,0.314528831413814,2,14,0.0502222356784144,0.944210239819118,2,21,0.15217894516195474,1.006982339753045,2,48
118,0.01948209807583414,0.1994189452379942,2,16,0.3840170485891151,1.0191357851028442,2,21
119,0.2898055692011299,0.9246775656938553,2,8,0.10324541376285155,0.6749189496040344,2,26
120,0.32936882008670487,1.175093107107209,2,41
121,0.3133347482831525,0.5709782838821411,2,4,0.05505913048480345,0.8582171848842076,2,74,0.28053274759872865,1.0174467175725908,2,200
122,0.4124070319665482,0.8524523735046386,2,5,0.03016877617774965,0.5607789435556957,2,19,0.28195181161753763,0.9099773296288082,2,47,0.03269643101556552,0.919106736779213,2,55,0.25381080021237606,0.9155446571462295,2,72,0.009286875477299178,0.986125009400504,2,79,0.09335678371388544,0.9353881648608616,2,93,0.014573818429330523,0.443087387830019,2,117,0.28527066153300035,0.6136140397616795,2,124,0.03345568848486326,0.6593568747693842,2,179,0.4586211287041317,1.0336662644431704,2,200
123,0.3496104105449651,1.0797573289563578,2,124,0.2958361132946315,0.7727948497323429,2,141,0.15653293793545645,0.5789979923339117,2,162,0.3121819723033771,0.8678747352800871,2,200
124,0.4394197062578902,0.7327091314575889,2,11,0.02406724630092225,0.5860053386007037,2,25,0.2801702628201843,0.5609097182750702,2,31,0.03217136317468619,0.7131273746490479,2,41,0.2684299231611597,0.7358429811217568,2,52,0.02145201454846955,0.6160365911024921,2,105,0.12515071885358117,0.5290718078613281,2,108
125,0.029084045627276,0.6548857127244656,2,52
126,0.2996288774578336,1.1807303943876493,2,118,0.020567204250809684,0.6843643635511398,2,130,0.26226149475602806,1.2525009787999666,2,156,0.02855580399454144,0.39661386236548424,2,188,0.3521881264464511,1.4064845343430836,2,200
127,0.25666536435931087,0.9976325966664498,2,151
128,0.3549910606914289,0.48574209824204445,2,200
129,0.3583564630179199,1.5831269965027317,2,132
130,0.43579102206771386,0.7457479055111225,2,13,0.017957950290298664,0.3620852467914422,2,37,0.39209904092510406,0.9300676892687391,2,180,0.01686319742638837,0.3628259599208832,2,195,0.28784548513372343,0.6693750500679017,2,200
131,0.2801733605458636,1.3291991353034973,2,22
132,0.2766744184131795,1.3367985417316486,2,154,0.06696623935103899,1.2166404247283935,2,164,0.30776799435284785,1.2987365305423737,2,184,0.04271751488155667,0.6546586426821622,2,195,0.37294902822194836,1.2919456005096435,2,200
133,0.29234524648141885,0.9518166443705559,2,200
134,0.2738112584241294,1.185250057893641,2,34
135,0.27819457439972006,0.9144079247852425,2,154,0.09726084787434106,0.8055973386764527,2,179,0.037823811846415915,0.9818568570273263,2,200
136,0.09543350254893648,0.810035951435566,2,8,0.037623733612218276,0.6021939460621324,2,51,0.023478675105462487,0.7464343003737621,2,90,0.018541127252982497,0.33432296500319525,2,195,0.4269792793712646,0.7915611505508423,2,200
137,0.34150523199869204,0.54737339168787,2,8,0.03338291398083315,0.9088669875636697,2,72,0.24695169241269735,0.7305617830792411,2,194,0.04902035596078724,0.8126636147499084,2,200
138,0.31829219712916706,1.0818874406814576,2,25
139,0.3085676722783502,0.3181515129712912,2,26
140,0.3022099040002456,0.8997707143425941,2,16,0.03814178504964814,0.7625683903694153,2,26,0.31120359113596674,0.825611338019371,2,30,0.019604977259591254,0.7713697254657745,2,44,0.21208505773175126,0.9168398678302765,2,48,0.05277304093645526,0.8801432360302318,2,59
141,0.3129839682606496,1.1172211450338363,2,200
142,0.42236887086529795,0.8189865946769714,2,5,0.03756915296281606,0.908300923890081,2,34,0.18209460206041964,0.9126236081123352,2,44,0.04064163163363211,0.9019305435093966,2,66,0.19863311589391297,0.9598588262285505,2,73,0.051963012288200036,0.9903974207964811,2,84,0.27977341543755935,1.1271524490981266,2,200
143,0.4170101984902041,0.853703979253769,2,50,0.06927016604488605,1.2493684942072087,2,61
144,0.3025299108757958,0.8893219407866982,2,17,0.027467297818804186,0.4571395181119442,2,25
145,0.24543409720292175,1.071712613105774,2,5,0.016236573763780713,0.6307815405038687,2,18,0.35423354780104227,1.1576521052254571,2,108,0.049101103363258757,1.141102147102356,2,113,0.33300105063125546,1.114927332247457,2,175
146,0.07737655796919615,0.6182803573279545,2,87,0.027288041032833506,0.7528784937328763,2,105,0.3513872980229296,0.36429646518081427,2,169,0.030242743557661465,0.31771840453147887,2,184,0.26511267921290377,0.2812711140140891,2,200
147,0.19821165669035795,1.0634860545396805,2,8,0.05404924034666721,0.9818310462511503,2,21,0.015300641306911491,0.5738297899564108,2,42,0.09640043127386595,0.6210457748836942,2,51,0.02134686824693663,0.6317879361541647,2,127,0.019956302196344703,0.14608918739990753,2,193,0.37547229918351893,1.204714400427682,2,200
148,0.057645834563057545,0.5293937878949302,2,21,0.27186075843252644,0.542124710299752,2,54,0.023029498661428092,0.3961251918916349,2,81,0.16134640256786498,0.6507127795900617,2,88,0.043880268189912086,0.6577590035981146,2,146,0.3602311946647386,0.6406655112902323,2,149,0.02401119312654293,0.5484770219773054,2,165,0.31968270013349104,0.6311854021889823,2,200
149,0.08562621962180929,0.9165443732188299,2,13,0.02380584800372299,0.5394841661055882,2,43,0.19661482005976236,0.6003118008375168,2,47,0.020808035469314406,0.5781389211679434,2,124,0.06623359078024894,0.6285138209660848,2,139,0.10099949583148565,0.9087880775332451,2,163,0.03517137935706034,0.9795632892184787,2,172,0.3902374092830932,0.15522331105811255,2,200
150,0.3601791850993164,1.3743903762415837,2,19,0.061832548711690354,1.101556420326233,2,29,0.33378866705867166,1.5046129359139337,2,38
151,0.26667841500402206,1.1877967053717309,2,91,0.043878908332039133,0.9138597975606504,2,114,0.3310111568811609,1.1493137925863266,2,122
152,0.03504058160749485,0.7748744189739227,2,42,0.27539518145913744,1.006674200296402,2,46
153,0.3266912103135475,1.4414978623390198,2,20
154,0.2749924956634115,1.0686176617940266,2,15,0.03042639915679258,0.2847861104777881,2,29,0.27223465495726923,1.0734505222198811,2,170,0.01763279847109656,0.7160771489143372,2,184,0.3147456015189841,0.9380174092948437,2,200
155,0.17548031988014376,1.5119924348789258,2,91,0.09120875706480916,0.731494841831071,2,119,0.24618078762706064,1.6769423723220824,2,129
156,0.3005103198573205,0.8467496391889211,2,37,0.02460285239051804,0.7456058314506043,2,84,0.3288609709066115,1.1839810417544456,2,115,0.04636466042424307,1.0411341302096844,2,179,0.35241780698126074,0.9991904809361413,2,200
157,0.2848921659208611,1.4023561966724885,2,39
158,0.27409817704725303,1.2012192179571908,2,106
159,0.38012310077421413,1.50118316922869,2,35,0.03478864196001718,0.973523629748303,2,58,0.27078189012369036,1.4301250727971395,2,133,0.08323808277385104,0.8442403852939606,2,163,0.01823066447637308,0.7837317769344037,2,176,0.3129955801829274,1.5272170702616374,2,182,0.061403331999442264,1.4610634803771974,2,187,0.422468250266613,1.4757886483119085,2,200
160,0.038150786615916824,0.8064860024235465,2,44,0.20523719933873188,0.2777224714341371,2,67
161,0.2823138113270475,1.4664019147555034,2,54
162,0.23708782808287487,0.659394054710865,2,200
163,0.34282580602588975,0.9041742124618628,2,78
164,0.24934966875985606,0.7345992289483547,2,16,0.033829711265264455,0.6740418991138195,2,74,0.34124987870240303,0.7126636249678475,2,95
165,0.32306885593529244,0.7344388392838564,2,44
166,0.350498313012971,0.6689993182818095,2,30,0.023652747648160357,0.4726734343502257,2,48,0.3059103304302764,0.655975892626006,2,106,0.032554399378285574,0.3888135684861077,2,124,0.360305416072744,0.718061280093695,2,200
167,0.1016346718824114,1.4118411898612977,2,10,0.25026602524898456,1.3115979234377544,2,16,0.5143463675089751,0.7559298053383827,2,24
168,0.06898282079993676,0.8758024838235643,2,27,0.027753650980095284,0.9024571728321814,2,89,0.29964597219927414,1.127899169921875,2,100
169,0.17495584686697838,1.5790585941738553,2,54,0.041606669623608365,0.7163846244414648,2,102,0.19105001874411442,1.613170818487803,2,162
170,0.3052400313469113,1.2564625720823965,2,62,0.025634146666919152,0.4432255730032921,2,82,0.2565865422706667,1.4048805277923058,2,111,0.021152989839590037,0.5083866781658597,2,156,0.0651453477589609,0.3975074312516621,2,170,0.10324800326449537,1.2131799658139546,2,200
171,0.2594303767941514,0.7523991093039513,2,48,0.019910933106508398,0.678207951784134,2,58,0.30542937344785737,0.7671637195096889,2,200
172,0.3356627375898296,0.8192377290129662,2,200
173,0.26745104715285534,1.0163347899913788,2,20
174,0.30196155937228414,1.1339514802836772,2,159
175,0.0833915416380479,0.8013872671127319,2,25
176,0.2633566930001398,1.2370389342308044,2,30,0.028392195015892876,0.3565522325890405,2,44,0.32305001624288276,1.1340380074842922,2,97
177,0.2276108237174645,1.221856528712857,2,31
178,0.3206617495508381,1.3911389344268374,2,36,0.03511168043459972,1.1296270722928254,2,59,0.2552530220768567,1.3633770431791032,2,73
179,0.08888487433277949,0.576031227906545,2,3,0.02076418470806041,0.6717325854808727,2,50,0.35585612135325667,0.5862018349378005,2,96,0.034593636657114325,0.6603345334529876,2,106,0.2963041827227761,0.5693993171056112,2,109,0.0320785072393724,0.6477087352957044,2,123,0.32673215981838044,0.6282484326511621,2,187,0.052638279286339705,0.6869485699213468,2,200
180,0.25260153994013923,0.6003948288994867,2,37,0.032661147260390586,0.9961273514089131,2,79,0.3043148509400204,0.657724407093584,2,200
181,0.03651516849975709,0.8615526378154754,2,10,0.2572978477388527,0.7721002896626791,2,13,0.021838947711087183,0.8801318056443158,2,64,0.23864908551701622,0.8890159924825033,2,67,0.03471522383349387,0.9085692507880074,2,74,0.22927564050293747,0.8535736054182053,2,86
182,0.23600731003839856,1.4005547220056707,2,22,0.20466089119848893,0.950482655655254,2,44
183,0.24658308409452503,1.269853726029396,2,200
184,0.24618711531094106,1.013654927181643,2,86,0.01868243827572998,0.31971391588449477,2,106,0.02561236777107215,0.7531289656956991,2,109,0.256635837543497,0.9996340274810791,2,114,0.023806670614616804,0.6449082243827081,2,145,0.12846655475444105,0.6067955493927002,2,153,0.04381090763510647,0.6529058163816278,2,164,0.20934655083859233,0.8496730691856809,2,200
185,0.2884495139618194,0.7149186954922873,2,146,0.044980063482041775,0.7918255262904697,2,164,0.19447343471960715,0.42522473219368195,2,200
186,0.3628361247826385,1.60000100888704,2,38
187,0.28537625914692144,1.6744136848757345,2,31
188,0.32518094864579056,0.8346278479224757,2,38,0.029713934299815448,0.6330797621182033,2,73,0.29183420306294267,0.7100310443263305,2,149,0.03734304516159278,0.8506999138523551,2,183,0.1451620710329334,0.8641565091469708,2,200
189,0.2697671734449749,1.3692557321654426,2,180,0.1413069955018989,1.0593508571386336,2,200
190,0.341911745389825,1.4609377730277278,2,31
191,0.1671268158241633,0.8291717171669006,2,8,0.02151893851408658,0.4841340283552806,2,23,0.11528982313778913,0.7498804330825806,2,37,0.3119967801573879,1.193085918823878,2,49
192,0.3150511326924785,1.0784617991283023,2,29
193,0.2626070905360923,0.3800424362222354,2,60,0.07082584943640957,0.5116716225941976,2,63,0.03566169266730773,0.6925799870491027,2,88,0.18968250623725688,0.5516644563430395,2,127,0.034024989192931135,0.9528160095214844,2,140,0.26023469496102597,0.35621118793884915,2,200
194,0.35084133396112954,0.9163178716387067,2,7,0.03856892755113128,0.8865921033753289,2,16,0.33453154721845224,1.0239252461327446,2,61
195,0.2603887533906392,1.4093250274658202,2,5,0.02327214553874295,0.7396560686605947,2,32,0.06795054171166245,0.7906093512262616,2,60,0.036631263708162144,0.7522016944764536,2,139,0.29811393720546925,1.0491852525804863,2,200
196,0.21089600298137623,1.2393232570349715,2,131
197,0.21442225026756143,0.8742380846630443,2,11,0.0492964382854159,0.6207727193832397,2,19,0.3331274644013998,0.39256901542345685,2,37,0.08823764068865729,0.47920116957496195,2,54,0.3214382643786212,0.3536931499838829,2,182,0.06970195987185919,0.9348223209381104,2,200
198,0.2548962468607609,0.5781552261776395,2,72
199,0.2447653947469899,0.8338422844576281,2,43
200,0.25722619238705785,0.8806745674875047,2,36
201,0.3521520584566409,1.2177352839708329,2,200
202,0.2899903193059536,0.47872542388855466,2,63,0.02375744697815495,1.0561508616885624,2,100,0.22920272393063384,0.5217941489484575,2,190,0.04004669199127358,0.2681844264268875,2,200
203,0.24625960171818512,0.7954556748270989,2,40
204,0.34156170945815995,0.6660515147370177,2,154
205,0.29602835050319615,0.6063816201686859,2,200
206,0.2263862910841335,0.9585314989089966,2,27,0.01858565593735281,0.5473232515927019,2,56,0.19049301514412278,0.8587601780891418,2,72,0.038105959132187714,0.7656924178202947,2,84,0.16326186137961216,0.9309209163846641,2,142,0.016788756969072904,0.5330710883798271,2,171,0.24590560467033284,1.0442679750508275,2,200
207,0.3488219301239196,0.8772591956150837,2,78,0.03324228931681423,0.9481640303576434,2,105,0.08953689699359331,0.48952504992485046,2,118,0.02205974298845423,0.8654544669754651,2,167,0.15772361156554576,0.8462004482746124,2,177,0.03516885071409732,0.77083381322714,2,190,0.1598297130758556,1.0230355262756348,2,200
208,0.17515329273896224,0.3678765594959259,2,4,0.04059440527064732,0.5158041591445605,2,28,0.1796239342605806,0.6488156199455262,2,33,0.025952327976572764,0.8864812254905701,2,43,0.20748630859742415,0.6405370533466339,2,51,0.045968893501033996,1.2019186386695275,2,64,0.3508639846431677,0.43323349952697754,2,68,0.016143723343161095,0.674218561914232,2,77,0.1896753078010926,0.45604372322559356,2,87,0.037325401707066226,0.589691675371594,2,105,0.3291240835374715,0.6338697532191873,2,169,0.03680558196564229,0.8468957245349884,2,179,0.22591687382885506,0.7350441898618426,2,200
209,0.25470267724599777,0.8682648917039235,2,90,0.04115885493375456,0.8651815283866156,2,111,0.24991782015880432,0.8874392970041796,2,133,0.07325714566808851,0.787462762423924,2,140,0.30119538299820964,0.8851502766211827,2,200
210,0.2838432215684193,0.9962401633912866,2,44,0.0409805713556859,1.0068670029509557,2,117,0.2374423039572165,0.96939073987754,2,200
211,0.2713856002930824,1.3383163569434997,2,124,0.025682281664337225,0.49556436340014137,2,139,0.2785604869087013,1.342293792083615,2,200
212,0.3590545867198118,1.1227768337404407,2,37
213,0.3468680463285435,1.0572740507125855,2,25,0.02668650195398328,1.028639370203018,2,45,0.23662886902577326,1.1327641657420566,2,115
214,0.048630194874945604,0.581796965428761,2,28
215,0.26088866173405184,1.312339186668396,2,14,0.042394551596285954,1.08878322158541,2,28,0.1672625093437315,1.1995060443878174,2,38,0.028689685872764645,1.0841966433958574,2,82,0.20898512562864513,1.0457371148196133,2,93
216,0.14203584158784754,1.1187295875241678,2,62,0.024719019716852562,0.8088418753058823,2,116,0.23335734636831484,1.1685185404050917,2,200
217,0.22091813367024662,0.7296257013082504,2,200
218,0.326425125565255,1.261889296107822,2,135
219,0.28690618671367346,0.8697252311403789,2,63,0.02469446052093417,0.4180590783556302,2,75,0.28744983005726416,0.7642168005307516,2,78,0.023177103494059034,0.46792873456364587,2,99,0.1763503502065096,0.9011037002552996,2,190,0.05029387964205906,0.6244827747344971,2,200
220,0.3437473806440191,1.158524990081787,2,5,0.05084776956607288,1.0189149379730225,2,34,0.3407605244402543,1.2985838001424617,2,45,0.01431962522105979,0.42781842606408255,2,59,0.26352042105269846,1.4446769133210182,2,75
221,0.2750963578906118,1.1791750192642212,2,10,0.030079529890612827,0.6486709387529463,2,52,0.265555961167982,1.1152308881282806,2,68
222,0.31035906392652135,1.3527192309282827,2,69
223,0.3268393923359662,1.2674885988235474,2,13,0.039471107239040126,0.9034554958343506,2,26
224,0.24758218542370183,1.1260148819003786,2,56,0.03146448737017321,1.0165521651506424,2,64,0.2707292699520643,1.1504388871518048,2,152,0.034285179885448026,0.9491815090179443,2,162,0.2786534094145848,1.0996183941238804,2,200
225,0.2773267873504242,1.423330389536344,2,13,0.049569599789084755,1.2789486306054252,2,20,0.024256059355952035,0.751893961429596,2,40,0.3864003869717051,1.7050829018865312,2,68,0.025652703895078118,0.4739761292934418,2,83,0.24139618073714253,1.5956845879554749,2,87,0.021755945424766686,0.5174480134790594,2,109,0.3291886272070691,1.5669104253852761,2,200
226,0.16231967934704755,1.1954543438172878,2,133,0.06334815716805009,1.185760147869587,2,149,0.22403044117569018,1.1534780197673373,2,167,0.03247209676062168,1.2643960678216182,2,200
227,0.37312148961470976,1.4021551211675007,2,24,0.011933482356661794,0.7563641558993947,2,35,0.22731362264798174,1.4109900168010168,2,42,0.0627518099870511,1.3427262465159098,2,57,0.30281754822159773,1.4055479514848936,2,200
228,0.32207834628432297,0.7886230739263388,2,26,0.03261968697124626,1.0912245074907938,2,71,0.24813215884463535,0.5061572104692459,2,91,0.024141798052550213,0.790311690639047,2,108,0.32788277054797826,0.5984488647917042,2,200
229,0.33195180148605286,1.4071616990225655,2,70
230,0.25531418916760906,0.9186711141467094,2,200
231,0.30145731431402945,1.5399220841271537,2,21
232,0.33180522224284725,0.5322712659835815,2,74,0.04803730979692186,0.6736167252063752,2,94,0.32709990007680145,0.5285551449600255,2,200
233,0.26735449849832865,0.6167120203375817,2,200
234,0.2754789958784437,0.76420997133191,2,149,0.03926887148151837,0.892051053982155,2,200
235,0.30952477879363816,1.2200433711210887,2,12,0.022764326357459234,0.16767228681307572,2,38,0.3167760521697824,1.4017068603459526,2,72,0.0347310060255675,0.4867393846313159,2,84,0.32261275800986433,1.331009140610695,2,164,0.01776293471152922,0.6330993576296444,2,193,0.2665452182609314,1.2588669572557722,2,200
236,0.21369652072799802,0.2874700427055359,2,13,0.032281056596087605,0.3791963318362832,2,45,0.29045579373646185,0.5873450231552124,2,70,0.09493862208349696,0.5239212661981583,2,100,0.03671486685991969,0.5284979027860305,2,117,0.4020473197117007,0.6077655628323555,2,125,0.022241020217980894,0.5674628055825526,2,174,0.212128143541783,1.2087264473621662,2,200
237,0.2667584717445586,0.878301149904728,2,200
238,0.2764798084283526,0.9307834554362941,2,37
239,0.2015062917008055,0.881417378783226,2,4,0.033176447578021226,0.9117637276649475,2,35,0.3380978341666271,0.8489267655781337,2,42,0.044824939535364865,0.8353520002005235,2,95,0.2592756939680318,1.345761057308742,2,200
240,0.2415869443346279,0.9801383841037751,2,200
241,0.19916520392845108,1.09900514036417,2,16,0.03498781745240025,0.7677331348260243,2,106
242,0.17093191309297254,0.7597633401552836,2,3,0.020666055765978804,0.6766310065984726,2,23,0.3070821982271383,0.9610352990990978,2,82
243,0.2965726192679602,0.9424711453671358,2,49,0.016587485004943166,0.47903836299391356,2,66,0.22459759628960352,1.0587511857350667,2,69,0.04403383673991612,0.46487526279507263,2,102,0.15226367370353996,0.9672095963829442,2,121
244,0.24377217660549969,1.3027696716479766,2,156,0.0529160003417254,0.6644449404307774,2,170,0.1545922030764093,1.2893554899427626,2,179,0.01037811196063459,0.4305278678735097,2,194,0.15798712291326134,1.0091529091199238,2,200
245,0.2674947997713174,0.7170934308320284,2,160,0.07719556998943367,0.8232447788119316,2,200
246,0.05468124134540735,1.4503764733672142,2,16,0.23849500501734516,1.3727381337772717,2,27
247,0.24459408944130362,1.433196740991929,2,102
248,0.25390637414426587,0.3702093977481127,2,48
249,0.197330072857727,1.4141458230359214,2,28
250,0.21913562092875,1.1777153866631644,2,21
251,0.26391052241325347,1.0937636198397882,2,167
252,0.2289057662870475,1.4003810876607894,2,200
253,0.4036433905485941,0.699883500734965,2,3,0.02906338880413573,0.5486886538565159,2,43,0.31664372058132445,0.9530449047684669,2,123,0.3174215801361398,1.5235340669751167,2,139
254,0.3883895106670376,0.6977900025006887,2,37,0.034732687785381675,0.9122585980665117,2,79,0.3459882944795427,0.6693702684946297,2,200
255,0.17433966957650887,0.9043224453926086,2,8,0.0376471559909427,0.9090571105480194,2,68,0.20295568285124282,1.0345509913888309,2,169,0.03234298357662342,0.6756031866426822,2,196,0.26846133747354706,0.8737090229988098,2,200
256,0.28887245973187503,1.4175630479023373,2,29,0.019258290621045268,0.5458349358467829,2,50,0.25817055721924087,1.4822336378551664,2,92,0.032857078321433794,0.8734025265041151,2,111,0.2619197615047832,1.4080040852228801,2,135,0.022696333424675863,0.6574759639444805,2,177,0.27267480884977435,0.7248249848683676,2,186
257,0.27576133232630323,1.1173956548726116,2,54,0.025166726269959364,0.37706096213439416,2,83,0.3868037730046078,1.177427625656128,2,88,0.03277310349880629,0.8696883871005132,2,166,0.28858161913342023,1.172831051489886,2,200
258,0.28396220142814405,1.0574712250210823,2,109
259,0.0334569578362731,0.41084938247998554,2,9,0.2519222231874411,0.6788303407411727,2,72,0.033412811903483934,0.748212375424125,2,83,0.2787114843529888,0.7272107892566257,2,128,0.02675166755902124,0.46859146654605865,2,140,0.28133993628345555,0.7476538022359213,2,182,0.04897269109773435,0.5512410932117038,2,200
260,0.049891142495008034,0.920094294981523,2,11,0.3283642733608172,1.1492634832859039,2,31,0.02228391745341197,1.0487850084900856,2,47,0.32913729462240626,0.7375628302494684,2,83
261,0.19723128982473143,1.1534871634315043,2,51,0.050172116027402146,0.7391654551029205,2,65,0.26621416069922804,1.1727438910394652,2,182
262,0.4021497701659039,0.20838655076920987,2,200
263,0.2217582103235365,0.5921468766672271,2,56,0.024844763155133003,0.8023778200149536,2,116,0.28657681006222685,0.5794030654998052,2,200
264,0.48277330296449816,0.3725423018137614,2,24,0.036323524569789094,0.5233572112662451,2,94,0.261283315592041,0.7728502260100457,2,156,0.03162599356396223,0.3227575561031699,2,188,0.29405624009683046,0.4663881187637647,2,200
265,0.26242248944333363,0.6534417415487355,2,58,0.038137252539959,0.7502991656462351,2,82,0.2181614434701136,0.6823821645230055,2,114,0.020009241654253156,0.47920260375196283,2,147,0.08354592476371375,0.6433112899462382,2,162,0.2808451409148525,0.6368186944409421,2,200
266,0.2615724833923904,0.43534858802269244,2,145,0.03745118352092763,0.7781114448200572,2,200
267,0.21933210515082463,0.4085038180649281,2,200
268,0.27920914725368867,1.5717431349413735,2,28,0.041681837905095984,0.6725122263798347,2,54,0.22065064133897921,1.5525320499715671,2,125
269,0.43134838696167555,1.7453505396842957,2,34,0.0686866918529799,1.6388030126690865,2,50,0.36127260600185646,1.7315782223429,2,78
270,0.34845340899879074,1.2900949981477525,2,63,0.027165081965068824,0.8264793865382671,2,79,0.2533076353034662,1.121182999440602,2,107
271,0.021924480032468423,0.3914185654033314,2,11,0.37131613913865236,1.2821793906828935,2,45
272,0.24861142813066905,0.41535401925808046,2,82,0.03704476802601672,0.7560456637982969,2,109,0.24614472299138537,0.3825218467922001,2,200
273,0.35431996380258174,1.0198585736751555,2,200
274,0.37434847490745043,1.5908019221746004,2,26,0.03277972522520354,0.7827130176804282,2,37,0.34518747103066255,1.5594301893469993,2,126
275,0.2466210271639921,1.169945032508285,2,81,0.18021226913596297,1.0024272054433823,2,97,0.09328153542386777,0.8307245095570882,2,127,0.022813798560757798,0.9587991622186476,2,189,0.22161460212669992,0.7210400863127275,2,200
276,0.15961789172212937,0.8334535726092078,2,176,0.04296028520300765,0.8571626047293345,2,200
277,0.4217618583558755,1.1755999837602888,2,7,0.004710034606535539,1.1983484228452046,2,13,0.40414827353152116,1.27939920863886,2,100,0.018126104839375025,0.9064726721156727,2,122,0.23448300262346214,1.3255991786718369,2,154,0.04926274196840201,0.7950105612928217,2,165,0.2859543080410606,1.3342942630543428,2,182,0.045306147646866954,1.2385258674621582,2,191,0.21005101570712922,1.334568937619527,2,200
278,0.28585678979411616,1.2156308819265926,2,34
279,0.2572642888444094,0.8690303250362998,2,38,0.03335871199214657,0.09815878346562386,2,58,0.30798194013981106,0.9498031379883749,2,115,0.03519994564279904,0.3137643138567607,2,130,0.20796542997894862,0.8547722155397589,2,141
280,0.24808393029986317,1.1678717744350433,2,100,0.026266504915185975,0.48766776271488355,2,123,0.24136169901056004,1.0071034702387722,2,145,0.029965573609946002,0.8488018033551235,2,196,0.5359091717700946,1.0435552597045898,2,200
281,0.2828933408522179,0.6860673640455518,2,42,0.022045925859731898,0.7239418356191545,2,84,0.26428938063978247,0.6493107548047756,2,200
282,0.28402478616356913,0.7146899402141571,2,112,0.0406703627349631,0.9341820601759285,2,141,0.15042306236840147,0.9753224723266832,2,174,0.05950517714144604,0.9051757340247815,2,200
283,0.29492217855025776,0.8637650345192581,2,61,0.03564109769711056,0.6844388730823994,2,93,0.2570917254236471,0.9384861634327815,2,119,0.05426082891930638,0.6539191420261676,2,132,0.33159563072085096,0.8138723539955476,2,200
284,0.284929588714044,0.9729963269776213,2,167,0.035090925656740254,1.21644080768932,2,200
285,0.3061114316732043,1.364863034590934,2,103,0.02374287119105923,0.8737452096409268,2,112,0.3129570715967463,1.3476679799231617,2,200
