0,0.17943703715046466,0.9939586950672997,2,36,0.023553415733927958,0.6258602304892107,2,69,0.23545296554528064,0.9583634825153206,2,200
1,0.23111774846412547,0.943757996414647,2,99
2,0.40703238107975104,0.5054128244519234,2,8,0.03763091546218598,0.5550812505758725,2,34,0.404574132449627,0.5487225524016789,2,48,0.03236321579484663,0.8042004482690678,2,91,0.3242653042740527,0.7296453714370728,2,95,0.024593956003225524,0.6636565638625104,2,118,0.4789246488051885,0.5985597431659698,2,148,0.08955502715874154,0.9606651801329392,2,161,0.4441698316630933,0.7669185522275094,2,200
3,0.27768244171946294,0.6505410937429632,2,103,0.05067459355773242,0.5458525063761746,2,186,0.13599023234968588,0.6568037952695575,2,200
4,0.27740108699057203,0.3514980233329184,2,136,0.0511067457916897,0.8609396656354268,2,151,0.2494411237753355,0.34814372220460105,2,185,0.05134139402084039,0.8082250992457072,2,200
5,0.2426072926490878,1.2352526445646543,2,37,0.16635334992225884,0.6049643925258091,2,51,0.03412495015465024,0.7104245291815864,2,78,0.1786923726344507,1.409057820284808,2,159
6,0.24841944649336903,0.9411966105302175,2,6,0.013230291256138895,0.46236247569322586,2,30,0.31257247143724387,1.4553674161434174,2,58,0.026785510804483804,0.3307953579085214,2,93,0.04878190757756821,1.250377643108368,2,103,0.24581575321826984,1.065192461013794,2,107,0.019651922451455178,0.5488520789146424,2,132,0.3352027292676914,1.6292048361566331,2,150,0.102492279209946,1.6027734875679016,2,158,0.04417491267609736,0.5884898528456688,2,186,0.21459893830387697,1.643438764980861,2,200
7,0.2931064804553949,0.7534305850664774,2,39
8,0.32822004494240253,0.9130444618371817,2,13,0.03199979129688742,1.234771768252055,2,31,0.2723389581999177,1.01889568567276,2,47,0.06232997132161626,0.90171051522096,2,59,0.278492949749351,1.020201509197553,2,83,0.020678115686964205,1.0077259448858409,2,96,0.3774455318155922,1.228871750831604,2,101
9,0.280524115039375,1.0164521932601929,2,17,0.025180774556433017,1.0796063145001729,2,23,0.2826597635834865,1.051826689067303,2,172,0.040382627010553604,0.4021274745464325,2,187,0.19005134182349606,1.0855908210460956,2,200
10,0.44017251995744017,1.4953771321861833,2,54,0.014442919892585398,0.22649597090024215,2,80,0.5103950954904245,1.5322025102727554,2,97
11,0.31621217495495124,1.141540333527286,2,147
12,0.24623611309858864,1.2372175575008053,2,169
13,0.3016971111863644,0.9499927563667298,2,125,0.015640176254045474,0.42048756943808663,2,134,0.28159231984902594,0.9782838225364685,2,166,0.013582376525255208,0.1186469394181456,2,194,0.07444693031071029,1.0280396143595378,2,200
14,0.09353991078444332,0.7408907027805552,2,17,0.3844850765912399,0.6906968206167221,2,21,0.02924069990126135,0.7843450443311171,2,43,0.5635297905577646,1.1471245288848877,2,47,0.05256372984877643,0.8538773968106225,2,68,0.31039383075625304,1.2793281773726146,2,164
15,0.31284390983461324,1.2241616619044338,2,29
16,0.29296086317135817,0.627922773361206,2,10,0.01490511347996121,0.49473353355161603,2,41,0.07188394597173463,0.4622477718761989,2,55,0.01754651347246252,0.4585933850871192,2,82,0.2131174900508648,0.8164904862642288,2,94
17,0.35161090666969624,0.5330753239989281,2,200
18,0.05474652955935113,0.5962326349690557,2,32,0.25347991047933244,0.9120287299156189,2,125,0.031316159963364336,0.6516043424606324,2,160,0.32687829774383775,0.6381602436304092,2,164,0.027662161577324557,0.753590441412396,2,200
19,0.2865255110045414,0.824805254638195,2,200
20,0.3115824414763754,1.013762167373369,2,172,0.06614795988020881,1.0393288901873998,2,200
21,0.3300414027316483,0.5936098350605494,2,71,0.03095466312045368,0.8025352986235368,2,90,0.18949777350126634,0.6453208838190351,2,97,0.020139858905742894,0.8518801817187557,2,124,0.21665107258726218,0.5493593775644535,2,165,0.019628364687848617,0.5680233836174011,2,182,0.3360477689649148,0.7929275201426612,2,200
22,0.22123285954494887,1.1921590194106102,2,144,0.028734582619383442,0.41965772888877173,2,166,0.25052566919216585,1.188940893201267,2,200
23,0.2832806681847774,0.9040433723818172,2,44,0.06582193423644006,0.9404416955434359,2,70,0.22571263341853653,0.9006100200689756,2,200
24,0.21085247901148602,1.191585062155083,2,67,0.04377919806632427,0.7646467047078269,2,81,0.20357778295125384,1.0608581768141851,2,99,0.06816681390100406,1.0377985000610352,2,109,0.27597471632110765,1.0297285517056782,2,139,0.023550900396202157,0.8520890474319458,2,148
25,0.16390018775861853,1.326792563710894,2,35,0.04970135808167716,0.8553484082221985,2,66,0.3257140197887917,1.3706217667330867,2,112,0.03153417214654305,1.3775568093572343,2,126,0.2823621736067732,1.1953759670257569,2,146,0.06696240576255318,1.189013309776783,2,162,0.3372765239115126,1.4234749714533488,2,177
26,0.4127431364973426,0.5663259963194529,2,30
27,0.23520228399485565,0.6918700385093689,2,50,0.04710374855218012,0.5837246349879673,2,64,0.3311198910541912,0.8323224266370137,2,94,0.0360425566869307,1.4436461159161158,2,108,0.2819873878405881,1.2082842985788982,2,111
28,0.22007112538644039,0.9528282880783081,2,21,0.026232779919428916,0.9170662628279792,2,30,0.33448792891229223,0.9724998712539673,2,45
29,0.23545953970602915,0.586415855373655,2,70,0.04161459487788099,0.7584248696054731,2,91,0.2538516805757482,0.6116190772790175,2,156,0.040173762446487786,0.5771170917310213,2,175,0.2075198868525116,0.7366616916656494,2,200
30,0.3026962776817873,0.4439825422197416,2,181,0.03880273161556164,0.42840059101581573,2,195,0.2225822912442651,0.7328375816345215,2,200
31,0.24605999841674794,1.0181228536367417,2,200
32,0.3458776843993616,1.0116294975633975,2,162,0.027469284859315123,0.5875664939483006,2,192,0.44601572620969004,0.9605833739042282,2,200
33,0.29724217421518,1.2825816094875335,2,200
34,0.20994727420336365,1.3179413922627767,2,75,0.29580300630425654,1.2661634960174561,2,200
35,0.01627040606534053,0.6076291306265469,2,29
36,0.28539783676048164,0.8353245923152337,2,26
37,0.46400289901770553,1.4143587628076242,2,43
38,0.47975892685201016,0.5797569478551546,2,24
39,0.45349528602553274,1.2699142575263977,2,50
40,0.31214572912731986,1.0278796180089316,2,150,0.3248454798729785,0.7940482695897421,2,162,0.021822768846408123,0.7758674800395966,2,192,0.25585860614284556,0.821211002767086,2,200
41,0.2320758216497861,1.2810698779424032,2,150,0.1224554245121912,0.9942702247815973,2,184,0.04240049107117223,0.5700121130794287,2,200
42,0.27495270374903563,1.2742996368652735,2,39,0.021215070156491964,0.7103652159372965,2,69,0.37190674802247875,1.321185999244224,2,200
43,0.25798382734615183,1.032369476827708,2,88,0.08289430646791048,1.0385891199111938,2,91,0.040009575434816674,0.581809129656815,2,132,0.40942679932377823,0.8888585448265076,2,137,0.03149778171213817,0.9647131590616136,2,200
44,0.2824924399480975,1.7016099333763122,2,10,0.05989831112834402,0.7666024097374508,2,24,0.1896578126286466,0.9152272076442324,2,53,0.06455582117392462,0.9060184296439676,2,138,0.23891596689973982,0.9333657622337341,2,142,0.019770916605088708,0.7220160202546553,2,153,0.3313983366979218,1.0588418752589124,2,200
45,0.25139314859533063,0.9237533339971229,2,158,0.018257486675259785,0.5564823228379955,2,181,0.28637229170702994,1.13488443274247,2,200
46,0.3205047975674593,0.8806520998477936,2,4,0.02369180506706439,0.5822082991185396,2,27,0.40835375406823465,1.1326746881008147,2,67
47,0.32183556711164923,1.136866271495819,2,10,0.01929205594152558,0.3399582787563926,2,29,0.2574509243175776,0.9566336326739368,2,63
48,0.24449204433034483,1.0877040732990613,2,22,0.04029106743658472,0.9573596684556258,2,41,0.04546166378626022,0.6097705385264228,2,126,0.29471497854703965,0.6485025733709335,2,130,0.02489294373069655,0.6197619850818927,2,143,0.2565510491439022,0.9826669295628866,2,200
49,0.13829128548809094,0.7022147583961487,2,25,0.05354397447052922,0.7848585005533897,2,143,0.33065355015089604,0.8626910950008192,2,200
50,0.2550437621569468,1.1089101861008501,2,113
51,0.2254457942771276,0.9289510195905512,2,44
52,0.23599602536456601,0.7827326601201837,2,55
53,0.2679267901060758,0.9971250414848327,2,200
54,0.30661913238446364,1.1650167510316178,2,37
55,0.03667399945040961,0.8233575224876404,2,9,0.17044969618318345,0.6940865317980448,2,15,0.018772733895628026,0.6295002313221202,2,32,0.2817419895543011,1.1883640931202815,2,45,0.02246618986460235,0.5578160204670646,2,56,0.2985022499105321,1.1319204966227214,2,125,0.026667111800824966,0.5561443467934927,2,161,0.3254720483494236,0.42348551750183105,2,164,0.0285201337526396,0.6444248972517072,2,197,0.12337800505510547,0.7788622379302979,2,200
56,0.3279165694059199,0.5419958867132664,2,144,0.05301406821773371,0.6198849603533745,2,152,0.35052802293813556,0.513872874279817,2,200
57,0.39661200458217943,1.8450387477874757,2,10,0.025594119562463966,0.6349924892187119,2,20,0.04211787188598819,1.4649386008580525,2,23,0.4652278355086931,1.681696274063804,2,34
58,0.31774250058650233,0.8857159937193634,2,109,0.12397283350882776,0.8068701028823853,2,200
59,0.39234705374327844,0.6989128910578214,2,13,0.02811292085302512,0.48272656766991867,2,32,0.2523811968822268,0.7888513750263623,2,200
60,0.2577201747958038,1.4823526868633194,2,51
61,0.2555989538659972,0.649929091334343,2,12,0.062113865524362225,0.3193884654478593,2,45,0.018601003079086003,0.21614544377440498,2,66,0.23128822405144772,0.7654338904789516,2,73,0.02508645110995752,0.49513115227222443,2,123,0.0872870122420542,0.4707804479097065,2,142,0.014752608642722202,0.3340856147849042,2,165,0.1911953355656932,0.9682191031319755,2,200
62,0.25448737582147096,0.9460019620638045,2,126,0.022967587318352887,0.7117327385478549,2,153,0.3097291746660547,0.9812282831110852,2,200
63,0.28828377540043015,1.2185243152909808,2,144,0.0506640707212071,1.284316933673361,2,167,0.280454680253016,1.223040186997616,2,200
64,0.03095283691379043,0.31743935868144035,2,20,0.3295240189553048,1.2789570291837056,2,26
65,0.3285983713031994,1.1503955334424973,2,40,0.020046312546731015,0.6671454721483691,2,69,0.2749794348014606,1.2751344251268693,2,200
66,0.2977863684200678,1.4484279876531556,2,43,0.017596158110463618,0.6830613929778337,2,75,0.25773540991897625,1.4962920142071587,2,131,0.03771686186190993,0.26510603098492874,2,150,0.31848690889957654,1.4419961656842912,2,171,0.0165833861047212,0.48286187648773193,2,186,0.41802086149181367,1.524431245667594,2,200
67,0.3176332362284945,0.671166330575943,2,174,0.06970206264757699,0.8792536098223466,2,200
68,0.3222766955846367,0.9160503612624274,2,45,0.03336442246415387,0.5680425004525618,2,56,0.2076562482443202,0.7759950757026672,2,62,0.02235171967046115,0.6540447790175676,2,94,0.140130974084559,0.833191720644633,2,109,0.016233578505287862,0.6116612801949183,2,133,0.30279565753220006,0.9390208365312264,2,200
69,0.2810138803069628,0.9343692431976269,2,154,0.019738798806150933,0.9678057323802601,2,187,0.10689773514117491,0.9458825771625226,2,200
70,0.3405342189335023,0.7849054469002618,2,9,0.04069330789084811,0.7808566967646281,2,24,0.27255490189257425,0.8345979406283452,2,37,0.04153578304003493,0.9763875404993693,2,46,0.1894266108141302,0.8830934286117553,2,51,0.027747631471910696,1.004146032333374,2,76,0.4016776548391884,0.9352157115936279,2,89,0.03982062435263735,0.9367468733536569,2,108,0.3025350948951067,0.8907777544330148,2,142,0.013908442559245351,0.8116803982041099,2,153,0.19153188863776635,0.8821043074131012,2,157,0.03309844038434312,0.9370780383285723,2,195,0.19924731864256276,0.915726900100708,2,200
71,0.2695410384854856,0.9766503771146139,2,12,0.03295267716890128,0.8166204631328583,2,32,0.2525499534748337,1.278529207880904,2,73,0.03132311038249609,0.9735155765499387,2,101,0.22620037598893852,0.9984698022405306,2,125,0.24417194956531393,1.4289271752039592,2,170,0.07194865469549794,0.42255708475907644,2,200
72,0.33001354740118727,1.1261337913315872,2,58,0.07463210320231402,1.1521710883016172,2,81,0.3240968547484536,1.087504494190216,2,101,0.03798247906221707,0.5774589114718967,2,119,0.3067237740244257,1.0903123985102148,2,200
73,0.28752766974625754,0.966259745327202,2,74,0.06417683876031359,0.9361555767059326,2,99
74,0.3798091778070647,0.561511300942477,2,34,0.038782573433676026,0.17232470048798454,2,52,0.37021846882076176,1.0006819504957933,2,78,0.05545394988239137,0.6581844647725423,2,93,0.2471362541444794,0.9698574431588717,2,200
75,0.3194212301235495,0.7117693120241165,2,200
76,0.29236797335112197,0.7621626114845276,2,200
77,0.31115061153764323,1.4225440121466113,2,124
78,0.0347753259804753,0.4623284339904785,2,12,0.09099284902384909,0.9563624113798141,2,16,0.2599520445819016,1.111225915806634,2,44,0.08004417632297375,1.1149987876415253,2,68,0.27901525900052004,1.1506209320881788,2,136
79,0.06126441200039528,0.839204910923453,2,17,0.1805362818773397,0.9143173019091289,2,47,0.039594837715037634,0.8685405552387238,2,53
80,0.2832826315704343,1.716136634349823,2,4,0.041051410001714944,0.801419620928557,2,27,0.34785819862978556,1.7120696214529185,2,40
81,0.3327908168691465,1.0258082789182663,2,200
82,0.20671697653185103,1.5748605098989275,2,36,0.062388469360987464,0.9771327972412109,2,76,0.15093171774271302,1.6579077690839767,2,92,0.07750796267024594,0.9390100123835545,2,143,0.08056216804553043,1.3281402106870686,2,200
83,0.27499274763150683,0.7325968248503548,2,35,0.28506122491829866,1.019635219409548,2,180,0.016679704259591845,0.22304649278521538,2,196,0.48125871678389864,0.19648075848817825,2,200
84,0.30913781258894746,0.8332209354916285,2,86,0.11036644668866676,0.7476665240067703,2,99,0.30655152023001,0.9895972686238809,2,200
85,0.2957149143060414,0.754916845858097,2,200
86,0.3494422008584813,0.6858376897217935,2,114,0.05549535938791423,0.7236414691981148,2,148,0.0217550898937222,0.5335982218384743,2,160,0.24657977137703274,0.6706357869234952,2,171
87,0.2193577214474914,0.6551714638868967,2,24
88,0.28511021881340604,1.385694071650505,2,16,0.02457104852294504,0.1280153234090124,2,44,0.21821428448106842,0.8808704167604446,2,52,0.013135855328525323,0.11748860729858279,2,84
89,0.28653297794015553,1.4313540530000997,2,117
90,0.27019059775055154,1.2737416446208953,2,40
91,0.021704420837529517,0.5219093434354092,2,47,0.2905002270640553,1.2626653301949595,2,200
92,0.23184301078521574,1.4191921528647928,2,102,0.03605500802291597,0.6644985816057991,2,119,0.2486470706103639,1.418483438315215,2,200
93,0.23049398185390185,1.2121982389688493,2,200
94,0.07120681004973362,1.2361510211023792,2,29,0.22262802072734975,1.4364688257118323,2,106,0.035041706826084394,0.4899295747280121,2,116,0.26601756270510446,1.5375168919563293,2,154,0.1160736614331465,0.5606958031654358,2,159,0.02004441952498228,0.4136445860971104,2,181,0.32751116275582803,1.7426394851584184,2,200
95,0.32050577673306707,1.1003510916233064,2,200
96,0.30008572097165614,1.2277767152497263,2,66
97,0.27970235406003263,1.1922373941966466,2,63
98,0.3180961740221338,1.2242479585111141,2,32,0.07181740401637915,1.0271795392036438,2,38,0.04406938704176892,0.6112334933131933,2,54,0.07908618828219707,1.0512547194957733,2,58,0.26728349834104037,1.1964714867728097,2,135
99,0.25714828545532153,0.983693258610764,2,173,0.03312872996276558,0.6104702662538599,2,200
100,0.3102107046601187,0.8070665236030307,2,56
101,0.2410050034360339,1.5764606048663456,2,96
102,0.3075255100218994,1.0405660612242562,2,28
103,0.12625855686202067,0.7889757553736368,2,3,0.019505655992775168,0.5842693626880646,2,13,0.2198880398826354,1.186759149034818,2,37,0.04033471583064263,1.1114819538898957,2,76,0.1594527670646157,1.1273089270842702,2,95,0.02694340445203262,0.831350236027329,2,122,0.3668048346643635,1.3411242690953342,2,144,0.02655378753740562,0.6696984171867371,2,168,0.2726650242903787,1.3232777416706085,2,200
104,0.3171729036828881,0.8178940076622174,2,139,0.311226265410458,0.5755676988695488,2,200
105,0.23172790462919074,0.7227083704163951,2,62,0.03613462177748325,0.5191183808971854,2,79,0.31459688942632963,0.7563680772687874,2,130,0.02460372671111692,0.45177337985772353,2,143,0.13987670990134263,0.4595326542854309,2,153,0.03089420226461025,0.5363721537093321,2,177,0.27593801625200615,0.3657907430942242,2,190,0.05184865403910444,0.38666194677352905,2,200
106,0.3359765528305996,0.9575107085704804,2,200
107,0.018679087780346573,0.6735453265053886,2,7,0.20466918024993777,0.8318176695278713,2,21,0.046342357790814824,0.7712172580801923,2,44,0.1892125758324042,1.0518899513408542,2,172,0.07446921571799041,0.5229549961430686,2,200
108,0.3068364920951047,0.32002229802310467,2,48
109,0.30629180241205584,0.6870220775405566,2,24
110,0.297315792167822,0.8524154641411521,2,22,0.020116186722723826,0.6190964579582214,2,63
111,0.2777432443097045,0.5887139501242802,2,29
112,0.23322713604789097,0.4570510161889566,2,37
113,0.2901337665710001,0.6853445744514466,2,25
114,0.026824611951079567,0.24449243396520615,2,18,0.3436884907396709,1.786573201776987,2,101,0.0708870074441848,1.7413970232009888,2,108,0.24491684515494175,1.754898600918906,2,178,0.04860477022283408,0.6478624264399211,2,193,0.14115977916552955,0.8318767036710467,2,200
115,0.3761442653293128,0.31791266798973083,2,5,0.02680543696834142,0.3869570821523666,2,75,0.3354308572328144,0.763917094707489,2,200
116,0.291524530948314,0.9778299167484581,2,167,0.01862118295627317,0.22138850526376205,2,200
117,0.3657215188435446,1.540814125019571,2,23,0.02106305912286706,0.12669021419940457,2,54,0.2901340373426457,0.4936020392924547,2,62,0.013914949261974561,0.10383496806025505,2,94
118,0.04749080435435519,0.4209586198513324,2,13,0.2390686020170728,0.6229001252274764,2,51,0.04549684998837041,0.7382794141769409,2,76,0.20404101308633774,0.6811717165553052,2,122,0.05760481897539207,0.8439248420975425,2,133,0.26817838808597405,0.6876247731538919,2,159,0.057042828921162726,0.7362823751237657,2,168,0.19576873929069044,0.6983194649219513,2,178,0.036338948842484606,0.6108850479125977,2,193,0.18721886349149527,0.7486276371138436,2,200
119,0.1418630771400018,0.8489540969171832,2,31,0.02511208284003996,0.6319658221342624,2,70,0.24023024232272264,1.0459941680614764,2,200
120,0.35795292860841044,0.9869734738554273,2,140,0.028045271255655785,0.5077932775020599,2,162,0.3664259980764739,1.0711814384711416,2,200
121,0.3096612295879202,1.573034780996817,2,27
122,0.025948868100467554,0.8442607335015839,2,51,0.2589594998552299,0.9836796008307358,2,80
123,0.2820311211127628,0.884153026342392,2,30
124,0.029873851126542013,0.2840590841240353,2,18,0.23265852315164684,0.7062327166398367,2,96
125,0.2504291142582309,1.1899835630770652,2,124,0.04195557917651335,0.6041369140148163,2,142,0.43945041509597704,1.2502408894625576,2,153
126,0.26390129268441004,0.9309642053785778,2,105,0.02031498448891919,0.1840251729540203,2,128,0.2660863875918974,0.897387233045366,2,200
127,0.30128781510271446,1.349414495572652,2,146,0.0251030388448038,1.3254085580507915,2,164,0.3004802390828555,1.2821808954079945,2,176,0.041104076579385584,1.4422437250614166,2,188,0.2549117371042993,1.3918937643369038,2,200
128,0.24540490893002087,0.5340656676264697,2,86,0.07045840364817582,0.679054547439922,2,108,0.5194846445931903,0.5257510159696851,2,115,0.03921046030519052,1.0236390431722004,2,130,0.12781208992604165,0.7365140867860693,2,168,0.05798599792613475,0.8020188007503748,2,200
129,0.27709040534312857,1.0996202784524838,2,71,0.09833833909649341,0.8457283112737868,2,80,0.028226663529464693,0.898136563342193,2,138,0.26626231475688655,1.2370210020772872,2,200
130,0.27603076346770933,0.9055977084419944,2,11,0.018991637012965183,0.6578548508031028,2,25,0.3906240144954653,0.9017688111653404,2,88,0.01995105171096434,0.5178665220737457,2,101,0.3999433155467929,0.8957643816548009,2,132,0.03396841872389248,0.804518420030089,2,200
131,0.2609806710374482,0.7579891142571807,2,157,0.13563224485764283,0.6030821363131206,2,172,0.03071961696128038,0.7900751403399876,2,193,0.20064757556578114,0.784211780343737,2,200
132,0.28697432875801065,1.5998236706657132,2,137
133,0.23626830854671707,1.2023100168978582,2,61,0.03084243117250943,0.6841996688591806,2,80,0.27216959843020966,1.1869628082874208,2,166
134,0.04928707859811125,0.45653812701885516,2,13,0.3673420007261492,1.2467464559218462,2,30,0.021396750937565046,0.2976147532463074,2,43,0.2637192584226994,1.0114022663661413,2,50,0.060232411768794035,1.0308788180351258,2,60,0.26967602517543526,1.2839105709179028,2,97,0.025662975878603233,0.5278424389576644,2,186,0.26759228474931146,1.3011739339147295,2,200
135,0.040446367521978104,0.3555560750620706,2,14,0.2861831518267064,1.4042525092760723,2,200
136,0.2801086407899716,1.324826005321221,2,149
137,0.23280721715178423,0.9143898019226648,2,93,0.09129611109505059,0.5393626491228739,2,96,0.02477001404976216,0.3089510736366113,2,108,0.15829816570051755,0.8635206371545792,2,168,0.04869837200868176,0.8928129784762859,2,200
138,0.3832866330306836,0.36402763639177593,2,7,0.04888045583433545,0.5371636532503983,2,36,0.3355829215282781,0.5797621607780457,2,39,0.019364799034436178,0.7041460368782282,2,71,0.3647527076464389,0.676506653879628,2,137,0.04216092263532604,0.8458604415257772,2,149,0.1267396166505506,0.7699776554808897,2,183,0.04419119201118936,1.0106072706334732,2,200
139,0.251289506738981,0.8522578001022338,2,180,0.12236146175079125,0.7318052848180135,2,183,0.07202699927254,0.4547985371421365,2,200
140,0.1824247284111399,0.9852633384557871,2,52,0.02814328729007884,0.8383384405112848,2,93,0.25782041645920206,0.9921551720004216,2,200
141,0.2388876896603126,1.5278894932039322,2,155,0.04210385248144305,0.2781020353237788,2,176,0.34386043698433827,1.5608109285434086,2,200
142,0.2026770565357656,1.0268611270189285,2,200
143,0.2016559111923171,1.2781289956148933,2,68
144,0.325239182450159,0.8300612738728523,2,200
145,0.08143358881758697,0.6487165842300806,2,39,0.02786477929810781,0.69160309343627,2,72,0.20908155972390216,0.7670476608909667,2,200
146,0.3247200614269957,0.626101478934288,2,156,0.04830490071118951,0.4184203604857127,2,171,0.39972731463389377,0.6893388279553118,2,200
147,0.31052112774292334,0.8758188587427139,2,200
148,0.14257472302273377,0.696043922142549,2,22,0.02726474125608548,0.7575382071156656,2,53,0.3603378443078472,0.7698949613469712,2,147,0.03902684701775807,1.0144315643130608,2,200
149,0.3896682208913522,0.9342166923341297,2,147,0.030789109911403652,0.20547957169382194,2,166,0.39313571827246835,0.9589749749969033,2,200
150,0.25148203785026996,0.9329916764982045,2,128,0.03388186037621887,0.2756056196987629,2,148,0.39621785426223854,0.5184618660381862,2,155
151,0.09167170777361537,0.4008491110801697,2,25
152,0.21646216995780587,0.9349134756672767,2,62,0.09247558560520712,0.9588401111272665,2,114,0.03895000205953269,0.9522472769021988,2,146,0.21791809020863406,1.0294854133217424,2,200
153,0.2437350202531838,0.6625189383824667,2,12,0.03255400305956257,0.7635813156763712,2,39,0.4192303445914378,0.9498135526974996,2,69,0.039214622165611765,0.8748992244402568,2,84,0.3800681667649806,0.9660704454710317,2,170,0.05812590425633668,1.0207102696100872,2,200
154,0.23210056522367287,0.8307051504258629,2,139,0.07709559144506868,0.5644180456797282,2,154,0.18561616100016903,0.9059861755889395,2,200
155,0.2502063744335097,1.3061688786203212,2,88,0.046619117856689735,0.6917559686634276,2,124,0.27560184859442166,0.644949714342753,2,127
156,0.22105931846084978,0.5730156827914087,2,38,0.030627588903858975,0.6344948371251424,2,53,0.26174120117605143,0.5900274248350235,2,158,0.025741045456997135,0.6570618110043662,2,186,0.2621399076677942,0.7910158080714089,2,200
157,0.3163900169572801,0.7057542431354523,2,200
158,0.24671056059247273,0.8091186540467399,2,7,0.02832373632124127,0.8827175738963675,2,54,0.24938728789350903,0.9259966644522262,2,200
159,0.3313873608863531,1.2924680592308582,2,71
160,0.37621412007417354,1.1161230381797342,2,17,0.041963125975292774,0.7891494733221988,2,64,0.3068462994790761,0.75887141990311,2,200
161,0.21341461597300157,0.9563066363334656,2,144
162,0.22075720929477596,0.9468233469993838,2,31
163,0.3931857309696777,0.6083791477735653,2,43
164,0.22247613307006542,1.2651768777428605,2,41
165,0.1231630104723694,1.1571760495503745,2,15,0.2613049180353239,0.984507890848013,2,41,0.018502500134799153,0.8581227923140806,2,75,0.2237686611827461,1.3052147388458253,2,160,0.02005328242802413,0.9050872109153054,2,171,0.2773456844425046,1.3774395071226975,2,200
166,0.26351622121667123,1.2223318467537563,2,48
167,0.22678714204555897,0.817988251710867,2,77
168,0.21161269432563046,0.76162717739741,2,30
169,0.09394271131148256,0.8240328981326177,2,39
170,0.2853592506452222,0.6928315982222557,2,48,0.05881363030290054,0.613880118727684,2,68,0.2601060012642892,0.7930240586951927,2,176,0.019728605900006406,0.5781102563653674,2,190,0.27260258303126256,0.8098292350769043,2,200
171,0.18841081987841174,0.6124757853421298,2,11,0.03609015594634042,0.5928804119427998,2,26,0.2975341032369254,0.5431865396953764,2,89,0.020303472350027375,0.6169267545143763,2,101,0.21708653722591842,0.5169754454067775,2,171,0.07298990825753,0.5244832141646023,2,200
172,0.24486746617010197,0.6205685083256212,2,43,0.09942520400945437,0.6509491522261437,2,90,0.23705782850585605,0.6148141866380518,2,200
173,0.4038582149935576,1.3631557416915894,2,25
174,0.28979459150401754,0.6207907220721245,2,200
175,0.29845973696294703,0.8172029621392778,2,103,0.020461654979143595,0.35509512573480606,2,119,0.3647112781918572,0.4481767937541008,2,123,0.022712351071653133,0.6564888405799866,2,148,0.04257254791118831,0.7029198103480869,2,193,0.5531736976987834,0.6821989587375096,2,200
176,0.3121761694860948,1.0857055926764454,2,108,0.04018491590902012,1.0958213061094284,2,116,0.2697914411036578,1.0483401111654334,2,153,0.17490540451276543,0.5600462357203165,2,162,0.017080334191227856,0.5324974911553519,2,169,0.3015609700527501,0.5358064414993409,2,200
177,0.2999136086067486,1.1701748017911557,2,27,0.029497924846092892,0.8958206796646118,2,52,0.07341005476805104,0.778616843952073,2,70,0.37147111670640603,1.2187830365839458,2,154,0.05150898836113057,1.0475512385368346,2,164,0.2368734729270568,1.2410319566726684,2,184,0.04744557463014774,0.6721518747508526,2,200
178,0.23381278621435403,0.820695818507153,2,115
179,0.37315799936733207,1.6239540841844347,2,27,0.03142112857324392,0.918928961455822,2,67,0.30606061545794544,1.5125036530716474,2,153
180,0.35722026162828996,0.9955647389094034,2,42,0.0680155016982923,0.6363186717033387,2,92,0.3279880583111791,1.451434686779976,2,108,0.2711666523711967,0.8836823361260551,2,150
181,0.12678011404643091,0.8984265690669417,2,64,0.05914396402172526,0.8195076664288838,2,79,0.22812221320872814,1.0542937950654463,2,200
182,0.256465058621752,0.8503020876838315,2,62,0.05170118213367153,0.700418370741385,2,89,0.21275106465545146,0.7623201122990361,2,116,0.04194863658110635,0.7534285057336092,2,148,0.26639225269398337,0.8848386991482514,2,200
183,0.23281374852190118,0.5052686347050613,2,178,0.036200347302162005,0.3923044624653729,2,200
184,0.1692541517603967,0.5936744485582625,2,35,0.049490507122638305,0.6936329120681399,2,56,0.19131997405020615,0.6392292326146906,2,67,0.029636178003670785,0.7894890102473172,2,122,0.4597554116593169,0.21983502407868702,2,137,0.030432322152408785,0.7008142732083797,2,153,0.1639722204514762,0.47666899637973054,2,200
185,0.2219805834700494,0.7431260842610808,2,136,0.040701351376714205,0.8114444613456726,2,144,0.2568921124285523,0.6971533505812936,2,167,0.02357553124765921,0.9899453197916349,2,191,0.16568474907569253,0.49299583501285976,2,200
186,0.27881683377723016,0.862643904660059,2,92
187,0.36476236136237344,1.357464741307793,2,141,0.011021385349514209,1.093184850432656,2,152,0.2547537784476177,1.412780797481537,2,162,0.0658411078643694,1.4066614423479353,2,169,0.2697594286450289,1.3103886842727661,2,200
188,0.02227025505417345,0.5864753235470165,2,11,0.3107159317103062,1.266387381051716,2,49
189,0.1873149920708743,1.0564370512962342,2,20
190,0.38060636891656263,1.2063670272696507,2,73,0.03041529972455726,0.8416478346895289,2,100,0.2640549968513032,1.201839926915291,2,178
191,0.28105678036297616,0.5452490448951721,2,4,0.042146164637607814,0.7526899576187134,2,15,0.18779697416880095,0.5713721871376037,2,20,0.03466645327205165,0.6695078499615192,2,52,0.3270073831925126,0.935294771194458,2,72,0.025736412147769627,0.9913608716881793,2,95,0.25513280744151007,0.7572101276171835,2,133,0.0333403946318706,0.860289141535759,2,137,0.26118813693602416,0.7584005779233473,2,195,0.060782642012243336,0.8574407815933227,2,200
192,0.2896161811590188,0.6979511063545942,2,32,0.0394403529310759,0.6567415177822113,2,42,0.25079792614861257,0.7086392151457923,2,126
193,0.027494348150843357,0.7970565358797709,2,51,0.18934765430129752,0.8172438674502902,2,69,0.07321066073134068,0.8679182761245303,2,87,0.2905166494825279,0.9293171434026015,2,163,0.025827618387254905,0.6996435026327769,2,193,0.2117787100151186,0.69182950258255,2,200
194,0.3149249743754376,1.260962448422871,2,63
195,0.3359679497781624,1.0956611151390887,2,141
196,0.1742279677111456,0.730112612247467,2,5,0.015257792238240024,0.6006499429543813,2,17,0.4241651702782081,0.9448548406362534,2,21,0.025237166955070105,0.9690161242204554,2,38,0.12175385555880824,1.0267291194514225,2,57,0.022909450742949606,0.8700473556915919,2,69,0.24654195278519045,1.1020958551013742,2,200
197,0.19839261075759795,0.4646769111806696,2,22,0.2292256399941753,0.8697617018079183,2,105,0.02055378125653143,0.8474083329950061,2,119,0.26832007134017133,0.8795256798650012,2,200
198,0.26373259704184143,0.7469913608887616,2,17,0.03880116714181804,0.7317827145258585,2,26,0.2411871469248289,0.7131200631459554,2,29,0.028240943700130937,0.6909358147531748,2,61,0.27112929700914473,0.9994513602565518,2,200
199,0.3285260087312861,0.936510177453359,2,105,0.016953883057269727,0.2507827832646992,2,128,0.25302429700933887,0.8580965043769943,2,200
200,0.3148877066518814,1.1880710124969482,2,200
201,0.28490842422054213,1.0129060648908519,2,99,0.017151490856668148,0.4397716632595769,2,126,0.2379211698294999,1.057029819166338,2,200
202,0.32075479227107134,0.32569120989905465,2,9,0.055603593263444925,0.8257213147247539,2,43,0.26205226830217876,0.8364902112134702,2,200
203,0.27681863009975877,0.9312244841926977,2,19,0.031339690533442766,0.7309526681900025,2,29,0.00931359336324429,0.6976869645572844,2,50,0.30339680069503056,0.9296654687411543,2,119,0.0936751307965622,0.715748254623678,2,191,0.03731269270513966,0.8123709559440613,2,200
204,0.2276704565738322,1.0861113324309841,2,99,0.03419974289784193,0.7968097163571252,2,117,0.2986135197049742,0.9720540727887835,2,131,0.055542799464397455,0.5168701112270355,2,138,0.2023528597572202,0.536839984357357,2,146,0.025130898185174482,0.8689261269569397,2,171,0.29666658246622596,1.0713289359520222,2,200
205,0.3092875777400143,0.6816913758005415,2,35,0.06468795334301207,0.6940610174621854,2,91,0.2989197531808785,0.6915332691385112,2,200
206,0.21371593252815568,0.730450709660848,2,3,0.024006565168420056,0.457532799243927,2,13,0.2763198063341781,1.0319478122555479,2,62,0.037562514015042445,0.5792282005151113,2,77,0.3271468625858284,0.9858408885273507,2,200
207,0.06416712351841945,0.9787575033578005,2,44,0.1993977706275181,1.00580656086957,2,98,0.013347850870841579,0.45835901442028226,2,119,0.17609151117624636,1.5051548290252685,2,144,0.037191100888460955,0.6707825594478183,2,162,0.32435071444274666,0.8650739126735263,2,171,0.03125312804484027,0.7393907606601715,2,193,0.6635410568805667,1.357387593814305,2,200
208,0.5477062886866465,1.7646390676498414,2,5,0.015793786830623876,0.6872273613424862,2,22,0.17077808458229685,1.69274319184793,2,59
209,0.27005471335493947,0.6275110924855257,2,78,0.037025653876593005,0.7075870441538947,2,106,0.21902829559376477,0.6238043308258057,2,111,0.041502569294354516,0.9635516206423441,2,123,0.32971628166433803,0.6542603328824044,2,163,0.03027985729867877,0.7208356965671886,2,196,0.11395404187877836,0.9822215437889099,2,200
210,0.5389196886875119,1.3149371998650687,2,7,0.022352659713928434,0.9344837444799917,2,34,0.23836258949051478,0.7209553321202596,2,37,0.01907300415142122,0.7164432168006897,2,52,0.3638696464165038,1.038274852434794,2,67,0.03621269926822431,0.888635340332985,2,87,0.3843546868338036,1.1470536514393335,2,190,0.04613487876142068,0.7952444016933441,2,200
211,0.4218931341972777,0.9704577858958926,2,56,0.025512100291044396,0.35434709046338053,2,93,0.28067241770603735,0.7875550373604423,2,169,0.30918335926579843,1.1110574122398131,2,200
212,0.26201894175192775,1.4507516417452084,2,93,0.038708160160346894,0.5975350432279634,2,134,0.4667206873149755,0.9204218784968058,2,137,0.028977225311834002,0.8649385808006166,2,200
213,0.34266244998206563,0.5104525852203369,2,200
214,0.3990924532188442,1.2046035528182983,2,5,0.018712776424558594,0.23940496891736984,2,31,0.3117444152847122,1.1725626866022745,2,91,0.07693910329628739,0.9289805398267859,2,125,0.24067128899469226,1.104403772354126,2,200
215,0.028619973947797535,0.5074013045855931,2,42,0.23452385731205128,1.116834246593973,2,65,0.03431597154883177,0.49672014208940357,2,78,0.35206225587803,1.172006979584694,2,86,0.015532811999893044,0.6572972578661782,2,100,0.15035713923988472,1.1391976072981551,2,137
216,0.31728983785550036,1.2312366962432861,2,14,0.02866445909025441,0.764033483831506,2,52,0.28348960938980106,1.2755615585728695,2,109,0.02911604010807892,0.6308983167012533,2,121,0.3443139379160468,1.2729890216480602,2,176,0.02088036928335702,0.5148049699408668,2,190,0.23354860002573657,1.302171814441681,2,200
217,0.31832462499389796,0.5663172432354519,2,7,0.054156928840617756,0.6369790464639664,2,27,0.4143574654779675,0.5055310265584425,2,38,0.07413492375982707,1.0460093557834624,2,78,0.019464165585642818,0.7251039942105612,2,105,0.10730198371136165,0.6965483011621417,2,138,0.24132673749233613,0.6874642063831461,2,167,0.1044121893299494,0.7915941747752103,2,200
218,0.23704626187519706,0.6649461442773993,2,44,0.0670100881394513,0.7514143705368042,2,49
219,0.16242917576255364,0.9024294316768646,2,18,0.04128359344441586,1.0401652273924455,2,41,0.34399129059810174,1.2560161048290777,2,92,0.029131399879788192,0.6766352318227291,2,108,0.31673124405681385,1.1356891875571393,2,155
220,0.23907095359602068,1.195764843155356,2,17,0.0749585534424491,0.4174364913593639,2,28,0.24955902045786887,1.2741152207518733,2,200
221,0.31688776890684334,0.9422736722230911,2,200
222,0.27984128136548836,1.2228021854939668,2,92,0.06728205649750653,0.43331873085763717,2,101
223,0.21680625818375363,0.5116168856620789,2,3,0.02083553862334691,0.3269535556435585,2,43
224,0.27965345060403046,1.0375313347578048,2,200
225,0.2709960142589874,0.9737815393341912,2,126,0.023276415720058882,0.3625326119363308,2,134,0.23544698728069105,0.5251720324158669,2,142,0.26665420451875943,1.0366426367184212,2,200
226,0.280423046684355,0.7960398495197296,2,152,0.020707898014889096,0.21212946996092796,2,168,0.35325486678198637,0.7660224288702011,2,200
227,0.2594992464215553,0.6300077807903289,2,150,0.04534731288124636,0.5278764472288244,2,167,0.2144799045519577,0.5769648010080511,2,200
228,0.22662400614716885,0.7957686740538977,2,173,0.022681707057103578,0.2137663397524092,2,200
229,0.27613634774965845,0.962629315853119,2,200
230,0.22476788449129695,0.8513031771054139,2,74
231,0.2997056474154321,0.6281123503561943,2,155,0.027269603590170156,0.891874460503459,2,187,0.36077291138775824,0.3731831525053297,2,194,0.07180060054282725,0.6019655913114548,2,200
232,0.26498019814420404,0.9138838481903077,2,200
233,0.32292498457398006,0.8281265594521348,2,49,0.06639003602699305,0.8796666827466753,2,67,0.30875319180805744,0.8914780631850038,2,146,0.04100561462593309,0.8459029164579179,2,200
234,0.3646514858252421,0.6179680358795893,2,105,0.03518432857785348,0.7944012380415394,2,136,0.2729159953223307,0.6937591973692179,2,200
235,0.027461982626906495,0.18172765102075494,2,23
236,0.43503126556342514,0.8065176989351001,2,14,0.02536399522828142,0.4673721667130788,2,89,0.1432015979090235,1.00311728566885,2,97
237,0.22308582167321883,0.508632056415081,2,4,0.05448895952600521,0.5824627807507148,2,30,0.34242129633799634,0.7150706088904178,2,63,0.024148747545800774,0.3746235430240631,2,78,0.3195985665654821,0.8162234024923356,2,200
238,0.3927833262775187,1.5960885524749755,2,5,0.016860565988527556,0.317493316374327,2,43,0.3082468016167254,1.4581719487905502,2,107,0.03130253293228036,0.3141067326068878,2,118,0.33463857242728234,1.4024910490687301,2,200
239,0.36310978598105614,0.26164003887346815,2,14,0.022352589810479502,0.5861132679841458,2,53,0.24501582043664377,0.534281729638171,2,200
240,0.019525347628448705,0.5627978074139562,2,29
241,0.29192269025774786,0.9731978637273194,2,122,0.038679654265090804,0.7596612334251404,2,132,0.2610611458008579,0.8796263670220095,2,200
242,0.27661702029328766,0.7120594164376618,2,93,0.06190789823939723,0.8127144404820034,2,114,0.24980100481471174,0.7652248469266024,2,125,0.04418111214162288,0.7966426665132696,2,136,0.24274605656215206,0.786970928311348,2,200
243,0.31637169498900486,0.6518518775701523,2,200
244,0.27902126210664646,1.0743593765517412,2,59,0.0597079879449295,1.0922983146849132,2,80,0.2573435405516419,1.1179622836032157,2,139,0.02806682862021566,0.7408250777617745,2,162,0.2773685345686194,1.1490071886464168,2,181,0.015127592909016156,1.1587592512369156,2,189,0.6315383687273886,1.1008631857958706,2,200
245,0.4114966081909079,1.3356871781525788,2,27
246,0.01462282777508181,0.47511062026023865,2,7,0.3290690401529766,0.5246864472116742,2,21,0.04536552490217598,0.6001475566909427,2,42,0.31972504404968155,0.7113892820817006,2,200
247,0.3287768495252997,1.3506571556392468,2,38,0.026572329525994497,0.7117903743471418,2,52,0.3264549294973923,1.3444882597563401,2,158,0.008597299215725879,0.9374582529067993,2,168,0.3028703781352968,1.3423459380865097,2,200
248,0.22324222556186646,1.1755866241455077,2,200
249,0.21217704365610698,1.3071903249491816,2,23
250,0.15951197788719632,0.888698140780131,2,3,0.031876274628650385,0.8678119929743485,2,74,0.24000902117503176,0.8502142667770386,2,79,0.02779095849851271,0.9081079827414619,2,88,0.25993548628253144,0.8784368534882864,2,94,0.02301279199460535,0.5795677453279495,2,106,0.3219002054006574,0.8470630177429744,2,120
251,0.34783747099022483,0.5562690020568909,2,62,0.040733328225994674,0.41276103258132935,2,74,0.3199839156200793,0.44507819083001876,2,92,0.02837257439363871,0.5203835070133209,2,137,0.07904151381236707,0.4275566583329981,2,148,0.2091680574296581,0.6618734478950501,2,163,0.05873652940726068,0.743995908144358,2,200
252,0.2931340654963452,0.31916261547141606,2,18,0.06982157283226784,0.4237256443926266,2,46,0.4231986492846513,0.3156529784202576,2,51,0.013241154429759724,0.2647228315472603,2,63,0.30530051970862154,0.2977114342153072,2,103
253,0.31534497049859583,1.151784652755374,2,42,0.011910507203543433,0.10675804775494796,2,68,0.28540651220241975,1.138362463315328,2,83
254,0.1514818199593175,1.0887933274110158,2,72,0.2667214159960411,1.1171212196350098,2,95
255,0.2785979631879608,1.0467249623366766,2,28,0.042424436439535675,1.0223917961120605,2,35,0.2941171235376741,1.0828088998794556,2,60,0.05483310550340581,1.0874494805055506,2,77,0.22717396963317643,1.077943621679794,2,120,0.03133814385702943,1.0663102388381958,2,125,0.27426227642189815,1.0432094702353845,2,190
256,0.2770337236140613,1.1104547125952584,2,28,0.01749268128158837,1.0948631525039674,2,33
257,0.16803556200184783,0.5038929283618927,2,3,0.026120251618680305,0.4503364172475091,2,32,0.3748950841830932,1.309380292892456,2,45,0.03209652518081583,0.6894028411971198,2,90,0.29717640826043124,0.9634520944320795,2,156,0.02097763381000611,0.6872106730937958,2,176,0.31825782660582763,0.6876086741685867,2,192,0.07000909510226841,0.7591869160532951,2,200
258,0.44234775071666316,0.9522306654188368,2,27,0.006291639777757086,0.4429144425825639,2,38,0.32676188173798576,0.8003135277674749,2,77,0.04863659714367737,0.7245253324508667,2,109,0.2573889178631812,0.574768453836441,2,113,0.014278433348914972,0.5278041890689305,2,148,0.11114227304997679,0.6972584277391434,2,152,0.02193983797689016,0.6175667751919139,2,163,0.2498929812404191,1.0798628426886894,2,200
259,0.18436869099260283,0.910614903156574,2,13,0.023876187341216798,0.5928445546715347,2,40,0.2791496408313459,0.7097551908344031,2,200
260,0.11682443774751101,0.8044252885239465,2,28,0.028644340075298588,0.7726156378901282,2,71,0.22802488022981612,0.6945344084917113,2,200
261,0.26468244072962294,1.5763682188658878,2,58
262,0.3087202647329018,0.8440836163667532,2,182,0.040752117642040966,1.1516147668545063,2,195,0.4114348794862976,0.8125904440879822,2,200
263,0.2923986074226193,1.26254403355098,2,101,0.08537554199358781,1.2699261563164848,2,108,0.31215626586255046,1.2936394564483478,2,200
264,0.28207265485304744,0.9933307698664774,2,131,0.14534060455655087,0.46094285590308054,2,138,0.0355029552665842,0.304479548564324,2,151,0.21535685863028164,0.2888371109962463,2,156,0.045865948678654414,0.44355121701955796,2,176,0.3181965532877121,1.0816724648078282,2,200
265,0.3945182519640901,1.2838909065022188,2,51
266,0.274839780249603,1.0673761500252619,2,18,0.06380447573773305,1.1066134423017502,2,26,0.461712082954772,1.2710068464279174,2,31
267,0.17634599136387638,0.9302818179130554,2,4,0.020170147627897282,0.39306057816328005,2,47,0.28605497639087824,0.35411584346244734,2,143,0.02747419366693104,0.44990732358849567,2,166,0.23813580648398242,0.43719064838746013,2,200
268,0.3056394102771792,1.2325530644786151,2,173,0.08236873873887308,0.6462182147162301,2,187,0.20539078815550324,1.038991616322444,2,200
269,0.21541085821707967,0.9030928590893745,2,200
270,0.2870074969280278,0.9560067605327915,2,74,0.017383882139206726,0.5489632804343041,2,121,0.27944431818917204,0.6722479686141014,2,129,0.026839092814653378,0.26213668783505756,2,165,0.20947126474914352,0.5648981715951648,2,200
271,0.22785879903237763,1.0766240268945695,2,40,0.03044474286832346,0.6735759955995223,2,74,0.16644023580030076,0.5731092823876275,2,83,0.257727609694982,1.1954871307719837,2,138,0.13478352291104312,0.5918283811930952,2,167,0.06467083126687882,0.610322559873263,2,191,0.34796455578648716,0.7176389296849569,2,200
272,0.33567411235361855,0.8234967179972716,2,99,0.02556180249439895,0.5509430297783443,2,127,0.24488095583564826,0.8722893007814068,2,200
273,0.2664242181719108,0.6791450911098056,2,18,0.04725762246014335,0.5495041906833649,2,27,0.015548262564800082,0.5945723303433122,2,56,0.28352110502590705,0.5165738416345496,2,75,0.018811683842144246,0.6374814667199787,2,94,0.18966160823211492,0.7174937223133288,2,132,0.018127077997448615,0.7822604030370712,2,160,0.17201337822500135,0.7644039392471313,2,163,0.024646669724038103,0.7070578385043789,2,200
274,0.3090830433502194,0.5471776657634311,2,27,0.015239086283139794,0.5343439470637928,2,38,0.3080311230585075,0.9200703654533777,2,77,0.03507637929755354,0.56516307964921,2,109,0.18062636783579372,0.45772204995155336,2,114,0.018072282110516612,0.5096900578664274,2,163,0.19597642849824565,1.0113412367331016,2,200
275,0.34303414474896143,1.1293151299158732,2,30,0.09708205696763991,1.0802428211484636,2,44,0.32743281221914755,1.1409203433073485,2,96,0.028279903852818408,0.564546671780673,2,118,0.04430287810724232,0.9039416998624802,2,138,0.3330136367896011,1.0136526130860852,2,200
276,0.35761281432417097,1.3130892503720064,2,104,0.022632159390226125,0.6780862067684983,2,137,0.30570846840936794,1.2780355271838961,2,200
277,0.3560963341992597,1.105745018674777,2,104,0.019036475117953505,0.7719220175887599,2,137,0.273734537209632,1.0631199772395785,2,200
278,0.17599803567617273,0.7509723258645911,2,38,0.09566494470865135,0.8553964026046522,2,104
279,0.4458826472582876,0.3178367242217064,2,8,0.022581186450939227,0.5580927863926954,2,79,0.18556394484115601,0.4766851235181093,2,95
280,0.19758000491442418,1.1681596040725708,2,18,0.025081918561013865,0.5845482800457928,2,55,0.10478020782514627,1.0830402374267578,2,75,0.022939849181827728,0.4139226580920972,2,94,0.2864158484138365,0.9172708864481944,2,200
281,0.27349819377388773,0.8998261362314224,2,20,0.038513315989264385,0.834745603579062,2,74,0.31953383921944173,0.41997527550248537,2,91,0.024493171645202948,0.9283279336017111,2,137,0.08066891668723462,0.867602987722917,2,148,0.31858750005155806,0.7473547699359747,2,200
282,0.3449731531587628,1.4971571842829385,2,45,0.02673727712436388,0.28729862684295293,2,66,0.14415766382646877,1.0410129129886627,2,70,0.012566231695143293,0.5195630078132336,2,83,0.3537944260362637,1.5487668575384679,2,200
283,0.23107909082827258,1.0453422808647155,2,50
284,0.2884433025338227,0.5504391270875931,2,200
285,0.3084265244699974,1.448598865252822,2,67
286,0.10914931840202838,0.6552987694740295,2,3,0.023781911209955434,0.7063329979777336,2,43,0.053852084778299836,0.7845723754481265,2,62,0.1884670472470118,0.6292044520378113,2,72,0.042540209150493086,0.721990637919482,2,89,0.12194528650222838,1.2205812434355419,2,137,0.29743940768795757,1.1795841341926938,2,200
287,0.2346859163681604,0.9233849931072879,2,77,0.03188617317387223,0.35823907516896725,2,93,0.2030461889388475,0.9365793344016388,2,200
288,0.18171393233632804,0.9453778083507831,2,13,0.03972990537705574,0.3067650303796486,2,40,0.30230540653811283,0.9273648574238732,2,166,0.031457809024640265,1.1485760853840754,2,192,0.6378843359962549,1.0134257525205612,2,200
289,0.2729529442568374,0.9287852670835413,2,46
290,0.20658142658417467,0.12422038316726684,2,15,0.14324264976259402,0.7386893659103207,2,56,0.04111089821621948,0.636206167847363,2,123,0.295479903488632,0.6974697229150054,2,200
291,0.2461730117243822,0.9760758490398013,2,145,0.0159411951610784,0.2129333795685517,2,164,0.3074174573506441,1.1227533717950184,2,200
292,0.30047981094785914,1.0949305757399528,2,124,0.01830700600860131,0.7029559974159513,2,152,0.289262351041011,1.1372407153248787,2,200
293,0.23154266996319622,1.0513010223706563,2,6,0.04184542342583043,0.9428694461073194,2,34,0.1741843042892046,0.8929864764213562,2,48,0.041588278712445616,0.8837002903916115,2,91,0.2060608045333683,1.2100129173352168,2,117,0.04926968758319799,1.0333415529002314,2,140,0.23717875841208294,1.3920352021853128,2,200
294,0.12472886771850641,0.739714781443278,2,3,0.02377313111557886,0.7122676607809568,2,41,0.295173261845628,0.6262733873866854,2,146,0.02505969026411742,0.5587461875832599,2,169,0.26419989669193344,0.604266389723747,2,200
295,0.2797632353028134,1.4186777885143573,2,39
296,0.2665734165862664,0.8957874405951727,2,42
