0,0.26861195704239466,0.9435656294226646,2,80,0.04975707244359619,0.2958582155406475,2,92,0.16135620121912936,0.5394831338654393,2,115,0.014431620685127959,0.21579862665385008,2,147,0.10380159321192595,0.5191840430100759,2,150,0.017252837094984673,0.24704688688119253,2,165,0.2759421283987895,1.10205370982488,2,195
1,0.2957996824454372,1.2990036326296188,2,34,0.10505212999289405,0.5557925701141357,2,38,0.016556840951064425,0.4820329376629421,2,52,0.29089158483483707,1.3680791199207305,2,72
2,0.3469109706332077,1.265516277551651,2,200
3,0.08348717988324364,1.1251296080075777,2,13,0.2823369738306277,1.0188427980129535,2,26
4,0.3989762649863276,0.9835996736179698,2,11,0.042960879433140156,1.083498978614807,2,36,0.14971158829287143,0.9687528014183044,2,40
5,0.3156285201134937,1.5500338279283963,2,65,0.04496272042878466,1.5201128274202347,2,73,0.3389551110296889,1.6346512276392717,2,125
6,0.03779308110442582,0.4688025829584702,2,23,0.25551199021034565,0.7936240782340368,2,47,0.03405624863656776,0.8771136403083801,2,52,0.29669387182228213,0.8355018794536591,2,56
7,0.3327050029513151,1.2805030731054452,2,65,0.10691747192315047,0.99904731909434,2,68,0.04621707144943715,0.4842445185551277,2,81,0.4580996071004721,1.327639357248942,2,111
8,0.27978215624405783,1.0113477758739307,2,23
9,0.247489766022968,0.8738402615893971,2,11,0.03515495859081936,0.8768638372421265,2,40,0.4131554976435653,0.7798715680837631,2,48,0.020315535636034145,0.6517634689807892,2,56,0.3273011154195795,0.7963562087407188,2,119,0.016438112134972177,0.6812495708465576,2,129,0.2942462650691967,0.7882471932491786,2,200
10,0.3823381410043543,0.8440247535705566,2,5,0.04606304129243614,0.9488389455910885,2,38,0.19336370829557084,0.8733623127142588,2,50
11,0.31553946551872064,0.7814459386079208,2,23,0.011412828489121903,0.731570693579587,2,34,0.3217351681425991,0.7878818782893094,2,45,0.026411031381145606,0.6632036980655458,2,81,0.28830100336694564,0.6319626097877821,2,105,0.026028229003808998,0.5014410962661108,2,123,0.28075373147542865,0.8626734986901283,2,147
12,0.3071354746255354,0.6167471972107887,2,200
13,0.202979921873057,1.3785125477747484,2,44,0.006290279587139229,1.1997990161180496,2,52,0.02031578964272819,1.253307044506073,2,62,0.17259536544868798,1.3298165689815173,2,73,0.014054551904344199,0.42878755927085876,2,83,0.3590700635669662,1.114185372988383,2,86,0.016305136272593525,0.3171114940673877,2,125,0.4016725026277583,1.6119257559378941,2,197
14,0.3023029069538265,1.5085317081212997,2,200
15,0.2341649788888987,0.782519925236702,2,200
16,0.3158454643533471,0.8040430322289467,2,8,0.04310530655042245,0.7526684254407883,2,24,0.2530625685495269,0.6945301053876226,2,200
17,0.29585579859514194,1.0049495639152897,2,103,0.023764949233937956,0.6626040802190178,2,179,0.23869576670803258,1.1729103610629128,2,200
18,0.31231131305634885,0.953634472829955,2,56,0.05066081331923358,1.019780844449997,2,60,0.23516237733057185,1.0095605194568633,2,100,0.027794513628082804,0.3160103619098663,2,125,0.13343026986390252,0.2802373672786512,2,144,0.03383693410619612,0.2802407563264881,2,200
19,0.3868284097774409,0.8458242464065552,2,200
20,0.17873656600550872,1.049450309413254,2,157,0.06515660845067049,1.0406909765199173,2,200
21,0.3575530511618716,0.6710840364297231,2,96,0.05131754535986667,0.7814451575279235,2,106,0.3163251168728112,0.6900577143980906,2,158,0.04503752364419128,0.8239950173430972,2,194,0.142481134184208,0.6726111968358358,2,200
22,0.35401207406495244,1.1948441547505997,2,17,0.05239244958494696,0.18039414461921244,2,34,0.3358946505999281,1.267535890851702,2,48,0.07081686354996837,1.2189348294184759,2,61,0.45171814533766175,1.2109655686046765,2,107,0.0698287255026567,0.9539305393894514,2,131,0.4300463530945328,1.2707807662194235,2,188,0.09217173480831012,1.2646665771802266,2,200
23,0.23082681493498403,1.2306269628030282,2,54,0.03393836556505472,0.3526392076164484,2,70,0.24711112116968476,1.217264364163081,2,94
24,0.3568480612002298,1.6096490706716264,2,28,0.022308470774434725,0.5531335148741218,2,62,0.06581841660142834,1.1469862580299377,2,72,0.25476764240078803,1.129108204160418,2,107,0.01736721160613203,0.433258467912674,2,122,0.3122837448846683,0.7850808948278427,2,126,0.02966845669393375,0.5497235902718135,2,161,0.3683392255406629,1.7226622012945323,2,200
25,0.38496807135898814,1.1923757543166478,2,48
26,0.24342031372987602,1.1909269775663103,2,14,0.02776875129384064,0.6581299690639272,2,31,0.2978778289050907,1.4625285694585044,2,200
27,0.2983216056273109,1.1398882418870926,2,24,0.03619735195564136,0.3828507661819458,2,52,0.2302722111074837,1.1928130086209323,2,200
28,0.2862184586677465,0.7931497374246287,2,129,0.022329904645908755,0.23522105988334208,2,146,0.23553765051401088,0.8999329562540408,2,200
29,0.40222705222995964,0.4741792380809784,2,6,0.05752108010311869,0.7069223727050581,2,63,0.1815906938472374,0.6186329180544073,2,74,0.0414403714263681,0.7090530800819397,2,99,0.37930286213590775,0.632746748756944,2,156,0.03048713804303818,0.8180802952159535,2,200
30,0.263494799251728,1.0311261514822643,2,96,0.014028326523514715,0.7695495784282684,2,108,0.2680957626730811,0.7626421332359314,2,123,0.035642403886678005,1.0174607163981388,2,142,0.24745298359273357,0.9604409378150414,2,200
31,0.3491138840639918,1.1482554011874728,2,9,0.03373799826919834,0.21545955451095805,2,26,0.280435583947278,1.0465720283741853,2,75,0.02454386502728693,0.37268799046675366,2,87,0.3235181390408404,1.0377901136875152,2,107,0.014977106042012392,0.10649360194802285,2,147,0.24482059629051361,1.0386731454304285,2,161
32,0.03024715220508012,0.6005851829593832,2,44,0.2527983740138941,0.7892021448948444,2,200
33,0.18523455831250848,0.699186787885778,2,34,0.051802882400750566,0.7165477589557046,2,53,0.41889244873640574,0.32387710972265765,2,64,0.027927385496674582,0.7494379022847051,2,87,0.11765512116885422,0.779872613293784,2,108,0.3290972647341315,0.6093405387971712,2,200
34,0.1545539111872404,0.7444558797344085,2,31,0.029460374505398818,0.5270610272884368,2,51,0.22126807226486123,1.0152841684769611,2,100
35,0.2948660807675768,0.6011530126844133,2,35
36,0.22968685590794927,0.7843821063637734,2,80
37,0.27993756758803845,1.437335523366928,2,200
38,0.271917872948623,0.9125148576238881,2,23,0.04554772321896712,1.060008748372396,2,38,0.25762095134204993,0.915866723885903,2,168
39,0.29333176525833105,1.014975255727768,2,20,0.052791958045723016,1.0653486516740587,2,29,0.26157344547890615,1.043218794796202,2,65
40,0.37018459751892907,0.7490208640694618,2,40
41,0.21811203789070255,1.3130653381347657,2,30,0.0428844413549957,0.8974378863970439,2,45,0.3092420566591749,1.7500373992052944,2,56,0.035095480005264745,0.5493957112232845,2,86,0.1938287285419078,0.48579219977060956,2,92,0.023836749147823983,0.7484935898529855,2,111,0.23769731979744377,1.3582139996921314,2,128
42,0.17771892279482668,0.971769840820976,2,46,0.27885887327044434,0.9435001114039745,2,149,0.02187885130470839,0.13086919060775212,2,170,0.27571926699491467,0.9661524653434753,2,200
43,0.18162826135241833,1.283560821884557,2,114,0.027668233366109646,0.7301780295372009,2,139,0.17933704222300947,0.8404887233461652,2,146,0.023665965873341157,0.8240350435177485,2,170,0.3368192389700561,1.1806143739006736,2,181,0.016091089527757327,0.20029321626613014,2,200
44,0.38540016093983726,0.8908566263588992,2,22
45,0.351004579219297,1.0435426459454074,2,101,0.12488344795759489,0.403804382452598,2,114,0.035353541264363526,0.5010765746235848,2,134,0.7036463181164114,1.1913481056690216,2,138
46,0.0927186854009952,0.6290060126781464,2,25
47,0.28828697012129734,1.2403318118304014,2,64,0.048761502000562305,0.754528358215239,2,105,0.34600890749838953,1.2211182017075388,2,200
48,0.19061264249293475,1.2455127676613897,2,139
49,0.1936997217474615,1.0862673759460448,2,15,0.052988109833263373,0.9769794743695706,2,154,0.030418568945589274,0.9773166670518763,2,171,0.22124521288238597,1.4590750809373527,2,200
50,0.09921930354366072,0.8711507225036621,2,25,0.02259606428118978,0.7606584429740906,2,48,0.06753523693624007,0.47754936085806954,2,66,0.2539768571146046,0.4696679785847664,2,86,0.06280708988240875,0.6183769886310284,2,99,0.2912991297873245,0.5575932568252677,2,200
51,0.2877256486423287,1.245822839114977,2,23
52,0.1504313053948481,0.3425760383789356,2,13,0.026232958244047744,0.7352927684783935,2,48,0.28815077683949647,0.5061571103461245,2,95,0.03770181927207082,0.7834715384703416,2,108,0.15532890876588104,0.6572634428739548,2,112,0.01856548774412648,0.8454202080881873,2,155,0.18014327571334635,0.5256667402055528,2,164,0.05478781851888972,0.478869020111031,2,200
53,0.22362651647060414,0.7508875972756716,2,107,0.04397413048811827,0.6905581541359425,2,123,0.1085502013671746,0.7347352471616533,2,141,0.3712542445662403,0.7102029106833718,2,163,0.03683859268705223,0.9185537953634519,2,200
54,0.3338353584434949,0.19292305275553562,2,122,0.031646075442168915,0.8113836111693546,2,151,0.17534495278383325,0.639693133533001,2,167,0.05835113734466032,0.7975582107901573,2,175,0.356416176687403,0.3113745791571481,2,189,0.04374228084960525,0.18697696111418985,2,200
55,0.24731172817993127,1.200843588165615,2,23
56,0.2904057603151631,0.9833860099315643,2,36,0.039664614275110754,0.6813487410545349,2,54,0.23752748867556972,0.9975368188668604,2,200
57,0.04149754351256986,0.9023510121530102,2,62,0.2906238321954011,1.213717318099478,2,200
58,0.2351008041146276,1.1311759335153244,2,68
59,0.20602836394766053,0.7210048256350345,2,122,0.21975585695934222,0.428660192932838,2,200
60,0.3006483393532716,0.17627969421446324,2,200
61,0.026136515827633214,1.0539450248082478,2,15,0.3039235319051118,1.0770809809366861,2,45,0.02020612223177358,0.405997898267663,2,91,0.2213091896147336,1.1939080544880458,2,126,0.02536676114779791,0.5142949422200521,2,144,0.29041002360115487,0.966890960931778,2,188
62,0.2324779527418869,1.7422041635255556,2,37,0.045015679346069086,0.8434914381076128,2,115,0.2870620817866871,1.7949142512153178,2,200
63,0.3067269277544558,0.6455508195952083,2,89,0.06010896459827574,0.710283265394323,2,106,0.19622348525450267,0.6801348183606122,2,143,0.0687527501318692,0.7651683615475167,2,184,0.19265923123512138,0.6596034206449986,2,200
64,0.20358931308705072,0.9342855986426858,2,17,0.06410261941127197,0.9159595701429579,2,44
65,0.04873210180821576,1.1481520795240634,2,82
66,0.28460981510342354,0.937264175415039,2,25,0.017794915564161018,0.6858675479888916,2,36,0.28442915924590095,0.8944966469492232,2,71,0.020100376980816095,0.48630126237869264,2,96,0.27865599302787075,0.9495414766398343,2,140,0.12667322367760375,0.9731051488356157,2,151,0.02700377610932229,0.7930962331593037,2,167,0.32883383223776375,0.9245576334722114,2,200
67,0.24944829584486036,1.3600891169748808,2,38
68,0.18134700573243978,1.5850373582637056,2,47
69,0.1639982448627484,0.5806394219398499,2,3,0.027055332191390946,0.45704559485117596,2,48,0.28077432083075177,0.8383288085460663,2,58
70,0.05766844315898577,0.7992100169261297,2,12,0.44962071373663753,0.6573625445365906,2,77,0.05354205033219224,1.1087404571730515,2,106,0.28228028287969753,0.8566532598601447,2,124
71,0.2945089132586224,1.1428083665668964,2,32
72,0.21960846951188726,0.6653746105730534,2,64,0.028981283148226452,0.45691414952278137,2,114,0.2081350656055763,0.8790192999118982,2,200
73,0.057240109931120726,0.6889137466748555,2,15,0.27748731942860805,0.7963203170003682,2,152,0.06295965897830766,1.1910861049379622,2,180,0.042250788341136145,0.5949941009283066,2,200
74,0.3959827193906788,1.3609856619979397,2,33,0.015386489714050657,0.8138225674629211,2,57,0.04694970123266043,1.042106055551105,2,93,0.006718767012971748,0.7617513140042623,2,105,0.3180183811514093,1.344707202911377,2,120,0.02178744654298071,1.0874335223978215,2,131,0.31511947926260225,1.3111835735431616,2,200
75,0.33680093831194224,0.817843162244366,2,31,0.030915256282818444,0.9046692028641701,2,71,0.11420808396654246,0.9860937231678074,2,130,0.04195380403002247,0.9885781420601739,2,175,0.1145609472152295,0.9449262952804566,2,200
76,0.32127278903892187,0.4553006187081337,2,200
77,0.22943759378740763,0.9737697257392708,2,87,0.03222800541934463,0.474667285879453,2,99,0.15049337042072952,0.9995597146806263,2,120,0.048581555816306646,1.0186348286542026,2,131,0.016700216777310397,0.4453047491036929,2,170,0.35329968946619944,1.0180907607078553,2,200
78,0.31309261361728,1.112875747680664,2,5,0.01565665111767619,0.47029491861661277,2,20,0.28732877084043473,1.2830648687150743,2,65,0.019460244431727173,1.1017797589302063,2,71,0.3903458569269684,1.3366391305570249,2,98
79,0.13448946379122992,0.8979276143587552,2,13,0.03734734770056899,0.6933168047352841,2,32,0.2441368759565122,1.0155002928915478,2,200
80,0.2322443060883087,0.7825444834572929,2,35
81,0.17189392867518222,0.9344167987505595,2,90
82,0.1647412673526581,0.9689081907272339,2,23,0.07921640663847963,0.9932693743705749,2,73,0.20457791686407714,0.9917232479367938,2,87
83,0.06744133708617987,0.5266295810860973,2,62,0.2708844318606896,0.805633929642764,2,128,0.02500038208094692,0.570250156313874,2,171,0.3450026834469762,0.8529472947120667,2,181,0.0573233267499751,0.6754524111747742,2,200
84,0.36679613200117817,0.8516316443681717,2,20,0.02627876054769527,0.5747602350182004,2,38,0.3305310648715025,0.7904512123628096,2,93,0.04824335874636424,0.754708136121432,2,129,0.2505906897767136,0.9270979364713033,2,135,0.03308477169204464,0.6103077828884125,2,154,0.29597763493828905,0.9529029182765795,2,200
85,0.2495892396814314,1.32682454329665,2,93,0.134516685083172,1.1936353652373604,2,116,0.04456675620345145,0.7524222257809762,2,155,0.15192859030975622,0.7403588702804164,2,174,0.23838857967814372,1.3501274264775789,2,200
86,0.295264268315447,1.4164317385716871,2,44,0.025872372086300797,0.3476539778968562,2,90,0.06705619616270063,0.9622742876093439,2,137,0.2849679507692843,1.4470777919417934,2,175
87,0.249562267515306,0.942346381326007,2,117,0.07336003729780251,0.881067943572998,2,127,0.013198884084481367,0.8636548452907138,2,136,0.013349110024165427,0.5700640515847639,2,169,0.31506658248311054,0.8460473343729973,2,177,0.05805331315248753,0.7704631297484689,2,200
88,0.06046521183906456,0.7941369950771332,2,60,0.21872173848881946,0.8614941824365545,2,114,0.026419237295500535,0.45582572668790816,2,134,0.23587869191143926,0.8306809147198995,2,149,0.03303721661381799,0.45030875007311505,2,167,0.10885161470318665,0.5421251803636551,2,173,0.017558987304476845,0.5101721336444219,2,191,0.1628848319668875,0.47911039657062954,2,200
89,0.31229307304659465,1.230873933860234,2,28,0.03641766905896625,0.4057899221777916,2,48,0.05899830148753907,1.0330571251757004,2,65,0.22707068742578163,1.2911739923335888,2,200
90,0.3158399625877187,0.6571591671775369,2,51,0.025950981541323533,0.44603639947516577,2,79,0.24296032473742918,0.7372119799256325,2,87,0.05426256496079619,0.6483102664351463,2,95,0.3633636915420535,0.6088036168189276,2,200
91,0.25594045214498456,1.3262270746165759,2,73,0.037548037277865924,0.6683412013631879,2,106,0.28088745483387373,1.5652090311050415,2,114,0.06542553664271604,1.2140155055306174,2,125,0.3212257872678941,1.5916214690488928,2,159,0.032576871268161826,0.7907742363650624,2,200
92,0.3979375459536323,0.8950272245066506,2,14,0.031723429857585445,0.9173824191093445,2,64,0.22440218938872744,0.7676210064154405,2,129,0.03880182373974316,0.7522470259666443,2,154,0.29597370232640746,0.7622049976797665,2,171,0.03988587599609267,0.7520273447036743,2,191
93,0.27025192607400483,1.0252150396505992,2,60,0.06109562142650834,1.035281054675579,2,76,0.30499274868695964,0.9881680348227101,2,200
94,0.3533234572365104,1.0382114493328591,2,23,0.02979152898204385,1.0016180327598085,2,70,0.2886540440438784,0.8643411823681423,2,84,0.023385462751662568,0.9959197044372559,2,94,0.29810167340481175,0.9440217805358598,2,200
95,0.3738877757076746,1.3044297059377035,2,15,0.038219944614096446,0.910272291302681,2,35
96,0.329384487082552,1.4180847236088343,2,28,0.03158766332016912,1.0193180799484254,2,38,0.25796126824369753,1.6233636856079101,2,48,0.0886132833769821,0.7398376724936745,2,103,0.03006030955669652,0.7198745891069754,2,181,0.12814735395073523,1.0163445755055076,2,200
97,0.2768395144396178,1.2374075651168823,2,65,0.024046200686735658,0.7474279734823439,2,74,0.2274361262139743,1.2355672518412273,2,176,0.0641074655249498,1.0916547924280167,2,184,0.23942340304898005,1.2660135701298714,2,200
98,0.2523299966154511,1.3340580738507783,2,78,0.028895007192647405,0.7669176138364352,2,104,0.2193678560627925,1.3485283835728963,2,179,0.06291042150107595,1.3137520253658295,2,191,0.32459473223989355,1.373580813407898,2,200
99,0.25967804219646534,1.3154611282232331,2,82,0.01513537488652863,0.6031200819545322,2,118,0.2836308718465565,1.0325079434796383,2,156,0.027874093476646617,0.738797355781902,2,200
100,0.2994496317868132,0.8850361704826355,2,34,0.02252247551006053,0.8863791823387146,2,64,0.44137160539907466,1.5649406160627093,2,99
101,0.4348209126662086,1.4006290023143475,2,78
102,0.111472127878711,0.8657009776900796,2,34,0.0369142902977816,0.8649963935216268,2,67,0.22944240803038218,0.9833826104501137,2,200
103,0.01881688109054842,0.932870888710022,2,15,0.29314369374288773,1.017898698647817,2,39,0.03026156834054885,0.6217663979956082,2,67,0.3223723890963581,1.0207394485672314,2,91,0.03621573844481987,0.5416353876176088,2,114,0.3566652098254667,1.1191644370555878,2,122,0.016362308585729162,0.13935469262875044,2,148,0.3160375577877716,1.0546391202557472,2,179,0.07873233687752035,1.0964723726113637,2,191,0.24441331604728725,1.0753131839964125,2,200
104,0.38213247811377704,0.8743732987448226,2,43,0.01985562083280155,0.6752658850616879,2,79,0.4622197665702191,0.9354663218061129,2,103,0.027088823674870043,0.7093493300814961,2,146,0.3734642764871891,1.0911561383141413,2,200
105,0.30640896528761535,0.8958156031946982,2,31,0.03225411264722075,0.6592583820223809,2,71,0.25017902135292397,0.9196349199001606,2,97
106,0.04699340201215255,0.718657041589419,2,12,0.3270196740166953,0.8403623975971912,2,200
107,0.3262605514543075,0.7647959952769072,2,23,0.04878373268547872,0.5476751446723938,2,38,0.29980281126453995,0.8721779925482613,2,87,0.031569829704641984,1.013687551021576,2,97,0.3641123240428458,0.8699635840156703,2,200
108,0.28230622103869163,1.2223428445202964,2,28,0.02605533056037931,0.6334895586967468,2,53,0.30775952955297564,1.3082283923500462,2,72,0.026744918676389087,0.7160947352647782,2,132,0.2826101840215045,1.2696022303665386,2,200
109,0.37865375864759004,1.0248062014579773,2,6,0.02063810712497922,0.9169212058186531,2,14,0.2699148716577744,1.0301615635553996,2,29,0.016951738299228247,1.2228299498558044,2,39,0.2834713332871151,1.0010016094554555,2,94,0.02732732568301223,0.585621964931488,2,114,0.3587876191714016,1.0288413592747279,2,121,0.01728295822508367,0.2183410477425371,2,149,0.23622948161120785,1.1781539449504776,2,200
110,0.26306432860805695,0.9190066302051911,2,104,0.0258485058191104,0.3200147918292454,2,146,0.25918312706454155,0.9817815091874864,2,200
111,0.22835081107010896,1.1981789300690835,2,67,0.029355668706190864,0.9595008691151937,2,70,0.019508402082669546,0.34374433843528523,2,87,0.26689224856888427,1.4285277760758692,2,185
112,0.0680099160536456,1.0381917698042733,2,14,0.3066072032590378,1.37949538230896,2,18,0.03363118244292246,0.19095597902069922,2,41,0.2524013096410614,0.6531033653479356,2,54,0.027866196003690696,0.7104578052575772,2,106,0.017648147891871305,0.18693500260512033,2,127,0.08880532716736589,0.8839588926898109,2,145,0.2392247650968643,0.8810403408675358,2,174,0.027519955644097618,0.7255446131412799,2,200
113,0.43259389311515106,1.3427103820600008,2,19,0.04450863394165784,1.3176669478416443,2,23,0.33089853485751825,1.1114860665326738,2,200
114,0.2963477728198243,1.1972034253725192,2,82,0.006486668295355956,0.14926018697374008,2,99,0.23514342740412103,1.2442190514670477,2,108,0.01960037596717109,1.0122281670570374,2,118,0.34270542279179766,1.2076895298895898,2,195,0.06094563119651167,1.298428440093994,2,200
115,0.22983247077400543,1.0528360835292883,2,114,0.3286915847054637,1.1119485663813213,2,200
116,0.305772945853693,1.5025306995098406,2,65,0.08478449043633021,0.9512681365013123,2,71,0.01462618524929531,0.5275010280311108,2,87,0.22175674557621,0.9278372658623589,2,96,0.01593891711127651,0.627224991718928,2,114,0.05071041778414286,0.7632072021563848,2,126,0.29344409748576034,1.305264128221048,2,200
117,0.23020250347964186,0.7726820595562458,2,96,0.03644808740690619,0.8616417547067007,2,108,0.12283434508594154,0.8300679063095766,2,142,0.2750512262826256,0.8009846138543096,2,200
118,0.2923675787906432,1.237687143228822,2,118,0.022799541728022555,0.7988328808232358,2,156,0.27259696063885247,1.3050664934245022,2,200
119,0.2863162089860339,1.279972985999225,2,73,0.03567999529827706,1.0065171393481167,2,106,0.3873855403412812,1.4976234391883567,2,133,0.06833443405201312,1.136940689974053,2,176,0.021288733661567173,0.5181248088677725,2,194,0.21417163356910413,1.0070923169453938,2,200
120,0.023141450988705185,0.7817563882895878,2,14,0.3494641091297434,0.1920122307955578,2,200
121,0.35863392256806714,0.41880860428015393,2,18,0.015250429483224592,0.44801201706840876,2,39,0.27590217295290814,0.48967000444730124,2,54,0.022887788813196974,0.48104182481765745,2,89,0.19653611570668617,0.5689594447612762,2,92,0.021135154110816252,0.33801982487951004,2,127,0.22697964245544877,0.49291887879371643,2,156,0.08131287299594288,0.5571145848794417,2,200
122,0.3033683693831634,1.3790479653920882,2,78,0.05206220300948405,0.21553790900442335,2,96,0.35692977145319943,1.6483848889668782,2,105
123,0.2943282450501414,1.0591499628844085,2,27,0.040247748414863165,1.0184471905231476,2,71,0.29062676367518553,1.062578898209792,2,84,0.030189971344941655,0.6837864463979547,2,95,0.2749931921167296,1.0556028866767884,2,145,0.03294414648604069,0.6450336263293311,2,166,0.2545025495378878,1.0083027990425335,2,200
124,0.18440479243705088,0.5827629036373563,2,9,0.03657274922664187,0.6700807710488638,2,21,0.20822819828961384,0.6325259922255932,2,92,0.05395266748234328,0.3857794925570488,2,112,0.027659982961729414,0.522413683789117,2,154,0.05705096494132013,0.4891169505274814,2,200
125,0.36121739013420245,0.9593447378312034,2,87,0.03609682128449436,0.5221601401056563,2,122,0.3114857534784834,0.989464782178402,2,138
126,0.2547506795968678,1.1217671819031239,2,64,0.02615340160988491,0.2628701764578913,2,115,0.26248928718815573,1.4027819577385396,2,200
127,0.25441376667043836,0.7037211939692497,2,200
128,0.03663850005041011,0.8099195794625715,2,11,0.3204861322772226,0.9050561952036481,2,54,0.02314502355665984,0.9362310369809469,2,60,0.3654447869607884,0.9005456337561975,2,86,0.03636248721063982,0.7453007404766385,2,149,0.3472273234720111,0.8564560204744339,2,169,0.02318138285410041,0.570258549281529,2,183,0.2563964575648028,0.8370193558580735,2,200
129,0.2652091123029371,1.1462964112942036,2,65,0.021708275424212154,0.47627836393146983,2,106,0.09765026230882476,0.9383585667610168,2,131,0.020381264136020334,0.23685037530958652,2,155,0.2715718059000429,1.3614610301123724,2,200
130,0.31435780995029494,0.5875528461189681,2,93,0.07619352738134139,0.9906486623427447,2,110,0.42096122751632414,0.6177967389424642,2,116,0.05592450782721296,0.8004900231957436,2,156,0.2364463935171655,0.5906816246834669,2,200
131,0.34352704940368245,0.6149517827563815,2,9,0.01972948274614016,0.5699795434872309,2,21,0.30583617372337973,0.3756460001348783,2,200
132,0.24876852690712525,0.7108587101688535,2,127,0.021410395003193836,0.6022198881421771,2,169,0.38694730624653806,0.9156874995077809,2,200
133,0.37714281884667916,1.005918788128212,2,61,0.10266510642921499,0.8145597685467113,2,72,0.01605231232019464,0.2713935280388052,2,83,0.2170227260328349,0.7132110993067423,2,86,0.019104153064720762,0.14136733152927497,2,125,0.3007495511423608,1.012467770576477,2,200
134,0.22142263200178727,0.872966935634613,2,200
135,0.03275658683414592,0.581965138966387,2,44,0.21179773618272468,1.2603360801412349,2,158,0.02811864542075456,0.7963447854632423,2,200
136,0.4594283614019533,1.4490667240960258,2,21
137,0.23748105145595932,1.2953082621097565,2,8,0.035923535784764614,1.046417270387922,2,22,0.2967431901693753,1.3211776283052232,2,112,0.024104704216901838,0.6777210506525907,2,123,0.3924990969845551,1.2264902393023174,2,177,0.04277281205969774,1.0209284680230277,2,184,0.029754880970932443,0.7003355287015438,2,200
138,0.27843005703862167,1.271063462893168,2,105,0.02858898207241046,1.1127855976422627,2,111,0.3904162620686841,1.1048283576965332,2,114,0.019108116280779578,0.31327747464179995,2,139,0.33818906648784675,1.2846675770623344,2,146,0.01591735212563712,0.49912863473097485,2,170,0.28165505973109883,1.1910780310630797,2,200
139,0.15717866980713835,1.24193008740743,2,6,0.035307372868641884,1.3297873735427856,2,15,0.28092393683238237,1.1209700192723955,2,29,0.02191037303435066,1.0337321043014527,2,39,0.2782760553026463,1.1657747675160892,2,100,0.03130657101427208,0.957897374124238,2,133,0.2513388171306578,1.2106236148236402,2,200
140,0.39136866393287073,0.9888286498876718,2,13,0.024453235918925616,0.9271372680006356,2,42,0.054690757963428746,0.9746236979961396,2,62,0.2731149242602712,0.9932902940997371,2,116,0.0610088875879646,0.7144369859444467,2,135,0.018720933071526804,0.6236115396022797,2,165,0.16544096774307118,0.8328926786780357,2,173,0.02101355415701157,0.7264423251152039,2,183,0.32200831574649336,1.3556193323696362,2,200
141,0.05799940528014779,0.9137828106229956,2,22,0.2917145660275873,0.39130075953223487,2,44
142,0.052829985031971984,0.7520719915628433,2,24
143,0.30545345697471005,0.9178466399510702,2,21,0.10848939028029804,0.37494994126833403,2,34,0.026555009886690604,0.6554926455020904,2,54,0.40281487111166897,0.8094022631645202,2,64,0.025782349423917314,0.5311771320260089,2,87,0.07961417638864675,0.7187771598498026,2,90,0.0926868630182405,0.9292243950896792,2,108,0.3345781976229491,0.999750748924587,2,200
144,0.2721582918631432,0.8812787899604211,2,39,0.050390208056984825,0.612123429775238,2,50,0.026051490904154966,0.22966410307323232,2,67,0.25167018461588264,1.0408803180950443,2,149,0.019497364646451097,0.23420818556438794,2,171,0.3245814442578682,0.9200052434000475,2,200
145,0.3067189815772701,1.274642014503479,2,200
146,0.23552720188777151,0.8339671691258749,2,78,0.08932659559218041,0.8961430589358012,2,90,0.25998172437552763,1.0786183649843388,2,200
147,0.2895135984660455,1.0197384970055685,2,72
148,0.4885891024817226,0.8799818700010126,2,11,0.03228809961342103,0.9523927015917641,2,25,0.2156977453148472,0.9765890041987101,2,43
149,0.26025582620155774,1.052265027212718,2,63,0.02566666421401308,0.8750555117925009,2,75,0.25755473366502907,1.0574847608804703,2,99,0.018674057195943967,0.5167650944656796,2,108,0.2951869870429019,1.0025274084325422,2,165,0.01947668360538185,0.17080074204848364,2,178
150,0.223075177523091,0.6642648455771533,2,44,0.06785577909589556,0.7776056995578841,2,95,0.024413694937389287,0.6430899125558359,2,122,0.32545835301937065,0.8317639350891113,2,127,0.05783899755959275,0.7490718747888293,2,141,0.1475141281797802,0.8276834137299481,2,158,0.05165747793634415,0.7648206111930665,2,200
151,0.122429382192516,1.2604942189322577,2,18,0.328038168152354,0.7535012299950058,2,55
152,0.2623315636615528,0.8396910854748317,2,35
153,0.20973903573071948,0.8515088395638899,2,22
154,0.4167202638798327,1.3770909627278647,2,15,0.04085790348744845,1.2360524535179138,2,35,0.2038214107021983,1.335942083714055,2,86,0.029061052677165987,0.7222212775187059,2,196,0.25399438904505156,1.0841812193393707,2,200
155,0.36007631336175805,0.9577124950786432,2,96,0.014808453399846424,0.3444403103169273,2,113,0.046957041559923515,0.3231650162488222,2,129,0.3498051005028282,0.9171259159773169,2,200
156,0.3046142468291768,0.5085298537391506,2,146,0.060900461409530246,0.5873343609273434,2,162,0.292720907984029,0.4997580412187074,2,200
157,0.30281511673693995,1.7394277512187688,2,71,0.032960780336767546,1.0366740318445058,2,97,0.3977034470862817,1.7209761096880987,2,123,0.029327484338041335,0.9773444169097476,2,159,0.12228795346544619,0.7912372911677641,2,176,0.30011843924421056,1.7504275490840275,2,200
158,0.3445115186725612,0.42546865344047546,2,10,0.02659607017654341,0.5876116553942362,2,34,0.3086209338316442,0.9905825858866727,2,142,0.03193155413576234,0.2813116818666458,2,162,0.23241959100715343,0.4581945836544037,2,170,0.2534898008637494,0.8140526235103607,2,200
159,0.2638392407235189,0.9710182851552963,2,200
160,0.22942197267539094,1.4424287211894988,2,200
161,0.2736658629715181,0.8821133030578494,2,128,0.022383584017151088,0.7661205025819632,2,141,0.23364130380862247,0.8292744835217793,2,156
162,0.3367676194936203,0.9473000764846802,2,5,0.03123052405423167,0.6546181223609231,2,16,0.30343593615310177,1.2598815993829207,2,38
163,0.22946953449603238,1.132236938322744,2,62,0.01265483831275157,0.3070430744152803,2,75,0.2518475264551498,0.9157713254292806,2,78,0.027716558931266923,0.4706949932234628,2,99,0.22292751976875613,0.9416649242242178,2,105,0.021422655240051873,0.31120178997516634,2,125,0.21590977602915445,1.2451061891472859,2,148
164,0.28714540670983996,1.0352809372013563,2,146,0.02839878402739804,1.073181184132894,2,176,0.32954746164585447,0.9671596686045328,2,179,0.026223741151315535,0.9445476986113048,2,200
165,0.2634605770470761,1.355965377822999,2,62
166,0.30674698069863676,0.707298381762071,2,11,0.02876030448877468,0.7825879317063552,2,37,0.23579079323750587,0.8671954819029826,2,200
167,0.2632431104946127,0.7419936894615994,2,158,0.029571958344464924,0.49865306236527185,2,169,0.28225440120906253,0.769028942431173,2,200
168,0.20560586928498736,1.3503527526269878,2,114,0.02902743549320866,0.3270765868100253,2,136,0.17719455348782143,1.2731800749897957,2,184,0.08308854431459317,1.2622562050819397,2,192,0.053864501977396506,0.6130981110036373,2,200
169,0.24582893077458098,1.11731887900311,2,23,0.03476937762037079,0.543919467500278,2,51,0.19237857311799375,1.2691765618774127,2,104,0.025812015426465933,0.7190755151567005,2,125,0.2886681635854201,1.2864162079493204,2,200
170,0.2730353975633534,1.2494281828403473,2,8,0.01425755194672161,0.13911336246463987,2,44,0.24137379117222524,0.8976944022708468,2,53
171,0.38443632985987897,1.6240989722703632,2,38,0.016897579817350922,0.6451336002868154,2,61,0.29107522763082616,1.6442956964174906,2,121
172,0.3673398378871199,1.0392134803714175,2,33,0.017566578639006424,0.20692968801144632,2,64,0.19739842960959955,0.4832452069967985,2,80,0.2554838808865964,1.0409085448108502,2,147,0.024342233753545224,0.282729064876383,2,158,0.2807727849187071,1.0665833950042725,2,177,0.020983753014946094,0.3613085597753525,2,197,0.8854263265846051,0.643731435139974,2,200
173,0.23729102291771997,1.3986506216666277,2,68,0.019216174338090284,0.3053812325000763,2,93,0.10936434935830612,0.8194592297077179,2,101,0.011984432415486588,0.32262088997023447,2,115,0.1344466486736366,1.4547168095906575,2,130,0.2761115851838724,1.4832135455948965,2,200
174,0.3198875736656976,0.589732812717557,2,64
175,0.3737814905115721,0.6845706006982825,2,91,0.029084610832655622,1.4398927413500273,2,104
176,0.34673476347674703,0.6896873272382296,2,65,0.027536560724888495,0.7563111186027527,2,74,0.3001269345594603,0.7469202557514454,2,132,0.03892796185074632,0.6984204292297364,2,147,0.4183727498755593,0.7641200940563994,2,200
177,0.24718139112932697,1.2188626146316528,2,50,0.04044389896506851,0.6998090658869062,2,92,0.28056886294446154,1.060439020395279,2,96
178,0.2452607702088939,0.6027275358929354,2,34,0.2197957166563265,1.1275557225400752,2,56,0.11703110710795812,0.4681078791618347,2,74,0.048229695182880165,0.531721718609333,2,90,0.2993005417774932,0.5332807131732503,2,186,0.11142526735548736,1.1199098910604204,2,200
179,0.3550420346136772,1.260871823731955,2,77,0.020585402040676715,0.7087547232707342,2,89,0.3626057618085853,1.066346500068903,2,121,0.02774238555591009,0.5684220246646715,2,144,0.2791563254016519,1.067816021186965,2,200
180,0.2656494498264532,0.8812235686182975,2,200
181,0.34090291461605665,1.0083845257759094,2,94,0.03339829662480034,0.2936237139834298,2,112,0.2462042885629368,0.956577718257904,2,148,0.006329682436311389,0.308440762758255,2,153
182,0.2965183244979845,1.2703794281134444,2,89,0.015845987067432378,0.6252889197606307,2,102,0.2611675867667963,1.2743686437606812,2,114,0.022200833635678152,0.6578948656717937,2,129,0.1271897207958575,0.8974220355351766,2,132,0.30135640608284225,1.2222666129087791,2,171,0.010226483275171113,0.6866772439744737,2,180,0.18632242682374237,0.7258931905031204,2,200
183,0.6291125005055694,0.7406686085921067,2,13,0.07730564544728509,0.8375933145483335,2,37,0.21415752494462295,0.8732220331827799,2,40,0.3130439009346508,1.1261206018297296,2,116,0.02823341423400475,0.6305662803891776,2,185,0.3491828264163212,1.4819960355758668,2,200
184,0.27774886178868735,0.33744601854833506,2,118,0.03425789685709226,0.5654915385955089,2,155,0.28398071471280983,0.40740045971340605,2,200
185,0.3083201266623625,0.7300334277554094,2,107,0.015400991920309588,0.369797146320343,2,122,0.3670323871846042,0.4617387503385544,2,126,0.02392168252555501,0.3787856409043977,2,159,0.35302831259599826,0.8873853538094497,2,200
186,0.2490870194980332,0.9205726051330566,2,200
187,0.2529449292363368,0.8810637079436203,2,58,0.0770427181128517,0.998173342031591,2,75,0.031532469782079985,0.9228546351194382,2,95,0.2654174936066066,0.5614717818441846,2,200
188,0.27796667702113376,1.2669518141264327,2,89,0.04678827104368489,0.6098533257842064,2,129,0.2784780985924465,1.3131347390967356,2,200
189,0.29088147242665346,0.9508798122406006,2,10,0.01415780293823817,0.7162280600321921,2,48,0.2694965534958791,1.1257019246879376,2,200
190,0.23976158963618244,1.1698421927598806,2,26
191,0.22946554970740685,1.3846319586622948,2,102,0.027999464570706126,0.8072330016981472,2,146,0.4193566693648491,1.4685220626684337,2,172,0.02030041769508828,0.7527048148606953,2,191,0.3750997680563253,1.5205745034747653,2,200
192,0.26847406585067635,1.5039284706115723,2,5,0.01859796587385139,0.911323195695877,2,15,0.41293357042941753,1.5509346008300782,2,25
193,0.3367882003868178,1.3957938637052263,2,28,0.038992818711303744,1.360192883014679,2,38,0.26768270238184316,1.3745068258709379,2,173,0.03570441411602511,0.9680054552025266,2,191,0.41752207265579405,1.4577232599258423,2,200
194,0.28079455368164197,0.9325208455324173,2,200
195,0.29425048071522564,1.2784471655333485,2,108
196,0.24575953045163448,1.3314524719843994,2,148
197,0.22900604031581925,0.9670916222609006,2,104,0.03096555312887132,0.5107108977707949,2,115,0.2607839915943223,0.9985511156550625,2,172,0.025542784475959847,1.0170989270721162,2,200
198,0.028265300880919185,0.6100127862559425,2,18,0.22237914013080887,1.1704931619032375,2,71,0.02853933877585284,1.163948392868042,2,81,0.2582712379904462,1.1875598313378506,2,142,0.030625667555115595,0.8637545198202133,2,162,0.23985030556363124,1.3612998222049915,2,200
199,0.3414240035506141,1.5297114900920703,2,23,0.2646646443348049,0.6960756834163222,2,66,0.0826326219194411,0.6595917083323002,2,82,0.29646428406497316,1.5470636308807688,2,179,0.02768272623006011,0.7057074592227027,2,200
200,0.25596092172118523,1.2767262578010559,2,20,0.012523725041512506,0.5133361154132419,2,29,0.32095470915625657,1.2870636781056721,2,56,0.025234686050852186,0.6383022010326386,2,76,0.14933703509323737,1.3300353369929574,2,120,0.0279601860973212,0.22129573424657187,2,132
201,0.3484557510745068,0.5061095973849297,2,200
202,0.257974635959763,0.753637673352894,2,95,0.015963922950547046,0.8066162665685018,2,110,0.23763108209467618,0.9564685068632427,2,129,0.0647741222483993,0.9334483397634405,2,148,0.025176827170368413,0.5754903201703672,2,175,0.22320230520789833,0.5931679755449295,2,181,0.022500564725959293,0.46471847672211497,2,200
203,0.34962240855785603,1.0757138431072235,2,24,0.049209984060106474,0.23716831420149123,2,38,0.31123401357836206,0.9896754026412964,2,41,0.010191457295477256,0.2327255074466978,2,55,0.22821000095140515,1.0931722148556575,2,162
204,0.21369471044972185,0.9587084861362681,2,34,0.031844259942712505,0.44862424360739217,2,71,0.13920911290212204,1.014941964830671,2,99,0.039279793816522475,0.9177640835444133,2,129,0.3987208412665187,1.2823556661605835,2,133
205,0.24740707733948158,0.5675273743959574,2,52,0.05465793773916268,0.8207722223082254,2,95,0.02426093441471228,0.680525576626813,2,122,0.2408174482465862,0.7292460379777131,2,149,0.036036606057976296,0.7985862995448866,2,168,0.19697957241869918,0.6254347749054432,2,200
206,0.26222233142698154,1.5820890307426452,2,50,0.05778510734617321,1.3503786137229519,2,69,0.2144900157933563,1.5840400457382202,2,96
207,0.243643359034298,1.222813034057617,2,20,0.028438191721243483,1.003143852665311,2,62,0.2301781992745951,1.1623246453025124,2,128,0.02478589752504283,0.7494502053704373,2,171,0.14981995944855714,1.2062485218048096,2,182,0.04290415802500234,0.8223236666785346,2,200
208,0.34785326529277766,0.7762570083141327,2,60,0.0958820692296037,0.8507603179840815,2,81,0.2937298538871913,0.7513690044899949,2,200
209,0.38913343531033984,0.8656194701299562,2,91,0.033321641111027755,0.9652616466794696,2,98,0.2596132848545813,0.9071796487788765,2,147,0.0243948383635952,0.3911011003785663,2,165,0.11960162573946999,0.8483490645885468,2,171,0.029800437585434974,0.5892989949176186,2,190,0.18049843962036907,0.8017967641353607,2,200
210,0.3865439422526317,1.3194783478975296,2,56
211,0.2704945639737014,1.0956743251193652,2,110,0.060504291903724604,0.981670283752939,2,133,0.2620275411472423,1.1539234573190862,2,155,0.015643197102016615,0.14712281410510725,2,194,0.3630091351792446,1.0414757529894512,2,200
212,0.2981057086191296,1.006455905114611,2,192,0.09186495685497927,1.0646179020404816,2,200
213,0.3330287752829116,0.7482111609500387,2,23,0.054795520346819886,0.8797505768862638,2,34,0.02380900479093627,0.862770026070731,2,69,0.27676750659622945,0.7240954523778144,2,200
214,0.25589496337334133,0.9932900834083557,2,25,0.04585752406658316,0.5029360760341991,2,36,0.2944969429234172,1.0182813726938689,2,140,0.05221743916794542,1.044283151626587,2,147,0.3086327204888352,0.9834742784500122,2,152,0.023553748672743128,0.9403181910514832,2,167,0.29684937289723495,1.0445235678643892,2,200
215,0.28788294336452075,1.1287632239492316,2,38
216,0.42807751381564985,1.2196920028952665,2,43,0.02150885258870206,0.5343576597444939,2,76
217,0.32264554125189476,1.365972638130188,2,58,0.08017368454561556,1.362078994512558,2,66,0.2536682536138642,1.4071250359217327,2,75,0.022569175176598615,0.5159218055861337,2,96,0.4681868753437245,1.419510985675611,2,115,0.040720341323498666,1.0906885603199834,2,138,0.027231181088572937,0.7049535679817199,2,188,0.35833552229652826,1.4293451408545177,2,200
218,0.28635195134208963,0.7524890540277257,2,68,0.019810700860931257,0.4250622037798166,2,84,0.06302589870710334,0.7817436829209328,2,100,0.02199655511300129,0.2626136809587479,2,115,0.13338531401495266,0.3419630914926529,2,120,0.2746785607627546,0.8488634504377842,2,200
219,0.20843389904098494,1.201756578683853,2,20,0.02263826049381268,0.9227172949097373,2,42,0.40948418098668277,0.4922493166393704,2,51,0.03214855967925158,0.6339772716164589,2,67,0.37114902190393556,0.7371472389467301,2,98
220,0.25832781294084056,1.1044103741645812,2,90,0.06377649573596972,0.7485583518680773,2,109,0.02914550930558067,0.6298375934362411,2,129,0.3235641036234171,1.0751985982060432,2,145,0.03179358400281263,0.8734456974527111,2,168,0.25180494267708786,1.1541366949677467,2,200
221,0.2639373374715051,1.0483787039578971,2,59,0.06381547168174745,0.8836934837428007,2,70,0.23695940066261148,1.0668872681216917,2,139,0.046641090644838956,1.0012664132648044,2,157,0.3196076521530434,0.9628992137454805,2,178
222,0.32789501156987666,0.9492187700538992,2,107
223,0.3087025209537089,0.26297850567133313,2,193,0.036030662657811574,0.43274879455566406,2,200
224,0.231438032335419,0.7632408976554871,2,200
225,0.3229998338344887,0.7997483274211055,2,23,0.05161665843340201,0.7632980532944202,2,39,0.3469275706961496,1.0148825372258823,2,87,0.10514450252454195,1.369203768670559,2,103,0.3264916907070479,1.1226066167537982,2,116,0.05980063522170671,0.5165262264864785,2,144,0.07887249306671536,0.8297003110249838,2,147,0.30964813479805064,0.9754178569001971,2,200
226,0.3450851172434199,0.9433700823783875,2,200
227,0.3078922469901833,0.7802962666749954,2,200
228,0.30369469653991377,0.9930316823901553,2,33,0.018413018122796315,0.2223023017247518,2,63,0.22757254856640277,0.9630238811175028,2,75,0.03153303516585888,1.0138648578098841,2,82,0.2889760137144834,0.9780084788799286,2,130,0.02450659783032601,0.27958174515515566,2,146,0.3313581791727005,0.9741142789522806,2,200
229,0.30468785834606504,0.6898831403444684,2,126
230,0.2048291602269972,1.306345405402007,2,162
231,0.3866948750286895,1.1715749228994052,2,48,0.029746100465443515,0.6785995945697878,2,89
232,0.3073078962777618,0.9784744875953797,2,187
233,0.19146889717076293,1.1019585600921087,2,28,0.0824024190296742,0.2124181709119252,2,35,0.025474282145189354,0.25805866718292236,2,54,0.23673958729826383,1.0549639527286803,2,82,0.016579077242612407,0.21763811343246037,2,118,0.27328663937005826,1.0529694457848866,2,142,0.033060666320229436,0.6152089375715989,2,155,0.21441844566391324,0.9297743890020582,2,200
234,0.28539941963155685,0.9524998421018774,2,44,0.020522787377052203,0.5678505546007401,2,83,0.26345067945436307,0.8627651267581515,2,146,0.028867816013032028,1.0055934971776501,2,175,0.24792412505336905,0.8301737457513809,2,179,0.038834683900949324,0.8570095158758617,2,200
235,0.2849101908643651,0.650532438474543,2,17,0.03160994170846004,0.6722869221980755,2,82,0.3392094960763237,0.7924694489624541,2,200
236,0.45169652160519186,0.9082462054032546,2,13,0.026297497472133353,0.7382393550872802,2,38,0.2512920018852892,0.9648276990578498,2,200
237,0.2719476255829644,0.9104164081811905,2,200
238,0.37929029729408975,1.258040561395533,2,34
239,0.3784346060352691,1.1879503428936005,2,52
240,0.2958257823568084,0.8305025812118284,2,62,0.0140648512004473,0.6250161799517545,2,73,0.2663863066855173,0.9110340937128607,2,126
241,0.28299960155750953,0.8163578404139166,2,73,0.011574205488514249,0.5810208595716037,2,86,0.18246087771116826,0.9603659896289601,2,103
242,0.2557784123110303,0.9053053751587867,2,200
243,0.28841945465141317,1.3168081358859414,2,38,0.2091479748218466,0.6272059520085652,2,53,0.3482968854463999,1.4202408064966616,2,76,0.03319149771722684,0.8711396773656209,2,106,0.44751879849352555,1.3798776514389937,2,123,0.07745906679710322,1.3492343565996956,2,140,0.025912144020281365,0.6404263228178024,2,164,0.7518354553611807,1.4258359330041068,2,171,0.016403634545469947,0.9353395735516268,2,188,0.32457753309685805,1.307182103395462,2,200
244,0.21966869436545708,1.4502143330044217,2,18,0.02176235150819104,1.3118210434913635,2,26
245,0.2485976664763703,1.0550081086537195,2,126,0.05864924933415208,0.7428513526916504,2,141,0.26233710660600335,1.0297501147803614,2,200
246,0.2493919048550082,0.985225376628694,2,21
247,0.38700611536808455,1.1270060642905857,2,69
248,0.2586310804307828,1.0465169722835224,2,48,0.05819741629233878,0.9813711643218994,2,54,0.024191734751414597,0.376897191007932,2,66,0.34340294573464736,1.095566783632551,2,73,0.041607999430426416,0.7540614381432533,2,89,0.32187963927547697,1.0458452370431688,2,107
249,0.20631444587850037,1.2834908962249756,2,67,0.028380189012193753,1.4552084333018254,2,86,0.2620244664220877,1.3413369825908117,2,100,0.03982572934251993,1.1102346314324274,2,109,0.3083098932642125,1.4918535895399996,2,200
250,0.09480559432216414,1.3009453415870667,2,14,0.21567881864520927,1.2839331884974057,2,111,0.02671462638673489,0.5146137923002243,2,133,0.251898579817021,1.3612232083704934,2,200
251,0.28369836899006956,0.31975862801074983,2,200
252,0.05002784277032918,0.920834942297502,2,11,0.34470559805649476,0.8663056255741552,2,99,0.043939721832513136,0.3861282045642535,2,123,0.10372747215515389,0.5935390790303549,2,144,0.025111914981437954,0.5321026774389404,2,200
253,0.19869843270742432,0.9627665495872497,2,200
254,0.3035666947160626,0.5501488851649421,2,28,0.08258374651874198,0.8981355428695679,2,78,0.2729706964710668,0.7800228416919708,2,88,0.02041746239835212,0.9216623976826668,2,120,0.07561392860302293,0.8657609432935714,2,200
255,0.24571263015845402,1.091765709951812,2,102
256,0.33049654844382365,1.0624516390372014,2,69
257,0.32648179461355764,0.5989255656798681,2,12,0.01390982714798862,0.11401484584486163,2,49,0.20390750162133744,0.8906501348202045,2,62,0.01892121342613091,0.4419527689615885,2,77,0.2646191741758408,0.9947361087799073,2,102
258,0.29697315977394795,0.6503296556143925,2,58,0.04136818828890974,0.261745443656331,2,100,0.3086841277472672,0.654806450009346,2,200
259,0.27699946682018295,0.5465030182491649,2,11,0.02176999334894211,0.9188013351880587,2,37,0.3288420889395676,0.4549378571700465,2,200
260,0.23811274973173865,1.5191242093882285,2,121
261,0.2669333012576459,1.0870771540535822,2,18,0.028701933074766425,0.8951443072225227,2,79,0.23275927298823398,1.0703954696655273,2,93,0.03053746267158958,1.030685716205173,2,129,0.23164059411809765,1.241635477039176,2,200
262,0.3030636949970864,0.7587630286812782,2,200
263,0.2719069589412495,1.1320837876375984,2,17,0.033673351760322205,0.8165082362565127,2,83,0.24800666149321607,1.2437868463365656,2,121
264,0.3009990512216679,1.1984850391745567,2,64,0.04228118057204842,0.876497534605173,2,90,0.252560350684039,1.1278040766716004,2,100,0.030246136588298753,1.1457036998536851,2,109,0.3352507836513513,1.1823466164725167,2,123,0.054635022156676157,0.9917306105295817,2,141,0.022889933292325058,0.8391351362933284,2,164,0.3120646595007849,1.153172532717387,2,200
265,0.23522618300644066,0.7774277275258844,2,11,0.03276279532981233,0.7904169793639865,2,39,0.22346412318824627,0.948216418301837,2,200
266,0.31911366952210635,0.5877971181386634,2,79,0.035942777273227644,0.7486337785209928,2,107,0.2750291944057715,0.7165142291335649,2,200
267,0.38532738737746436,0.2850543618202209,2,5,0.014988355814124131,0.7094547640193593,2,16,0.041474083229152005,0.6834738091988997,2,38,0.21729018185878607,1.183270072325682,2,77
268,0.3116887058702426,0.964754296200616,2,28,0.014640286898408966,0.530548894777894,2,60,0.1264654403973544,1.0275190512339274,2,75,0.30177367759708096,0.9443489027023315,2,200
269,0.07661671636151372,0.616675819341953,2,26,0.29317579573329716,0.5673119677437677,2,71,0.04164168980377439,0.7005288600921631,2,78,0.18787904475357248,0.6248995512723923,2,102,0.03351836838131592,0.9606009721755981,2,114,0.1783118549045466,0.7606386817418612,2,127,0.06914710706095241,0.8363307404021422,2,175,0.29810431492281564,0.776136040687561,2,200
270,0.23388560408605258,1.361518152631246,2,104,0.021102631436488425,1.3259911707469396,2,111,0.31013185468039123,1.3730127503362934,2,200
271,0.28570978316797147,0.8592258279140179,2,13,0.05890388279237381,1.2747075671241397,2,34,0.2623873033570873,0.6011268755323008,2,186,0.12455765171157686,0.6191177708762032,2,200
272,0.32496693227682943,1.05118376658513,2,65,0.027392433351752517,0.6400233961286999,2,107,0.06684397771813552,0.6104367483745922,2,118,0.24141682183539,0.9774085779984792,2,130,0.022085684036249425,0.17928696603610597,2,159,0.2952684009302032,1.1358416167701162,2,200
273,0.3648560830411153,0.5554880951132093,2,70,0.2757908116939957,0.8460765095318065,2,87,0.02881080639024541,0.6880416425447615,2,150,0.22483987657802945,0.7555907567342123,2,153,0.028630507959024176,0.8480454264803136,2,200
274,0.2706956430528983,0.40758985877037046,2,95,0.021201488906414667,0.39705917437871296,2,110,0.4196138670664813,0.3451392352581024,2,116,0.1121215708495052,0.4327001382004131,2,127,0.042989058759052845,0.4946391317125869,2,200
275,0.2623567150248908,0.7810442430001718,2,135,0.0338498801518314,0.7879322237438626,2,144,0.20960673072808095,0.830010921724381,2,175,0.04038388978888953,1.1285007190704346,2,200
276,0.2036749045595024,0.6076270926673457,2,53,0.019996419166186472,0.586322169303894,2,78,0.22278219129485724,0.6119098046730305,2,194
277,0.024888023444919805,0.7092916825984387,2,47,0.10080805978185396,1.377177854379018,2,53
278,0.26048755068405743,0.9058070747475875,2,19,0.054802989219111066,0.9894150031937493,2,28,0.32270660740253004,1.541508463876588,2,140
279,0.23620326223245142,0.9868617689609528,2,200
280,0.32342407736548506,1.0704230864842732,2,24,0.032204675473916373,0.8751619032451085,2,73,0.22975231255359446,1.488837535564716,2,86
281,0.29731215548915535,1.038062504653273,2,58,0.03107131341678587,1.0428932309150696,2,76,0.22586282909570116,1.1375777942618144,2,173,0.04351983363589203,0.8842064440250397,2,191,0.3221376610319736,1.371253212292989,2,200
282,0.3172385382426501,1.0284838160953007,2,37,0.016089735577602002,0.6966778133064508,2,69,0.24297002416752078,0.7490796819329262,2,77,0.02087145403837502,0.5349921125632066,2,90,0.25748038089165054,1.1896346145206027,2,153,0.027440471140581225,0.7048127600487243,2,200
283,0.33497056262784586,1.7325560863201435,2,13,0.02763589637520595,0.5073088064789772,2,33,0.24955023731698034,1.7689059540629386,2,193
284,0.31484987549778365,0.7609347204367319,2,36
285,0.17023173088890978,0.951597769345556,2,56,0.05416027946708386,0.9858686575075475,2,97,0.24048625733800116,0.910877095328437,2,106
286,0.34785374398884455,1.0659971787379339,2,13,0.05957261802050554,0.868889331817627,2,25
287,0.29484202652015423,0.9479929948675221,2,29
288,0.39789520541828904,1.0524828744971233,2,46,0.03497380936620922,0.9134824790737845,2,68,0.25805073440715826,0.9891933600107828,2,89,0.08297752786312423,0.8499128421147665,2,101,0.026597883613118958,0.780406728386879,2,117,0.2886066429975103,0.9781107372707791,2,135
289,0.21156945798342536,0.9048175927665498,2,36,0.02508804729193445,0.5553937758270063,2,55,0.36090714890081266,0.9003246890174018,2,64,0.030282825238694768,0.7456131974856058,2,73,0.3438024804638425,0.8155097693908872,2,200
290,0.21355832807537964,0.9420517206192016,2,10,0.02674969421298928,0.6453875225523243,2,33,0.2650156858433214,1.048279384771983,2,51,0.02848722256397401,0.4756172448396683,2,77,0.2399843048743901,1.089641257999389,2,200
291,0.3142140909517,1.021827969286177,2,36,0.02069132943134757,0.6231527468737434,2,70,0.2971391247984419,1.0017263449155367,2,200
292,0.33054481700641697,0.4348223701119423,2,200
293,0.2933142980739687,0.8281512619545741,2,161
294,0.3690043415382168,1.3342146813869475,2,20
295,0.2851053192348532,1.0690398343971796,2,28
296,0.2802027408943731,1.1030786523112543,2,54
297,0.2586091871276229,0.8846636811892191,2,30,0.07779404245373851,0.9441642610120101,2,101,0.36140310309431667,0.7042524814605713,2,181,0.02463574839427244,0.8011017481486002,2,196,0.09759812052426667,0.7924844920635223,2,200
298,0.2603774897051535,0.9424635342189244,2,77,0.0456657963340646,0.7724439596587961,2,121,0.22428302320355287,0.8086360732714335,2,136
299,0.26349542415654426,1.051950581793515,2,106,0.0364054921409024,0.7376488164067269,2,146,0.2731399755561615,1.1960475974612765,2,200
300,0.26983590764914156,0.8747305062509352,2,31,0.021402424329489224,0.4013586938381195,2,50,0.29148101643107804,0.8289964397748312,2,68,0.02907087481402345,0.5897822976112366,2,74
301,0.2864328798521242,0.8576466306707913,2,133,0.0493874142698713,0.831797678079178,2,200
