0,0.03385459299996634,1.0338125789866728,2,17,0.12990075910512852,0.9540586379858164,2,30,0.06768736675411494,0.7612757342202323,2,37,0.21048839063156996,0.744117191859654,2,86,0.03908305393800465,0.7451107223828634,2,101,0.4210921493500976,0.717169894112481,2,119,0.04671579224588626,0.6113080363950611,2,200
1,0.28603807330650916,0.9202619118075217,2,31,0.054060194464009156,0.9846110485848927,2,73,0.26888871444835066,0.8692842498421669,2,81,0.049615982150886584,0.9591020765758697,2,186,0.2576266430864892,0.7335384104933057,2,200
2,0.3233882555197071,1.2812364837702583,2,34
3,0.257326202102732,0.7344556640064905,2,126,0.025892735385128453,0.8615209715706962,2,133,0.25127318543960653,0.7582079972793807,2,200
4,0.2359315346620216,1.023932812542751,2,58,0.06020267511834146,0.8474107368124856,2,94,0.20307109349597754,0.8261878689130148,2,106,0.04013620257543244,0.7783678465419346,2,151,0.08894539026581404,0.8007318888391767,2,172,0.022593274572039832,0.4637435997525851,2,184,0.25125063262159697,1.0974569022655487,2,200
5,0.2320300721782352,1.0206262550570748,2,88,0.0212009538763315,0.5382549219271716,2,105,0.341617242928199,1.077364750912315,2,200
6,0.17594253397602266,1.5182900492634093,2,56
7,0.25050757746836305,1.2570777237415314,2,24
8,0.3354597014479827,1.4138453253384293,2,29
9,0.23386876753897756,1.3032664438852897,2,104
10,0.34705029237412505,0.8691447219427895,2,34,0.02662845859270512,0.7272501425309614,2,45,0.21645340368935273,0.9427721536520756,2,78,0.036957109015973606,0.49802646853707055,2,100,0.3253651895968539,0.9521824705600739,2,200
11,0.2273815210035818,0.7357596439473769,2,34,0.0733361541892138,0.8132411360740661,2,44,0.20541212765164094,0.6996814612394724,2,200
12,0.30095159327877324,1.642661166191101,2,5,0.06885394957086438,1.5715479850769043,2,12,0.38723285389925144,1.6333751678466797,2,32,0.027810420850219248,0.8646323204040527,2,52,0.10534567742246101,0.7539714694023132,2,62,0.30496798599386293,1.4997159945659149,2,101,0.03105166654727994,0.652492916142499,2,128,0.23373844884616835,1.5465498048326243,2,174,0.05689623411382374,1.3534544110298157,2,200
13,0.27931776825306254,0.9467444199323655,2,200
14,0.05536725446406657,0.8795993136508125,2,28,0.3614198991030498,1.1563502338197496,2,73,0.01814604150980096,0.6994721839825312,2,85,0.2783031177720359,1.0337751430013906,2,200
15,0.16352694769337264,0.8108967343966166,2,15,0.3509178379115883,0.8313104542526039,2,200
16,0.3127365981117451,0.9122350052112841,2,131,0.030045115192422093,0.41439664363861084,2,150,0.2913806300920279,0.617372624874115,2,200
17,0.2361403744693526,1.1556491727052733,2,172
18,0.48031140833143815,1.6611032634973526,2,32
19,0.28942258527081677,0.8913202469165509,2,13,0.02594714719465799,0.250809188072498,2,26,0.22170106411368173,0.9838533243712257,2,94,0.03340649752819728,0.5858651833100752,2,105,0.3050058053145391,1.0286214398710352,2,181
20,0.3951321524833644,0.5456241901431765,2,28
21,0.03756573859577151,1.088347363471985,2,20,0.2294777586010278,0.9149798317389055,2,108
22,0.23139948605779526,1.149464921951294,2,50,0.02989738858559973,0.9124247928460439,2,98,0.17960497726432717,1.0609793147525273,2,135,0.03158450898256653,1.1572609376907348,2,160,0.28130222310531555,0.9907703220844268,2,200
23,0.25970948071711036,0.8814114049077034,2,200
24,0.3327264707287356,0.8038774001316762,2,127,0.028487432520172027,0.2410680419868893,2,145,0.3418032935378197,0.8742618430744518,2,200
25,0.2336987823712732,1.072568240761757,2,200
26,0.2722591052221658,1.587500528377645,2,68,0.16898617105040106,1.5155395203166537,2,104,0.04977948033730764,0.43165686300822664,2,118,0.19098370171444076,1.1797691742579142,2,133,0.03456720615713823,0.5152957495805379,2,170,0.17695665034634336,0.8931962847709656,2,173,0.38803180289158257,1.5770791150905468,2,200
27,0.2629404448157161,0.40116935763873307,2,102,0.0486110291237535,0.5444822427299287,2,120,0.26650060215854887,0.4608460981398821,2,200
28,0.2097228174841732,0.9706571617641965,2,37
29,0.22667296025114372,0.9308338875953968,2,104
30,0.2634628968055023,0.5917607538402081,2,80,0.03429545635655451,0.609127548607913,2,91,0.30862423638120556,0.5795080851424824,2,157,0.06901846238518153,0.8312775322369167,2,164,0.3724636465907247,0.5952435731887817,2,200
31,0.37372819726966666,1.7088861557153554,2,39
32,0.3025059732526105,0.304727433770895,2,200
33,0.3168048835148637,0.8513738910357157,2,6,0.019942489288114613,0.09690739139914513,2,26,0.43716452875231204,1.0109470412135124,2,42,0.06483403821998797,0.9543630331754684,2,50,0.2560351105048537,1.030479664090036,2,137,0.03960197464970086,1.0036851631270514,2,155,0.02457931373985887,0.48099712089256,2,182,0.45469620714867615,0.8008472555213504,2,200
34,0.29793042723146873,1.554662138223648,2,84,0.07641641979819584,1.368895791825794,2,105,0.2921398483467837,1.5491171610982795,2,200
35,0.3474613119172222,1.323520812319546,2,164
36,0.24717538722011273,1.1648288832770453,2,27
37,0.20859615610222967,1.3844239967209953,2,84,0.07204423023361875,1.058686786227756,2,93,0.24987595913513627,1.2725222077325127,2,200
38,0.3276460701847448,0.9262797114523974,2,88
39,0.44257058500112395,1.4730002880096436,2,10,0.023251781963256453,0.2785356981413705,2,31,0.26611199194751095,1.2712496674579123,2,77
40,0.026917795598780585,0.42217557238680975,2,28
41,0.0531214596349336,0.4632049865192837,2,9,0.013360085692632456,0.9735567740031651,2,30
42,0.2135937136211682,1.7597326574040884,2,67
43,0.28972662139992844,1.8544761192414068,2,62
44,0.29846399349168146,1.2914779795159539,2,139,0.05560393048821923,1.2874944474962022,2,148,0.2539924677630452,1.2852131655583015,2,200
45,0.2666528274515016,1.110653783593859,2,28
46,0.3035237357602049,1.4793081335399463,2,23
47,0.2511164569594491,1.037573967128992,2,64
48,0.12151586899448825,1.0784783916813987,2,28,0.24964205283912969,0.9996176393408525,2,66,0.04914704402623238,1.02445796347156,2,163,0.33630873127105165,0.8918531005446976,2,200
49,0.3183449387254789,0.3793120796632285,2,99
50,0.2827202519486651,0.5299347212440089,2,95
51,0.3004957834899836,0.9809719689038335,2,49,0.04466092603827326,0.8607953569063773,2,101,0.22799954458757624,0.9610955931923606,2,178,0.044232554452789535,0.888907792893323,2,200
52,0.24179751810921923,0.8556225852268499,2,123,0.03170911084508534,0.8800157050291697,2,183,0.0824666850872767,0.9120774269104004,2,200
53,0.2970587757294538,1.342399218889672,2,127,0.019676560271045012,0.34159140288829803,2,145,0.2806240630457979,1.3118216514587402,2,200
54,0.3073887896058588,0.5772610902786255,2,3,0.033293335854335276,0.6366550028324127,2,63,0.06084082094514748,0.8159602522850037,2,68,0.3837498704913615,0.9518773219802162,2,178,0.06346654457998092,0.5729153833606027,2,200
55,0.23772052572139948,0.7155899584741521,2,133
56,0.3687064987798897,1.6350904422647812,2,17,0.025528687688095318,0.5392755784094334,2,57,0.3170561924925956,1.595960605602998,2,109
57,0.4385979875259294,1.1921522800738995,2,26,0.05148242823099504,0.9674215997968402,2,33,0.4054296500062343,1.2427716595785958,2,54,0.07269308105909078,1.2611769097191947,2,61,0.3670754192775357,1.202174357005528,2,145,0.03163379721209099,0.7688519159952799,2,157,0.31469008566185397,1.2041480763013972,2,200
58,0.25680263936709713,0.9216385486721993,2,200
59,0.3034196384971082,0.8449922830630572,2,78,0.027078068107719767,0.6057805478572845,2,88,0.11252992031367336,0.6682013690471649,2,108,0.04393740170578653,0.5575899915261702,2,119,0.25724093557635985,0.9836913347244263,2,162,0.050805231194467365,0.6184946656227112,2,187,0.13096191460516438,0.644905319580665,2,200
60,0.34304992643186616,1.0626195044744582,2,21,0.05648348632664745,0.7942936817804972,2,24,0.021638578765408867,0.18719645341237387,2,45,0.30437019396945386,0.986892835299174,2,60
61,0.37688441104310955,1.005921240122813,2,53
62,0.2375176525023166,0.7414968067407608,2,200
63,0.3562149116997467,0.7808855825000339,2,45,0.026288137701945033,0.3744710485140483,2,72,0.26742401601462656,0.799818195918999,2,173,0.01671906529082385,0.5547357350587845,2,185,0.5413765368702612,0.9285587271054586,2,200
64,0.27611041064484587,1.0416325354262401,2,152,0.024850585071136966,0.6812307126820087,2,200
65,0.2064068132293722,0.8645153686404228,2,200
66,0.2703566935159727,1.2685379860174917,2,137,0.04008980129412894,0.7446327022143773,2,172,0.24086836955586938,1.3020769698279244,2,200
67,0.34875572039397046,0.5173979545972363,2,161,0.034774551093318236,0.7055726066613809,2,200
68,0.25086942564812076,1.0380130279195177,2,182,0.15210858476294215,0.7772352933883667,2,187,0.03659723950740501,0.6158759823212256,2,200
69,0.23527879231253182,1.4201836585998535,2,5,0.04611618599143168,0.6389205877979597,2,29,0.26320780784606734,1.2646077798760456,2,144,0.029345713610288312,0.7695043704339436,2,172,0.27517901879220363,1.2873795458248682,2,200
70,0.24732730514981505,0.8617454024104328,2,77
71,0.04383829665190447,1.1255953257734126,2,22
72,0.0312098436524323,0.7117778290720547,2,34,0.12204458272226767,0.6773142583908573,2,65,0.05232479878221745,0.6882844160903584,2,87,0.2878473687519422,0.666269158522288,2,162,0.024951781164817666,0.8747877588397578,2,200
73,0.24645770527714736,0.5662320196628571,2,200
74,0.30019697080344676,0.8199801647547379,2,103,0.033903311315725604,1.0724309499447162,2,129,0.1236538306520582,0.9482838988304139,2,139,0.011275920050803393,0.8387983292341232,2,151,0.22087109817690934,0.7262635678052902,2,155,0.03976097550582136,1.1161194281144575,2,177,0.27705278192033206,1.133993174718774,2,200
75,0.30981400326833114,0.6353819525241852,2,200
76,0.17795724419493486,1.0400736803232238,2,43,0.037665810643859134,1.0446371350969588,2,50,0.2411558237418059,0.9893753012021382,2,200
77,0.29192177695548194,0.9035274028778076,2,15,0.06635213748474265,0.9181244995283044,2,38,0.273570200037926,0.8040814075940921,2,200
78,0.26386438547414326,1.4480717424454728,2,123
79,0.15572396104704378,0.7313078880310059,2,5,0.03746274334161318,0.7689234859803143,2,22,0.360691986758527,0.832776311565848,2,56,0.03667035215655103,0.9729432142697848,2,69,0.29043281650500236,0.8708086808522543,2,75,0.01817490467265604,0.5163035839796066,2,87,0.3616477544403049,1.058542788028717,2,95,0.03762568582675996,0.7580706663429737,2,111,0.24570486718089457,1.251923815624134,2,148,0.04449417147692087,0.7546377989553636,2,179,0.3286611572358224,1.0456107741310483,2,200
80,0.04297751537209448,0.5241149621350425,2,42,0.252743081964649,0.7943866768879677,2,109,0.03993575724427108,0.8899877336290147,2,118,0.2750451126558364,0.7458331643081293,2,200
81,0.27194364563256784,0.4898704525828361,2,200
82,0.24909771072043368,0.6031151798324309,2,138,0.10990290465535585,0.6492748941693988,2,159,0.2512614736776566,0.7428205687066783,2,182,0.19206334092494928,0.8751610219478607,2,186,0.09088047566982732,1.1004111937114172,2,200
83,0.2505062487587135,0.8788905467017222,2,59,0.22731687359398794,0.6119889966212213,2,187,0.2676105908876302,1.0517731538185706,2,200
84,0.30287286326828683,0.8119762063026428,2,15,0.04066759679324308,0.5205896612670686,2,51,0.26971236015787886,0.875796360274156,2,75,0.098858712320298,0.8640647422183644,2,86
85,0.22528904963472823,1.124590711715894,2,39
86,0.2931245439014231,1.358317679372327,2,29
87,0.27007809865445187,1.031753713229917,2,53
88,0.45805640956060606,0.6884687786752527,2,22,0.0301839479412181,0.7076291327293103,2,48,0.2748738326024828,0.5836719378181126,2,71,0.030005519605794596,0.6222795406977336,2,86,0.32620362319711904,0.6357856356261069,2,200
89,0.25496824503122223,0.46727728364111365,2,87,0.04206885659401365,0.36256842393624156,2,106,0.3011683890092608,0.5046694928661306,2,200
90,0.2833478053415983,0.753139988281006,2,172,0.04144234354806256,0.9875832498073578,2,188,0.1045622205780639,0.8586898595094681,2,200
91,0.2269316617540935,0.9566367723725059,2,110,0.028759366925675434,0.7845431102646722,2,119
92,0.10791138686892102,1.0541487693786622,2,20,0.29705072166151875,1.0380934708648257,2,56,0.02102686822690028,0.22978326181570688,2,71,0.3165969388708092,0.9486391914301905,2,100,0.0731701450071443,0.6448033392429352,2,120,0.23897091131440396,0.9249311342383876,2,153,0.07191999615535657,0.9647791236639023,2,169,0.26569772255402463,0.9548085774144819,2,200
93,0.3273623480322107,1.0171410322189331,2,15,0.061767777592196496,1.0068961942897123,2,49,0.21750229219070574,1.003458541982314,2,66,0.02967439164586198,0.9581307232379913,2,86,0.2705596413810707,1.14564143356524,2,200
94,0.28808204908260376,0.7707071298360825,2,200
95,0.3429774226088664,0.6824045305128221,2,77,0.04759903729976362,0.7240844362311893,2,167,0.2442937400349623,0.6395707256866224,2,200
96,0.30943020560054507,0.9738007654314456,2,92,0.06434741977113427,0.9378499984741211,2,109,0.02754418736020781,1.0448562979698182,2,149,0.32319327394924463,0.7441790955407279,2,156
97,0.2608489260818957,0.24130378638704617,2,60
98,0.19441787538064717,0.5586040655249044,2,38,0.01704226592386563,0.35614538164092946,2,90,0.26024617543340145,0.18242490109132262,2,139
99,0.03245284212520735,0.30059057772159575,2,10,0.44433322571527567,1.1111412048339844,2,25,0.025728037321304072,0.8411518077055613,2,55,0.2830713011371142,1.0218614908781918,2,99,0.017298411451749426,1.103074039731707,2,120,0.26066504632203774,0.8929692633450032,2,200
100,0.22981217302651913,0.9110330315736624,2,65,0.0627597872789432,0.8213822392935164,2,154,0.2744459827257603,0.666862428188324,2,162,0.0198122996474699,0.8637585565447807,2,170,0.29442121437151003,0.7111297670532676,2,187
101,0.23421373015113509,1.2760680547127357,2,65,0.017195242169099824,0.6577573764324188,2,115,0.24521467272163194,1.3821653504120677,2,191
102,0.16205414565669946,1.4842055246863566,2,71,0.027143013958636684,0.7323711249563429,2,98
103,0.029620196060769485,0.3576145659793507,2,11,0.2788758172438234,1.4954901022069595,2,147
104,0.2004799638335496,0.7850130531522963,2,9,0.06419315242487064,0.5144754946231842,2,44,0.24553973255803827,1.0021085795015097,2,108,0.07563618537825634,0.7895685374736786,2,118,0.2543365230325379,0.9632208216481093,2,200
105,0.2628155506355577,0.7444053563204679,2,11,0.04155757804150837,0.7390987285927161,2,78,0.26625047670493235,1.0601416122717935,2,200
106,0.25576658427667864,0.4885117675623168,2,184,0.028008990826748674,0.5751023516058922,2,200
107,0.3682667111226648,1.1130743622779846,2,16,0.12652635227037776,1.0142665372954474,2,34,0.048810851949205716,0.6378283953666687,2,59,0.2593847702071536,0.6688342293103536,2,65,0.32611148761087655,1.0422672704414084,2,200
108,0.2550751998529318,0.3881467847447646,2,76,0.24224239605611422,0.6752738344903085,2,127,0.3317127712446373,0.2863980194455699,2,184,0.224293573869495,1.2671034634113312,2,188,0.07212841761367267,1.4963364998499553,2,200
109,0.22784548013387096,0.9190444762890155,2,13,0.053282905745352556,0.20676585802665123,2,26,0.2794928253817303,1.1199110041965137,2,48,0.051157442656481214,0.6611135254303614,2,60,0.2774085319095983,1.0526766379674275,2,72,0.0350052900934845,0.4605460450053215,2,92,0.32954756257279705,1.2686060512507404,2,200
110,0.2778616287493582,0.6982467466592789,2,200
111,0.301150299334726,0.9234283965209434,2,145,0.026243891816006438,1.0498125878247349,2,156,0.37041228786950475,0.9270473556085066,2,200
112,0.25399919346288313,1.3367094823292323,2,7,0.0481998185320599,1.3193423589070639,2,37,0.3989779249526015,1.289559082287114,2,119
113,0.29377822189982944,1.37271788562696,2,97,0.02188937020542919,0.22459047761830417,2,119,0.33049483242883837,1.3554351998097969,2,185,0.1556457267465308,0.8441757758458456,2,188,0.052627602904523334,0.362078033387661,2,200
114,0.2719063637472684,1.2419763306776683,2,36,0.01996341385902061,0.7507510962693588,2,59,0.25305693806160484,1.2155319135636091,2,123,0.045243641973770864,0.6891067867376366,2,172,0.18600792770738628,0.8629139704363686,2,200
115,0.2647108153649066,1.091412527486682,2,64,0.08539468258278952,1.0203715145587922,2,84,0.2721908986433096,0.9099919492828434,2,200
116,0.3378811287047558,0.9383758517760264,2,79,0.017080264535543108,0.3831046000123024,2,91,0.24504985354553196,0.7794071681359235,2,159,0.10100683099110837,0.7332052707672119,2,169,0.42361283934382543,1.0521897955944663,2,188,0.039551276819893205,0.39130041748285294,2,200
117,0.07484469191338518,0.5538303852081299,2,5,0.23106305069663452,0.5773744238274438,2,75,0.023682200723720473,0.5591634291978109,2,117,0.2620046358137092,0.8152436629518286,2,194,0.8783335399715406,1.0649442275365193,2,200
118,0.2004295410027677,0.6863079130649566,2,10,0.028603797096863115,0.6335042584687471,2,42,0.2943607663268881,0.9897896581225925,2,51
119,0.3755593448193402,0.5884883891452443,2,11,0.02600567954073304,0.6756062196648639,2,34,0.17779512615880708,0.5704206294483609,2,43
120,0.24725471818293,0.214700515071551,2,3,0.022603482284697177,0.17604678589850664,2,19,0.30285865720790484,1.1760291977534219,2,145
121,0.270539639004641,0.798005031645298,2,200
122,0.3212345190725158,0.8209065657801333,2,113,0.03350703152178978,0.9650122274955114,2,125,0.3652170954318871,0.8158175701997719,2,174,0.017585654803656987,0.29421343539769834,2,200
123,0.3724112608634461,0.8197792172431946,2,15,0.020263963260819386,0.44434471593962777,2,42,0.08358396694342923,0.7708836078643799,2,52,0.03434121283004966,0.5319932008331473,2,96,0.3305975322402746,1.005505628310717,2,200
124,0.3510350660709942,0.9006718885427141,2,177,0.12117931964885421,1.1644890930341638,2,200
125,0.1769422733969023,0.9508854548136393,2,6,0.05142007716857356,0.8031592482252966,2,85,0.23414045824984106,0.9481121788854184,2,200
126,0.369557146269423,1.3250133914332236,2,31
127,0.25962260590490877,1.007277899980545,2,20
128,0.28100622701108996,1.3317409232258797,2,16,0.019319319231897825,0.48122238009064283,2,43,0.07017340478487409,1.2797159105539322,2,51,0.34359209177461697,1.158907140661406,2,200
129,0.21019665088504666,0.38823546171188356,2,5,0.014038378981121766,0.6442104667425156,2,25,0.2837202517367226,1.461271494626999,2,33
130,0.30193516838396683,1.1887367421388626,2,200
131,0.26199195776776,0.5750406339652556,2,133,0.012358323733673652,0.4233480972402236,2,150,0.32851112085406814,0.5495983242988587,2,160,0.018776257398193323,0.405429220944643,2,200
132,0.25074557667668773,1.3505571881930034,2,54,0.013976567882301784,0.25590059862417336,2,71,0.304165742732599,1.3905710650653373,2,153,0.028919151883027242,1.211227960884571,2,169,0.10619897981960624,1.3907515446345011,2,184,0.3633303243832437,1.3497268557548523,2,200
133,0.3070476651786617,0.8186903375468843,2,73,0.033844153718465254,0.29825632167713984,2,87,0.3034073442582972,1.1679590898277485,2,200
134,0.4057198902052526,1.0048582553863525,2,3,0.023331935825859056,0.2908274124066035,2,18,0.30766463931691257,0.9568649602658821,2,51
135,0.4220835989196951,0.49458548525969187,2,30
136,0.3058691214543666,0.8518338711822734,2,34
137,0.03125373999499669,0.8115935226281484,2,18,0.1962114905056966,1.4722083175883574,2,188,0.04798249369762834,0.9712205082178116,2,200
138,0.23376422807159405,1.6786969567204382,2,111,0.07456160825311717,1.4865034011102491,2,142,0.23398508622837383,1.7136027319677944,2,200
139,0.31592397328949184,1.3018760756329373,2,111,0.07724465864653057,1.2913323243459065,2,132,0.027332373982874573,0.1764876696657627,2,179,0.21011721248741502,1.2178012274560475,2,200
140,0.2897489217831375,1.1866338135490955,2,71
141,0.3676946665699322,1.3683690814410938,2,34
142,0.27505309340800466,0.929569233904828,2,91
143,0.02769555396283313,0.48990537426364955,2,67
144,0.26548708822775574,0.7927532882401438,2,66
145,0.05521424329330837,0.6770459764144,2,17,0.4615460232629413,0.5004379376769066,2,21
146,0.2346085704062804,1.0378960569699605,2,78,0.019366998952014155,0.38006794899702073,2,98,0.21869806848334825,1.0694700330495834,2,154
147,0.19593209923363475,1.0068748856699743,2,43
148,0.26901606573719583,1.466272772626674,2,47,0.04978287802604086,0.8035383105278016,2,77,0.13937715613648377,0.8818253397941589,2,82,0.1698178719770118,1.4344405829906464,2,94,0.06110415633087054,0.5517213761806488,2,104,0.21142532617393286,1.4822126788062018,2,178,0.026069728746381055,1.4137234321007361,2,191,0.29724660827216215,1.4831820593939886,2,200
149,0.1630074029263188,0.8539310043508356,2,22,0.06429829800840361,0.7933433794975281,2,47,0.24868267848507605,0.9455805291300234,2,116,0.022606492648208933,0.6969862602375172,2,170,0.12063029669369525,1.0177846908569337,2,190,0.02482153806913647,0.9956901550292969,2,200
150,0.46419297122854525,1.8506613492965698,2,5,0.01910927972223228,0.8422817240158716,2,29,0.26629632913353835,1.6219897932476468,2,47
151,0.3359559224000013,0.8931643095883456,2,66,0.04237014366031457,0.8099952578544617,2,71,0.3188680567479525,0.7336731408978556,2,162,0.018958685845988435,0.23850736257277036,2,200
152,0.3213785191090015,1.6069361096204713,2,86,0.03963258100749501,1.6158944765726726,2,95,0.22511784048101163,1.637687535513015,2,200
153,0.2801213079994409,1.371612220340305,2,90,0.031337820280416394,0.2518896013498306,2,102,0.3188838866269224,1.3601156035248114,2,200
154,0.31419845536817265,1.0888950064942078,2,91
155,0.26761731434303226,0.5187261259326568,2,52,0.025020735221787667,0.5238566725484787,2,83,0.058077285846734016,0.55985649732443,2,96,0.26439605196431065,0.699201286985324,2,200
156,0.28790030480397183,1.3190231874381027,2,146,0.037877559181378015,1.2607956329981487,2,158,0.10579747826669272,1.1161489963531495,2,173,0.26027505040266397,1.345172820267854,2,200
157,0.2896857562034909,0.5774227765202522,2,200
158,0.3311766944469634,0.5970488985379537,2,45,0.02238936514204651,0.5693518015054556,2,71,0.3011363175812793,0.8309604738109796,2,200
159,0.3232478956465523,1.5209803059697151,2,48
160,0.335311766921156,1.2476536929607391,2,12,0.028979401996957373,0.1796953422682626,2,33,0.28938431843238505,1.1517087113991211,2,122,0.018661169533790694,0.9375948682427406,2,130,0.2756142417549714,1.1616598691259112,2,200
161,0.08938420980155512,1.1170714974403382,2,10,0.2501573851808054,0.7419439758827437,2,77,0.046946812471645276,0.6233502963314885,2,100,0.3508804104408385,0.6683482098579406,2,200
162,0.26840824607167213,0.8008797231316567,2,200
163,0.2965502916529575,1.225336695710818,2,24
164,0.2563264294711339,1.267039749622345,2,200
165,0.28597647109199675,0.6046307307950566,2,89,0.04952409971422138,0.6569704275864822,2,102,0.2723188347140783,0.5242508266653333,2,200
166,0.4135321682038066,1.0014413330290053,2,18,0.03017406209608597,0.27391961216926575,2,39,0.34843870021802864,0.9516790263793048,2,141,0.025044586394513083,0.1429688212199089,2,180,0.35075069599666503,1.0575728952884673,2,200
167,0.021018030121494478,0.38103680064280826,2,12,0.3155286078097793,0.6641895170094537,2,134,0.018535241898873484,0.2369116474139063,2,191,0.16951232620949166,0.36409423583083683,2,200
168,0.2975083319530548,1.206482628583908,2,100
169,0.2509651289469161,1.0394233152514598,2,61,0.014750531369290491,0.21502621259008134,2,82
170,0.03995459330748318,0.7815862718750449,2,17,0.2502279401115583,0.9884543197402538,2,200
171,0.4556151852695517,0.6942950349587661,2,26,0.16632777939504287,0.8306171596050262,2,66,0.019270546097953357,0.4592497673901645,2,77,0.3359860762752653,0.8171691596508026,2,87,0.048944714215308424,0.643487294514974,2,117,0.2230192745597522,1.1599225865470038,2,126,0.03462143527144085,1.2348638211979586,2,143,0.28327609945232957,1.1446572061170612,2,200
172,0.19414270773395695,1.5728506606978339,2,74,0.041709656321289555,0.7813608705997467,2,84,0.2050261603392412,1.5902228156725566,2,162,0.017897163631716145,0.5407358218323101,2,184,0.3964865116478167,1.6411354839801788,2,200
173,0.2436442533560016,1.1107845497131348,2,200
174,0.3745189774712786,1.025988683456511,2,127,0.0753846989284536,0.7880106324499304,2,149,0.32880786440719245,1.1162306511843647,2,176,0.030107118012885476,0.45692404875388515,2,189,0.29177329062746415,1.0919118306853555,2,200
175,0.27524778792389143,0.5938084244728088,2,5,0.01974587077935626,0.2652521625161171,2,45,0.29637249794917314,0.8961674124002457,2,53,0.023654895376191074,0.11185788719550423,2,76,0.33506697694458365,0.9192800212789465,2,103
176,0.2198610180862631,0.659384430840958,2,43
177,0.09177395146154592,1.006965132860037,2,13,0.2020814577494175,1.1440020871884895,2,46,0.03353616807010475,0.934617857779226,2,77,0.19366107561472795,0.897517611583074,2,89,0.0271171572043539,0.9414167006810507,2,101,0.20933050422912972,1.1899093312102478,2,178,0.03261662384294637,0.9581288153474982,2,200
178,0.3423184709102668,1.6731335265295846,2,7,0.040318506433893474,1.0951134878046371,2,41,0.2224585998033707,1.4120730582405538,2,58,0.051639844967871405,0.5079741554600852,2,93,0.565582388253465,1.4188080132007599,2,97,0.023847941806047115,0.5544077431162199,2,121,0.19933207682456963,1.4905585533455958,2,200
179,0.2740232846372007,1.0799298137426376,2,88,0.10921051671750584,0.6328139730862209,2,95,0.03571891926563141,0.4882446490228176,2,111,0.3052540615972079,1.0159309526507774,2,200
180,0.26824406410406443,1.0295228829254974,2,74,0.0916158742987788,0.9058717030745286,2,100,0.04205964889508159,0.868512956535115,2,168,0.2312655098624024,1.0440908409655094,2,200
181,0.2893067104374428,1.3330231709266775,2,67
182,0.04979501153434982,0.51709678539863,2,13,0.24810339150155986,0.9003262973350027,2,59
183,0.3321330137526854,0.9926588492734092,2,56,0.08092998124430394,0.9363899893230863,2,65,0.013505652014739125,0.9529333313306173,2,77,0.2532731606693245,0.962151435288516,2,121
184,0.27667749306947875,0.7800559651851654,2,200
185,0.2419734292388088,1.7596383690834045,2,20,0.02981839600332015,0.9496871608274954,2,74,0.26785628713937976,1.8022406101226807,2,120,0.054180344985183274,0.7357463186437433,2,131,0.020766875347257654,0.8836910836398602,2,163,0.271033334682181,1.5164723331863816,2,200
186,0.3158378474236392,0.5304951032866603,2,46,0.050296708625616776,0.670742412408193,2,58,0.32644925661857044,0.5432210436889103,2,72,0.043304810841520006,0.5984596785377053,2,106,0.29247555042758977,0.7150877359065604,2,200
187,0.3036382618991451,0.489652765840292,2,200
188,0.21830457028703978,1.1868018555262732,2,63,0.07951013914479561,1.0980806648731232,2,67,0.0659688206791077,0.9114965461194515,2,163,0.2825043123867532,1.2361802056029036,2,200
189,0.15554953973494584,1.1445066928863525,2,15,0.3270396744881407,1.155851623747084,2,105
190,0.4237103895956334,1.2493695092201234,2,50,0.027576250249576252,0.4333669662475586,2,60
191,0.1881308756411476,1.6636947567099767,2,151,0.018374341080771687,0.6603618771941574,2,178,0.5118775158961979,1.2176820933818817,2,182,0.0399395265050373,0.3467462013165156,2,200
192,0.15802756415680042,0.574083100346958,2,17,0.029064048264397093,0.4764800405218488,2,59,0.28180725904459875,0.5414768047146983,2,136,0.06578604178020936,0.5451295100152492,2,176,0.22392956161779345,0.5809296692411104,2,200
193,0.03057030506910445,0.38315315047899884,2,27,0.2617254024724827,0.9252756289813829,2,73,0.029174827892112936,0.6165335899905154,2,111,0.25525577837057933,0.7695615887641907,2,119,0.02391769007456836,0.5336927117085924,2,170,0.22323424786447688,1.0146809418996174,2,200
194,0.3355102650129433,0.4633572075552153,2,103,0.10138190896253557,0.6918393731117248,2,113,0.3593727936927618,0.4873513089514327,2,200
195,0.29544327203096354,0.5516609148262372,2,153,0.025653988278355834,0.40075696011384326,2,171,0.260208542117679,0.5032209106560411,2,200
196,0.3264056257086381,1.0024615812301636,2,50,0.02771970497865348,0.9521056158202035,2,92,0.2233473031620441,1.0240335941314698,2,97,0.02286452882113115,0.7296035389105479,2,121,0.3333824954601414,1.0866139051390857,2,162,0.02795179265138803,0.6709868778353152,2,185,0.43605620656777055,1.0968876600265502,2,200
197,0.2282662235299356,0.6695821642875671,2,200
198,0.2777331400223572,1.5626173200029316,2,33
199,0.24337933168641887,0.9421758466958999,2,200
200,0.3488206119120516,1.449278896315056,2,57
201,0.1933820228820115,1.0561883167640582,2,74,0.01737568803912151,0.5815481894156512,2,91,0.2636027136980401,1.1157886150780074,2,200
202,0.31217098330388054,0.7759083613105442,2,46,0.025947651089429515,0.4923987404296273,2,84,0.31659618034734077,0.5475206896662712,2,136,0.06480283052853968,0.6897539338096976,2,200
203,0.3445424542358117,0.668930983543396,2,70,0.12204200279330286,0.6942155838012696,2,90,0.3573487302432133,0.7218864262104034,2,120,0.038576974283218775,0.8786688269452846,2,167,0.3171462665794816,0.6748949668624185,2,178,0.020607394583404683,0.7874686498391,2,197,0.9332712909029296,1.035179853439331,2,200
204,0.37900838924660635,1.1731963419332736,2,41
205,0.29467757188430094,0.7832148319635636,2,39,0.021503780115271237,0.7575331926345825,2,49,0.31307348585321165,0.7576434491044384,2,108,0.05833197641829794,0.7866604541029248,2,122,0.027107324820390372,0.7453527654089579,2,163,0.24769111729412208,0.7564546143686449,2,200
206,0.3165500612785709,1.084026488390836,2,22,0.08083777757739985,1.0724022835493088,2,30,0.28514650430846006,1.0653624931971233,2,36,0.023557462721868372,0.687994791113812,2,59,0.36040356040139,1.0234087883157934,2,200
207,0.0342435179608645,0.6703055799007416,2,52,0.3870324869327651,0.612253052847726,2,59,0.033491337008004995,0.6995956576787509,2,72,0.32461523479140497,0.8407025779597461,2,200
208,0.3194656802084464,0.6754116135835647,2,200
209,0.2936855465084549,1.1547220587730407,2,50,0.02747574022273136,0.2226497267301266,2,76,0.27090566207442784,1.0846327543258667,2,118,0.04815983161419926,0.7836413672476104,2,151,0.31178877478719014,1.086342174073924,2,174,0.013671758416421785,0.6702250838279724,2,183,0.2938264573251506,0.9979908115723554,2,200
210,0.24681717309436096,0.37235113978385925,2,5,0.01534399883982082,0.250153944347844,2,38,0.34239643438949857,1.4514211460396096,2,65,0.018141020857403208,0.5140163405817382,2,114,0.26300906582278527,1.461617478957543,2,127
211,0.3382658738212681,0.8597313733327956,2,21,0.021226330970107003,0.464397427936395,2,45,0.30151339614824574,0.9475554643138763,2,200
212,0.30626576071977024,0.7482773554325104,2,200
213,0.2505775794077585,1.0540572970001787,2,135,0.05550939363200178,0.6446662192994898,2,157,0.31969895100616147,1.0620011617971021,2,200
214,0.2697860306037149,0.7499558231409859,2,85,0.03459193714370791,1.0005589821299568,2,146,0.21841090931130824,0.7563554147879282,2,152,0.0381441351804761,0.8276898264884949,2,167,0.15612498782012246,0.5725413652566763,2,180,0.0214387799540707,0.685379683971405,2,197,0.14941594025631058,0.6742350459098816,2,200
215,0.333559453434039,0.8853194880485534,2,25,0.033150652479564106,0.6114150420311959,2,56,0.3052396641956836,0.6469079665839672,2,200
216,0.24106225615104793,0.8537142865798053,2,85,0.07686782160317406,0.6982975732535124,2,117,0.2571570189218199,0.7045547983732569,2,200
217,0.25792031442601465,0.890127868265719,2,37,0.03108917836980721,0.6072982013225555,2,77,0.2595300777787357,1.0194665484312104,2,200
218,0.3267532099057746,1.1390043479159362,2,133,0.053446698094972524,0.6269154200951258,2,157,0.2863559978372461,1.148778663125149,2,200
219,0.25210078118128165,0.7699676396870854,2,99,0.020210948775040538,0.7869190147944859,2,120,0.28827051981758967,0.6990289103101801,2,174,0.3149783037257578,1.105319151511559,2,200
220,0.25821099204477593,1.0863091945648193,2,32
221,0.2846236079500423,1.033774335384369,2,100,0.29511706348960426,0.8242811787128449,2,200
222,0.3381466833414652,1.2270381540060042,2,80,0.030696702462652815,0.9055804644639676,2,132,0.2913166087667392,1.2768137121901793,2,200
223,0.35551648550501497,1.1274116701549954,2,45
224,0.03196827289654891,0.7361136317253113,2,10,0.17208566759324312,0.7717189376170819,2,23
225,0.2443533470496894,1.150246912240982,2,20,0.026061621482109613,0.32355768586459915,2,39,0.2990215372678372,1.1989585553543478,2,118,0.013669696266524419,0.8096160650253296,2,128,0.04359676069423887,0.8602601528167725,2,143,0.3025996170313928,1.2644961193988198,2,200
226,0.2729303012381808,0.9049949562677773,2,93,0.0264293830667285,0.9383708511080061,2,128,0.27303853971021097,0.8600503092720395,2,191,0.07033123113840567,1.0221469004948933,2,200
227,0.35275100877900945,0.5636656485497952,2,80,0.03012627594733992,0.8692671416098612,2,137,0.3203907667474834,0.6050360324431439,2,186,0.04297013284580021,0.5113815175635474,2,200
228,0.3783522874981204,1.0714047054449718,2,48,0.021596079770273453,0.4445696702370277,2,61,0.22894955527623218,0.8888125896453858,2,66,0.01767557005829228,0.16966516118157993,2,88,0.2896084973905563,1.0701517500375446,2,183,0.029654135318598944,0.33987680879923016,2,196,0.2763922976105277,0.7423510253429413,2,200
229,0.35469515099492627,1.2970015716552734,2,25,0.04085892821232954,0.4394884957717015,2,38,0.11476531484388794,1.1653105791877298,2,55,0.025318381846187794,0.8302913473712074,2,91,0.23841970973233,1.2549062313572052,2,122
230,0.3873383039743319,0.6172730922698975,2,20,0.02392172162462978,0.29664735021916305,2,42,0.2779157894271914,0.652125921100378,2,58,0.27240344374178127,0.7200119885905035,2,87,0.041745301062736884,0.8139217368194035,2,101,0.3040904123839841,0.9094434724913703,2,146,0.06854615308133769,0.9848396535272952,2,173,0.3353078897766712,0.8700871798727248,2,200
231,0.3077563274352434,0.6016171032732184,2,22
232,0.21169164875610136,0.996490285004655,2,73,0.038825873694872975,0.26621047873049974,2,89,0.35296649194278246,1.0302431526638212,2,173,0.023946413744440502,0.7352451306802256,2,200
233,0.1960929899140063,0.5705962286275976,2,17,0.016819937517572922,0.7244663657965483,2,44,0.06512904869816323,0.7511923859516779,2,56,0.2980781468725193,0.6381848574512534,2,200
234,0.23939401834469107,1.1098474154666977,2,98,0.016122203793493453,0.36954839961095287,2,153,0.305167805753882,1.2282781492580066,2,175,0.03649338643193535,0.971360981464386,2,183,0.2473396140403202,1.2307415709776037,2,200
235,0.258909023204953,1.0871557891368866,2,12,0.011221409455569946,0.15998530238866807,2,32,0.21726344833790304,0.9810940159691705,2,122,0.018304100934396304,1.0278213918209076,2,130,0.2890318674164522,0.9738268119948251,2,200
236,0.27782323946634424,1.0299728794677838,2,148,0.047946153885434835,0.8660330139100552,2,180,0.2684319405266217,1.0685944855213165,2,200
237,0.27722525173400425,0.43587356739574007,2,45
238,0.20109151470955,0.7735804059288719,2,55
239,0.21523137367287415,0.8303727872669697,2,160,0.09710925443478755,0.6321974396705627,2,163,0.019640106545073113,0.5400215145703908,2,200
240,0.02979458003578463,0.7051840939305045,2,22,0.4594596191868314,1.6498053669929504,2,48,0.02114313351954243,0.13816730907330146,2,61,0.5118259171501538,1.2712252378463744,2,66,0.014869055116230092,0.543961806429757,2,102,0.34794396516711573,1.567982520375933,2,151
241,0.2810423011812846,1.108840252671923,2,56,0.05231825062542837,1.053050458431244,2,66,0.2520099794083145,1.0450919204288058,2,75,0.01485696078914702,0.8120473894205961,2,86,0.24911061892721562,1.1340285190721837,2,127
242,0.2753023169815936,0.568011058915046,2,31,0.042487156489473855,0.704135271764937,2,73,0.28501070823278574,0.5969194637404548,2,82,0.0337986473939875,0.920256005525589,2,132,0.3424569063513984,0.6648375330602422,2,200
243,0.22634471399620962,1.1740316830429376,2,51,0.059751946597537214,1.0525023263433706,2,74,0.03393576275117939,0.5181485627378736,2,88,0.19380486172718656,1.276430314550033,2,192
244,0.34233825421667463,0.736245044919311,2,183,0.092193548373594,0.8635605643777287,2,200
245,0.2535725716139525,0.769828530550003,2,200
246,0.2527482421906536,1.3537095963954926,2,200
247,0.020350257679380427,0.6597895507629101,2,26,0.25858680492509556,1.1963728681888455,2,179,0.012681291938061267,1.1804156104723613,2,185,0.29396298559789,1.2044065157572428,2,200
248,0.35972470529652273,1.4864896714687348,2,60
249,0.28093826292665564,0.719721872698177,2,66,0.038052468565404673,1.010380929708481,2,86,0.24629580032504578,0.7058997609113392,2,200
250,0.26934637329838584,1.0120309889316559,2,16,0.0434756992699482,0.7474652528762817,2,22,0.02473263966434248,0.20612566825002432,2,38
251,0.3949315297079044,1.5441248623224406,2,52
252,0.36635195198571274,1.5648712190714749,2,88,0.02741746998571371,0.66956093389055,2,111,0.3008604814844227,1.546175140600938,2,124,0.0538230729074302,0.9769848058390063,2,167,0.24787006266042322,1.3895575855717515,2,200
253,0.28196962570647904,0.9319782562034075,2,43,0.029373686521774054,0.8416979990222238,2,65,0.33211466554895375,0.8373129270694873,2,200
254,0.3331153968982641,1.0080343570028032,2,84,0.06354715427877619,0.5518764640603747,2,105,0.31385011284353836,1.034639142688952,2,200
255,0.2739015513989213,1.25169866502285,2,200
256,0.2813972456459839,1.3631999655203386,2,22,0.025081376358669444,0.6560783187548319,2,40,0.26796907864946207,0.9558692632182952,2,71,0.02504876064263946,0.24763874610265096,2,86,0.14069362572073857,0.3707377165555954,2,89,0.26544350740403677,1.1535918219336148,2,118,0.024687635192912148,0.5222534954547882,2,128,0.2238756718720683,0.7284399747848511,2,133,0.013234441769995423,0.4333233743906021,2,143,0.30295800314275456,1.260007759980988,2,200
257,0.20052683164522264,1.24554709593455,2,6,0.06722722911398789,0.5529680493332091,2,27,0.26144971033144765,0.5183310627937316,2,32,0.03707880809724292,0.6052166239211434,2,70,0.27261883116671276,0.875094336271286,2,80
258,0.29547884355148024,0.6649598942862617,2,126,0.051375472380803915,0.8704411204044635,2,165,0.3187451661165796,1.0154133932931082,2,200
259,0.19708607005081094,1.063794827159447,2,79,0.034181644080235184,0.44318610181411106,2,103,0.06749582803067761,0.7356312479291643,2,138,0.048690005003720595,0.9031831423441569,2,144,0.32738600211858543,1.1236464934689658,2,200
260,0.27607800120437015,1.1172384308502736,2,113
261,0.051162003058518736,0.9013906002044678,2,5,0.2255210204069063,0.6573609809080759,2,41,0.0337394834229476,0.749951146543026,2,49,0.25724787303430985,0.7450671468750906,2,108,0.0419648159358526,0.7544357120990753,2,118,0.2526001224541919,0.7987253331556553,2,200
262,0.34368024328412744,0.5732253524390134,2,165,0.19162423981636778,0.8974013477563858,2,173,0.03817186501914651,0.785431370139122,2,185,0.24559926316580596,0.9946454048156739,2,200
263,0.041076063580425426,1.1164551228284836,2,16,0.1901924946391149,0.5550856954521604,2,25
264,0.36408745374865925,0.22264675148155377,2,23,0.09834654526368317,0.9206153949101766,2,29
265,0.028886399880275613,0.5402855455875397,2,20
266,0.18360989930341148,1.0937505794125935,2,43,0.03562244417389125,0.7765463343982039,2,72,0.29101168547682343,1.09253365278244,2,122,0.034965482375275914,0.7932058711384617,2,165,0.23657240497442983,0.9372895394052778,2,200
267,0.31530470969961577,0.9845820995087319,2,47,0.029181411749223316,0.561161705189281,2,83,0.4604670331410635,1.1168092370033265,2,93,0.031885628434107444,0.7476611512047904,2,128,0.9771041492610038,0.7186599969863892,2,132,0.02103348334285563,0.2542797321990385,2,191,0.27478028707364677,1.3083002037472196,2,200
268,0.2746577001710359,1.2255745265716897,2,133,0.04254845605173991,0.9845120156252826,2,187,0.430516032718543,0.820475656252641,2,200
269,0.3359316900307584,1.0263639342784883,2,200
270,0.264320292888837,1.0322766579798799,2,134,0.05063702506749425,0.9762707870939503,2,157,0.14674973394071802,1.0802984071332355,2,200
271,0.027379294781591186,0.9758452832698822,2,20
272,0.24738685037475414,0.6617576053013673,2,74,0.025729254017529617,0.7693887912865841,2,107,0.3124141536978579,0.5525800188382467,2,119,0.061492066993761196,0.9344497493335179,2,133,0.29198234242156174,0.655094650056627,2,142,0.04652837107983638,0.7839403918811253,2,149,0.31070575819347734,0.6608518916985084,2,178,0.01904477276468086,0.9131955849496942,2,197,0.4163909366264194,0.8794441620508829,2,200
273,0.27034643668408087,1.2253685402870178,2,200
274,0.13356327049535216,0.6757675796747208,2,20,0.0225622570871105,0.4481341634926043,2,39,0.2871777186331214,0.9753403582187913,2,200
275,0.2943512445491597,1.128895031909148,2,48
276,0.3697298344123668,1.2852572883878435,2,84
277,0.24005118402907433,0.7650494562255011,2,90,0.01743008121350549,0.8342475245396296,2,102,0.2644165961079703,0.4250663433756147,2,123,0.041767621380946494,0.6598833061399914,2,165,0.24520835294384336,0.775479633467538,2,200
278,0.22694286325401522,0.6810264933753658,2,74,0.0382675897355432,0.7384049191194422,2,91,0.29956823249692277,0.6548193665819431,2,200
279,0.09337375699880117,0.6727282166481018,2,5,0.024907764712429562,0.7063394721065249,2,33,0.36506388377580407,0.6861964208739144,2,47,0.03135709461288274,0.8116362571716309,2,52,0.33045464628334714,0.747652565057461,2,78,0.02818184299304842,0.40787715713183087,2,96,0.21544434259754155,0.910813998885271,2,137,0.031877381790622696,0.5659995460233023,2,180,0.1906709995095452,0.9370157182216644,2,200
280,0.061765801248381415,0.9217112014691035,2,12,0.025576699089792,0.8699116285254316,2,53,0.29637623843079597,0.7899865408738455,2,59,0.03455432972746421,0.8364847027338468,2,72,0.2699598013134548,1.0480973255343553,2,154,0.1693038561089932,1.0888111873676902,2,192
281,0.23692534143998115,1.0468641884472905,2,49,0.054016088536782456,1.0478075580163435,2,71,0.24804694856174903,1.077144744784333,2,200
282,0.1908536535099651,0.9727864429868501,2,29,0.04574265062352309,0.8076632513719446,2,46,0.22217567941081962,1.0581453589649943,2,200
283,0.22238792239043717,0.6483592312783003,2,160,0.03490692589683031,0.2859855469316244,2,200
284,0.2241514701556237,1.0899351835250854,2,3,0.031414900664185084,0.5714849135768947,2,70,0.1733877980390947,0.3180474949780331,2,163,0.03969914518596771,0.390670006689818,2,186,0.19473304018261556,0.3281050665037973,2,200
285,0.3928871461447807,1.0309355012301742,2,29,0.026821644410930788,1.0254723534864538,2,46,0.2993220305363801,1.0181015698940723,2,200
286,0.31405320892737354,1.5753420415471813,2,122,0.12873526185546527,0.698893916606903,2,132,0.036857895484036014,0.7326013722590038,2,160,0.2659177597487767,1.4400536388158798,2,200
287,0.30143404614981845,0.6943211010098458,2,200
