0,0.4110431069480714,0.9079153848731,2,23,0.029082670243691988,0.9021038677957323,2,32,0.34446387174707677,0.8740100301802158,2,80,0.04505856855642364,0.8996916562318802,2,92,0.4093491496817888,0.8765056873189991,2,121,0.029217819883013082,0.5925918221473694,2,134,0.39233629623632926,0.9345481395721436,2,156
1,0.5245796647504299,0.8797257627759661,2,14,0.02133231530221162,1.327870398759842,2,26,0.2664333606768815,0.9903878470261892,2,38
2,0.29085799367283827,0.6501114070415497,2,200
3,0.2550532309825669,1.2040802168435063,2,116,0.02714671245993636,0.8855587542057037,2,146,0.2662176872235159,1.1598103796994244,2,200
4,0.2545388219281494,0.35924411507753223,2,26
5,0.2666181416502362,0.581624284525898,2,107
6,0.2831813774703437,0.7691992391710696,2,138,0.01826877975188318,0.3362687748891336,2,165,0.027631188604694493,0.7354119314866907,2,182,0.04759015278122337,0.7783542403153011,2,196,0.3149991117541609,0.8375986963510513,2,200
7,0.3493695072429265,0.8408399373292923,2,8,0.05692724824950991,0.9129016062487727,2,31,0.19973978495728015,0.9997928321361542,2,71,0.03430257913530179,0.5781598051389059,2,86,0.24586588577839405,0.9306525132235359,2,188,0.12079573619581595,0.9561019639174143,2,200
8,0.29037617211947675,0.5361994434561994,2,72,0.020702859198592365,0.5637030502160391,2,96,0.35476372100555004,0.3855506666004658,2,200
9,0.27431279771379324,1.285105293447321,2,33,0.037499264741850453,0.7765172065758124,2,74,0.2487999348072711,0.9423266158384436,2,91,0.06554188124844416,1.0234938263893127,2,101,0.2836488656462095,1.2940366617356889,2,200
10,0.30122546420714014,1.2448727148771286,2,200
11,0.2518165833460262,1.6705730949960105,2,41
12,0.2355188635198786,1.2758951925096058,2,21
13,0.2749576033429957,0.7851661560503213,2,148
14,0.43668103123776364,1.4387660987915531,2,31
15,0.26617150623358826,1.2896638350971674,2,118
16,0.2296121809064827,1.2365034412830433,2,47
17,0.33383093362624944,0.7163181304931641,2,71,0.22904313960608258,0.7184306618779205,2,200
18,0.038575119374232955,0.37543103098869324,2,14,0.3307526414961858,0.8086077323499715,2,67,0.032101939815822954,0.7146267326254594,2,86,0.1834027288463783,0.7704781889915466,2,95,0.053756947680567845,0.8588156923651695,2,119,0.33579928629092526,0.8744894847457791,2,200
19,0.3743942241884044,1.561772298394588,2,57,0.030689492565200573,0.8185264106952783,2,90,0.23372408005916295,1.509379262273962,2,200
20,0.11482844410412021,0.8389762104421422,2,69,0.3663510015827876,0.7469319522380828,2,79,0.078217237335939,0.82557106812795,2,94,0.22427640233804927,0.7676631223480657,2,147,0.035010593732378636,0.4937458611451663,2,160,0.30652399352533966,0.8125561162829399,2,200
21,0.3869478199470731,1.0124426104805686,2,22,0.029183780466764595,0.7465855851769447,2,30,0.13204993398413756,0.8035590185059441,2,39,0.02175871303189344,0.7015661676724751,2,54,0.2916819280750294,1.063594102042995,2,200
22,0.33044792291861147,0.8293625771999359,2,20,0.0462387060232851,0.46389385759830476,2,30,0.23313296945152687,0.41434558033943175,2,35,0.03179851246715462,0.5218427385154524,2,54,0.3508728984512248,0.719498085124152,2,68,0.03817770606289693,0.6484857127070427,2,100,0.23148328732338896,0.7803660921148352,2,137,0.02001141124119047,1.174563964207967,2,149,0.059476603878820276,0.5831959598204669,2,200
23,0.368989021487698,1.2715627963726337,2,182
24,0.20550566806776221,0.9095134328393375,2,85,0.035076402184354614,1.0092054393556382,2,130,0.15531141933198844,0.9519362986087799,2,150
25,0.06998272422631721,0.9069124097409456,2,23
26,0.25382232363638096,1.0523674555544584,2,53
27,0.2561853477234728,0.5942662988883861,2,69
28,0.2318003741171767,0.4134703079859416,2,6,0.023595231986607252,0.38466352088884875,2,28,0.20768190908958162,0.7637584447860718,2,33,0.038945103837923586,0.23463518646630374,2,44
29,0.26791709885655607,0.7658477077117333,2,65,0.060236713721143906,0.8312084778906808,2,128,0.2764790106969173,0.7439873473984855,2,142,0.04912539142053611,0.8343684416392754,2,200
30,0.13484312409485813,1.2596219874717094,2,37,0.04512835654030623,1.0413742753175588,2,63,0.27524717678921756,1.4243860801641088,2,200
31,0.3234546945341025,0.9014913927892159,2,116,0.03620506385414039,0.506965023966936,2,142,0.27276996319535585,1.1371196325008686,2,155,0.01988813661778762,0.3855283276454822,2,192,0.33187621332791806,0.9771070331335068,2,200
32,0.2595345086216875,0.4506010607121483,2,126,0.021779875168380435,0.953743296511033,2,143,0.18538492752401037,0.4578824858916433,2,200
33,0.2289376826088856,0.6574350026877303,2,152,0.13753354617655256,0.8083850058416525,2,200
34,0.2916726569492641,0.9728499452273051,2,24,0.014696409447852887,0.39483104965516497,2,52,0.2933918824248912,0.9659907052645812,2,200
35,0.326342988849758,0.883861580491066,2,160,0.016397862664936338,0.8381180848394122,2,167,0.26050997289063393,0.7906536976496379,2,182,0.014690576017905752,0.23506936265362632,2,200
36,0.024372792239694407,0.592723686248064,2,32
37,0.3788607772318607,1.4841228828710669,2,34
38,0.2983136039216006,1.0303110182285309,2,48,0.0518275296457693,0.8732730150222778,2,83,0.2020914911401416,1.044863485001229,2,120,0.03625655152569727,0.8336353642599923,2,162,0.2784232752784897,1.0828532670673572,2,200
39,0.29030599371227833,0.6880613094568253,2,200
40,0.29770183063394073,0.6892257243394851,2,20,0.040426901099140475,0.6789604084832328,2,62,0.2702312603978854,0.8852191011708482,2,195
41,0.2870574187711956,1.3405083080996638,2,46,0.04711672467428057,0.7346653770655394,2,78,0.2617864547187523,1.3249111849753583,2,200
42,0.2852307230156008,1.0098720855183072,2,72,0.13804378041125517,1.0151166685165898,2,103,0.024232179332801574,1.0993742857660567,2,117,0.24161377978135262,1.022865770811058,2,200
43,0.29894164478743,1.5287803156992024,2,89
44,0.307038438340088,1.0041730070114137,2,200
45,0.1866720863026034,0.3913756807645162,2,3,0.026201557264351884,0.3846513574773615,2,14,0.35254097738900725,0.8821182955395092,2,47,0.0689077293767188,0.9821594272341047,2,54,0.2660112675298234,0.9133534356951714,2,118,0.022173556107612773,0.4516412195037393,2,135,0.33139012670558277,0.9432659855255714,2,200
46,0.31818451333625425,1.453717365860939,2,64,0.02883966195297389,1.0071691346890999,2,97,0.22582146540717715,1.1609340123832226,2,129,0.018746063414089822,0.8714265123657559,2,152,0.2541799316397524,1.440790537241343,2,189,0.06472773736620813,1.3562213290821423,2,200
47,0.30190532801436415,0.8886290215978435,2,51
48,0.21160467345513917,0.7601510655879974,2,200
49,0.22915183398944758,1.6568088796403673,2,54,0.08514815115693017,1.1778937131166458,2,70,0.2617133865796705,1.6283497993762677,2,200
50,0.24955330908469348,0.3296977862715721,2,200
51,0.2745392094032772,0.9907669961452484,2,20,0.029671790758763292,0.7327272097269694,2,44,0.21128758897797648,1.0785502370666056,2,78,0.026399815376484805,0.8000877293256613,2,130,0.17214716131057556,1.242276594042778,2,134,0.019493532728907467,0.358312252163887,2,144,0.23945044187272876,1.0931549732174193,2,200
52,0.26132511462815733,1.0413427848627073,2,101,0.04226138911375235,0.2786080978810787,2,121,0.2675084899599933,0.8828630447387695,2,128,0.0382960000514531,0.6853848364618089,2,200
53,0.2956941368619579,1.202658051834967,2,133,0.2727912551735329,0.7996507419480218,2,151,0.014541719625637679,0.7937467900606302,2,177,0.07340244299492805,0.7687942385673523,2,194,0.3801728174119863,0.8182620604832967,2,200
54,0.28677514126890336,1.1928279348782131,2,70,0.01846175599938669,0.6207355236013731,2,94,0.33349506856046396,1.2022711485624313,2,102,0.08736667222564756,1.1554522258894784,2,116,0.030500462077624798,0.7702350676059723,2,136,0.36244013337647807,1.2539508361369371,2,200
55,0.49064044139098145,1.8020766377449036,2,10,0.024046427218638495,0.6340709346604635,2,93,0.2922468180375636,1.5312090254275599,2,200
56,0.3023301480910712,1.4205708503723145,2,65,0.06520233146728757,1.1773399247063532,2,83,0.22679472152102934,1.3785837705318744,2,200
57,0.078195714152116,1.024409566606794,2,14,0.39315505034723297,0.5501810062904747,2,63,0.05090655781369655,0.6508505033410114,2,86,0.35330468543674715,0.6820660531520844,2,104,0.025501022342294153,0.6278714497884115,2,119,0.2730871473217736,0.7609906880943863,2,200
58,0.28231816681403804,1.3183747407268076,2,68,0.029376969565670062,0.5640862323343754,2,92,0.27167926071210835,1.3728003035420957,2,115,0.011958832861983721,1.0710737790380205,2,129,0.306625619174495,1.10294508934021,2,145,0.08929704256765289,1.186008197920663,2,159,0.036791059859394105,0.8621584499875704,2,183,0.6361429301525536,1.1809975469813627,2,200
59,0.2746726305957936,0.9817710891366005,2,136,0.01424061893104668,0.5094438234965006,2,151,0.2805321559747696,0.9616319561491207,2,200
60,0.23564432222774195,1.1505498539569765,2,172
61,0.23067486337029766,1.010601646370358,2,72,0.09020594519220662,1.0785965067999703,2,135,0.23563307008189852,1.0337707629570594,2,200
62,0.2601436767025113,1.3902217246390678,2,37,0.03223446003698917,1.3196690082550049,2,44,0.34686259543128145,1.3120380273232093,2,57,0.03020027448431214,0.8351229736881871,2,88,0.19613484384375895,1.2433929347991943,2,138,0.010864250456814674,0.40456797629594804,2,158,0.011503817574042619,0.8293114134243557,2,165,0.03999819653755325,0.99868426493236,2,200
63,0.2666437280974545,1.1085656086603801,2,42,0.030206797425887125,0.6905379062113555,2,111,0.21141651926416696,1.2600293918089434,2,155,0.024115472898497293,0.4050268897643456,2,168,0.30285847840918767,1.3716871291399002,2,200
64,0.2160349763643326,0.6612736478447914,2,40,0.026495970108037503,0.7773795392778184,2,49,0.3484568057721653,0.6881802906008327,2,117,0.023925499420369836,0.8346157785384886,2,148,0.32607818393137095,0.6537951437326578,2,200
65,0.3013379804944895,1.2639162001155673,2,42,0.021853417069430864,0.6502542904445103,2,112,0.25904033077798666,1.19611900113523,2,176
66,0.33387334573077326,0.41384306699037554,2,20
67,0.3382882319766411,1.2619615562500492,2,31,0.044494423079079255,0.3710462637245655,2,47,0.3294636211099141,1.289508743719621,2,69
68,0.41506952662241414,1.6511203711575801,2,101,0.025942172057267874,0.6163259716261,2,122,0.2720981619857166,1.1834636586053031,2,129,0.03769821082388609,0.8093528680398431,2,200
69,0.3137501879837218,0.7075100155437694,2,34,0.029033716733685704,0.8225951939821243,2,42,0.14309781502353097,0.6560851484537125,2,46,0.02122267008349018,0.39055042607443674,2,60,0.27569945477601343,0.693904071194785,2,200
70,0.3811692650896431,1.133248854251135,2,84,0.031941374195948065,0.6673715171905664,2,136,0.2783462039589779,1.1770317293703556,2,200
71,0.031116803377123598,0.2060565762875373,2,57,0.31398732093039877,1.1436887138030107,2,74,0.016561381870824628,0.09401573315262794,2,114,0.25001745599636904,1.1251107897513952,2,192,0.15994554420096016,0.42118499241769314,2,200
72,0.1136425753032477,0.6583589826311383,2,21,0.23304397522195092,0.9185691965358883,2,200
73,0.1676024854218843,1.1068469599673623,2,19,0.07645886003636748,0.19505927860736846,2,34,0.37299227808163576,1.1225122031958208,2,126,0.024657299542219006,0.48629372380673885,2,142,0.3631591401420527,1.0840418667628848,2,200
74,0.2732427994307845,0.7857645695859735,2,44,0.05086949754788585,0.8756131172180176,2,54,0.25802742095493936,0.7921212531450227,2,181,0.06892889141066788,0.802036440372467,2,191,0.4054135286224424,0.7069533864657084,2,200
75,0.0176477130697479,0.9442290323121207,2,14,0.3314478181154776,0.7358144236508236,2,200
76,0.24420631031695025,1.432563613993781,2,140
77,0.23838651441689496,0.6036028376092082,2,184,0.0382744630927249,1.0278313105756587,2,195,0.3426041928137112,0.41913503408432007,2,200
78,0.4152092368224606,0.24766512049569023,2,9,0.039811827176539444,0.46495112296073665,2,40,0.3787871213220143,0.55564107803198,2,79,0.029525748935903103,0.6752942972264048,2,138,0.2929067638662629,0.5492282250235158,2,200
79,0.1608207204478647,1.2342697620391845,2,25,0.024799409335217546,0.9423986779318916,2,70
80,0.1997369488492777,0.6711286107699076,2,3,0.027847008344510486,0.7576868270718774,2,46,0.2840968627303314,0.784638733445824,2,200
81,0.24501557589655037,1.3345110416412354,2,3,0.025033968187991935,0.7949583699118417,2,56,0.27099451277218084,1.0081929465134938,2,188,0.038274424570966116,0.8610885590314865,2,200
82,0.28950346696750073,1.0884548127651215,2,4,0.033141535313861624,0.9438474765190712,2,69,0.3507894513318956,0.9036431557092911,2,108,0.04339867056163785,0.7177663858120258,2,121,0.2828844872244334,0.8220347984164369,2,172,0.08010358884698843,0.8062430535043988,2,200
83,0.2997537905689763,0.9813538908958435,2,50,0.04758579180558529,0.16942577064037323,2,70,0.19963062398932346,1.0236456626799049,2,193,0.05856217412811794,0.7251992055347988,2,200
84,0.37314569099145506,1.552076063156128,2,25
85,0.3013127900508883,1.0211713761091232,2,16,0.03820298027755101,1.0153802302148607,2,106,0.17121357692079148,0.9457795222600301,2,112
86,0.2680132295071519,0.8226016533374786,2,200
87,0.21189148357710863,1.0652824739615123,2,132,0.0333374464251924,0.9167606665028466,2,150,0.31881861891594176,1.078677659034729,2,200
88,0.21787762036723612,0.3591536862008712,2,17,0.027282721073646533,0.11080245531740643,2,38,0.29952711766470136,0.6795936410243695,2,51,0.03473155300282596,0.6995577551424503,2,67,0.14436128316541155,0.5132565438747406,2,72,0.2729122263089676,0.24307945009786636,2,200
89,0.09660633739212907,0.2672543987631798,2,10,0.029872370947353854,0.31669726738562953,2,23,0.27588131725748766,0.6109595979963031,2,37,0.028617511523394822,0.34522893212058325,2,59,0.2710207665128545,0.6605773294458583,2,157,0.03150214238484446,0.3766764073799818,2,196,0.163547033736483,0.6585431098937988,2,200
90,0.2631267460810629,1.2653081408052733,2,132,0.04440307863167293,1.1960691511631012,2,148,0.5466715191342649,1.4045745266808405,2,157,0.13034003782242673,1.5336919882718254,2,174,0.04374485671952361,1.4938320288291345,2,200
91,0.3575878536409442,0.6032319886739864,2,43,0.03352645373298408,0.5912345283561282,2,52,0.033461120456868,0.15826593110194573,2,78,0.33293298179805864,0.7986147696854639,2,200
92,0.29091056455058406,0.8359055907829948,2,69,0.04180453380930119,0.6517334201119163,2,91,0.10708349710633105,0.7824923878624326,2,112,0.24449294765469134,0.7509404535997998,2,200
93,0.22493468842695152,1.4835319031368603,2,22,0.020007201541712618,1.0428950786590576,2,32,0.23784187056369396,1.26479937349047,2,39,0.053302413865716214,1.0686445898479886,2,48,0.2367545463902732,1.4099630779690213,2,66
94,0.2697148294855348,0.8886579365441294,2,33
95,0.26860676339997314,1.3468045880462949,2,151,0.0216454297327759,0.6817636375243847,2,177,0.32695942378848714,1.4127636733262434,2,200
96,0.15663571349579133,0.7178813144564629,2,24,0.042462179356339676,0.7565838971803355,2,67,0.22767751347867807,0.6621023170033792,2,200
97,0.2123602349320185,1.363296420880536,2,179
98,0.31070655300368805,0.5835388109087944,2,200
99,0.2809778834108637,0.8671376630663872,2,40,0.05099052442332714,0.9104968190193177,2,50,0.23709547960445404,0.9353122711181641,2,62,0.03467860134226451,0.8836205129822096,2,110,0.18188744222749975,0.9636970194180806,2,185
100,0.24801500476017105,0.6886874858925982,2,41,0.0352705600495727,0.8200964099831052,2,77,0.20079488284609442,0.6794862747192383,2,97,0.04416731320760466,0.7704370660441262,2,125,0.19939970116465766,0.7177546893556913,2,173,0.06883526571431774,0.7705445979770861,2,192,0.4211103253438679,0.6726139783859253,2,200
101,0.2909827487774132,0.9825282494227091,2,36,0.05399507636226732,0.3672982564678899,2,63,0.2154096273618173,0.8588202420033907,2,158,0.021715518574706168,0.29079509745625887,2,192,0.14546611900823217,1.1358842104673386,2,200
102,0.32434912672934113,1.055020171403885,2,20,0.026429397575910514,0.5761298596858978,2,30,0.241517413558944,1.0203518867492676,2,122,0.03733063892636329,1.0504067641038162,2,187,0.1482815363193241,1.2282645794061513,2,200
103,0.06944887613309778,1.0857726702323327,2,26,0.24044410826635482,1.3832045992215474,2,116
104,0.3395982665277068,1.363816576619302,2,31
105,0.2025817453153991,0.9456073641777039,2,10,0.027813400812726784,0.8239773551623026,2,70,0.31274489972083075,1.0338751368406343,2,152,0.02706785423387846,0.7034590512514114,2,192,0.18037788134126506,0.5147484689950943,2,200
106,0.17712237311393533,0.5428220704197884,2,24,0.042150969709394935,0.8528222597163656,2,70,0.412534025093608,0.8359104139464242,2,77
107,0.13358076394721402,0.9332559542222456,2,22
108,0.24249726021378334,1.4183153916919042,2,189
109,0.3544561570803632,1.2210148085247388,2,22,0.06096089845012742,1.1094478766123455,2,31,0.3584581635775604,1.2239528646071751,2,127
110,0.2501438985988375,0.8528503060340882,2,5,0.05965124112498715,0.7806981718540191,2,55,0.01802075235174629,0.6790462881326675,2,67,0.2913762030477105,1.060270220041275,2,79
111,0.27702625508204914,1.2343333475831626,2,69
112,0.19049839389618384,1.2450500295517293,2,47,0.023266146779678927,0.26618259113568526,2,60,0.275764191008416,1.3924712530324157,2,131,0.02697408274331018,0.2283374946564436,2,147,0.26434537888910764,1.6532034982334485,2,158
113,0.2488556591692208,0.6308838711543516,2,44
114,0.2027639954295737,0.9837012519227698,2,47
115,0.2061825291991865,0.9657276005580507,2,29
116,0.3563871357117154,0.7438933705461437,2,29
117,0.369228722992914,0.7663653053161574,2,164
118,0.2720906301775338,0.6532149706313859,2,134,0.029725441103695148,0.5529769442298196,2,145,0.27658839912762856,0.6507284465958091,2,179
119,0.28545269072076335,0.6453063610902766,2,97,0.04268169704160949,0.766688068707784,2,115,0.26596987890209217,0.6063216560027178,2,200
120,0.3520347081576512,1.3720481612465598,2,11,0.049294256628007835,0.8937349379062652,2,41,0.18366852739644488,0.942884124300015,2,200
121,0.43633818902773236,0.9785322083367242,2,9,0.04746331185015571,0.8909148059108041,2,31,0.28767160765075445,1.0174902415857083,2,72,0.02284236384908469,0.45757942274212837,2,88,0.2035691402248241,1.1299975351853804,2,121
122,0.1788694875581067,0.4824985010283334,2,7,0.024431045314790935,0.5500350925657485,2,34,0.2643334515519884,0.6879517833391825,2,58
123,0.20898885357630514,1.4859855274359386,2,24,0.02058070928912606,1.0738902807235717,2,34,0.24292744320258677,1.5470865021149318,2,82
124,0.2617104475817819,1.2862940654158592,2,176
125,0.3724108502679835,0.8718300104141236,2,10,0.044247909777775665,0.9784690107290561,2,62,0.2737224916669665,0.9679561900465112,2,138,0.03298788574261709,0.7900920119778864,2,167,0.27176815697184376,1.3253508336616284,2,200
126,0.3004633463649943,1.2549916738904388,2,179,0.0168708200016308,0.13934734463691711,2,200
127,0.29463154687157544,0.9944509592923251,2,22
128,0.3466199404828639,0.49406778641665977,2,192,0.07030943493870453,0.4633968584239483,2,200
129,0.318881308255941,1.3620866681590225,2,33,0.025306779808359783,0.7544435945952811,2,74,0.14181161458873462,1.4473844993682135,2,95,0.32187074222231643,1.4255156335376558,2,200
130,0.22574814145806307,1.238329108953476,2,200
131,0.31823823675050167,0.7507332366704941,2,200
132,0.2515228136519536,1.155935363336043,2,11,0.03892612881139968,0.6688735701821067,2,22,0.3011032309995182,1.2316590976179316,2,200
133,0.1620697721459823,1.1865035163031683,2,27
134,0.30787339620608334,1.02627458654601,2,58,0.01940415359796368,0.5427423053317599,2,85,0.3026113310817269,1.0410497880751086,2,178,0.01714511346577604,0.15903245319019665,2,200
135,0.3018789274024569,1.0176733096440633,2,30
136,0.3255165271565389,0.21715569330586326,2,9,0.014556291553909416,0.2570744337219941,2,28,0.2875761667152059,0.29433279898431564,2,37,0.018373911437160783,0.20271110348403454,2,53,0.3256469380020988,0.27295429896224627,2,163,0.06448976891867901,0.4240759417414665,2,183,0.0272296218370379,0.2368064513977836,2,200
137,0.2478059307656705,1.1997075133271269,2,91,0.0666301504136271,1.1436969529498706,2,113,0.3566396258632312,1.321869366309222,2,147
138,0.26465380490706,1.2415071910619735,2,200
139,0.25071593250884183,0.9372124406269619,2,175,0.0560547869774054,0.8554983368286719,2,188,0.2528620987659447,0.9458889365196228,2,200
140,0.4299213334690732,1.4786647319793702,2,5,0.03128996933590933,1.0579330027103424,2,17,0.29666959116099195,1.1676355823874474,2,49
141,0.31224884971303263,0.7181256538629532,2,200
142,0.389867046115634,0.9247663105483603,2,113,0.03210334560566594,0.6245249658823013,2,133,0.29022647947982405,0.8607943753401438,2,145,0.024980758651599884,0.9188593626022339,2,152,0.2653366237526675,0.8550474728856768,2,159,0.027150266307368845,0.9215587278207144,2,183,0.30889014354029254,0.8706706516882953,2,200
143,0.2872842017385153,0.7797425943613052,2,200
144,0.4627056445957953,0.6143170910723069,2,17,0.022810514352764297,0.12721512628638226,2,40,0.24374564526262507,0.6747160632163286,2,200
145,0.15417061488175776,1.0935758677395908,2,55,0.014786295645987187,0.8162968556086222,2,85,0.29904034567788995,1.134196941917007,2,122,0.037075585481211586,0.9553809881210327,2,172,0.21862182342571826,1.351613610982895,2,200
146,0.2857317673977345,1.328442358970642,2,145,0.025749949914563218,0.6872982025146485,2,195,0.10450078689614735,0.9351805448532104,2,200
147,0.3193079194809922,0.6914088078613939,2,58,0.026670427692543387,0.29534616735246444,2,76,0.3422928671029408,0.6973478337449412,2,200
148,0.3248245865435408,0.9530057519432006,2,123
149,0.28376962218237967,1.350889147983657,2,72,0.01756091263567184,0.6787810424963633,2,90,0.2677065536583805,1.3682771780911613,2,107,0.16224478484647564,0.8873089700937271,2,115,0.02968767480431868,0.7983533082864224,2,154,0.3442446435809096,1.4328255653381348,2,160
150,0.29198816108616876,0.4639295101165771,2,5,0.04346825982533843,0.5319501234263908,2,46,0.10991844780992377,0.6901518935742585,2,92,0.04544248124114965,0.6241815283894538,2,132,0.2545853630555925,0.6080118040828144,2,200
151,0.25249710319983876,0.6462242063259919,2,149,0.23086194557521494,0.30909520972008797,2,200
152,0.35865470093325724,1.635269284248352,2,23,0.03192169194879289,0.6270304456833871,2,54,0.3287327250432541,1.5640841817855835,2,79
153,0.29994884834798813,1.0575486401031757,2,58,0.060757762405040175,0.7534647272980731,2,81,0.29446167008317153,1.0388881038216984,2,200
154,0.33950904587766395,0.5644023909288294,2,17,0.06138051449716204,0.7805153727531433,2,48,0.24436366326609898,0.621324938077193,2,74,0.01908116489995297,0.18424031599646523,2,116,0.117736110615119,0.6050152897834777,2,126,0.029785228641332918,0.5305325277149677,2,142,0.22726934795354423,0.6838358486520832,2,200
155,0.29012097289880046,1.1117980109320746,2,90
156,0.26140080306567226,1.0934845863319025,2,41,0.02225944767374781,0.38669031595482545,2,75,0.1732948657801474,0.40633014440536497,2,80,0.029365210513359625,0.4128432999818753,2,119,0.33229409256577924,1.1992334377618483,2,200
157,0.24369970300761445,0.7660818681484316,2,123,0.10950639636935779,0.9202179789543152,2,133,0.028994509774230733,0.996188787313608,2,146,0.08841650063775178,0.9118876092963748,2,164,0.26157155377698255,0.9012079702483283,2,191,0.0818225262322777,0.9575733211305406,2,200
158,0.18461666985518121,1.2775452874955677,2,21,0.049265136668832886,0.9230382442474365,2,32,0.21860484512763087,1.3256862983703612,2,157,0.04550211907000549,1.2329831997553506,2,172,0.270609469007112,1.3692244589328766,2,200
159,0.40650847998643963,1.7021271445534445,2,55
160,0.2658376935871834,1.1334327912330628,2,200
161,0.19025577658192983,1.6968576851345243,2,21,0.4439843966907775,1.7172803755464225,2,50
162,0.32050111863505154,1.2617459367997577,2,101
163,0.14263174487403052,0.446358988682429,2,36,0.02824626548349741,0.4923658430576324,2,61,0.31663995723133936,0.24140937836731183,2,146,0.07560489987779796,0.5609839581526243,2,159,0.2050880404901387,0.2680562909056501,2,200
164,0.2875285004485787,1.262402750196911,2,21
165,0.28654248238662,0.8586604930932009,2,158
166,0.31429573239583664,0.9416165249101047,2,58
167,0.2136177969592424,0.8445223761054704,2,53,0.02967484036184606,0.6905601483124953,2,79,0.07282090895518756,0.5798724123409816,2,100
168,0.12096495424045899,0.5970447384394132,2,13,0.0695027000680303,1.4662634432315826,2,21
169,0.22517391174457305,1.3970911686237042,2,26
170,0.35243759252215207,1.2503144131150357,2,43,0.023967841911437953,0.8427406897147497,2,67,0.2706929649321383,1.2182360518546331,2,151,0.020712223357095876,0.5408917722793726,2,177,0.3522628773855039,1.3378516072812288,2,200
171,0.21994505927816496,1.1926266503712488,2,126,0.026211165356605247,1.123728288544549,2,153,0.1833353574842562,1.0158274003437586,2,160,0.04261716530330123,1.0421703519492314,2,189,0.24038714030846212,1.1508807160637595,2,200
172,0.29046194261934244,0.906992213593589,2,18,0.020719870237749283,0.4800611762329936,2,50,0.28366514798697523,1.5301410022534823,2,69,0.048535915814305206,0.6504279388937839,2,112,0.3130739220848848,1.0870912514234845,2,131,0.016618675475639125,0.3245683865887778,2,145,0.44233057983025253,1.4579294186372023,2,158
173,0.3742180361009738,0.8971270876271384,2,56
174,0.2681886419518613,0.8243308067321777,2,82
175,0.2742094703882449,1.199638353453742,2,9,0.04710406940867414,0.6943521029070804,2,28,0.02196278514217873,0.40363803632715917,2,75,0.2629493181302491,0.8123426259710238,2,179,0.023317147268782857,0.3137397080659866,2,194,0.31730265241117134,0.8341849744319916,2,200
176,0.19147261829908152,1.0183374238014222,2,200
177,0.23849625553911336,1.2740235245227813,2,200
178,0.10735223252461179,0.820487801845257,2,13,0.029938779758242964,0.634612656774975,2,34,0.20861571437469417,0.6167272833677439,2,47,0.027462651815194306,0.7654020090897878,2,77,0.3209060421556361,0.5662472702208019,2,119,0.029712621339888702,0.9158804940014351,2,160,0.16019745360338541,0.9192237600684166,2,200
179,0.1806254394517926,1.0155215203762054,2,20,0.030611050169599856,0.6219532915524074,2,48,0.3045697706401132,0.5601968892983028,2,62,0.02995975220806993,0.6198259979486466,2,82,0.315474040325045,0.7311135854637414,2,139
180,0.13936185229415426,0.6483935987627184,2,37
181,0.2750240334570152,0.6600589603185654,2,4,0.02656767074238368,0.6715362412588937,2,46,0.3964055493554641,1.3841088985403378,2,94,0.04812856548308487,0.8016732079642159,2,136,0.2528432600761453,1.2055697441101074,2,200
182,0.15406457805232435,1.5863779306411743,2,5,0.036747482520262574,1.5680117011070251,2,15,0.22164116917828827,1.60779993904048,2,73,0.0242063349275231,1.3763408660888672,2,83,0.23972946257257907,1.5497899004536817,2,200
183,0.244348081920178,1.2514587581157683,2,20
184,0.2598820148045386,0.630916576385498,2,25
185,0.3826940340798248,0.6277836372212666,2,41
186,0.27055659138576466,0.7001959593207748,2,81,0.0446732214448222,0.9782167932261592,2,104,0.20699352666532925,0.7731458805501461,2,200
187,0.2532965253394631,0.9615191942037538,2,43,0.04997892729956956,0.9243870214982466,2,54,0.363041997836509,0.9617623090744019,2,69,0.0458821711565788,0.5034002172095435,2,125,0.12747722386976007,0.7258081273599104,2,136,0.16035805011365817,0.9831114737316966,2,200
188,0.3484614068911429,1.3533919155597687,2,56
189,0.12071848233381104,0.4667599454522133,2,20,0.02602948866321619,0.5372934233058583,2,53,0.28700425318571715,1.4313325460140522,2,118,0.025983466231744003,0.5003582309274113,2,135,0.3495602961462363,1.4293576855408519,2,192
190,0.3042671088099758,1.4398421113555495,2,37,0.017914899417704848,0.22520466521382332,2,53,0.24836513360859475,1.51273842846475,2,94,0.03048497569013822,0.8880557868931744,2,131,0.3273737042685661,1.6147841059643289,2,154,0.010961177955208472,0.4076325446367264,2,172,0.4729729256375453,1.6472817489079066,2,200
191,0.2767075197339123,0.7444131691405114,2,47,0.04376663519436521,0.7900397956371308,2,77,0.1917665504454533,0.6943741185324532,2,84,0.030909067882550753,0.6992035181749434,2,126,0.27264610639541736,0.7735742980783636,2,137,0.023376603874016463,0.5533756613731384,2,153,0.3476082849041665,0.6537828564643859,2,158,0.02849568662092686,0.555209791218793,2,185,0.29234291508534815,0.8653804103533427,2,200
192,0.2630278500350308,0.370785509198904,2,200
193,0.2300365860979562,0.8437082174420357,2,200
194,0.315684018056191,0.9194135492498224,2,55,0.047797810367133126,0.8518110360418047,2,90,0.27474359174547364,0.9054930741722519,2,127,0.029893058578857504,0.8449646119888012,2,153,0.26889398454555097,1.1015806832212083,2,200
195,0.11750329921695482,0.9629958073298136,2,18,0.03028483415258812,0.9279354012012482,2,68,0.35155033727772084,0.6816410697423495,2,107,0.02500327634043455,0.7828426957130432,2,120,0.2621221850827664,0.7582024805820905,2,172,0.037074174508524946,0.6496106502802476,2,195,0.33716667767996483,0.7491820573806762,2,200
196,0.36015929776414934,0.8944171145558357,2,8,0.05159543294206944,0.6351351454854012,2,48,0.09217727371598926,1.0567814331305654,2,67,0.22619989338453367,0.9503566214912816,2,200
197,0.16248635136328313,1.7564524544609919,2,18,0.012332204012404728,0.6741180755198002,2,50,0.5873358197993293,1.7112452387809753,2,54
198,0.278289146371171,0.5494445186853408,2,200
199,0.297809357254502,1.3101983202828302,2,9,0.019355712193478907,0.13234715555843554,2,28,0.3752695347449964,1.0029917359352112,2,32,0.05817822865871595,0.6968900384129705,2,69,0.3003508687295567,1.1744838528908217,2,173,0.08843815429381136,1.2528240018420749,2,191,0.2831042771396912,1.2678860823313396,2,200
200,0.32231044365181555,1.0403448826347301,2,153,0.017369662690546666,0.1691850551537105,2,174,0.4047107697473057,1.0353274207848768,2,200
201,0.2693265577371848,0.23465258379777273,2,12,0.01207694380101353,0.3375205491718493,2,31,0.263266266986062,0.32718228697776797,2,46,0.054450076227924325,0.526220093811712,2,77,0.23033523609980688,0.4476817952997891,2,158,0.07378757909195892,0.6295828819274902,2,179,0.2771059660515538,0.41026293947583153,2,200
202,0.261569868793371,0.8367489161235946,2,112,0.019692929435436095,0.3659852792819341,2,130,0.25130270183760245,0.9361436223983765,2,155,0.02225481130280973,1.0203152273012244,2,178,0.26827041057756523,0.6371957262357076,2,181,0.021238752130076626,0.717964102824529,2,193,0.3622010515306267,0.8937853830201286,2,200
203,0.2562598417089973,0.6546307178214192,2,64,0.022588531579145754,0.7740244843341686,2,91,0.24561492099605545,0.5708910016452565,2,125,0.02259829753599429,0.685288991779089,2,157,0.08428272837860802,0.6143110809118851,2,180,0.2865797420500737,0.9377496884419367,2,193,0.08909645747237277,1.051580480166844,2,200
204,0.2813828819055703,1.2007434036158309,2,79
205,0.16871922679342832,1.4975189003679488,2,36
206,0.29910386127090116,1.19939723610878,2,200
207,0.5921940778416194,1.0589237863367253,2,11,0.03050640069451596,0.9985902942717075,2,75,0.3068536775350383,0.8801165648869106,2,82,0.03484896515370052,1.118072842558225,2,106,0.20291217224482022,0.9208184033632278,2,114
208,0.3175447137249714,1.0076062333199285,2,62
209,0.18527702205705607,0.8727599921680632,2,21
210,0.4846546436256632,0.9900739789009094,2,16,0.026271432995773215,0.7478119474032829,2,74,0.0946951536517422,1.0441874980926513,2,79,0.30686784653397564,1.0948802400226436,2,200
211,0.2620763919871418,1.220111625104011,2,79,0.047858655492940945,1.1832079225116305,2,106,0.173650767949919,1.0771306440943764,2,127,0.022450411372095466,0.7354830774393949,2,138,0.2554576870279053,1.2642111451395097,2,200
212,0.2791074528018636,0.7857060471519095,2,122,0.04000013988303477,0.8468466413021087,2,172,0.24217820549892596,0.6586077426161084,2,200
213,0.274790380498644,1.0637327680985134,2,24,0.04160199490000818,0.8272930691982138,2,53,0.2599460785372802,1.1491727597677885,2,120,0.020191755800374814,0.7360825403170153,2,142,0.268516926480013,1.257564970131578,2,200
214,0.32964597120579003,0.9850064196756908,2,112
215,0.24313384219600917,0.9511282175779343,2,200
216,0.24225625310091708,0.516695137905038,2,23,0.03287569248055214,0.6275074992861066,2,37,0.2645413758897184,0.6012407898902893,2,62,0.05216703406294278,0.5840855978784107,2,83,0.2751039399358656,0.5259491552909216,2,95,0.027029825690056877,0.8834660112857818,2,105,0.41794154414724477,0.9073611050844193,2,121,0.030835814713328618,0.7697065211832523,2,169,0.24153122632784427,0.6925152078751595,2,200
217,0.31247052801911884,0.7024200260639191,2,32,0.05328109546434927,0.7646449744701386,2,42,0.20425919101598955,0.7491415636880058,2,77,0.07601065440062231,0.8974985927343369,2,113,0.289651233440136,0.7328172106491891,2,132,0.03126274095436862,0.8316858145925734,2,141,0.09148936162611583,0.8534569156666597,2,189,0.3287202072435042,0.7747269597920504,2,200
218,0.3470807297394688,1.1927078774100857,2,38,0.05709639324630246,1.103217860062917,2,50,0.28394760817383385,1.2462817795422612,2,99
219,0.20647520496632563,1.247682378917444,2,122,0.01885680185931134,0.6388751864433289,2,135,0.22274611695674199,1.106596615849709,2,184
220,0.25398846109885514,0.7001416039466858,2,200
221,0.2435790974113829,0.9502832797857431,2,26,0.020789177050457595,0.3000145434187009,2,52,0.2682261010789473,0.9592095692952474,2,112,0.07473430666697391,0.9689812430968652,2,138,0.33302305497348894,0.8860599985045772,2,200
222,0.39053893139898105,0.7071589569787722,2,37,0.029426588291115087,1.0702708684481108,2,50
223,0.34264002153546963,1.2609449840254254,2,72,0.007605229393520519,0.4294527566432953,2,97,0.3399005264583051,1.2510960622267289,2,152
224,0.2247572044257327,1.137060284614563,2,10,0.030630711525317333,1.1261847828115736,2,38,0.2527964299751277,0.8633325099945068,2,46,0.025052824203247052,0.7824686978544507,2,60,0.2821581193750863,0.8821449942058988,2,141,0.026747420316773164,0.5276335053719007,2,167,0.34690028372074183,0.7032676899071896,2,200
225,0.13062988269279982,0.9640311774085549,2,17,0.024957528278077033,0.683733931183815,2,77,0.30625120301725445,1.0343143105506898,2,97,0.050431192963986446,0.9239413380622864,2,122,0.18962979220497725,0.7936582611157343,2,200
226,0.2628343672812342,0.8136476550185889,2,57,0.05808537392303267,0.8159800197767175,2,80,0.19795159368485832,0.7248175652300726,2,141,0.016350089020143573,1.06812584400177,2,151,0.3505703279108196,0.6820235053698221,2,160,0.04317844090398777,0.7284981191158295,2,200
227,0.3438543105164178,1.2726089400053024,2,200
228,0.2891722709548456,0.8264102867016425,2,26,0.030354840303206437,0.37269402764461657,2,53,0.18927102073532417,0.7931273272261024,2,117,0.02496452099781708,0.4737412962648604,2,135,0.26044771895822,0.8825898051261902,2,200
229,0.02644240709107146,0.6748116309182686,2,57,0.28060642286505955,1.1502447645147365,2,200
230,0.28656228743267376,1.1049059293208978,2,39,0.023688200361137782,0.8242618978023529,2,49,0.4024308762884607,1.152184744675954,2,73,0.03060293367475958,1.0240028381347657,2,83,0.3124792071427713,1.171210886854114,2,149,0.04870970829021188,1.1844601780176163,2,157,0.32015905976381254,1.2424185276031494,2,200
231,0.24889713916511047,1.3633216112852096,2,200
232,0.33376381074273587,0.9973515775841726,2,71,0.03669972087355017,0.695163169392833,2,125,0.22821386786211081,1.1130581315358479,2,200
233,0.2818699384781575,0.9920727815201034,2,67
234,0.2469661524090059,0.9160763765203541,2,29,0.07384387422607128,0.819353871273272,2,62,0.03251281837147042,0.9288376016276223,2,90
235,0.40984173766396703,1.035286511693682,2,21,0.016724615520946187,0.9198683649301529,2,29,0.22936001802016556,0.9686910997737538,2,95,0.03266490284664936,0.8078009188175201,2,105,0.2938990399613542,0.9278022136007037,2,133,0.028346625941877444,0.6577056592161005,2,144,0.3280625016880929,0.9101170716541154,2,200
236,0.23313157195665676,0.8603708209135593,2,39,0.02500657362088598,0.759050554699368,2,48,0.29463105698888664,0.8975237678540381,2,200
237,0.209269873086927,1.7070577485220773,2,42,0.0544592101504187,0.8849900166193644,2,54,0.0191956952041836,0.5666595593742703,2,77,0.20422997384076416,1.7042231876022962,2,126,0.022220807845581097,0.6644370079040527,2,156,0.2502874534078478,1.6432554630132823,2,182,0.014680532704661738,0.16152497132619223,2,200
238,0.3422133832716713,1.5285523410827395,2,126
239,0.2308515126333553,1.0908486627763319,2,155,0.04745777387206432,1.0207344924702364,2,172,0.24950116088765728,1.0474247591836112,2,179,0.023446716633801816,0.8376633770325604,2,196,0.12652608311192903,0.907954528927803,2,200
240,0.20309310005137507,0.5264326659115878,2,55,0.10244305848273769,0.561315895829882,2,90,0.25366471087053866,0.4356462573227675,2,136,0.07008925295421409,0.4343520247936249,2,161,0.025432660705356613,0.5127203576266766,2,185,0.17480670948355284,0.5274434924125672,2,200
241,0.24170733933785854,0.7096968798824911,2,178,0.02343381666077817,0.18890690126202322,2,200
242,0.31691744830232094,0.4178666719813752,2,153,0.05501686577450613,0.35797094367444515,2,169,0.317043385320323,0.22819766975366151,2,182,0.013642946397716139,0.5112258262104459,2,200
243,0.30176350706616994,0.5620122812097035,2,126,0.0360018460800058,0.7094479753420904,2,152,0.30984702147748067,0.7858323293427626,2,200
244,0.29152432551241175,1.0031282528728045,2,147,0.012333511869263911,0.25631486624479294,2,169,0.29564625607868245,1.0661080306576145,2,200
245,0.2735337152686976,0.36748949825763705,2,200
246,0.2386742396593328,0.14153986029326915,2,200
247,0.2965909096183162,0.6882620255152384,2,6,0.06428364567501689,0.7776571924869831,2,19,0.021783841635756446,0.7420327207621407,2,53,0.32166697075567396,0.8049438714981079,2,68,0.029037143800011142,0.6776975219448408,2,92,0.3307341516831638,0.6575227890695844,2,197,0.07860781625281896,0.7184844613075256,2,200
248,0.3316532784772292,1.048421862242105,2,143,0.05496359325559506,1.1418347756067913,2,164,0.25574439927754067,1.0915219353304968,2,200
249,0.2891165954287817,1.196488897005717,2,6,0.016679303940175635,0.2992490847473559,2,29,0.25182624698671174,0.6701901078224182,2,34,0.011102862529613573,0.09394209764220497,2,45
250,0.061335660139227664,0.7815122078446781,2,17,0.3143194246533635,1.272154389183378,2,200
251,0.2967879982432975,0.7268853528159005,2,49,0.06241268068052452,0.6614437057421758,2,62,0.1459811017299629,0.5224323024352392,2,80,0.37986806195661305,0.7508039098036917,2,99,0.05549249702150031,0.7510189764639911,2,116
252,0.2672910133772197,1.0786674118041992,2,200
253,0.38613704522100367,1.295323332150777,2,36
254,0.2497708724669387,1.225512102748571,2,89
255,0.05349660774714301,1.0891034262520927,2,14,0.023799843508815855,0.9529705047607422,2,39,0.1980023285926201,0.7056976755460104,2,42
256,0.2169480914627428,1.0983113102290942,2,23
257,0.2736828893018852,0.9197576210206869,2,98
258,0.3108959431995565,0.9510501661300659,2,125,0.07023190793990658,0.9076603140149798,2,160,0.5121369275297356,0.7042316794395447,2,164,0.05450862749167977,0.2894914467697558,2,187,0.17080589657943882,0.4689578597362225,2,200
259,0.255108854332081,1.0290441562051642,2,146,0.01414070950399221,0.48324590424696606,2,170,0.3974207904921874,1.22146981159846,2,200
260,0.23000104777265823,0.9107266572805551,2,13,0.07574920161738428,0.9496641282377571,2,42,0.22737889740805567,0.8058030832381475,2,63,0.02702645631581665,0.9407933627565702,2,87,0.3247015313592765,0.742509647210439,2,102,0.056018745596244326,0.9118170626461506,2,134,0.2786879251177868,1.1278000703224769,2,147,0.023455919998266014,0.60829431277055,2,160,0.20117024315456042,0.9580712363123893,2,200
261,0.16013377436034515,0.6986215710639954,2,11,0.036702113900481635,0.807183763384819,2,51,0.24254457972286428,0.8450105350751144,2,77,0.05040777131235524,0.7821239758940304,2,94,0.3155509788858263,0.7556261655056116,2,127,0.036292609780422674,0.8341165329470779,2,160,0.39075478234654193,0.5613973051309585,2,200
262,0.22347284212031984,0.8889104883695386,2,97,0.06731078002548813,0.9399170787246139,2,124,0.23451405390831995,0.7746630279641402,2,200
263,0.3163307290126896,0.966947949450949,2,23
264,0.2784738097255953,1.1806568866822778,2,41
265,0.30063295072456925,0.8922775596380234,2,20
266,0.28122267251849875,0.7789627969264984,2,10,0.04457440489333065,0.7436470709195951,2,51,0.2409999266792252,0.9419270250532362,2,96,0.056895604662537305,0.9251159241324977,2,115,0.16865617560185323,0.8690026054779688,2,127,0.02761176092707619,0.9517335891723633,2,157,0.09751449347433598,0.8962023529139432,2,168,0.037410206972247693,0.9304119093077523,2,182,0.28089659355317964,0.8417333397600386,2,200
267,0.23927765139931187,1.179894781112671,2,10,0.020728292504885917,0.2953039498432823,2,56,0.3306046737313915,0.7335288662176865,2,69,0.02086610847545509,0.7502017463407209,2,100,0.29255124115016146,0.8224164068698883,2,200
268,0.23584181821773775,0.6845674382315742,2,18,0.057349311543868735,1.0469779213269552,2,48,0.35237098981726545,0.8173837614059448,2,173,0.017938345793107706,0.952315886815389,2,179,0.33917435625733716,0.8194716453552247,2,184,0.022758530654675355,0.8982383353369576,2,191,0.285294907536059,0.8196364243825277,2,200
269,0.21252833276346564,1.293320434708749,2,62,0.03801779695883667,0.5150215540613446,2,76,0.37993788273469425,1.4351407730061074,2,122
