0,0.36066581609538245,0.8471054485440255,2,200
1,0.32340141906117603,1.0686884621779125,2,60,0.3484047831641963,0.5388643849979747,2,71,0.026487540257663738,0.48823291778564454,2,96,0.16094722262036398,0.5743990987539291,2,100,0.2948987016600146,1.0330321508646012,2,200
2,0.27041955798230477,1.025655097739641,2,86,0.03134621749813677,0.8131256937980652,2,121,0.26045346946544146,1.0317957903209485,2,140,0.05470845364137732,1.060586082438628,2,164,0.3716169539671726,1.173105822669135,2,182
3,0.22797395130765,0.8921213135123253,2,200
4,0.390406975776518,0.8924133916233861,2,86,0.017335596183675823,1.0500071446100872,2,95,0.3451766377379076,0.9468393473398118,2,200
5,0.4546745367750332,0.7663139303525289,2,3,0.03549156803315768,0.9566412242976102,2,47,0.3038405443796469,0.9164412056698519,2,166
6,0.27379023878064407,0.5356738477042227,2,33
7,0.15839999937765903,1.3031602122566917,2,11,0.03437152702144044,0.28068144390216243,2,24
8,0.5147530867410932,1.0277792274951936,2,20,0.030798498859321243,0.916469021485402,2,46,0.2830998626658207,0.9685266505588185,2,68,0.10750831278191696,0.8122142023510404,2,77,0.332789969727102,1.102970730967638,2,200
9,0.34888554843080294,1.3744530104383637,2,79
10,0.043652161150250245,0.19010639979558833,2,17,0.1802251992188115,0.9352463086446127,2,53,0.02428321996769115,0.4634506677587827,2,77,0.1524451949575179,0.9366296896567712,2,90,0.016043766289809556,0.8075502431020141,2,154,0.2138472626238462,0.9527255296707153,2,157,0.02778396102507404,0.829164999226729,2,181,0.2140112713312861,1.0963511341496517,2,200
11,0.30691308670128814,0.21342997168594935,2,53
12,0.22881452609983408,1.2664828786724491,2,152,0.08149152173825887,1.182102850505284,2,159,0.053753494518252926,0.7680521781851606,2,200
13,0.15083201279487093,0.7123124063014984,2,20,0.03010761831226211,0.8149077112858112,2,33,0.28612010967054136,0.9011475178930495,2,69,0.0716049688018663,1.0042292240894202,2,135,0.2683530529857795,0.9592868364774264,2,148,0.047922261348603674,1.1596382591459486,2,166,0.306325405788139,0.8486801578718073,2,200
14,0.30681525433082507,0.6772639875883585,2,91,0.04266742015569147,0.9369606971740723,2,105,0.3822864371480977,0.6667715546985468,2,153,0.03927946362245975,1.4147010892629623,2,161,0.2126428578179769,0.7302916968862215,2,185,0.05895852120191652,0.8176139924261305,2,194,0.25790066517983823,0.6325545410315195,2,200
15,0.05194349770387085,0.46948282793164253,2,24,0.10937360436248221,1.0635396501292353,2,47
16,0.30188891499755205,1.320170090198517,2,50
17,0.2708983204466926,1.2305389499664308,2,200
18,0.24596828050896455,0.7067731040365556,2,34
19,0.22606691825979294,0.624414058526357,2,30
20,0.28804582898659004,0.8041729264789157,2,99,0.19052990150286594,0.818523934393218,2,165,0.01582972601596256,0.9302698544093541,2,172,0.23304871927555326,0.5796758383512497,2,176,0.015824877219893403,0.1324555646805536,2,197,0.6290602616492544,0.36603449781735736,2,200
21,0.23646788238566752,0.7772877395153046,2,10,0.0202692769616153,0.7055675273849851,2,31
22,0.23132590769027184,0.8241731392012702,2,9,0.058384325531654735,0.9536967118581136,2,24,0.30172803257071884,0.9178933485134227,2,61,0.042617249724665164,0.9727099026952472,2,89,0.3021055967082324,0.957931662465001,2,200
23,0.2834887960804894,0.9774186860683353,2,43
24,0.2430209202176194,1.1484080027131474,2,34
25,0.3330416245099681,1.399224058441494,2,92,0.014516163234279435,0.4178401645686891,2,110,0.24775919496995658,1.4378564059734344,2,118
26,0.4964415351935604,0.6202377764617696,2,34,0.2136722092714109,1.4463902950286864,2,44,0.06947676709776378,0.9212853809197744,2,68,0.024819393577034637,0.8958159337441126,2,92,0.17037686593852502,0.8545908461446348,2,115,0.01453643009564317,0.8175480365753174,2,123,0.28905649216203555,1.046518898010254,2,133,0.06150441600463444,1.4257333462054913,2,146,0.20282882332249863,1.6858585079511006,2,152
27,0.21631424798938603,0.2397356374584949,2,193,0.22324856635718826,0.8861691015107291,2,200
28,0.45955433290006614,1.174678359342658,2,46,0.027827687716085,0.13800839458902678,2,58
29,0.3158442312153303,1.0788255333900452,2,38,0.07404891209232307,0.18268607277423143,2,54,0.28139141941554147,1.0771674036979675,2,119
30,0.2151998540782595,1.2442509847528793,2,51,0.016258963786714726,0.5111878854887826,2,65,0.045405196221677574,0.4244161741486911,2,94,0.04590123655150706,1.2027204136053722,2,106,0.3178076328540498,1.2191307860262253,2,140,0.013934427981882581,0.5495974932398114,2,154,0.3967067455101352,1.3228572710700657,2,200
31,0.2696291516981346,0.4615978489816189,2,200
32,0.3204516841313581,0.9721353428036559,2,51,0.05175366628471892,1.0334593534469605,2,56,0.3931388862626563,0.997116418111892,2,77,0.026898822949347666,1.1732590675354004,2,87,0.245895705129627,0.9900009943091351,2,133,0.028475245392922337,0.6109787361188368,2,155,0.28348674863615264,1.0490861256917319,2,200
33,0.283924109577405,1.4785317778587341,2,180,0.054879517845951784,0.8659579366445541,2,200
34,0.28266799954725297,1.5461957030826146,2,90
35,0.29180672169326305,0.9909468756781684,2,36,0.06650369578361863,0.9305819344520568,2,86,0.33610836492285795,0.6687817573547363,2,117,0.026570155087174578,0.6292674930728211,2,166,0.22167300102120807,0.6138912638028463,2,169,0.026600762269407618,0.7471512367850855,2,188,0.2433453283282531,0.9248257329066595,2,200
36,0.2895858581020705,1.371218827035692,2,9,0.040889538852407474,0.8696558058261872,2,19,0.2649067147693687,1.3023202802943088,2,106
37,0.3368830324888417,0.7916785290837288,2,200
38,0.2859600482389943,1.0035174524927715,2,83
39,0.2953367483806453,0.8547136058861559,2,88
40,0.26665595390020175,0.9861497700214386,2,200
41,0.34230694373180837,0.8514295090799746,2,138,0.023601064407316154,0.7005887222290039,2,163,0.1592555250287387,0.6276377769740852,2,200
42,0.3886630470183975,0.5378162340186108,2,87,0.2754127388495281,0.5784439117507597,2,200
43,0.45815252094516157,0.7425790925820669,2,30,0.033398917727538335,0.2686487682163715,2,50,0.2735675499998887,0.8170047640800476,2,200
44,0.2681483186193272,1.5389085948959855,2,121,0.02895839361353325,0.5824165532860575,2,200
45,0.24911446943115867,0.710148028532664,2,15,0.01265299430339156,0.5766620139280955,2,51,0.2900326454304955,1.133188796632084,2,132,0.05365422642597168,1.1427213294165475,2,139,0.32891457917426864,1.1278964789187322,2,200
46,0.26859409733530965,1.6140892358053298,2,105,0.04895554879869222,1.2930949687957765,2,120,0.1971809021881524,1.3789449841228885,2,187,0.09096105362416122,1.1033435601454515,2,200
47,0.2767218554780702,0.7680044069009668,2,51,0.020246318233434472,0.8819475293159484,2,56,0.28941612906743935,0.7695986494589387,2,145,0.03934950953771172,0.8343432362263019,2,158,0.15661672998258971,0.9818891272658393,2,200
48,0.3654589510331699,1.0017668349402291,2,28
49,0.2883129329701707,1.4777349558006339,2,147,0.06678282189565972,1.0471101890910754,2,158,0.2154581565945166,1.4644533452533541,2,200
50,0.3034316320424253,0.9715257324538864,2,143,0.014957463936020475,0.12338969473903244,2,180,0.2474132845816417,0.6802695691585541,2,200
51,0.40466162973141634,0.5997234059954589,2,53,0.05600154201639981,0.5854108929634094,2,66,0.2848157238981633,0.7522661281081865,2,119,0.050574384443411564,0.9932793234333848,2,152,0.11308223402426162,0.8811142767469088,2,200
52,0.28668864664172616,0.8686939610375298,2,9,0.03378331683019695,0.7191278284246271,2,31,0.1829910371004251,0.9635568261146545,2,35
53,0.3486998058233748,0.8203114327457216,2,180,0.0745119457625666,0.8563713401556015,2,200
54,0.21947600832238706,0.6351198479533195,2,52,0.022973773978610616,0.4719629418104887,2,116,0.19735638644064873,0.878656804561615,2,126,0.031869294769927996,0.36506791412830353,2,142,0.21894861447862618,1.0286164979139965,2,166,0.010555662101767251,0.45537377066082424,2,193,0.582541634996392,1.076680132320949,2,200
55,0.14484336710358914,0.7641789752703446,2,26,0.0303204453229263,0.665457195812656,2,88,0.2814644912444339,0.4776945539883205,2,200
56,0.24094548609306696,1.1059209240807428,2,9,0.047618903558784204,0.6335344947874546,2,25,0.30651695255421413,1.153206923069098,2,64,0.025997557594060215,0.8160006813704967,2,80,0.4440139092724224,1.1665064820221491,2,108,0.029513288347175804,0.7904973030090332,2,135,0.2936851459211042,1.168110410983746,2,200
57,0.0430009786771405,0.749034303076127,2,17,0.20531246898846578,1.044681853055954,2,37,0.021475813087876196,0.5487949907779693,2,52,0.3503547629306112,1.4823077215867884,2,69,0.07015112595585603,1.4014258682727814,2,77,0.2758407821106763,1.473781304281266,2,138,0.03386403298509918,0.6324269681475884,2,181,0.43086520954884033,1.3990063918264288,2,200
58,0.25134431795505396,0.7343244450848277,2,123,0.04109748936252189,0.8334393713209364,2,168,0.2524059004993363,0.752578891813755,2,200
59,0.015245759641851521,0.25162441163293775,2,31,0.21710218772231765,0.2925778031349182,2,36,0.018253486323997127,0.17470202726476333,2,70,0.25639365329807295,1.1105080152099782,2,158,0.010931331208273155,0.21021816755334535,2,170,0.249213341032681,0.8869642913341522,2,175,0.01849620211415149,0.14040402948856354,2,200
60,0.296018484853249,1.073741301789984,2,143,0.07486417735296698,1.0090731084346771,2,169,0.3237890221136605,0.9657450664427972,2,200
61,0.03841829885023232,0.4970675877162388,2,21
62,0.2088097465951911,1.2906848058522304,2,107
63,0.370625431619239,1.1967976463942969,2,119,0.05836275422308946,1.1300585336155362,2,137,0.3284521604703475,1.150711066795118,2,170
64,0.32229434651210853,0.6836874709129334,2,125,0.052213543095203506,0.40117467464284695,2,172,0.326103156593604,0.9231426996343276,2,189,0.05426739945891723,0.8364506634798917,2,200
65,0.4231665370759267,0.750103771686554,2,10,0.04612482114035638,0.9099925599600139,2,29,0.2719002034484065,0.8184949231147766,2,54,0.1315722248357704,0.8566175368097093,2,90,0.41437495977143807,0.16017824908097586,2,108
66,0.35941251807890484,0.7063871997374075,2,27
67,0.18526995198890756,0.9375375236074129,2,96,0.03455635934010048,0.9294489602247874,2,126,0.2869844357346047,0.9346807599067688,2,135,0.027110839134707708,0.7405918538570404,2,151,0.3544595231545349,0.898148238658905,2,159,0.033659014143996746,0.8106327384710312,2,179,0.3407149369770799,1.1477440368561518,2,200
68,0.26490488696911085,1.4714201453960303,2,66,0.023309304364640796,1.365961452325185,2,72,0.2784980044200209,1.3787623327605578,2,121,0.019556758670190404,0.3202353825881368,2,163,0.17898431067462467,0.9463207304477692,2,183,0.017626117074755164,0.11549406542497523,2,200
69,0.29104785443931563,0.899692607820034,2,200
70,0.28976251175101525,0.8367052599787712,2,96,0.02249903941007218,0.6626033782958984,2,116,0.2858443436025547,0.8514149557141697,2,184,0.03478351456529177,0.550165843218565,2,200
71,0.2696920177273193,1.1460995497526947,2,108,0.03002934211118371,1.0352416932582855,2,120,0.02968153146153085,0.5392825583616893,2,135,0.2906845767366738,1.2432284740301278,2,200
72,0.12187027662846278,0.5574956674660955,2,28
73,0.06733642294778455,0.7711065581866673,2,14,0.24628904252447703,0.5516218741734823,2,20,0.037924263232237874,0.8070721791850196,2,38
74,0.3786108216160616,1.1530862506982442,2,148,0.01844640184286865,0.35965052412615883,2,166,0.27372934920952496,1.2051472934809597,2,188,0.08190799839354042,0.1878028785188993,2,200
75,0.32985761878626313,0.5918249233680613,2,170,0.03718175022192859,0.8507257878780365,2,200
76,0.30460466665125135,0.9416799104213714,2,200
77,0.464578481882424,1.0702592956053245,2,74,0.08921320118464746,1.2904934057822595,2,87,0.32688486339274847,1.2447503457027198,2,200
78,0.04015122070563354,0.30219555045327834,2,31,0.26934522252335447,0.9223737775884717,2,182,0.06658363647475082,0.8768071106501988,2,189,0.5316392312248283,0.9945057738911022,2,200
79,0.11996603615519542,1.0032464861869812,2,12,0.036355350220576475,0.8460973560810089,2,22,0.2626956578952733,1.3526029146469392,2,133,0.02026519668422669,0.8695866086266257,2,155,0.25696377595070613,1.422200518184238,2,200
80,0.237216997622156,1.1849516391754151,2,45
81,0.33237438121441737,1.417644195613407,2,84
82,0.42589632093660174,0.6368642131487529,2,30,0.055654350929295104,0.8799740930398305,2,60,0.02339291636644195,0.866101955374082,2,72,0.3661545408740699,0.7735469102859497,2,77,0.010465094262223472,0.7279871006806692,2,95,0.34685244820030126,0.78879630338578,2,200
83,0.28058538947821127,1.3122027992108547,2,109,0.05048693312577006,1.089369934797287,2,129,0.2774410989045784,1.3402567698921957,2,200
84,0.06021663261849637,1.0030362643301487,2,32,0.30096343904910033,1.0368949207994673,2,68
85,0.3197271472236069,1.2352765599886577,2,12,0.02054033911089349,0.9436230659484863,2,25,0.13071404525567318,1.1585669279098512,2,30,0.03049785994382943,1.0931181907653809,2,46,0.3023243913096165,1.2230301929425589,2,125
86,0.32763580148873245,0.6583881179491679,2,27,0.04575233592420361,0.614079682266011,2,44,0.2784541971122375,0.6770308369245285,2,200
87,0.3789628502512195,1.2093674123287201,2,40,0.02751261012762295,1.1540661591749926,2,53,0.3001186337847717,1.2030401066237806,2,104
88,0.3709008389564111,1.2378682295481365,2,21
89,0.30072730063657765,0.6847572716799649,2,55,0.043337795024563586,0.646420288730312,2,92,0.16138442240810996,0.7228839124242464,2,116,0.2961419132241543,0.732798208208645,2,167,0.03590823948516837,0.8323991563585069,2,176,0.24638079003013275,0.7267913222312927,2,181,0.05638402391416622,0.8420696289915788,2,200
90,0.252356048353725,0.9756469414784358,2,65,0.05760142490304197,1.0971536487340927,2,73,0.019340764278191737,0.8790262639522552,2,85,0.23378784347624232,0.9459625482559204,2,145,0.018374107464358285,0.7287862634658814,2,170,0.12810342479019282,0.90940147307184,2,188,0.38052072353636557,1.047256608804067,2,200
91,0.14800201446421152,1.095438502728939,2,16,0.031055312187725417,0.640717374426978,2,58,0.3205002412169798,1.2983847777048747,2,73
92,0.2874543726110517,0.4801246939599514,2,200
93,0.2809116578771642,0.7024712072391259,2,152,0.06775479337478053,0.7521032094955444,2,159,0.36655976225825476,0.6510235071182251,2,163,0.025153786843572733,0.8000661209225655,2,179,0.32497029474294786,0.5921633186794463,2,200
94,0.060185547460460155,0.6583817501862844,2,30,0.2742531503797793,0.6367252956737172,2,41,0.08162883971870061,0.8255383798054287,2,48,0.31805475208944206,0.8560582500393108,2,107,0.03774400200779337,0.7871863603591919,2,117,0.250772963047841,0.9322588885271991,2,144,0.06062859546608828,0.9653750658035278,2,149,0.3195474329435336,0.9333840182849339,2,191,0.10938573649737933,0.6873546971215142,2,200
95,0.049835606492110246,0.9892995930185505,2,51,0.2591831999891779,1.190856005657803,2,139,0.029767847328772048,0.7945762950441112,2,162,0.200991634778354,1.2416913906733196,2,192,0.07671010167406266,1.2235449105501175,2,200
96,0.25008606906293157,0.8090893664917389,2,77
97,0.34617650633973923,1.716077208518982,2,6,0.023383777846769767,0.3013755733316595,2,39,0.17089308302139497,1.464234757423401,2,59
98,0.29498970251711554,1.5099097439220974,2,70,0.029573519690866114,0.409091854095459,2,80
99,0.30321303853073195,1.4882546204787035,2,26,0.014230760074460785,0.7219547778367996,2,42,0.28201099554256137,1.4556233568323984,2,114,0.035427100732876936,1.4139180580774944,2,123,0.3325749010332058,1.4767539203166962,2,155,0.027096313222394617,1.02402538253415,2,186,0.41007130975478195,1.4457977839878626,2,200
100,0.3085819236552747,1.7216863967478275,2,32,0.12621045104312129,0.9804479281107584,2,35,0.020125411778016418,0.5857374727725982,2,55,0.22560912598433455,1.663217578615461,2,104,0.026236517030914654,0.6890006609584974,2,150,0.22596238987611056,1.6050969642751358,2,167,0.01686241234896411,1.0673469413410535,2,178
101,0.2716666460802161,1.2850131458706326,2,9,0.04809551526783921,0.9587371860231672,2,93,0.21313318840436377,1.3690584137521942,2,151
102,0.2866689358076056,1.0417615986532636,2,72,0.12925747040810665,0.8759953942563798,2,90,0.030254927574058434,0.7683764147380042,2,153,0.33202257117063866,1.2228041887283325,2,166,0.04186958024401719,0.7711815260074757,2,193,0.13833156096952604,0.7204030411584037,2,200
103,0.20841519459168134,1.2475571632385254,2,15,0.08816383149093109,0.6380773854255676,2,40,0.24324169572965795,1.6229488338742937,2,47
104,0.3645686841385681,1.19653313114958,2,53
105,0.3048948441404564,0.9039805060625077,2,200
106,0.17373858398863726,0.6009460522068871,2,18,0.028441416570395988,0.6000827279957858,2,40,0.2241422426279763,0.34072033597363366,2,130,0.06788578000732527,0.3774145742257436,2,145,0.29558102886302007,0.3599110478704626,2,200
107,0.14826690305506152,0.8477728820982433,2,21,0.027629856036164874,0.7991848993301391,2,46,0.24336817329247748,0.744283833286979,2,57,0.01579770437811463,0.6309406544481005,2,71,0.3846561734225526,0.9893484344849219,2,110
108,0.26381101514653466,0.887343750711073,2,57
109,0.2066780335467682,0.3409690008713649,2,13,0.028775145661475033,0.7856152109477831,2,36,0.38802032380113977,1.1796577287046877,2,109,0.017174336606422036,0.7341446697711944,2,119,0.11539110108722919,0.7099474310874939,2,129,0.30455759580482955,1.248605488051831,2,200
110,0.21357895137652536,1.0004793547872286,2,67,0.030006613510895827,1.317839435168675,2,81,0.4331498263758148,1.022636612256368,2,84,0.02553909647514804,0.799949136045244,2,93,0.23140058940663744,0.7886664313929421,2,177,0.0831352454627705,0.8014524190322213,2,200
111,0.28512575399679396,1.1366323095560074,2,200
112,0.292737246714426,0.9389403336188372,2,85
113,0.4437536924313158,0.6302062571048737,2,18,0.030776827773064196,0.4955003436873941,2,35,0.29338544112519976,0.5535469518767463,2,53,0.07545646656975306,0.24102522060275078,2,65,0.017567799600537826,0.1502402791610131,2,78,0.2913381841445007,0.6022455661724775,2,117,0.02183518151116655,0.3528274595737457,2,133,0.08351139099875424,0.35455095767974854,2,137,0.4075823390908167,0.6871613264083862,2,144,0.03870573065673406,0.3870008985201518,2,156,0.32936980863795184,0.5493708468145795,2,174,0.3478994958301701,0.8056212113453791,2,200
114,0.24451023239003014,0.3780687302350998,2,14,0.028427460537626226,0.5911945279906777,2,31,0.30408054550573027,0.4178810450765822,2,40
115,0.29956538068629845,0.45977696031332016,2,16,0.023917341305519774,0.6511245369911194,2,30,0.28386848453808633,0.4728824135504271,2,49
116,0.4228496811102788,1.5038799948808623,2,41,0.05897797890504021,0.8507192585526443,2,82,0.22721890372891992,1.4650269389152526,2,92,0.020823527017045356,0.5471449600798743,2,106,0.5998165160231209,1.4010245164235433,2,121,0.04524891942383426,0.882201225920157,2,165,0.45112100248966014,1.56447343145098,2,200
117,0.28082197701590367,1.250311589241028,2,10,0.014098927985891487,0.5430590738268459,2,27,0.23528152336883443,1.4415889242116142,2,61,0.021773819240845295,0.18989099211552563,2,78,0.3662067421724128,1.512775018811226,2,94,0.020242601527376138,0.4774359120772435,2,107,0.3327984099963123,1.5090001225471497,2,121,0.03168263290111286,0.7090014544400302,2,132,0.24410349954947444,1.2318837782915901,2,200
118,0.2612755388478889,1.0261622686234733,2,63,0.027877801757242943,0.6099721908569335,2,98,0.184714889103571,0.6976036429405212,2,103,0.02876860731639541,0.7433767574174064,2,124,0.28906427691533876,1.0495890941884782,2,160,0.08281811308893487,1.0256175597508748,2,166,0.021229274251596358,0.5370923140469719,2,200
119,0.32809838299745314,0.8179787003993988,2,200
120,0.050001523638883716,1.095086959692148,2,26,0.3276974860422856,1.161645881831646,2,90,0.019463620636879814,0.6148604665483747,2,111,0.25568837336693645,1.1993891650980169,2,133,0.04132158770320156,0.4451810400933027,2,149,0.27917296323366125,1.2506811712302415,2,200
121,0.3832230182784071,0.9985561663249753,2,53,0.03732321465598792,1.131932384437985,2,89,0.29111537513074814,0.9671926573590115,2,200
122,0.09904823006598577,0.9692717323432097,2,37
123,0.2707502230626348,1.0103709250688553,2,200
124,0.04558928105133772,0.7773572492599488,2,25
125,0.24625771580584832,0.41299715425286976,2,14,0.045401325110909566,0.45417277279653046,2,33,0.2937322160115666,0.8829392615486594,2,50
126,0.20458266304372708,1.446094536781311,2,105,0.07374180400988407,1.4465152621269226,2,119,0.3017443197538367,1.443610731466317,2,200
127,0.3234150015986663,1.5220264168672784,2,43
128,0.18267116512125675,1.0749715566635132,2,11,0.017824706882998212,0.701788786295298,2,48,0.22520624474903272,0.982484112052541,2,200
129,0.2830091565604905,0.821873950958252,2,50,0.01565414541321683,0.2007720349356532,2,66,0.26188795622908617,0.7332122102379799,2,74,0.022111013095988417,0.38845557116326834,2,95,0.23412705595934388,0.955517413038196,2,128,0.020083704480647925,0.4553250891190988,2,155,0.3552275629619636,0.8735049664974213,2,191,0.05679289206608066,0.9336900843514336,2,200
130,0.2435657699177392,0.7390516797701517,2,63,0.020020476731243096,0.3588551841676235,2,79,0.046209500235282995,0.5158634384473165,2,103,0.01595611855533408,0.6393376588821411,2,124,0.14506347332463881,0.5451050400733948,2,127,0.025691821046679855,0.5427314660378865,2,155,0.28067700683579305,1.0286830392750828,2,166,0.021301036994661758,0.5217588232911151,2,189,0.17050740240466358,0.9262252179059115,2,200
131,0.2746045785751472,0.7675613819257073,2,92,0.038520352260254756,0.8154146025578181,2,104,0.2807191459356502,0.7245872436712185,2,200
132,0.2193443287840889,1.1191645956039429,2,200
133,0.33169012065935644,0.6847241878509521,2,25
134,0.3252660092801341,0.9999441530393518,2,46,0.03572732895500841,1.1635257303714752,2,98,0.28947293642165506,0.822370580109683,2,153
135,0.26189577587110924,0.9398895344138145,2,200
136,0.23474160704655347,0.9199990524399665,2,62,0.2607011259329932,1.4124629843062249,2,200
137,0.351436793008035,1.0244857668876648,2,6,0.056641406030531305,1.008627458854958,2,33,0.2848357806169337,1.4994432797688924,2,200
138,0.1642461250250045,0.46389894116492497,2,21
139,0.17568943931160524,0.30759834001461667,2,24
140,0.3169971515915666,0.7895032248713754,2,22
141,0.3027631903245569,0.7201629548237242,2,58,0.07385543534091775,0.8043006999152047,2,86,0.30324780382531263,0.6925978822666302,2,200
142,0.29812242756533747,0.7511952507375467,2,99,0.014019884589824878,0.8584954398018974,2,106,0.24329815124149,0.7859487324318988,2,200
143,0.19645420712224282,0.30172767498712433,2,174,0.36821503607442135,0.2303405192035895,2,200
144,0.30780529406437934,0.4232799753066032,2,155,0.057457220754849325,0.58967075496912,2,171,0.23644881211464044,0.6096395916408963,2,180,0.021131659897864086,0.7804942727088928,2,190,0.1607095223230811,1.2509334802627563,2,200
145,0.27597535769023424,0.808808770444658,2,9,0.016607660353312816,0.6155387257274828,2,28,0.2473194546695486,0.7369708220163981,2,37,0.29271231438041573,0.9910646370479039,2,107,0.028077562716371796,0.32366509884595873,2,127,0.2899083375897833,1.0866795199758865,2,195
146,0.19995993971065978,0.5745816330115,2,6,0.04682395309607857,0.6216540813446045,2,21,0.258959501080776,0.7547605156898498,2,26
147,0.26965454090314106,1.6409640965007601,2,42,0.05147878368386748,0.5077419539815501,2,80,0.24107491922209534,1.666455672211843,2,153,0.03523053083175197,0.23949071516593298,2,171,0.40817881177949183,1.4896977245807648,2,175,0.019940792856775948,0.21701216638088228,2,200
148,0.27919969815159273,0.7734443897174464,2,144,0.041820932073678055,0.9093594806534904,2,179,0.32433664362996345,1.1012821651640392,2,200
149,0.25860578147717767,0.8076313151710335,2,174,0.019248423071739462,0.1800958436468373,2,197,0.3696574187724381,0.4037585606177648,2,200
150,0.3248514977211134,1.3775385554118822,2,93
151,0.21462348587849028,1.4911223658808956,2,135
152,0.2228149418951449,0.8571723333813928,2,44,0.12103161029340846,0.9017756362756093,2,74,0.01493612779154945,0.44539758563041687,2,85,0.2662859410276596,0.8955186113067295,2,108,0.04842248797621969,0.6623038003842036,2,120,0.2197996995119699,0.7502311801910401,2,145,0.016654835264552362,0.3414332938194275,2,170,0.3037467165000382,0.9275545358657837,2,180,0.026481171837564498,1.0064223855733871,2,188,0.2881527117131079,0.9730965197086334,2,200
153,0.11149955419899124,1.5277822157915901,2,17,0.01884054211154465,0.6182076712043918,2,66,0.41197223301521807,1.7897443970044453,2,72
154,0.29128795867933754,0.7725065884919002,2,29
155,0.3349394465528231,0.7703714405789095,2,51,0.048607122831055845,0.897779663403829,2,81
156,0.02028748462692334,0.3268194035176308,2,31,0.27265030690881137,0.5137302160263062,2,36,0.027316062993584703,0.22107690923354206,2,70,0.2330058058876574,0.9694979814382699,2,200
157,0.23787675016719106,0.9991604478462882,2,92
158,0.19949057309731097,0.3614326748583052,2,27
159,0.3808997933495362,0.9885185616356986,2,42
160,0.40383525402867865,1.6825109720230103,2,44
161,0.2809313797639946,0.5853795771087918,2,140,0.11087739301961808,0.7534188439448675,2,200
162,0.3086022467325619,1.1542535102367402,2,200
163,0.2278896279133166,0.8916091918945312,2,5,0.02006890904559603,0.8584170829166066,2,27,0.21259849909452647,1.1888422499532285,2,50,0.06275778533378051,1.2272733847300212,2,59,0.24562198662412454,1.2270136541790433,2,86
164,0.269966869422817,1.6507503821932037,2,174,0.013869521703192719,0.6750930077151248,2,193,0.24965772371765563,1.4672165087291174,2,200
165,0.2400208131114403,0.9985257794982508,2,38,0.09412956766044617,0.9475284942558834,2,52,0.018800405058566824,0.8236812625901174,2,111,0.09778219868199722,0.8838610768318176,2,126,0.021181170662140744,0.824362251907587,2,142,0.28893450460340925,1.0078159322341282,2,166,0.020452941805288317,0.45961386848379066,2,193,0.484292674149383,0.6618757886545998,2,200
166,0.2263261450393629,0.6598776304721832,2,200
167,0.14407456122840362,0.8479844397968717,2,27,0.03726839308939978,0.7552994991603651,2,46,0.33097770311620084,0.7040807068347931,2,56,0.022241640885939246,0.22216550807158153,2,71,0.25456809028008526,0.9131565454394318,2,200
168,0.32743626163294837,0.8199460123266492,2,14,0.010107631115513332,0.9895427227020264,2,21,0.3671597277204272,0.855185852600978,2,138,0.03367622660580875,0.972246891743428,2,175,0.40481562996661147,1.1049507856369019,2,185,0.06741007733602668,0.9092385470867157,2,195,0.33095555010578936,1.2395729780197144,2,200
169,0.27031200010640927,0.8306148401776651,2,133,0.054874575212730675,0.653261844928448,2,146,0.32801972284872716,0.8268408819481179,2,200
170,0.34930960520724547,0.9016371336579323,2,200
171,0.20197473886748377,0.2636333860647984,2,78,0.06775433196928438,0.3933745874808385,2,117,0.19408203797379914,0.2958336662815278,2,200
172,0.29517538424307477,0.9527854860564808,2,81
173,0.36701870549861326,1.1735194126764934,2,9,0.029514975106674526,1.322902541894179,2,22,0.3683297736161591,0.9657506484251756,2,35
174,0.05304685785789538,0.5416897691431499,2,21
175,0.30934199328879264,0.7298386207333317,2,54,0.04206864622237779,0.9242289985929216,2,89
176,0.3036370541768097,1.3081658192169971,2,39
177,0.3167851448022971,0.8812275451421737,2,200
178,0.28972361173191,0.9450928115844727,2,25,0.009102928778876123,0.46564608812332153,2,33,0.25781393909533806,0.9637873679577947,2,200
179,0.33058601694484147,0.9445011752550719,2,61
180,0.11228437129342879,0.9446031212806701,2,50
181,0.1016665457640094,0.6994393191167286,2,28
182,0.2743183587132571,1.151637498821531,2,28
183,0.3182032716598241,1.471604401210569,2,53,0.01627209123409423,0.5242724567651749,2,73,0.28727622771966604,1.4455467490922838,2,157
184,0.28803847925723697,0.8362699183550748,2,55
185,0.19309978869451833,0.7253070385367782,2,27
186,0.24737411211651514,1.3155211891446794,2,21,0.022800855007170065,0.6692375227024681,2,40,0.2585057476151594,1.3044535279273988,2,60,0.06157232624538526,0.9069699867098939,2,111,0.3354644298572516,1.2145795272977165,2,200
187,0.2870564012198694,0.9432036286776828,2,97,0.06404769937919728,0.8237532377243042,2,100,0.035995704721918806,0.48789020018144086,2,111
188,0.058747328602118946,0.8380046871400648,2,62,0.3676749816183775,0.49315800070762633,2,72
189,0.34264722456026414,1.1431719266193014,2,71,0.025542577896000167,1.0230196033205305,2,78,0.022653624242545627,0.7375120851728652,2,96,0.28825206995616914,1.4491131556661505,2,134,0.02925484328217568,0.7052915245294571,2,162,0.3495314734249129,1.3776529807793467,2,200
190,0.21889739725333052,1.1742667215211051,2,14,0.013957958990749362,0.3827835440635681,2,24,0.19548666329928155,1.1768740117549896,2,52,0.037892882538849426,0.7826238837507036,2,88,0.3048933339340511,0.6948123345008264,2,101
191,0.08768943331933186,0.6859610080718994,2,3,0.021867653539642602,0.6320279152954326,2,37,0.2686320953150885,0.9643941664256932,2,200
192,0.2801640358174279,1.276199287838406,2,9,0.03439860502165336,0.279002391240176,2,26,0.2605067883992439,1.2485027475790544,2,70
193,0.2591247821909881,1.1749940412538546,2,111
194,0.24678718932758623,1.2403259992599487,2,15,0.017337478248735133,0.5962297568718592,2,51,0.5183779353332147,1.338777984891619,2,58,0.0492118274031022,0.816878427352224,2,86,0.5154407412410359,1.0913138389587402,2,91,0.04610339415666236,0.5291029512882233,2,109,0.3297982123686365,1.1833750357230504,2,133,0.022809188889730922,0.31056902930140495,2,145,0.33173015146235124,1.1319542147896506,2,200
195,0.2684913030875495,0.9424313008785248,2,200
196,0.24470344072582398,1.1800367514292398,2,30,0.036132677322255564,1.186930251121521,2,35,0.2094123568144997,1.2013246880637274,2,44,0.031050637043389517,1.0593326091766357,2,76,0.026401325612524035,0.6877386852314598,2,95,0.25784029339510045,1.0815824667612712,2,98,0.030343840857179564,0.939506385061476,2,107,0.22831679836657873,1.14769496768713,2,139,0.03923491379262935,0.7070332368214926,2,163,0.14916736504646017,0.9151879710120123,2,200
197,0.03193835465169322,0.6624072803391351,2,45,0.435644605627801,0.738396426041921,2,48
198,0.23171299531418607,0.5650606427122565,2,136
199,0.2524343283474954,0.6960622760653495,2,200
200,0.43472380854548964,1.1471028526624043,2,6,0.015618150167479408,0.7095218049852472,2,44,0.3468219412481055,1.2733444571495056,2,50,0.0199898155744299,0.4315088391304016,2,67,0.26376326433826114,1.4338441888491313,2,85
201,0.32619971627525723,1.1967554986476898,2,12,0.03129013681735447,0.3160068014493355,2,25,0.12194814635997472,0.4962039291858673,2,28,0.35057035464078884,1.2445995715948253,2,41,0.01824231894223814,0.40646696388721465,2,61,0.31547702404526795,0.8876110723144129,2,80,0.01840862814418491,0.4386765853716777,2,158,0.3224958242984808,1.2256610478673662,2,200
202,0.2399308645259116,1.0360149335861206,2,200
203,0.28274026331474555,0.8861854541301727,2,200
204,0.24394320913621675,0.9441740985574394,2,58,0.03262174242196157,0.5390501850181155,2,76,0.3584401117428583,0.8821629238128662,2,101,0.030422464703297722,0.815491919964552,2,181,0.4498760764412341,0.723762571811676,2,200
205,0.23410289190992625,1.4916687738604661,2,41
206,0.31558875550403276,0.7835259465155778,2,108,0.048887313930445445,1.019589473803838,2,144,0.2523768434594341,0.9106156240616526,2,200
207,0.21664279507378903,1.324656025055916,2,124,0.03714628674207505,1.1914517038008745,2,141,0.1975598457912118,1.2999403715133666,2,146,0.028581159308660897,0.9322036968337165,2,200
208,0.05186739733922888,0.42742254453546863,2,17,0.11294939348366866,1.0738276640574138,2,20,0.345172385377009,1.163947860399882,2,59
209,0.3529771351025739,1.2353572580549452,2,36
210,0.26168035811064383,1.321759303410848,2,39,0.016836023352223877,0.3972256396497999,2,53,0.24794177664535366,1.369838189916546,2,200
211,0.20855350621028365,1.083219051361084,2,8,0.03746111264392559,0.8413526862859726,2,32,0.3388164750527613,1.2292676634258695,2,41,0.026062607128900777,1.0408317934383045,2,52,0.11247288874104115,1.3260689735412599,2,62,0.35631475449908234,1.3372295357964255,2,117,0.026485046848148418,0.23103168234229088,2,133,0.1426005629430947,0.7714406847953796,2,136,0.39114724764358993,1.37303839524587,2,151,0.016786189795446986,0.5052194366088281,2,164,0.3617701594523952,1.40887740916676,2,200
212,0.22445730282676044,0.5315264582633972,2,10,0.04766648411567954,0.7657750401741419,2,49,0.22291630980980098,0.8135918656984965,2,64,0.07504482926230387,0.7173592127286471,2,77,0.20665100311997528,0.7155399627801848,2,200
213,0.3661320406834092,1.176410753910358,2,65,0.06752081767779912,0.4629419992367427,2,77,0.34483137512373513,1.0438245959006822,2,181,0.03224290920881225,0.7163103128734388,2,200
214,0.4091406231163416,1.4428512156009674,2,4,0.06387818327079095,1.3191032535151432,2,23,0.21194533878629548,1.4181792160560345,2,81
215,0.24334497327731702,0.48003472813538145,2,14,0.042656491694676654,0.6349956856833564,2,23,0.2836158518059297,0.6107478976249695,2,28
216,0.25820841854533766,0.9102653195691663,2,43
217,0.06974400772017521,0.9577322259093776,2,33,0.2637324177257242,1.0830331295728683,2,65
218,0.3187596655307049,1.4774171715974809,2,200
219,0.28719975607380116,1.096558957695961,2,200
220,0.3032537091406069,0.5694176475207011,2,135,0.029264408571609363,0.66468389166726,2,162,0.34529574354982373,0.5198585337826184,2,190,0.04452438769499227,0.2882283255457878,2,200
221,0.3108642906124444,1.0258798866855854,2,49,0.029168118817139557,1.1129414420766928,2,146,0.40085815078697284,1.2243268728256225,2,161
222,0.1377621851353784,1.4592560132344563,2,9,0.041005017509641604,1.3921743333339691,2,17,0.15385083651838696,1.5235897866455284,2,91,0.06270560079540251,1.5409289172717504,2,105,0.22690103099919262,1.5999795850954557,2,200
223,0.30185559895868447,0.9622877329587937,2,200
224,0.3426331850166369,0.805071497785634,2,29,0.01969647005784779,0.3096003697978126,2,47,0.04864565472596831,0.587201761810676,2,93,0.13311524688093998,0.7267775668038262,2,102,0.02442206054053556,0.15282993912696838,2,117,0.34844582265562135,0.8916161340403269,2,200
225,0.21559265650792805,0.8004843776042645,2,26,0.019931967196341563,0.5839344680309295,2,36,0.2990718574481922,0.5621660405939276,2,58,0.07210742931287167,0.7851966597415783,2,85,0.17556370187206455,0.7102200780596052,2,120,0.021908573630357645,0.6898952780231353,2,151,0.050598699559957,0.6936311721801758,2,187,0.3685702586784209,0.3401504181898557,2,200
226,0.2996846146888952,0.8568815397766402,2,53,0.03868110247285787,0.5611771728311267,2,67,0.3780398034306554,0.8489999393622081,2,97,0.03208027552891617,0.8935807479752435,2,106,0.3097684502280495,0.864136610259401,2,200
227,0.08300709929065828,1.123669727988865,2,23,0.026428434406729255,1.0370329581774198,2,88,0.16045499090316293,1.069317877292633,2,92,0.015397791820806753,0.5669821590185166,2,112,0.360397879769393,1.344164718281139,2,200
228,0.2896919916203884,0.9649757523285715,2,19,0.01463282913647811,0.3933158377185464,2,51,0.09888346177198251,0.9068452343344688,2,67,0.1994404210141055,0.8837458191061378,2,200
229,0.22207828215028463,0.9804402106517071,2,148,0.023220344547138477,0.4727746125529794,2,165,0.09044690364180426,0.6969933658838272,2,173,0.3300287866739092,0.9664027243852615,2,189,0.06965096212683768,0.3448756459084424,2,200
230,0.20747557715906406,0.9020754681077114,2,43,0.018939206335777305,0.6918252027311991,2,86,0.18404172435514596,0.9905056329000563,2,128,0.0384877479052725,0.5898658308115873,2,139,0.22639895066541035,1.0015658179267508,2,200
231,0.2982484212440047,1.1548363399935198,2,111,0.03062234509579378,1.192824329648699,2,118,0.3137313368543556,1.201814030728689,2,200
232,0.24683091574236693,0.59356898897224,2,36,0.0349981651448878,0.8949271175596449,2,54,0.22270700091796286,0.5789534567970119,2,200
233,0.04652773524339925,1.226034700870514,2,4,0.02749665537593942,0.3741467568007382,2,15,0.2939700818309232,1.043951548062838,2,54
234,0.2773056105982784,0.5589955258369446,2,200
235,0.2144230188877029,1.032546225048247,2,63,0.0433761665176738,0.7218974171013668,2,92,0.2627870190675275,1.0815852372734636,2,200
236,0.14274835818713716,0.8730360478162765,2,20
237,0.2536593002442398,0.8449990109850963,2,96,0.0987043478001634,0.9008539140224456,2,106,0.020584586715998596,0.5689068679906883,2,155,0.2939120554534393,0.8769158124923706,2,177
238,0.20818616417109673,0.9682484172111334,2,86
239,0.28776072093553096,0.8981315838663202,2,19,0.10078560899996063,0.9598726961347792,2,28
240,0.29790963375421314,0.55046218420778,2,28
241,0.29981598534426684,0.37104153737425805,2,200
242,0.2349519334707427,1.457133476138115,2,200
243,0.1914722672171097,0.9982969951629639,2,25,0.017170083282938852,0.85783031056909,2,42,0.2326796456547716,0.9799855053424835,2,138,0.013563216236464217,0.7490834625143754,2,157,0.06169584383703353,0.7661925775033457,2,184,0.20557147670557116,1.1864927836826868,2,191,0.036570783061753355,0.6146135032176971,2,200
244,0.3393322146164343,1.0495938807725906,2,40
245,0.19950483231302404,1.2406034469604492,2,13,0.02650678317466521,0.473969576390166,2,51,0.042043108371969534,1.0461937387784321,2,57,0.07035482999498818,1.0772716678105867,2,83,0.23312074006964834,1.2451066161101718,2,136
246,0.2931139111176054,1.3135520274486017,2,109,0.07314714334902574,1.366733796066708,2,145,0.2336551254849961,1.3983591496944427,2,153,0.013013950802657688,0.6029976010322571,2,158,0.21335103579442502,0.3973475515842438,2,163,0.024814971483596154,0.5597055519328398,2,180,0.3195400909757543,1.2238494396209716,2,200
247,0.30600010729989213,1.1427973645074028,2,140,0.017507171479363995,0.7887126132845879,2,156,0.26715335352827707,1.202173967253078,2,200
248,0.2831399480457658,0.9050762219088418,2,140,0.02412467350904293,1.13453369140625,2,170,0.28689006397966543,0.7696613947550456,2,200
249,0.08700796827467853,0.4740947298705578,2,8,0.027337948880100715,0.6040309831500054,2,48,0.2045012085108325,0.9389484110085861,2,71,0.02813655365724364,0.7078817259697687,2,113,0.2241341355282173,0.6688259169459343,2,121,0.013899382091145825,0.6705362654867626,2,163,0.23583436433204602,1.156103503704071,2,183,0.014692942099425125,0.24268312752246857,2,200
250,0.24788879472599593,1.5581461992114782,2,128,0.034182915276724464,0.8464670345187187,2,168,0.22188219471570023,1.5231522768735886,2,200
251,0.4209305450031236,1.6278998526659878,2,22,0.03537470165534144,0.5518755110410544,2,35,0.009582896794214398,0.584496084600687,2,51,0.5146168645328438,1.6297258710861207,2,76,0.01695697826290839,0.5067699994695815,2,152,0.3313844119093087,1.5018681734800339,2,192,0.07782604285456902,1.2607008814811707,2,200
252,0.27361621484736076,0.7259811658363837,2,154,0.024741981896854143,0.27250291605790455,2,169,0.08571192415815376,0.9175548329949379,2,177,0.2456484259043169,0.9536316861277041,2,200
253,0.4878481867717325,0.8068486584557427,2,18,0.03759632471166143,0.7861898331081166,2,35,0.36672473205811507,0.9862467890435999,2,79,0.020436049397332807,0.5340661406517029,2,86,0.26015481900804005,0.8468332844121116,2,100,0.026753838743049783,0.586053844760446,2,134,0.15387676253891439,0.9752592479481417,2,151,0.019873890343455124,0.2017551179115589,2,164,0.4562170199615676,0.9890324515955788,2,192,0.04968143621021262,0.8142206966876984,2,200
254,0.30650410702859293,1.4016145651157086,2,13,0.023617071617013624,0.9006994055665057,2,36,0.31942432229562795,1.2965108831244778,2,119,0.0701706154814695,1.1508210897445679,2,124,0.059281826425285726,1.0140107251979686,2,151,0.16815407062263396,0.9372731776073061,2,180,0.40680512098012556,0.9593151986598969,2,200
255,0.3654421862590336,0.8824786829948426,2,200
256,0.25339404558895523,1.3452916845679284,2,80,0.05039280399095414,0.4036874059173796,2,98,0.08558895820413855,1.2377648047038488,2,133,0.25332143260594875,1.5103451298243964,2,200
257,0.1650045946179401,0.5417781869570414,2,3,0.017224650632628888,0.5892539701678536,2,25,0.2566234500202984,1.2057921152848463,2,90,0.029368392617939335,0.47487234115600585,2,115,0.13901144614312044,1.095879594484965,2,121,0.024538189880059156,0.5192137172347621,2,140,0.28925172196072035,1.2443848848342896,2,200
258,0.2939993812871964,0.5791587156554063,2,120,0.029963807661412833,0.45653200075030326,2,200
259,0.27399141848897757,1.1647503654533458,2,107,0.018021335002720643,0.2949570440329038,2,120,0.28243127111187527,1.2298590821378372,2,154
260,0.3193883728651695,0.8001565361022949,2,200
261,0.27495216662986655,0.9990972361781381,2,44,0.024458189827426882,0.7347271527562823,2,86,0.2686730449995271,1.130129033013394,2,200
262,0.3984843330444318,0.8351906687021255,2,8,0.03061074370418043,0.7541684476952804,2,27,0.24600344327825976,1.0752560255820292,2,84,0.02995491006425426,0.35824649532636005,2,93,0.22623458867167545,0.5288888871669769,2,98,0.01210836665604028,0.7743310530980428,2,107,0.36553818929246257,1.0305861190513328,2,134,0.020970357837662424,0.7520887156327566,2,140,0.3626237220879885,1.0522524158159892,2,170,0.05769327249443584,1.20502288473977,2,188,0.3681975699645704,1.1717652678489685,2,200
263,0.4580766804340852,1.2834186156590779,2,3,0.023950823077736053,0.45112278922037646,2,25,0.25785642464848046,1.201393643547507,2,110,0.04948366482539327,0.9839075803756714,2,117,0.040956176733681945,0.6852411656844907,2,158,0.2597343091199873,1.438399652640025,2,200
264,0.50675268471406,0.916466011242433,2,22,0.11942285313741081,0.8910695218270824,2,53,0.31224162482328227,0.938892129732638,2,200
265,0.33574141199015406,1.1877112681405586,2,57,0.02500165019378662,1.1673646918658553,2,86,0.26754980704794373,1.1590780019760132,2,143,0.036111073379675944,1.1150788591619123,2,200
266,0.26752324669996563,0.8713147259149395,2,61,0.03185706195405393,0.2855522045317818,2,78,0.2874192594370552,0.8762550559537164,2,107,0.02231712677929499,0.6044122110242429,2,130,0.27963184640532157,0.8825374865531921,2,155
267,0.49579670229662626,1.0799022515614827,2,3,0.019591542940421026,0.6355354473704383,2,24,0.36724903156289385,0.8590301400558515,2,200
268,0.34436971011397793,0.4831533059477806,2,12,0.023975390713092383,0.4558574895064036,2,27,0.2592263761054211,0.9767764162044136,2,76,0.023823189556245676,0.4274725129332724,2,155,0.32121346582986493,1.1713886976242065,2,165,0.042539645152943714,1.0493361098425729,2,200
269,0.23426882125081797,0.9024876849404697,2,29,0.021017619388434754,0.14668560276428858,2,47,0.2972344362032461,0.9080185348337347,2,58,0.13104676832003753,0.9454681548205289,2,102,0.024430050750902956,0.352656622727712,2,117,0.2669600760919998,0.8549853396415711,2,167,0.06736666254726124,0.9397175908088684,2,175,0.3261335399285006,0.7913958430290222,2,180,0.055131574648799996,0.6916746020317077,2,200
270,0.24829941547204057,1.122741460800171,2,29,0.02046686609357134,1.027754886397,2,58,0.2479778360955639,1.1556958984321273,2,200
271,0.18026510771818882,1.5505759394168854,2,200
272,0.28020568865113205,0.8909613545550856,2,129,0.04556054745803417,0.8474746465682983,2,134,0.259237750022901,0.9246081835345218,2,172,0.042470050224288076,0.7494938783347607,2,188,0.25414364564168235,0.8419679005940756,2,200
273,0.3219396374888284,1.1335772261562118,2,83,0.03251567594525234,0.7537417727358201,2,100,0.13274289792269747,1.0148008150212906,2,134,0.26147948947838723,1.167344702012611,2,200
274,0.28465811218880727,1.424274717190469,2,129
275,0.03475391307270206,0.4216995778921488,2,37,0.33393773425122314,1.4062313265595698,2,200
276,0.36039314655514204,1.0862317025661468,2,20,0.023367147135458004,1.2290228252057676,2,47,0.24023141137786308,1.06449493765831,2,55,0.31324586537798393,0.5417465443412463,2,67
277,0.295249985240969,1.442213732546026,2,55
278,0.3376885894793494,1.2182875600728122,2,44,0.0272590945794553,0.582730354684772,2,77,0.3296080890951763,1.4016467679260123,2,194,0.03317546824262734,0.7318527400493622,2,200
279,0.09490057187007547,0.9033612807591757,2,33,0.2657636665042493,0.9216321292751564,2,200
280,0.19135745514671668,1.4873547060736294,2,29,0.0244589136743393,0.8428764076068483,2,58,0.1377979347696913,1.4148042649030685,2,90,0.019771128671160244,0.2757736420945117,2,109,0.28743504339923615,1.6356449127197266,2,122,0.02143503047187256,0.3642066297206012,2,144,0.27794950240464916,1.7840478796707957,2,182
281,0.28544793619166703,1.1544584493706191,2,138,0.26655878713303327,0.849359538285963,2,200
282,0.29932044485822634,1.2199483724201428,2,68
283,0.325154983196861,1.0003164941614324,2,55
284,0.034920935062070585,0.6467752890153364,2,33,0.2969818266583138,1.5462072243293126,2,57
285,0.3497272685830017,1.0035635908444722,2,30,0.05233099668058129,0.7120646595954895,2,50,0.34837689107494485,1.0221461424460778,2,76,0.01840065901332608,0.36052360908782227,2,170,0.23884937429594139,1.0716728766759236,2,194,0.06018329303202623,1.1928581595420837,2,200
286,0.2854705349532594,0.8020175891487222,2,76
287,0.32013541279486385,0.6317631681760152,2,30
288,0.04090185123589338,0.6254384602819171,2,14,0.26239454975731225,0.7704677770777446,2,96,0.06225635225505355,0.8578126622097832,2,180,0.3374093866805731,1.0028130412101746,2,200
289,0.28248532301725404,0.7194139806742079,2,178,0.07370568335783463,1.0288410620255903,2,200
290,0.2983434438393091,0.9354269551295861,2,51
291,0.19485630841266177,1.2168510556221008,2,8,0.07950555193283752,1.0631872685182662,2,50,0.2773816707703774,1.3230791449546815,2,150,0.030215252180949767,0.5811448028454413,2,163,0.40376147468353096,1.2233487754254728,2,200
292,0.2095633188205,1.4262144488947732,2,140,0.027834757415906956,0.5074541029475984,2,161,0.21658454247903763,1.5227900376686683,2,200
293,0.26095771213994723,0.5441976999625181,2,39,0.02556710873211314,0.5711192531245095,2,53,0.3129897687677292,0.632706699201039,2,123,0.033733721688195266,0.6821863419479794,2,141,0.2763484043974969,0.5395090884783051,2,185,0.04381609018883992,1.2989688158035277,2,200
294,0.05516308468105557,0.9920025281608105,2,32,0.22865092948338434,1.0550712214575872,2,86
295,0.3065672285908291,0.897048354446888,2,200
296,0.2684799035589078,1.3955150237450233,2,65,0.016900264262821183,0.9147112429141998,2,75,0.2578999266325094,1.3970266529308852,2,168
297,0.25398137148407746,1.0625681018829345,2,200
298,0.2207968493196804,0.8640636205673218,2,28
299,0.32056244616562196,1.2511609802480603,2,122,0.04092513999074933,0.5025649418433508,2,134,0.27417043853750755,1.2161345216963027,2,143,0.01259612832261821,0.1374468211386655,2,180,0.33824097899161754,1.2270132422447204,2,200
300,0.17043320819292018,1.032417356967926,2,20,0.024201182217130343,0.7575975911957877,2,62,0.15652120540984168,0.5839964151382446,2,65,0.014982339271969838,0.6774593631426493,2,80,0.20173183170144984,1.001608395576477,2,200
301,0.09376141138218409,1.2227247026231554,2,9,0.33534745750520445,1.0723750379073058,2,200
302,0.08639760301387947,1.1434154295921326,2,50
303,0.228353254768003,0.8690916763411628,2,117,0.02310331450811551,0.9562069358247699,2,150,0.11083047570984277,0.9590097516775131,2,158,0.298103175588195,0.8996230023247855,2,200
304,0.36856638975522127,1.6262306530596846,2,118
305,0.3025275723931476,0.8165751031041145,2,200
306,0.2047049102501159,1.4843430250883103,2,40,0.015640343147825236,0.21713251899927855,2,56,0.28612343769422477,1.4167416642109554,2,80
307,0.25255798239027977,1.3984366452918862,2,53
308,0.20152482581746403,0.8104226997191893,2,187,0.04390190100332466,0.6856136780518752,2,200
309,0.3158059089150236,1.0693362814256515,2,87,0.02043304904576529,1.0193213373422623,2,95,0.3355232743377727,1.0780977710433628,2,141,0.02838440930727989,0.9148485927746214,2,170,0.30522995418152,1.1741783976554871,2,200
