0,0.28551309629896837,1.0556250649690628,2,200
1,0.27824151721122353,0.9673093983105251,2,42,0.023174644697727884,0.4479457595282131,2,78,0.18041262343166306,0.8918060898780823,2,88
2,0.32907677802658725,0.6033585595118033,2,148,0.029062492553173027,0.6566225561228666,2,159,0.07869959731210022,0.746211830774943,2,174,0.17641508134060865,0.7304384868878585,2,200
3,0.18439265495597662,0.8514906551156726,2,14,0.31438231963015656,1.5228672897493518,2,88
4,0.08939567062571738,0.7839593995701183,2,11,0.15777253181565837,1.324120511327471,2,46
5,0.3648225529851163,0.9549771793957414,2,29,0.05808484734056176,0.962404380039293,2,78,0.35482502736429,0.9108533167069958,2,140,0.06990402416618367,0.8672442502445645,2,158,0.23289656892661748,1.023538467429933,2,200
6,0.31279763136736144,1.429492952512658,2,115
7,0.22075016287341767,0.946759936056639,2,76,0.04671720095397357,0.9908939552307129,2,126,0.27784570783575613,0.8868490352823928,2,200
8,0.27825200283114015,0.9808394603612947,2,82,0.08201723052638211,0.9994840621948242,2,93,0.26130377333086474,0.9890235528767666,2,200
9,0.24819188766498365,1.02839497923851,2,200
10,0.3606359670573843,0.7688306616933158,2,89,0.03177104671098463,0.661933147718036,2,152,0.26611823251243644,0.8226201865408156,2,161,0.06222264910595473,0.8719485572406224,2,168,0.2950602179643073,0.8776293210685253,2,200
11,0.2759065718847433,1.0300057649612426,2,55,0.024118739782605106,0.2176482010146846,2,78,0.19927625517766961,0.9791041016578674,2,108,0.06340731217169988,0.9315770165673618,2,137,0.17176808763344753,0.9969153847013201,2,172,0.018530710133579063,0.44092385470867157,2,188,0.2305733643519524,1.0165173312028248,2,200
12,0.2215485483970107,1.2150058883428574,2,200
13,0.401925456882949,1.0844347774982452,2,28,0.04125206684658643,0.9912752115501547,2,81,0.41764550373481707,1.1877917809919878,2,92,0.05132822258246024,0.8205901185671488,2,104,0.2815191483082394,1.1219205769399803,2,200
14,0.25554239514288646,1.2104496283964676,2,55,0.010584702862074528,0.28545039892196655,2,78,0.3000809407814628,1.4048266172409059,2,93,0.06421961130533695,1.1200634241104126,2,97,0.01726290510076703,0.5837201587855816,2,121,0.41075782445110065,1.2639217958893887,2,164,0.026499612694248255,1.1146541937537815,2,187,0.3228042086037583,1.2817917695412269,2,200
15,0.33301736048868247,1.0461816890265352,2,93,0.02995055301403774,0.47925139404833317,2,109,0.3145938286310572,0.7769125699996948,2,114,0.02808325060446893,0.9529531207577936,2,143,0.1905777955804738,0.9291945869723955,2,167,0.045390829226146186,1.239261155128479,2,192,0.2548847036458524,1.22292560338974,2,200
16,0.29162656982073426,1.0597484558820724,2,200
17,0.33925154268702773,0.8852779424190521,2,200
18,0.26870311647610506,0.545331553272579,2,23,0.021472987953148188,0.5973551695545515,2,47,0.34072198087638617,0.81973814100459,2,185
19,0.21390796141690896,1.094906344877935,2,113
20,0.3287983518309332,0.5367869729345495,2,110,0.0971617294549276,0.45571907127604766,2,127,0.4096707563222761,0.44989633927606554,2,200
21,0.27301488312304,1.028325887826773,2,65,0.05159596585982931,0.9191606136468741,2,78,0.1905083636970676,0.8629921421408653,2,118,0.04984931905906712,0.7461862564086914,2,133,0.2537778389504707,0.8310768008232117,2,156,0.05191274766622439,1.5226914882659912,2,168,0.31469846476918306,1.1521580889821053,2,200
22,0.03351228705801582,0.3245556851228078,2,12,0.320453909025685,1.077610826959797,2,63,0.031170638857514817,0.2802770788732328,2,82,0.280384613221414,1.1176480762029097,2,200
23,0.2955631836065115,1.0864927275427456,2,29
24,0.42669957221465454,1.0988431147166662,2,21
25,0.2520852828233868,1.0486296523701062,2,44,0.05898756694225265,0.5659958587752448,2,53,0.21308263144004352,0.4893619827926159,2,61,0.024504537477289465,0.8301138923718379,2,74,0.15495730513359604,0.81225161872259,2,115,0.03290498249312951,0.41020841068691677,2,133,0.3331120858666548,0.9862142496920646,2,180
26,0.2080986607668096,0.8153170861981132,2,22
27,0.25387214521723744,0.8623630822389975,2,174
28,0.29676971520192313,0.7948863607645035,2,200
29,0.32453034831144945,0.9418325409656618,2,82,0.015177852038524134,0.5293067197004954,2,109,0.2725819985033723,0.7441241807407803,2,118,0.008824624198883088,0.9749971777200699,2,126,0.2579883341244328,1.1074343919754028,2,138,0.016194661866342185,0.7123839722739326,2,165,0.08433540550673453,0.8051066424535669,2,188,0.2936859126288219,0.9246559838453928,2,200
30,0.2509659843722242,0.464185310182748,2,54,0.06640111236107213,0.49737957428241597,2,83,0.2686707140124614,0.47360603702373993,2,200
31,0.41138968131995823,0.6363849639892578,2,4,0.028332208507509265,0.7511531046845696,2,48,0.28755101070591427,0.8130352330207825,2,123,0.026039165127987315,0.7288597027460734,2,132,0.28379189158103496,0.735875731881927,2,200
32,0.34005388399044817,0.8090165658243771,2,58
33,0.3089896541614768,0.9261013558416655,2,132
34,0.23744403635278277,1.3910337289174397,2,72,0.05595765817235394,1.3179541958702936,2,81,0.26917871834807394,1.3365763425827026,2,112,0.04744721740489759,0.7749671207533942,2,130,0.2852004232734434,1.3612326077052526,2,200
35,0.433390142226167,1.1731583066284657,2,32
36,0.22552813766303167,1.024791161219279,2,3,0.02234301820996992,0.8329990423387952,2,39,0.22158096989811196,0.2114249974489212,2,49
37,0.351229185440582,0.5924729245901108,2,200
38,0.24521476835843267,0.9455857276916504,2,35
39,0.24750855481064973,0.958272784948349,2,24,0.08398795389489415,1.0073796510696411,2,51,0.018734159609781174,0.6498905523963596,2,74,0.3035798158498443,1.0815480828285218,2,84,0.01694877268883369,0.8413644802570343,2,134
40,0.32325584250443,1.2958647334386433,2,63,0.015471869070169744,0.2971334280446172,2,95,0.3118452273057665,1.2213815583123102,2,113,0.015798909984099798,0.20936738926431406,2,136
41,0.35189998315109694,0.8551970752684966,2,92,0.054871418986321675,0.9165408909320831,2,100,0.28833752603933765,0.8916474936938867,2,182,0.030933259581257522,0.37075286110242206,2,200
42,0.5083374117041031,1.71121660252692,2,71
43,0.34139226420789404,1.2015433990678122,2,86,0.02037288002298495,0.3192693889141083,2,98,0.45805884704735395,1.1686666011810303,2,101,0.02652099573109158,0.6852309703826904,2,112,0.18596588981399448,1.0488555756482212,2,123,0.03177286136027961,0.4542861025441777,2,145,0.31665740331445513,1.4706309270858764,2,195
44,0.25062652104897976,0.6404211640357971,2,10,0.0173548331605224,0.5989553622297339,2,47,0.04857242177526352,0.5806244446171654,2,65,0.3351223704981662,0.2822858314765127,2,84,0.039405762913917855,0.470490363240242,2,94,0.1607070321589093,0.34237793534994126,2,134,0.35183005222324654,0.45995961219975445,2,200
45,0.3912428065868008,1.6975430480895504,2,31
46,0.29588483424846906,0.8430273679067504,2,53
47,0.19841408470611765,0.31986794412136077,2,150,0.03263439259289533,1.1817620259064894,2,163,0.11800372723040435,0.5857989763891375,2,200
48,0.3107218596757602,0.4980625510215759,2,6,0.03968059104126912,0.6886177488735744,2,48,0.23756905992707433,0.9000067496299744,2,123,0.0784511521221248,0.905109703540802,2,139,0.2866868283615083,0.8638141073963859,2,161,0.04836714228681394,0.7627502878506979,2,176,0.20046575568098507,0.8380763471126557,2,186,0.16208767169505034,1.3013825416564941,2,200
49,0.3344019077259028,1.3760043734853917,2,44
50,0.18429688131335675,1.3058876873534402,2,81
51,0.349871158281379,0.6643180683418944,2,91,0.027954968694185928,0.7704586833715439,2,107,0.30572265882440675,0.632820725440979,2,116,0.04607438082522959,1.0245126644770304,2,131
52,0.2644944584403871,0.6413546827435493,2,200
53,0.29055517757901267,1.2354542183876038,2,200
54,0.2806055255558822,0.4297287078201771,2,200
55,0.1191920250011881,1.1160041987895966,2,28
56,0.3051441393018613,1.416537605427407,2,74,0.05641398123544464,1.3938997268676758,2,84,0.2780600626792135,1.4176944229337904,2,102,0.035713481262966335,1.3567370176315308,2,108,0.321465323440803,1.4068729516231653,2,141,0.019051005447727073,0.43038065379316154,2,196,0.23349740045502884,0.762171283364296,2,200
57,0.30359578490677613,0.929588592350483,2,200
58,0.13623842376718795,0.7109341770410538,2,28,0.044126964983609046,0.8265245783896673,2,49,0.2149933808808057,0.6427919143124631,2,68,0.073151426078444,0.7050069402425717,2,146,0.34534408903095515,0.5169941335916519,2,200
59,0.3030564184385464,1.246098911166191,2,200
60,0.3475781316026883,0.9664612596943265,2,84,0.016155657849636247,1.0031223058700562,2,89,0.28170084208835633,0.9554222504297892,2,104,0.01667530330012416,0.32976102184604955,2,141,0.21995711587152464,1.0660067109738367,2,200
61,0.34753220944001373,0.7640194098154703,2,3,0.03308518879060781,0.7393032740323972,2,42,0.2156060008248082,0.6015611855607284,2,61,0.017628129382847593,0.6150312261147932,2,72,0.14519545309940848,0.6496340350100869,2,91,0.015952425361993677,0.6512065160842169,2,112,0.2136477444971437,0.5292154418097602,2,157,0.042596728266604385,0.5499052676287565,2,179,0.3086728149518335,0.5464796934809003,2,200
62,0.49662896712951643,0.6164595365524292,2,5,0.029473568821438985,0.7085119074299222,2,89,0.24728638682962198,0.5953187239062678,2,200
63,0.33267738646896794,1.5765135319609391,2,38
64,0.2447033831528023,1.339101445107233,2,84,0.04377080974165251,0.9123896611364264,2,103,0.17732534628604157,1.2847771763801574,2,143
65,0.2854183579174321,0.4729998803907825,2,62,0.037999376079366695,0.6344799598058065,2,68,0.18068364434875922,0.5041495382785797,2,78,0.03337159889773904,0.47501386128939116,2,91,0.2927983731318112,0.40739361678852754,2,108,0.03699861343098253,0.49935274606659297,2,129,0.26621256631041684,0.46922999914263336,2,200
66,0.2546710084795262,1.3429775616607151,2,148
67,0.2716351420115398,1.3631586808907359,2,38
68,0.29137548878527175,0.8084082007408142,2,9,0.044851126290912174,0.7407458844008269,2,36,0.020030042932155705,0.7696811556816101,2,66,0.22587572077739324,1.1196648597717285,2,76,0.028220149120095295,0.7124372170521662,2,89,0.07864677325892307,0.938585272202125,2,102,0.2586029538515054,0.9703270974366561,2,125,0.03764016665001923,0.8450758306185404,2,200
69,0.23208086204947798,0.8333115809493594,2,54,0.041792390725461176,0.7321663413728986,2,68,0.24533376579617194,0.8748016924858093,2,193,0.040145618675290824,0.956510169165475,2,200
70,0.3181638136663083,1.0974631059814144,2,74,0.051500176830268626,0.23590856790542603,2,94,0.3126989453358215,1.1280116460540077,2,149,0.03010932622659563,0.3958059474825859,2,169,0.044142811411150853,0.9964609543482462,2,172,0.4081160802484322,1.1599055571215493,2,200
71,0.23033361886128817,0.5528653146576707,2,137,0.01953843657931144,0.5566682194670042,2,161,0.25965527020907414,0.42751905627739734,2,200
72,0.2972113674321956,0.9732281440446356,2,119,0.03677225338126137,0.8632740718977792,2,133,0.266399105923584,0.9685419170480025,2,171,0.0630871031896813,1.0072432057610874,2,200
73,0.18069809906277834,1.0616464349958632,2,27,0.05127446964576898,1.0415671788729155,2,40,0.23963415932513257,1.0621157333254814,2,200
74,0.27776301355785016,1.1578698816237512,2,154
75,0.3515856711413692,1.5184985634052393,2,66
76,0.2697015222824215,1.2827197420597076,2,200
77,0.2326826606972172,0.8022062089426297,2,141,0.04591593261435135,0.7355853766202927,2,177,0.21553939681724948,0.7154723509498264,2,200
78,0.4125019723856151,1.5763168675558907,2,7,0.06557014069627806,1.5455885258587925,2,18,0.35493928379670364,1.5617685619291368,2,200
79,0.2987805144139556,0.9499759091887363,2,86,0.021985286733915244,0.6275727088962283,2,114,0.3319324857688527,0.9370071800743661,2,155,0.023187130054320125,0.5934633612632751,2,164,0.3273820949881592,0.911206188025298,2,191,0.07060963598219405,0.6803250643942091,2,200
80,0.32775257017870607,0.8577043545873542,2,95,0.02108769675021939,0.7622799351811409,2,103,0.24253954969386377,0.8611424480165754,2,124,0.02481321246588174,0.3750348182824942,2,150,0.2941477161252944,0.9170354747772217,2,200
81,0.2542351371891056,1.449942359217891,2,27,0.016912656715929026,0.807761536194728,2,40,0.3244442486141678,1.5535240738015426,2,78
82,0.2040876548425759,0.7868178820971287,2,66,0.04502653216775671,0.8998195930169179,2,118,0.2385800907597686,0.7718988656997681,2,133,0.029241750236085894,0.8978813762466112,2,157,0.25343121324853973,0.8793769478797913,2,174,0.032795649893699846,1.3069553337991238,2,190,0.2611138139312408,0.7642354667186737,2,200
83,0.3345123608032552,0.9223920258608731,2,55
84,0.28271270173558666,0.6419934996962547,2,200
85,0.30791267994319405,0.639716343707349,2,166,0.08971275489483621,0.6807680405103244,2,179,0.2950044954327755,0.6674401987166632,2,200
86,0.2688311372075235,0.9784619009494782,2,200
87,0.35999980629965184,1.5239393711090088,2,27
88,0.10679625872045184,1.5849181945507342,2,65
89,0.25305343024371324,1.8457559429366013,2,29
90,0.2780284079088911,0.32957854360342026,2,200
91,0.2823285767895303,1.008749130444649,2,78
92,0.04523210825453237,0.37785846622366653,2,19,0.28761187460890625,1.1218399374108565,2,38
93,0.3079140667865185,1.1871158244997957,2,43,0.021665730964675656,0.4546527585812977,2,85,0.2587275254744126,1.1726403271450716,2,119,0.2646260528180728,0.9784027973810832,2,134,0.025473898868175415,0.6958685840169588,2,158,0.05113042848349003,0.7708648280663923,2,180,0.2208470111617891,1.231494358607701,2,187,0.06338919957223944,0.8977276751628289,2,200
94,0.2770423096103522,0.9453397458791732,2,200
95,0.26490151405369833,0.6467375952005386,2,200
96,0.2229789190305535,1.1916377190500498,2,64
97,0.26921485864414435,1.1710603185321973,2,23,0.05582266894023971,1.1881847014793983,2,49
98,0.2855228541628702,1.0251796072179622,2,55,0.021485215856276756,0.6760955957266,2,68,0.30000573968774663,1.0581879661633418,2,120,0.02022356446986671,0.28808497209101913,2,200
99,0.23129718422270384,0.40034974957334585,2,29,0.26752568901722434,0.8150046021617644,2,200
100,0.27695868694622283,0.6756855472922325,2,8,0.01691968336786102,0.5088478684425354,2,18,0.3019725084598684,0.7217859762410322,2,114,0.029229943148682422,0.612456234364674,2,143,0.25945128894529373,1.03142296713452,2,186,0.023223385154811652,0.5887834429740906,2,200
101,0.27922516735643604,1.6410330798890855,2,45,0.02534978320616925,0.7655022788692165,2,82,0.3302473862641182,1.6052092774347826,2,126
102,0.2776570845274743,1.6181714572012424,2,32,0.08905020847722077,1.3411749645515725,2,59
103,0.31018039288658505,0.3851900462593351,2,14,0.024292249686506215,0.5887184456775063,2,33,0.1151445363625865,0.9291610717773438,2,39
104,0.2706763804587233,1.0093305142302262,2,76,0.02357403714892459,0.49955462468297857,2,95,0.2610251358496949,1.1025428130076482,2,108,0.03810033223610699,0.48512165745099384,2,129,0.3765336014590489,0.9640699154894117,2,200
105,0.04645224955145999,0.9723447561264038,2,49,0.19923379644602868,1.13590658141906,2,132,0.02314208455826406,0.5147574128288972,2,170,0.20408206820469402,1.244623359044393,2,200
106,0.29528538350147243,0.3736652393753712,2,52,0.025873559293140617,0.40709127485752106,2,60,0.31409824586553753,0.3159017794662052,2,69,0.03257844480007082,0.5004260800778866,2,77,0.3169947587595943,0.32831229435073006,2,131,0.020600909528909164,0.3692313906473991,2,170,0.3103490411391974,0.4423610101143519,2,200
107,0.27040122476053213,1.1381798475980758,2,120,0.08101923278582317,1.057894378900528,2,136,0.2684871572619401,1.0716121537344796,2,171,0.06140186752896338,1.1352032546339363,2,200
108,0.24120211933170851,0.7999476447701455,2,200
109,0.34060704516903595,1.5397561937570572,2,16,0.013525111310543183,0.6433474769194921,2,28,0.17237926224507347,1.4054761462741427,2,46,0.020053506080132403,0.7222697581563677,2,81,0.31198159981148404,1.6479772931651064,2,176,0.02219970751217458,0.5839749922355016,2,188,0.0695022485624229,0.6224521572391192,2,200
110,0.2767573916901918,1.1015082359313966,2,35,0.04380351313755496,0.8096119984984398,2,91,0.1930541493839555,1.0426985866883223,2,125,0.04847311040449668,0.9104384885114782,2,142,0.017908410291303776,0.93580313874226,2,193,0.06005083275855551,0.9976168019430978,2,200
111,0.2941201800331017,0.9828496846285734,2,88
112,0.3395051457874567,1.3474401742854016,2,47,0.0402623924101091,0.38883020281791686,2,62,0.358892975550692,1.4205736706896526,2,103,0.08883127917383156,1.3642503932902688,2,141,0.31444426587616536,1.3407674906617504,2,200
113,0.2859812609285995,0.9963099540666093,2,43,0.15549782569959492,1.057492145677892,2,84,0.014512272671495335,0.856703655719757,2,109,0.26961086462693595,1.0007725072943645,2,132,0.04224366377273029,0.8958943819298464,2,200
114,0.26269696160920525,1.227304803637358,2,104,0.03173674722550216,0.5769206508994102,2,152,0.29984535524098516,1.2650732685018469,2,179,0.029067515370532045,0.6593120877559369,2,192,0.36412182738892496,1.3016180098056793,2,200
115,0.01958684592652345,0.37056210786104204,2,20,0.184874393275063,1.4370296787429642,2,111,0.08624685596539572,1.3568353752295177,2,123,0.23989629794573628,1.4377751768409432,2,200
116,0.2989095171328253,1.4165125186626728,2,65,0.01790805372353108,0.4593033147485633,2,84,0.25948376049993477,1.4479977467964436,2,200
117,0.07052744554684187,1.0984869241714477,2,10,0.2432918310149016,1.1469783652213312,2,165,0.01514858161670535,0.818313570022583,2,190,0.06849845983516312,0.6355928182601929,2,200
118,0.33809265259900817,1.4808178517355848,2,134,0.038432176399479746,0.8841694220900536,2,158,0.3292532328626278,1.42925217628479,2,183
119,0.25178448592899255,1.2029868125915528,2,5,0.08178195847381356,1.0268683725473833,2,54,0.2869839595818991,1.2603308899712016,2,185,0.07133417173633452,1.2427299896876016,2,200
120,0.2730162967205495,1.2871021389961244,2,50
121,0.40651022650714036,1.5676625533537432,2,44
122,0.3223575457669215,0.8047961993003959,2,134,0.05674936960459408,0.9357568845152855,2,150,0.15293759844635657,0.8953755319118499,2,170,0.029899022954314534,0.8455374370450559,2,193,0.21571102989128046,0.9762597594942365,2,200
123,0.02640011110128052,0.8636254491032781,2,37,0.30076204729788314,0.7414833108584086,2,46,0.021217969297678208,0.8497206270694733,2,54,0.3179743115672669,0.6811698377132416,2,64
124,0.39688464661204576,1.351665437221527,2,4,0.2641660284642617,0.517495592435201,2,7,0.021409446078225418,0.2579346780072559,2,29,0.1759317150730545,0.31128681131771635,2,43,0.01793921999393735,0.5691040708468511,2,56,0.22536841952941805,0.5889185999448483,2,82,0.014707507997963784,0.9692485597398546,2,91
125,0.3007375427299962,0.9569630181789398,2,200
126,0.09234061858880366,0.8817649576812983,2,32,0.036924164070006545,0.8303509997694116,2,70,0.29812188013100244,0.9951839529550992,2,200
127,0.3107465124352006,1.1813846429189045,2,135,0.019407761965863975,0.6043601433436075,2,144,0.3351172973553435,1.1374393972483547,2,188,0.03974923876585551,0.8185414026180903,2,200
128,0.2673639078513613,0.8988080263137818,2,15,0.015063159612839442,0.6371771745822009,2,32,0.2925882572618773,0.9217435453249061,2,147,0.03344035140516722,0.8407699227333069,2,157,0.20567133055128461,0.9190012746387057,2,166,0.05511031562545132,0.7623657847152037,2,200
129,0.2708360867561962,0.5394949528731798,2,76,0.023474361064427494,0.39742259234189986,2,96,0.30180224222514945,0.5432649355095166,2,200
130,0.2194641647903756,1.19328782081604,2,200
131,0.2483834151502586,1.0000742792009234,2,111,0.0462611032058805,0.7811197652058168,2,155,0.32914516926472875,0.9904827170901829,2,200
132,0.12249135416662747,1.1199550798961095,2,28,0.0608766330917972,1.1334625041390967,2,155,0.13055719671921734,1.1872813436720107,2,200
133,0.34526413449020577,0.9326614883210924,2,45,0.020559854017482934,0.6552567760149638,2,75,0.31136204640422677,0.9175479986049511,2,102,0.050887344180257726,0.9710968931516012,2,108,0.35963402424885077,0.9087081409018972,2,200
134,0.278935717524476,1.6767004013061524,2,10,0.017429972169969717,1.5921257436275482,2,18,0.29349060078599953,1.7195347404998282,2,110
135,0.27952084733883736,0.7609389989998689,2,157
136,0.2646317287973173,1.3541748044211106,2,179,0.053879347173569056,1.4252856771151226,2,191,0.2665287748974761,1.4062841865751479,2,200
137,0.43186354340641964,0.5560567855834961,2,5,0.02145802137179543,0.688932736714681,2,38,0.3562218072364824,0.29167088237073685,2,83,0.038451145650160425,1.0559164524078368,2,93,0.41722143176334625,0.3202303087711334,2,118,0.03592052160914907,0.4263213699062665,2,130,0.3140634198838779,0.6215409551348005,2,200
138,0.2584370076596445,0.9363357674690985,2,93,0.018425622109031023,0.7897017543966119,2,104,0.09558400642965584,1.005370286794809,2,117
139,0.2197912270010027,1.0110228872299194,2,200
140,0.33148625560276473,0.7284604981541634,2,40,0.186562515157955,0.7644566144262042,2,75,0.0643682309769762,0.8670664358139039,2,200
141,0.23156449401702733,1.6682098388671875,2,5,0.026813012929215844,0.8913116535897982,2,64,0.2999904050590122,1.4842231548749483,2,142,0.045792684167545415,0.6616514900635029,2,200
142,0.33986495916845194,0.6127970099449158,2,200
143,0.2772595852738846,1.2000919634645635,2,22,0.06062994050073872,1.1782936255137126,2,55,0.32367020782539935,1.193982348770931,2,200
144,0.3075050094043629,1.2542568704356318,2,23,0.027310168072522675,0.6588032394647598,2,47,0.14837964085694053,0.8033615946769714,2,58,0.27577047238118024,1.321264604447593,2,200
145,0.30928879480566496,1.1812948508140368,2,39
146,0.3357819160391237,0.9101070867644416,2,45,0.06528295816261057,0.5434305444359779,2,57
147,0.32042634702708483,1.1079713478684425,2,32
148,0.47089870255189387,0.8090338955322901,2,12,0.015323166572496941,0.711787611246109,2,42,0.28165188933868196,0.45299377540747326,2,54
149,0.24946840350898145,0.598683983385563,2,200
150,0.2562142925172377,1.3766257188938282,2,27,0.07424850891241913,1.3011812700165644,2,45,0.22956435718233092,1.3954420248667398,2,60,0.06525106727359188,1.4760457012388442,2,69,0.2794939035915678,1.4766169052857618,2,82
151,0.033952332817670884,0.7963128171183846,2,22,0.17211321366953847,0.6113119920094808,2,25,0.010364119673162545,0.6077859550714493,2,33,0.2128525298506622,0.5258233298858007,2,39,0.018815095449852864,1.2574883341789245,2,49,0.3263149072516024,0.7545821939905485,2,73,0.03731083172536963,0.9676220289298466,2,87,0.28136456081978883,0.8122118680100692,2,106,0.014260398853397487,0.6025923057035967,2,117,0.37271106492022993,0.8297494261161141,2,140,0.04617427212846859,0.7315659842320851,2,168,0.44823847209121187,0.881398068024562,2,181,0.3903024964901359,1.2570112692682367,2,200
152,0.18967602107768117,0.7007713079452514,2,20
153,0.3101545110200062,0.34127243359883624,2,3,0.07269462500915802,0.4023738909851421,2,25
154,0.22815475402099808,0.7925396240674533,2,13,0.040679939838623926,0.8534736945515587,2,34,0.25726361334411546,0.80513333803729,2,72,0.04261624370948719,1.1315432446343558,2,86,0.20408312522113012,0.3695668194975172,2,93,0.01840910542336551,0.42931699752807617,2,103,0.2341738958846731,0.8863243579864502,2,128,0.011243510750264042,0.6610875576734543,2,140,0.15445792970818809,0.8636569314532809,2,149,0.03347400680455387,0.4142298102378845,2,168,0.3321062121325805,0.9149154648184776,2,200
155,0.3719814306649759,0.9604288367337959,2,86,0.034692446871502795,0.6478853204420635,2,114,0.34711290462436223,0.946774036197339,2,173,0.022174123331063937,0.6478168500794305,2,200
156,0.2879895782919275,0.9352584567936983,2,55,0.025233445863358333,0.41736724495887756,2,80,0.2562185496192,1.0546672215064368,2,200
157,0.2976516187301744,0.9464850986003875,2,200
158,0.06501378131517073,0.5419438821928841,2,28,0.22122985126166772,0.5299775630235672,2,38,0.04369245082831772,0.616177960386816,2,91,0.26105530365688795,0.8200925320386887,2,151,0.03168024829650715,1.0313879178494822,2,200
159,0.23402130317969122,0.9925808411836624,2,200
160,0.34463489329230607,1.113763153553009,2,116,0.022011595138953517,0.9771024187405905,2,128,0.272618029228841,1.06011929611365,2,176
161,0.25917727844676175,1.1133367419242859,2,40
162,0.2961535823615696,0.8387256988883018,2,200
163,0.258543667304541,1.0027671278032482,2,117,0.0671280283601738,0.8222108165423075,2,147,0.27591837089142957,0.9959070660033316,2,200
164,0.042008471243278195,1.1495579651423864,2,7,0.3839242758003144,0.43210096284747124,2,23
165,0.2390079276583724,1.284115851871551,2,63,0.1133021441642574,1.254015080134074,2,78,0.04936119336288671,0.4521968737244606,2,90,0.12985799309621215,1.3365056018034618,2,102,0.2882037526229428,1.3170970714822108,2,200
166,0.3406985654988439,1.168253666088905,2,162,0.29652297474844,0.9856361001729965,2,170,0.05800458248043131,0.8422887444496154,2,200
167,0.3486555703094109,0.7109254611035188,2,192,0.10307985965699046,0.5817725285887718,2,200
168,0.3149785442967151,0.6014011395829064,2,84,0.03512435243991268,0.39671207246957,2,111,0.32753754820637265,0.4302673190832138,2,117,0.028564932375602006,0.5261664137695775,2,150,0.2291441401068774,0.39671542681753635,2,166
169,0.3651692000388214,0.5894713662564754,2,16,0.019782800028470805,0.2773308753967285,2,33,0.2820101668277042,0.5110562060050622,2,200
170,0.19741756994987456,0.7477837800979614,2,5,0.0355837909469089,0.7478191375732421,2,35,0.2572703011229471,0.7234920591115952,2,95,0.02296385123685461,0.6240256627400717,2,116,0.08374159791994686,0.5943567454814911,2,126,0.02335625997341724,0.6655821700890859,2,150,0.2548389745646531,0.7765110623836518,2,200
171,0.2402470784618175,1.4989141494997087,2,31,0.09812987643178013,1.0120746360884771,2,49,0.3098041738294704,1.5605719751781888,2,58
172,0.28268928484722566,0.9959449896445641,2,65,0.02212452880214376,0.3847654944374448,2,86,0.19759526791361934,1.0530349951041371,2,181,0.03872815483357895,0.5129824876785278,2,200
173,0.25137611313418723,0.8662006250569518,2,142,0.032336460071436195,0.29363388381898403,2,174,0.46720315568919835,0.5755003020167351,2,178,0.028605909592198577,0.33724623918533325,2,200
174,0.3830875249492296,1.1182239055633545,2,10,0.02092838652862172,0.6037737646618405,2,47,0.07130459979980643,0.6853290700143383,2,78,0.21109241865612494,0.6277018189430237,2,84,0.037354683931307454,0.6065257370471955,2,94,0.1554956334889786,0.5462931735174996,2,136,0.26602656905115313,0.8025580684343974,2,151,0.25666271601167684,1.102346427586614,2,200
175,0.26247417749002283,0.8983208815256755,2,15,0.034505251875672674,0.8646264978357263,2,52,0.28647191380125003,0.9804426323283802,2,63,0.02284970718723658,0.8169508468021046,2,74,0.21389887256751722,0.875383801023725,2,145,0.04689810995553962,0.852225158144446,2,179,0.2738413137717015,1.0794907013575237,2,200
176,0.3473013483975704,0.824618046100323,2,13,0.025020138490591582,0.9168078919936871,2,42,0.0037123492087087046,1.0172095894813538,2,48,0.28907440277874646,0.8041809068785774,2,156,0.06829414165351853,1.1987279836948102,2,169,0.29360161503334803,0.8636454228431948,2,200
177,0.3773121702742056,1.2433157657322131,2,76
178,0.2635006165051335,1.165374841147322,2,123
179,0.383034087517839,1.0028300991764776,2,54,0.05276814651440244,0.542552552289433,2,90,0.2680973766290502,0.9814177838238802,2,200
180,0.23348063892097184,1.3880734729766846,2,25
181,0.3826433079883731,1.6293096989393234,2,8,0.01476170264106411,0.46254871288935345,2,23,0.3164673080521629,1.6146814051796408,2,57,0.01890241993077147,0.8366397937138875,2,72,0.2746256863711891,1.5767638322554136,2,148,0.020484652407770587,0.410594729706645,2,164
182,0.3828242873689645,0.4565137227376302,2,3,0.03020919674042288,0.5765078732600579,2,29,0.356121133427064,1.0045496514349272,2,62,0.02179152052447127,0.2840037067922262,2,114,0.3289470480946955,0.931693229518953,2,175,0.03897039826874725,0.5692665576934814,2,200
183,0.3166521927720132,0.9597624933719635,2,200
184,0.28422980176366414,1.0727991710735272,2,158,0.01473098884119336,0.841802430152893,2,188,0.3087538315871337,1.225719114144643,2,200
185,0.2737872233416553,1.2061152827172053,2,42
186,0.07770136698385637,1.1730697870254516,2,40,0.3111716650667955,1.1358963118659124,2,67,0.03360088178018283,0.8013041067123413,2,92,0.2864791846367377,0.9260130286216736,2,102,0.02685871302933098,1.0430624643961588,2,117,0.331237309942003,1.2611621690083699,2,200
187,0.2508856081087202,0.5908819307985994,2,194,0.07178454646903103,0.6230242947737376,2,200
188,0.0333456417749939,0.7196381253711248,2,59,0.25307986175026903,0.7119068304697672,2,62,0.025103931821220078,0.6378346218003167,2,89,0.2453459062001838,1.0465366153029707,2,200
189,0.3416655187706179,0.8831704126463996,2,9,0.0735610974528333,0.9366890218522813,2,54,0.20483520327218294,0.9519563288915724,2,75,0.04205455370894212,0.8695473166612478,2,101,0.1272805874244707,0.8491162742887225,2,108,0.027758558200498887,0.6816317710695388,2,187,0.3368378205058568,1.3648695945739746,2,191,0.06919310455180136,0.9135767420132955,2,200
190,0.4271438085888188,1.6024703298296248,2,28
191,0.34231164256475655,0.7558932781219483,2,5,0.026533846824163782,0.9706098231776007,2,63,0.300498990852298,0.6512503087520599,2,143,0.03862434788426512,0.7402312888039483,2,161,0.278780116207544,0.715091333939479,2,200
192,0.3173509342981629,0.9562758135073113,2,66,0.02684081955716241,0.6880293698871837,2,100,0.2890287710536178,0.8733359250155363,2,111,0.02844648417452534,0.8871017970689913,2,152,0.17235146385850889,0.8330372013151646,2,168,0.042454861651399264,0.5208212435245514,2,200
193,0.2899638080794523,1.1215341802566283,2,62,0.02693421035376022,0.505029450242336,2,114,0.27904863792347323,1.1655204349093966,2,159,0.026547789517102596,0.9161616519645408,2,186,0.3339717190818703,0.8753376081585884,2,194,0.08205049696846858,1.0804152687390645,2,200
194,0.3291579063339351,0.9790827528504301,2,121,0.10532885952236279,1.003537514630486,2,138,0.3399790428344408,0.9607033362755408,2,151,0.04931973125097867,0.8173987666765848,2,166,0.14658767391318336,0.8337504407938789,2,200
195,0.08537276753844968,0.5567229432719094,2,28,0.25472561249709424,1.01970878589985,2,200
196,0.3164891221481007,0.9060710362485938,2,37
197,0.24788019325594238,1.1760118952869663,2,169,0.030391850041347406,0.6552747007339231,2,200
198,0.36893879894094683,1.071102350950241,2,4,0.018236259591883765,0.2851302910734106,2,31,0.8849274548909023,0.8848322232564291,2,34,0.029074579436717166,0.27167723048478365,2,50
199,0.35825505974698046,0.8353738654743541,2,55,0.05335177285826293,0.36890845964936647,2,72,0.33936444833129664,0.833175690844655,2,104,0.018968336774341815,0.21339135234420364,2,141,0.31642187482526685,0.9282921956757367,2,200
200,0.28972905883149835,0.7480955105561476,2,65,0.027689741150254757,0.8045834371021816,2,100,0.2469186824079657,0.7750293374061584,2,140,0.026196067970867803,0.40372701585292814,2,200
201,0.285712689162481,0.906357909357825,2,43,0.021330878374982848,0.686986455693841,2,75,0.22676049465385742,0.8964348634084066,2,78,0.30318502852988827,1.1581698879599571,2,94,0.05629531422660376,0.9613079130649567,2,110,0.3175080789758358,1.1923535844174826,2,192,0.03332652142169039,1.202801689505577,2,200
202,0.3021585523977783,1.2822968885302544,2,16,0.047886188438347986,1.4014099325452531,2,51,0.2877211660262815,1.0626722044414945,2,60,0.3259433006556813,0.6663781932422093,2,200
203,0.30922305076048834,1.582510543446387,2,124
204,0.3033733238100205,1.3288015628529486,2,107,0.026703938149584546,1.130365682684857,2,130,0.21998603727117794,1.2337052140917097,2,200
205,0.22581687192423291,1.1674968745973375,2,135,0.05940643600634388,1.0573521554470062,2,143,0.026280716612016138,0.6390313174989488,2,161,0.2678073599984537,1.1676010771801597,2,180,0.03134488338252524,0.40129024535417557,2,200
206,0.2913286410352209,0.18690317052025948,2,31,0.31508555883973766,0.9213961479140491,2,72,0.10017333271761218,0.9537335069555986,2,91,0.25149289448556483,0.8767290196301024,2,172,0.0910515718583996,0.7380454412528447,2,200
207,0.32798742655606333,1.048959063732718,2,127,0.015823486662707702,0.3019936867058277,2,159,0.3395486216044286,1.0125786198510065,2,177,0.015596330601917584,0.25321325206238293,2,200
208,0.17955521303638192,1.0365178339870265,2,141,0.03752529201244197,0.877991175247451,2,200
209,0.3299718673255093,0.5133536207675934,2,200
210,0.2751416215769162,0.9584458177739924,2,110,0.051205788146841985,1.0171891808509828,2,120,0.3847802452623857,0.8647852018475533,2,128,0.05773005800846755,1.0268674152238029,2,142,0.29730721890596346,0.915767611879291,2,175,0.05126987357343103,0.7292427229881286,2,200
211,0.03346289613382239,0.33862998868737904,2,14,0.31762800582329215,1.3514252412319183,2,114,0.009502516241078826,0.6932283714413643,2,122,0.07778569641450997,0.6613316403494941,2,140,0.25148748566036855,0.7338664382696152,2,160,0.35122455579947176,1.2700728756008726,2,193,0.027022647945686297,1.1529606921332223,2,200
212,0.34504444445054583,0.9498557036831266,2,105,0.02963793061016155,0.45818031827608746,2,129,0.31021720188184587,1.0811978377087015,2,200
213,0.08434437388703164,0.4003818151541054,2,32,0.030161401638323936,0.5472561552336341,2,70,0.3027217806811768,0.36882894199628097,2,200
214,0.40250575803367133,1.3503113852606878,2,9,0.02494860559247159,0.7523495607208788,2,66,0.21725225567547715,1.1782697409391403,2,106,0.027637530022511965,0.7533591242484104,2,187,0.31697620572159124,1.035524845123291,2,200
215,0.1968143356048771,0.8030082161227862,2,48,0.05947656232831444,1.0171631693840026,2,78,0.3779993862379217,0.607956791917483,2,102,0.041334872210538776,1.1835213369793363,2,147,0.24844480620432585,0.5481877304473013,2,200
216,0.024365772859542972,1.0372109810511272,2,27,0.18427721695410185,1.2780409678816795,2,43,0.013923100285967672,0.3440210916558091,2,92,0.2707414865454296,1.5171301482428967,2,163,0.024214703806829913,0.6658031174114772,2,184,0.34924077854259866,1.535028137266636,2,200
217,0.3610391224135235,1.3513815535439386,2,9,0.030061459736887258,0.815642469069537,2,26,0.16805425753947076,1.1813244393893652,2,40,0.044678575213405555,0.6394917729653811,2,78,0.04522419772376471,0.8138266404469808,2,81,0.2988425425733968,0.9527966048982408,2,90,0.07998572928679885,1.0521221160888672,2,113,0.02469564631242594,0.7216337382793426,2,123,0.25282713510089655,0.9685770613806588,2,200
218,0.2491834493368138,0.8493287930121789,2,13,0.04561465058076846,0.8908671451651532,2,36,0.26479604016145386,0.8041845305663783,2,200
219,0.6612181648542531,0.9565671682357788,2,3,0.02833366591738161,0.7461226265877485,2,35,0.31313528605540086,0.8649574369192123,2,47,0.0231061085071668,0.39535223291470456,2,60,0.35999548906498924,0.9585719555616379,2,84,0.02610663133820243,0.6114610185225805,2,114,0.17687066394141618,0.9113641097432091,2,135,0.05411835395078499,0.978393268585205,2,140,0.36716634447329033,0.9366228305376493,2,153,0.016716513433738856,0.5156777433373712,2,197,0.8382090026413851,0.834230899810791,2,200
220,0.27733919459471484,0.943128458478234,2,44
221,0.23514974208364692,0.6381168564160665,2,24
222,0.3027862138002482,0.5081646121465243,2,13,0.3444754965997147,1.3709104848759515,2,69
223,0.17700914136116264,0.5398606200550877,2,43,0.024753469071897946,0.36611337860425314,2,73,0.06487589205089378,0.5600902648533091,2,90,0.23586986598793785,0.37250967594710266,2,134,0.026790766117258696,0.43821210239795927,2,181,0.20464064182568747,0.41648387908935547,2,191,0.0342984247620461,0.36327098806699115,2,200
224,0.2574417843968611,1.0506406277418137,2,200
225,0.2600205064015233,0.5728039337056023,2,14,0.05595606711562318,0.8768223438944135,2,42,0.23944839487583516,0.958755373954773,2,68,0.058171021621063315,0.9745314055018954,2,86,0.18693454262715156,0.9254602321556636,2,100,0.04148239623994037,0.7366990778181288,2,136,0.22914011076044677,1.1320495222296034,2,164,0.031691351712265385,0.7570072362820307,2,200
226,0.30504514234280977,0.6554802256822586,2,200
227,0.3334176370654823,1.1699928817423908,2,88,0.02903248269037076,0.8532281086995052,2,153,0.3909470529473681,1.2859212642020368,2,200
228,0.019900600911421026,0.5434245153477317,2,19,0.27910480115753056,0.9275653700033824,2,79,0.07391667701784402,0.9539391680767662,2,98,0.31726636420533777,0.9148051681583875,2,171,0.024856002282980332,0.9448920734997454,2,200
229,0.3878590472584831,1.599867160503681,2,13,0.031174865930870908,0.8232109257153102,2,48,0.3145418129900539,1.5862592445330674,2,137,0.01822210961253201,0.708884437084198,2,162,0.2380911498017006,1.595830305626518,2,200
230,0.2598002069359881,1.2447774187993195,2,118,0.05961131325998548,0.7411586662818646,2,147,0.32532912606647746,1.2871717821876958,2,200
231,0.32672425251124465,1.1609352900809848,2,97,0.02522680318795967,0.45056867759142605,2,153,0.04234696686165056,0.837643796747381,2,164,0.30935045745028394,1.0723445131665184,2,185,0.07214319177411697,0.9921317259470622,2,200
232,0.23565075592273474,0.4973163169163924,2,13,0.05709391869921808,0.5646423771977425,2,45,0.2387004165098229,0.44561504504897376,2,122,0.08077489149712855,0.6718700430609963,2,177,0.2687310676599058,0.31470539639977846,2,194,0.07652332126341801,0.4051736493905385,2,200
233,0.2544965624860959,0.6922727036476135,2,100,0.04316173159031158,0.8009393736720085,2,108,0.3287738171021563,0.6271989196538925,2,124,0.022453950889087804,0.28902375903622857,2,153,0.21408297709038462,0.4846490995681032,2,200
234,0.2870057778363507,1.1611827780715132,2,113,0.044533872572343675,1.17781400680542,2,120,0.31309045544026276,1.192102062702179,2,200
235,0.2650843451983033,1.225631954073906,2,200
236,0.3912451412883882,0.5456733778119087,2,8,0.02324553668990264,0.7892689208189646,2,26,0.10321045906975251,0.759061913405146,2,54,0.025531847676363014,0.7502630837261677,2,70,0.06393451694417052,0.8089424476904028,2,104,0.20357849542212553,0.4796879225307041,2,113,0.05302856307094268,0.6512250006198883,2,123,0.34779367665181576,0.4457571645835777,2,200
237,0.394807520627768,0.14568921054402986,2,24,0.017054638928926374,0.8039665789831252,2,45,0.3299081151592258,0.6912620332933241,2,200
238,0.24694400806786207,1.2982769523348128,2,14,0.031034125163677366,0.6994624656179677,2,37,0.16809227804969595,1.0903861816249676,2,104,0.024208077997179958,0.35051986161205506,2,122,0.3261208203829273,1.2870500286420186,2,200
239,0.12160900343603791,0.7596766049899752,2,63,0.046545245540156176,0.8374591857194901,2,83,0.2041633401372308,0.6174747154243991,2,200
240,0.2661107998789101,1.0167708677404068,2,34,0.016658947748648328,0.79944232377139,2,56,0.05241769934568197,0.8256927967071533,2,71,0.26949799926809803,1.3475248767779424,2,97,0.0213905259501169,0.5076975287110718,2,151,0.1505114139643479,1.3712872796588473,2,160,0.07571356715951032,0.717530369758606,2,165,0.022001658155020472,0.7016659166131701,2,193,0.14317863022633365,1.0171022585460119,2,200
241,0.3116019798794128,1.591928985118866,2,200
242,0.28989139972882977,0.6808379161357879,2,200
243,0.3531351571968227,1.092540180473997,2,57,0.3418502902151189,0.6415097659284418,2,79,0.3448280253336844,1.2379172666013734,2,200
244,0.3309976454967545,0.8508380807814051,2,122,0.048180320506294165,0.7893503606319427,2,132,0.2629167051512029,0.8083430690280462,2,191,0.06337738005112489,0.7601892153422037,2,200
245,0.26467078816466655,1.284057162024758,2,44,0.016132485398995495,0.46921773813664913,2,60,0.310052766369398,1.419283582104577,2,96
246,0.31889166855432455,0.780421531819678,2,77
247,0.22506546929677704,0.7834661640818157,2,63
248,0.24771886795821227,0.6595225391479639,2,52,0.025664609437319314,0.7654411126585567,2,69,0.30303727493707167,0.5597986419995625,2,84,0.025437114294008533,0.7378639049000211,2,93,0.2503790317969083,0.5315449748720441,2,100,0.02720769929570387,0.738328010464708,2,196,0.09501443295277424,0.7894016355276108,2,200
249,0.3581450642094045,0.9320274489991208,2,47,0.051546485254440604,0.6882220378943852,2,89,0.43816323113484934,0.7310088634490967,2,94,0.04994418943069429,0.8391745527585347,2,109,0.1461999779461739,0.7894603991508484,2,134,0.025477932881347875,0.8181704448329078,2,152,0.3007838713185706,0.8646514415740967,2,157,0.031470842597883075,0.4903878378016608,2,171,0.31620780685773503,0.9309122274661886,2,200
250,0.2782881544350309,1.1521699306916218,2,49,0.015244712465003292,0.18198921158909798,2,61,0.23921499362782667,1.021302119987767,2,102
251,0.20788113591734925,0.6753223496286765,2,184,0.022024380979037347,0.5265263430774212,2,200
252,0.22828261646596978,0.597545040845871,2,150,0.0494329319441288,0.6949664110487158,2,172,0.2847342247227232,0.5466116688081196,2,200
253,0.2753299912435379,1.0056619083180147,2,17,0.014235623385256016,0.3522525019943714,2,33,0.31007192614368606,0.9276391215946364,2,171,0.0368971614883576,0.8550280394225285,2,200
254,0.3726415904375596,0.2870377695018595,2,22,0.06666817283244,0.9457003020104908,2,43,0.025641746181617783,1.0053650538126628,2,55,0.25908945945682293,0.5638862348836043,2,200
255,0.2892269790779747,1.6482091595729191,2,24,0.012135884266571167,0.5162898145970845,2,45,0.46752416842237937,1.6858646869659424,2,55,0.022614284603078443,0.516391236782074,2,80,0.46010357239682986,1.7975236972173054,2,95,0.025612631516207848,0.5732986303893003,2,117,0.14476818014246515,0.5691272682613797,2,126,0.023409440566552142,0.9341272071555808,2,153,0.3622340856528958,1.6656162206162797,2,200
256,0.47162160075290455,0.8083759387334187,2,15,0.021352265342485865,0.6245953469741635,2,56,0.28766437878939505,0.7047926187515259,2,59,0.03633811114685212,0.6154980311791102,2,71,0.24077548311466956,0.8321521968552561,2,104,0.02636002078526717,0.6679579159046741,2,151,0.20158615903178118,0.9586422386623564,2,172,0.023083033929465622,0.7211436480283737,2,200
257,0.19154991973211427,0.9454922173172235,2,64,0.051011060292229744,0.9221633598208427,2,88,0.18331057926094763,0.9886174031666347,2,200
258,0.22426168062805754,0.8267872116782449,2,44,0.025267399128777714,0.7079755195549556,2,72,0.24647935864490167,0.5427509744962057,2,75,0.027353076154749967,0.6315536774469145,2,141,0.23196426567576348,0.9820368885993958,2,145
259,0.31596322218321254,0.783819406419187,2,37,0.03493384975152034,0.8273946344852448,2,43,0.02305706921916602,0.18446950901013154,2,95,0.31785770204347846,0.5371357254683972,2,175,0.022972242510903997,0.5272637804349264,2,190,0.2671226966801976,0.4728791981935501,2,200
260,0.2411892666549866,0.5635064521431923,2,200
261,0.2844467172513037,0.9564876961708069,2,200
262,0.2702304685986232,1.0438123941421509,2,26,0.029249193288860983,0.8730594895102761,2,37,0.20384593024132316,0.9376484641322383,2,64,0.025722365074420897,0.668134868144989,2,89,0.19297114694154027,1.1547953217637306,2,140,0.022232033029304907,0.47230103264252343,2,200
263,0.3194868879707079,1.6649995140913056,2,82,0.01395859513102079,0.48705226624453507,2,109,0.3820824958402825,1.6656800228006698,2,143
264,0.3369536862516171,0.918120002746582,2,65,0.02897293226709663,0.974580066544669,2,72,0.30473112788172085,0.8871513903141022,2,80,0.03234140106342373,1.0750218721536489,2,93,0.2774536972607646,0.9353069833346775,2,135,0.022595290863472704,0.7778352223909818,2,148,0.407205576227294,0.9758247687266424,2,200
265,0.1924544969161602,1.2723974818275088,2,105
266,0.2494925174633709,0.9012364393472672,2,200
267,0.22838550596428003,1.0452407124924332,2,73
268,0.2177016640896566,0.5703066984812418,2,54
269,0.31292571375898776,1.508003631234169,2,120,0.021941168025572024,0.23230875618755817,2,200
270,0.09247891911515799,0.23396088182926178,2,10,0.2976583917305705,0.9688541989577444,2,200
271,0.3671376320409508,0.7574949348182008,2,114,0.028957422451160113,0.5373230244104679,2,140,0.2954630977208864,0.9499345064163208,2,200
272,0.28541162922782304,1.0578395894595556,2,28
