0,0.21680580678429537,1.308572618857674,2,69,0.021601829335728993,0.3807634833981009,2,86,0.3510436459619242,1.115439921617508,2,90,0.02646089493190961,0.5229241170666434,2,101,0.19681333617312569,1.1494875699281693,2,109,0.026522723753990902,0.5765650709470113,2,139,0.1440500564282386,1.4465894460678101,2,169,0.07027607747906105,1.3746248616112604,2,187,0.3415762227959123,1.3722552886376014,2,200
1,0.2513203830402063,0.4715664151467775,2,19,0.20645207229455947,0.9127028435468674,2,27,0.035084432354802964,1.14412608411577,2,63,0.2645756748375336,1.221681684473135,2,200
2,0.21250499624134353,0.9853257475228145,2,29,0.06462449110668156,1.0076122164726258,2,49,0.2782442478886156,0.9841128037526057,2,75,0.030822546939857413,0.9214184522628784,2,150,0.0900248392366227,0.9160816073417664,2,172,0.23434428409110133,1.0429013584341322,2,200
3,0.37041032282127895,0.8338853645037456,2,83,0.03347632856069676,0.9319253845347298,2,119,0.30188619868368743,1.0181769473212106,2,154,0.03471052501021148,1.0649926132626004,2,163,0.258402681659983,0.965633499622345,2,173,0.04771504315443746,0.906527345830744,2,184,0.35362730919192864,0.9490490481257439,2,200
4,0.2996544652225058,0.6817855503824022,2,9,0.027181289192624046,0.6485789908516791,2,40,0.03122746159851448,0.8718617297708988,2,56,0.25719914752590683,1.0212455162635217,2,95,0.02169968813276769,0.9948556086291438,2,141,0.3067676679444285,0.4313350386089749,2,159,0.02985164405685721,0.997138615916757,2,193,0.15313890417034093,0.9638897861753192,2,200
5,0.285014165072797,1.2785824139912922,2,42,0.023650781416983627,0.3757670962292215,2,65,0.3380099163862012,1.3772645401504804,2,118,0.02172805482747807,0.6083092093467712,2,160,0.23349687489636242,1.2467016011476517,2,200
6,0.06551266767890933,0.7819213743867546,2,58,0.45287306567022884,0.8112387323892245,2,151,0.02617660957511323,0.8265462919157378,2,200
7,0.24329059712607268,1.0128970311238215,2,65,0.039797477707501354,0.720138493180275,2,85,0.21368972553625856,0.9644997353139131,2,200
8,0.2533549723360337,1.0828756977010656,2,108
9,0.23004526616405122,0.5908910572528839,2,10,0.05539337086765767,0.6862005165645054,2,17,0.31469228565446905,0.5821022546454652,2,90,0.03219470191049794,0.6854187309741974,2,110,0.2378809350408589,0.6898542516761356,2,200
10,0.047361063564095716,0.8112968876957893,2,16,0.012312985733676243,0.741887092590332,2,33,0.3175953679202994,0.7859675504944541,2,44,0.01579138580621367,0.6468954051242155,2,61,0.21647985225512814,1.128863787651062,2,86,0.023156091851318478,0.4879738374760276,2,105,0.3062500555628704,1.242380142211914,2,149,0.15342187928140655,0.9750838092729157,2,200
11,0.3230269214134423,1.095112131192134,2,39,0.022705385680796945,0.9115586876869202,2,44,0.01813582455202801,0.546623127328025,2,62,0.2837564155037979,1.1787904760111934,2,200
12,0.16787495376101724,0.584895738533565,2,7,0.03339982705653181,0.5796292163431644,2,23,0.1909984598036094,0.700836181640625,2,27,0.02995026408307807,0.7771941692598404,2,58,0.3051773962080534,0.9935663602721523,2,200
13,0.2725447580117514,0.6901804429292678,2,200
14,0.0730367767935459,0.7256562586488395,2,29
15,0.045545050803758494,0.9759367361460647,2,73,0.20904281233509167,0.8305274650857255,2,110
16,0.251807803220761,1.1706352281570434,2,200
17,0.23817054025611217,0.25435302549220146,2,47,0.045898424029610405,0.3644659072160721,2,57,0.2579270814200843,0.26000327948066926,2,75,0.030740995102306438,0.9338393878936767,2,125,0.14166129326674484,0.8328306078910828,2,136,0.02534610767626569,0.8807326980999538,2,150,0.06452952246816317,0.8938075204690298,2,168,0.3237892542951566,0.16587084624916315,2,200
18,0.29360941234676696,0.8958935737609863,2,18,0.02051947916897668,0.7682743708292643,2,33,0.2965922442545445,0.8544429771602153,2,113,0.03192011138526963,0.8304780295916966,2,127,0.32288759868325745,0.7587533344825109,2,151,0.030764935328013596,0.7044506985314039,2,200
19,0.27513870217305114,1.5782788544893265,2,192
20,0.3601753404444989,1.1321976900100708,2,70,0.03294810078048198,0.6994231440300165,2,113,0.3347666397324556,1.283192940056324,2,145,0.018590281548616916,0.7024171463278837,2,188,0.21860247089289953,1.1197050015131633,2,200
21,0.24193163304903997,0.7711677451928457,2,168,0.01918185021944819,0.1790684877257598,2,187,0.19209368687177225,0.8146397563127371,2,200
22,0.2842383123586108,0.6243308421337244,2,33
23,0.3117647821612576,0.5648544140222693,2,119,0.037070160290893675,0.7335674407634329,2,166
24,0.29517238092234693,0.7142914246629786,2,81,0.07729227528339942,0.8246105332907877,2,157,0.2502586154882558,0.6338361213284154,2,188,0.0824165824532607,0.8217976093292236,2,200
25,0.31485982132977325,0.9292134344577789,2,28,0.02027738068587789,0.7975475788116455,2,38,0.3738758829895285,1.080324371655782,2,44,0.026253535522650483,0.2689164388510916,2,62,0.3412540105010887,1.0466259519259136,2,86,0.009528847119455855,0.3145699218699807,2,105,0.28181108145783973,1.0880215469159578,2,200
26,0.301444685040888,0.928391702969869,2,15,0.0241524114390217,0.5923989198955835,2,66,0.44511145073997316,0.979427695274353,2,73
27,0.24670397738073482,0.9890323434725846,2,101
28,0.41653250690288735,1.5397443133731221,2,43,0.03602191856908416,0.49052806269554866,2,64,0.14650763647510032,1.5137004852294922,2,73,0.3695470778388339,1.4607662659186822,2,150
29,0.35847990601823243,0.3579517092023577,2,7,0.020917343723209553,0.6352516412734985,2,28,0.2889783889477472,0.6024289225475697,2,186,0.06796489971791629,0.7102778937135424,2,200
30,0.32911491532514997,1.0947102091529153,2,44,0.022251266141441028,0.548715257126352,2,67,0.3585814927586253,1.0902456243832905,2,73,0.05358443866877344,0.994916170835495,2,85,0.23476884599579512,1.142409827028002,2,99
31,0.26690192043409783,0.956818032909084,2,37,0.01800520298373778,0.818153096569909,2,46,0.3380138589961819,1.007924173189246,2,69,0.03672798700308373,0.27877426235114827,2,86,0.06846244195775028,0.8610980113347372,2,101,0.2632343678768895,0.9327352217265538,2,108,0.02410463368639642,0.6742679399828757,2,139,0.22568296904603882,1.183683114392417,2,153,0.03225238723630991,0.4904907008012136,2,168,0.18879116638569002,1.006710598866145,2,180,0.012825010032297973,0.3226418271660805,2,200
32,0.3174555095271253,1.0770751781323378,2,68,0.021814756419199832,0.376517497357868,2,89,0.1946814057175258,1.0713887170509055,2,116,0.021476521833282265,0.8119598229726156,2,137,0.3004305920010113,0.9976156439099994,2,200
33,0.3432693803292099,0.8190317571163177,2,10,0.042407279521945083,0.691947611172994,2,25,0.3351105621962241,0.7347785050486341,2,106,0.018873575822333257,0.5909316887458166,2,118,0.46908800269657264,0.6705296486616135,2,122,0.030530787959907407,0.830741286277771,2,145,0.22595316791163997,0.7769405549222773,2,200
34,0.06169647926663331,0.5675768676926108,2,17,0.31925224716016437,0.7435445697581182,2,200
35,0.26533059740487586,1.2838204509019853,2,200
36,0.29412710430255906,0.632821281750997,2,39,0.0201837193713489,0.599076370894909,2,59,0.24623819284281862,0.4700607806444168,2,65,0.021990450431994192,0.6332537817955017,2,90,0.2751109594834444,0.637796865319306,2,143,0.06978419425739946,0.9335156188291662,2,160,0.3392743485530409,0.38724139630794524,2,200
37,0.3166451157026899,0.8511253553767537,2,172,0.02577620312479167,0.8185237390654427,2,200
38,0.3048243369310884,1.4061059453393105,2,177
39,0.19748376322315644,0.9732025820016861,2,200
40,0.28256935657293075,1.038153789639473,2,200
41,0.43044883987486604,1.0671264937049465,2,19,0.02459106431369348,1.089305317401886,2,29,0.2655788214248224,1.1934046848960544,2,52
42,0.07546734387135912,0.7109208674657912,2,42,0.3189053450409727,0.11533091499887664,2,129,0.06808480553118373,0.18433566143115362,2,141,0.24070818479312533,0.1689768327133996,2,162,0.027926164373746228,0.17899860814213753,2,178,0.18744802362929516,0.5940123837102543,2,200
43,0.25207427364336765,1.0908205405259743,2,195,0.06342600547325922,1.1431230545043944,2,200
44,0.2782005629466815,1.4043103721406724,2,18,0.02192794425364131,1.209373903274536,2,33,0.36794960081313444,1.3406162758668263,2,57
45,0.2596374361790403,0.9755498581919176,2,29
46,0.32355571615835205,0.9393534553050995,2,200
47,0.22604312916592337,0.43619057163596153,2,16,0.4085435033163323,1.7873338724659606,2,129
48,0.2444058525214536,0.35442230850458145,2,6,0.022320647277459502,0.8897132304581729,2,50,0.24517801030086678,0.7579919437567393,2,200
49,0.03958583763153638,0.9878953663926375,2,38,0.09089431720140918,0.9123980517972979,2,95
50,0.32265951320515845,1.4332484245300292,2,15,0.021649200745276643,0.2706714610258738,2,30,0.3300741674851969,1.3874687873400176,2,82
51,0.3151555661595012,0.7649651516315549,2,43,0.04425917886666228,0.7103602996578923,2,70,0.30734536994162415,0.7249904316205245,2,200
52,0.18929719257948235,0.8447664585606806,2,29,0.03717520996540486,0.9060029012816293,2,64,0.22135891352784925,0.852680809986897,2,103,0.2024529116161669,0.6515765418024624,2,171,0.02938399064582893,0.7338314453760783,2,192,0.22947680338546442,0.4936831071972847,2,200
53,0.146152449728778,1.1778725726263863,2,21
54,0.07913414566563275,0.825841773301363,2,16,0.20037191472480181,0.7685271143913269,2,26,0.03399048627753915,0.774937715795305,2,44,0.31695695078649233,1.4240534106890361,2,56
55,0.049251792634825584,0.76771908501784,2,48,0.2634446573361633,0.9339437995638166,2,62
56,0.16408317150139642,1.2512662586043863,2,34,0.05848846837330648,0.16248193755745888,2,50,0.15982974749817858,1.3856508640142589,2,76
57,0.07778156029167205,0.784816563129425,2,8,0.2555164011807656,0.9441895157326269,2,139,0.1588817388781877,0.4741762975851695,2,142,0.013008269889056854,0.12088634073734283,2,158,0.3725004098646184,0.9872407337714886,2,187,0.02458585314691103,0.17101328418805048,2,200
58,0.2828785827688239,1.0550343753435674,2,156
59,0.35654135948054844,0.554783967408267,2,22,0.029857380241320553,0.9650652367493202,2,51
60,0.30028596997858753,0.40294878070171064,2,39
61,0.37363333905286533,0.8859272532992892,2,18,0.03043037316852287,1.1857754826545714,2,28,0.27472015147685075,1.0591539447767693,2,142
62,0.26355985913868146,1.2322456146541394,2,38,0.04239476928002423,0.43999253158216123,2,65,0.28588373486826657,1.239732278244836,2,93,0.02828202632001639,0.4935469737759343,2,120,0.14682945446944085,1.2235599088668823,2,145,0.026030154764025704,0.5048512762243097,2,167,0.3638963767630649,1.0935136420386178,2,174,0.03150504715505609,0.8298278890158001,2,193,0.2641071924951529,0.9444157481193542,2,200
63,0.28059792481615853,0.9357872583247997,2,108,0.030066300416552318,0.471554409712553,2,148,0.2580041489973476,0.8433345953623453,2,157,0.028610067183447004,0.5046644888140939,2,168,0.4033925989073748,0.9665637314319611,2,180,0.04072240001688814,0.262043359875679,2,200
64,0.021487497678500427,0.37358092177997937,2,11,0.19056791161750183,0.9468522983970065,2,77,0.027025697271787587,0.8511089285214742,2,86,0.17420353746403908,0.9615616937478383,2,146,0.022496363578716098,0.7926686922224556,2,187,0.1832189665644473,0.9894050222176772,2,200
65,0.287758844400632,0.6573848986180029,2,107,0.0195473830933879,0.9403509768572721,2,118,0.278580402607755,0.6455624038126411,2,200
66,0.27950799529192655,1.5231434391505683,2,67,0.023474697093605713,0.727798056602478,2,87,0.21309761610529673,1.6177508234977722,2,93,0.016234905379733607,0.6518899103005728,2,111,0.24059550735219007,1.4532425554705337,2,182,0.03561952916022981,0.48808929158581627,2,200
67,0.13258392405065442,0.9511999416351319,2,25,0.029485950465661603,0.47869715342919034,2,37,0.28200482472325217,1.23892224393785,2,101,0.05325094427374706,0.589626619109401,2,128,0.2546826912002991,1.313294756743643,2,200
68,0.3738488109202059,0.9714228047264947,2,18,0.0270347583647705,0.2775892819228925,2,37,0.26370698435020956,0.898420933414908,2,54,0.019609976167843473,0.7073539116165855,2,65,0.12352002352996397,0.7826813220977783,2,70,0.03992491821951356,0.7535233270554316,2,112,0.3018449247350617,0.9209108957877525,2,177
69,0.28786690741474724,1.0475417842035708,2,23,0.021138056601674646,0.9953457889733491,2,50,0.06863209670345548,0.8183821843842328,2,109
70,0.2804930867290459,1.2033499924823492,2,99,0.017826958342798856,1.1659617722034454,2,107,0.24371623018513836,1.1654864531574827,2,173,0.02121486090641565,1.1825885772705078,2,181,0.2064212860441339,1.2179844114515517,2,190,0.024847552084635988,1.0169639885425568,2,194,0.019761685860519858,0.540649895866712,2,200
71,0.10897598319799816,0.9391660608094314,2,29
72,0.044056209117254094,0.617775514125824,2,25,0.344136838155992,0.6307542678472158,2,62,0.05350357566091093,0.7164209830133539,2,100,0.17274569453274585,0.848072499800951,2,139,0.08097274109075468,0.8430426225942724,2,156,0.35735669504273637,0.5912089910019528,2,200
73,0.40745680260237854,0.5502798820650855,2,43,0.06003578823432122,1.1005925406580386,2,66,0.31333624982752384,0.6647050976753235,2,69,0.02754522844627835,0.9084125672067914,2,90,0.3334801865257655,0.6821962893009186,2,200
74,0.28250639233772723,1.15227475850889,2,101,0.022060645962881004,0.6637750132517382,2,123,0.3187959826892543,1.2157872357925812,2,200
75,0.2970466854145297,0.8585400653172688,2,83,0.023003117578489173,0.5440700689951579,2,98,0.34195996609319523,0.9282000019000127,2,150,0.024878084801730514,0.5271248600699685,2,161,0.21355587035317486,0.8904685851855155,2,200
76,0.23016233568348735,1.5444303206035068,2,70
77,0.2998802665964946,1.6285170381888747,2,128
78,0.2540390561591989,1.0507844442344574,2,83,0.02710310029695031,0.7843240543109614,2,124,0.23884670339238392,1.0506095478409214,2,200
79,0.2501686110591162,1.1843176013231278,2,200
80,0.2566338520409141,0.7981235895838056,2,14,0.032255334220469487,0.8158574038081698,2,41,0.27406706511708195,0.9288714631744053,2,87,0.01676029539484477,0.8277981678644816,2,93,0.2237545048474536,0.6871555149555206,2,99,0.02857219594214182,0.5471897224585215,2,126,0.18009484330334352,0.5650446340441704,2,134,0.015107526500295744,0.7165006803614753,2,162,0.4387923640955319,0.5358323653539022,2,165,0.0257024248614502,0.6225135326385498,2,180,0.35261544885161406,0.6028024825182828,2,191
81,0.48572487790301694,1.5195077657699585,2,6,0.03944859683622696,1.295300166947501,2,41,0.2367397285736355,1.373824560189549,2,120,0.027772146812501848,0.7847415233311588,2,193,0.22915185587125037,0.4845215891088758,2,200
82,0.2742954502654871,0.3916808670759201,2,200
83,0.2268176131614483,0.9476758703108756,2,62,0.02819645131902435,0.49550613452648296,2,91,0.2120174322388269,0.8543270671119293,2,187,0.0871936988879133,0.6605634047434881,2,200
84,0.14174424354279327,0.4257515569527944,2,3,0.014072208021495943,0.6423948786475442,2,14,0.17276999557171488,0.4979516267776489,2,17,0.029848181343988093,0.40058818284203024,2,34,0.18583401913400427,0.9761243279163654,2,86,0.334095943408845,0.9855830812454224,2,111,0.02705351855892699,0.649961116768065,2,132,0.09616152998820679,0.6719776855574714,2,150,0.015150498246441832,0.6673917174339294,2,162,0.26292225628303273,0.640442933355059,2,169,0.012108968615497536,0.7851768467161391,2,178,0.3322865959249983,0.7303041300990365,2,200
85,0.24214735512254454,0.8936774670272261,2,148,0.02750012454895587,0.9900241494178772,2,156,0.2067555266893753,0.9215538935227827,2,167,0.013836571132486243,0.5796232602813027,2,178,0.20388958647464142,0.8303787509600321,2,184
86,0.051669894733085676,0.46448461826031023,2,52,0.2207415485551537,0.45233650292669025,2,59,0.020942849085071852,0.611712030002049,2,94,0.396790831302034,0.39799007231538946,2,105,0.04108637308113095,0.6016599917411805,2,130,0.30358651781994633,0.36910681163563447,2,147,0.042786677488739634,0.5850150366624196,2,162,0.3184961143938406,0.33696451783180237,2,167,0.02078837697940742,0.6352731262644132,2,191,0.34785664590530574,0.45880093177159625,2,200
87,0.3459389527163702,1.1672426916304088,2,168,0.016766086762063027,0.49689619478426483,2,187,0.1896540416966204,0.7932333029233493,2,200
88,0.2956332318440324,0.9501432549385798,2,42,0.0574635743905527,0.6255415931895927,2,96,0.3688523119787688,1.0779178142547607,2,101,0.08098457328159174,0.8266747423580715,2,115,0.02616522599341804,0.7472543551566753,2,162,0.3957202313176486,1.2585459815131292,2,171,0.030074254636032346,1.1108789708879259,2,180,0.38416846635125473,1.3104344427585601,2,200
89,0.2208289835031759,0.8022734820842743,2,34,0.08234788688982272,0.8218425187197599,2,56,0.21665038723559216,0.7853826135396957,2,200
90,0.32103559046387486,0.8937550272260394,2,14,0.020318863936270973,0.6281701348446034,2,41,0.17702436561490884,0.9922838608423868,2,44,0.017517191361631962,0.6073162246633459,2,71,0.21760979316392087,0.915826769762261,2,200
91,0.391390655464739,1.1638194529215495,2,150,0.018856503286409455,0.2590879760682583,2,170,0.33469635829540123,1.163458478450775,2,200
92,0.03708971539099549,0.7227905778323903,2,17,0.18150742794186667,0.7165785670280457,2,52,0.25103274206054194,1.2643794783230486,2,197
93,0.2199627927090897,1.0122367708306563,2,19,0.033923363187917374,0.7056980729103088,2,43,0.214769230847949,1.021863126441052,2,119,0.03521156625267059,0.7870038354938681,2,163,0.25291397953248507,1.1759157148567405,2,200
94,0.36981438723086735,1.1443965418918713,2,74,0.03165609680477172,0.9309194175208487,2,156,0.3023394916404917,1.1262358237396588,2,200
95,0.23151104294089975,1.3563879758689055,2,157,0.10846426694133642,1.3854027681572492,2,200
96,0.30361518773394214,0.5531348323822022,2,200
97,0.3047407602320824,0.8356395038962364,2,200
98,0.2702361038151128,0.314093591272831,2,80,0.0655004515929581,0.3816646635532379,2,92,0.23711593088684005,0.34714387551597925,2,115,0.03332404932548522,0.6902020631297943,2,146,0.4128591728672257,0.36197420126861996,2,200
99,0.02253748522871436,0.566853034590918,2,63,0.3786909883024275,1.2143740143094743,2,70,0.025368882603211837,0.538878372973866,2,88,0.2995411409819237,1.3363062381744384,2,128
100,0.40167302859080495,0.6354569512255052,2,17,0.052753622768405055,0.7524092396100363,2,23,0.3690714260562911,0.661500533179539,2,105,0.06886714240178834,0.9949482587667612,2,118,0.3282021853005325,0.6461646324250756,2,200
101,0.3027233367793776,0.9305474795401096,2,32,0.020818050674725093,0.2715783038964638,2,45,0.25218495529539764,0.9972158484988742,2,135,0.03454564022869127,1.0387419992023044,2,144,0.21331709162293727,1.0034904118095125,2,200
102,0.25059231741259674,0.8271519916899064,2,170,0.12960319101139828,0.871187299489975,2,200
103,0.35750698036629636,1.0416698455810547,2,7,0.03316196480305049,0.7536962674214289,2,20,0.19467445395262353,1.0017846009948037,2,31,0.03084208760826858,0.39521430619060993,2,47,0.2865459268446037,1.2392366392160552,2,200
104,0.2761557296043783,1.0016118270158767,2,200
105,0.29158076077841055,0.8745659302020895,2,29
106,0.23872572643866583,1.2196305990219116,2,100
107,0.20450215549638165,0.6338754481077195,2,200
108,0.2809436455135436,1.3585812005590885,2,94
109,0.24521851460740307,1.1897240264075144,2,35,0.031157434096538175,0.42203802276741376,2,79,0.3582652926479543,1.2210102221545052,2,96,0.02181740626911275,0.642386147316466,2,143,0.2649543798198478,1.3218531847000121,2,148,0.030174359530550282,0.8485136261353126,2,200
110,0.3183148233618524,0.7665883832913967,2,163,0.02134578719805572,0.678562343120575,2,175,0.0568135029604571,0.3933810903267427,2,186,0.2047096997463116,0.9813021676880973,2,200
111,0.33526448047785323,0.5822040832042694,2,50,0.06129451583420865,0.9000525722901026,2,74,0.39786704761587655,0.5857885472084347,2,150,0.16022918574195874,0.6537778247957644,2,173,0.31503644758304866,0.6298721807974356,2,200
112,0.2488798480152779,0.761206246969354,2,131
113,0.0767589211941227,0.7475922681667186,2,27
114,0.17869953214238246,0.7460304101308187,2,3,0.026263701497195424,0.6776245220287426,2,40,0.07797115374820056,0.6275183196578707,2,68,0.2379238798928708,1.6023017619595383,2,200
115,0.23814131147075626,1.4308533668518066,2,13,0.07652255140768606,1.4461339712142944,2,35,0.19012305381746378,1.4456198930740356,2,50,0.020599996037753653,0.1914205178618431,2,66,0.36729473256033274,1.4410979217953153,2,93,0.022408444526632917,0.9342240114365855,2,124,0.3232896292292254,1.5042213201522827,2,140,0.028012477663080675,0.5943634867668152,2,200
116,0.1893361409778745,1.501477259578127,2,33
117,0.21845423856547672,0.5564327339331309,2,3,0.021677424905793517,0.37802696029345195,2,18,0.27705480050847603,1.2125703891118367,2,21
118,0.3753990705735959,1.3344633637405023,2,41
119,0.3222083485704018,1.3525890597590693,2,27
120,0.3150450726662212,1.1954881575974552,2,44
121,0.06306254045273595,0.5692275081362043,2,14,0.3017725526344828,0.7754594564437867,2,34,0.021088748878356624,0.4578198187407993,2,76,0.3536324483199862,1.3799128532409668,2,86
122,0.049135321108142595,1.0048319816589355,2,20,0.3318385780955496,0.9997602105140686,2,42
123,0.3814280078117914,1.187860918045044,2,30,0.01714857238761695,0.5249895837746168,2,68,0.21728856306872446,0.7195929785569509,2,71,0.035399561226455024,0.4043376237154007,2,81,0.2886275245085531,1.2521155842212068,2,200
124,0.2672559212855254,1.0107336139678955,2,200
125,0.28185985811442194,1.1231293123343895,2,58,0.03549315779646763,0.9472647200931202,2,80,0.24814667674755123,1.1547038274652817,2,148,0.03317707910780467,0.7111022415069433,2,200
126,0.28670839286769834,1.1345838021862416,2,129,0.031042413454106674,1.1118488311767578,2,135,0.316204745837987,1.12722927240225,2,200
127,0.17321670173754178,0.4319502240419388,2,50,0.03895439985914492,0.5705094570698945,2,73,0.2393757362478052,0.2733779717383422,2,200
128,0.04194580643789542,0.5729261769188775,2,18,0.19933148318351418,0.5659080472375665,2,130,0.12643939696006523,0.5601546377749056,2,167,0.030363455932655017,0.6050543529646737,2,181,0.2763303782778115,0.5185848698019981,2,185,0.05458653710652221,0.5057142216425675,2,198
129,0.3223192529621442,0.6549319847155426,2,59,0.031614971656048714,1.1734310785929363,2,80,0.2825788715627804,0.6482112770279248,2,200
130,0.24457437685307848,0.6568402796983719,2,8,0.01781119355650847,0.31760287781556445,2,38,0.18464477690202347,0.5147395680348078,2,44,0.018845659460834472,0.8357713967561722,2,56,0.35786866212284757,1.1310614811049566,2,200
131,0.32497671396117067,0.9984518480300903,2,25,0.017706804577877825,1.1899605555967852,2,36,0.3388452189256998,0.9899559418360392,2,60,0.025547025869186137,1.0578808337450027,2,68,0.38008225920929056,1.0292802823556435,2,105
132,0.14281881145582773,0.535161480307579,2,3,0.0161648442103197,0.23680026722805841,2,59,0.23192511615159667,0.40703056156635287,2,89
133,0.25886802499961353,0.5879202091693878,2,200
134,0.2739882942357638,1.435096616546313,2,24,0.03822515865632745,0.6611508093774319,2,56,0.14201140197931683,1.2755397063620546,2,150,0.029145619920454106,0.8280104284590863,2,197,0.17849082905249442,0.9096961418787638,2,200
135,0.2836004320392706,1.30844424645106,2,150,0.05728203893049853,1.1633112686020988,2,164,0.36042984928229094,1.3096584611468844,2,200
136,0.31673032337683316,0.433271151922998,2,42,0.03305098743747979,0.5141070860883464,2,65,0.2798654714135803,0.3350319854523006,2,103,0.02729494253545205,0.46131567358970643,2,113,0.24428002397491355,0.4961399585008621,2,191,0.2012360381438967,1.162808683183458,2,200
137,0.3754056652287726,1.5945097784842215,2,31,0.03850495313065512,0.5722484683448618,2,53,0.29788630707221797,1.5408386811614037,2,69,0.019522767465205593,0.49642078699292363,2,106,0.18606665886933238,0.7103452881177267,2,115,0.03445559730783624,0.3584303600447519,2,129,0.22056634873943418,1.0000805921957527,2,200
138,0.44009552624187437,1.0120807886123657,2,8,0.023709766468316074,0.41208497285842893,2,28,0.26027381032769276,0.9471225490172704,2,76,0.014085321748681255,0.629667341709137,2,91,0.3068016132971487,0.9737604265912957,2,200
139,0.1968659595535767,0.921486947271559,2,18,0.030182415255787468,0.31852860042923375,2,37,0.347234693696864,0.9042019703808952,2,54,0.016410989270933103,0.3531453690745614,2,65,0.35703255005947493,0.9216088652610779,2,97,0.027947877354243353,0.4336327354113261,2,142,0.3153726355933589,0.9817813717085739,2,200
140,0.3802915201723477,0.7947851777076721,2,10,0.04073950176345874,0.9323237721215595,2,98,0.2782590799823818,0.8503207683563232,2,148,0.04153874962183243,0.9272054170453271,2,191,0.17886116879141656,0.8155582679642571,2,200
141,0.16873910029786096,1.2770434856414794,2,30,0.022416908499000923,0.7080727250148089,2,69,0.06840105682000483,0.8412281423807144,2,81,0.2937906175598386,1.36241152412013,2,119,0.013605773571088149,0.7599267959594727,2,131,0.24864200968800054,1.3149212842637843,2,175,0.04756575948061699,1.2177082633972167,2,200
142,0.262201207184581,0.6044326583544414,2,30
143,0.21828451270924684,0.660829585610014,2,33
144,0.08402483742100589,0.8793325904342864,2,36
145,0.3471968356835411,1.0829849258849495,2,76,0.031330044798460285,0.6350422880866311,2,87,0.3251739033285149,1.0612057795566796,2,200
146,0.33371943402469056,1.1120668924216068,2,165,0.32997355570138237,0.7670878330866496,2,180,0.02997512559907328,0.7388415161301108,2,197
147,0.39339884617552395,1.1575120105976011,2,41
148,0.30863123432380996,0.9451602918761117,2,35,0.056566131232003526,1.0069242864847183,2,83,0.026103129311487016,1.004114325841268,2,98,0.2429607448852088,0.9867755651474,2,103,0.05463399051555868,1.0436150481303532,2,127,0.3232879357352741,1.0145806270102933,2,200
149,0.30786535289563643,0.9175128557852337,2,140,0.03447143156429499,0.7804167476984171,2,192,0.35691285645945614,0.5962825939059258,2,200
150,0.3300483121083442,0.7012655337651571,2,6,0.03954151482809583,0.8905744808060783,2,41,0.19446469367596914,0.9973093531070611,2,119,0.032139301714882315,0.7036939534274015,2,163,0.25638455710384533,1.1740718245506288,2,183,0.038019574453268784,1.059351822909187,2,200
151,0.5256071332639288,1.8177248920713152,2,7,0.0762813075199174,1.5508601123636419,2,29,0.2601906710101672,1.7481632134236327,2,138,0.04796482078645946,0.6890519360701243,2,150,0.2222278119775427,1.480233376090591,2,187
152,0.2687820449782834,0.43717288190410253,2,42,0.051465490565287805,0.82067241009913,2,80,0.16805668120364997,0.26157004088163377,2,110,0.04105128237750003,1.1436924457550048,2,120,0.2956197310676165,0.1954549390822649,2,200
153,0.3031112598787471,1.0014120694957203,2,79,0.27639965901882707,0.6102400340285956,2,130,0.056673817468111364,0.5785283503078279,2,151,0.33652477766403766,1.1389542793741032,2,200
154,0.24972282680655616,0.6814761322897833,2,37,0.06506121923904165,0.8169548436999321,2,69,0.2030364445310361,0.8879665221486773,2,76
155,0.20449905728258544,0.6647674242655436,2,9,0.034687150153112196,0.37060105942544486,2,30,0.23850870052633047,0.6100060575538211,2,48
156,0.18741225050931049,0.560327700946642,2,23
157,0.29729537271190587,1.0653886479139327,2,200
158,0.33889438888863266,0.9046914448609223,2,37,0.0531392919811929,0.744969059591708,2,60,0.2906379307162578,0.9389593581358592,2,90,0.02612489704386725,0.6698350608348846,2,110,0.28780348658789223,1.0631215061460222,2,187,0.08679888025094293,0.2478147137623567,2,200
159,0.026632935383850653,0.4142009885538192,2,21,0.2433304300438878,1.4620575146241621,2,32,0.017043192285869747,0.3446652203798294,2,42,0.33022675544219493,1.4307286624725049,2,94,0.01762566330766481,0.30154852303011076,2,122,0.2436557711970972,1.3999891094863415,2,186,0.03779342485909887,0.16858184869800294,2,200
160,0.1330004075361193,0.6838078007978552,2,17,0.019216942370976885,0.23083728906654177,2,38,0.24070462275872762,0.7498832583427429,2,48,0.020098399583503495,0.5761592100773539,2,76,0.30929038902990647,0.7899365288870676,2,111,0.019619593859266152,0.47138165219410044,2,148,0.22345026780646807,0.7377621348087604,2,200
161,0.3649386575105011,0.4922372430562973,2,20,0.04021313156827954,0.35649708977767397,2,34,0.20000046865298887,0.4482773542404175,2,37,0.01991814377960824,0.48051274940371513,2,69,0.2692748362616104,0.6955101652578874,2,80,0.05252784306777868,1.2146122455596924,2,93,0.03145304682246081,0.5504532279195012,2,130,0.33096068412002366,0.4790444267647607,2,200
162,0.3658501909830101,1.2431962016510636,2,73,0.027919687109756487,0.8395319655537605,2,105,0.37629209811658254,1.3003883258156155,2,151
163,0.017566551882944717,0.1975173265752146,2,59,0.35576107454584993,1.324817458788554,2,65,0.02286443923035261,0.74589122235775,2,85,0.2724088727846902,1.237724428591521,2,200
164,0.2117598027949763,1.5864750146865845,2,11,0.04018102307738566,0.7180192930003008,2,59,0.20285639865174226,1.4359913239112267,2,98,0.021454494698120337,0.8128910496317107,2,156,0.2266332405349138,1.2618241066282445,2,200
165,0.2970581969653233,1.3838242942636663,2,77,0.1845181410594234,0.6916154708181109,2,98,0.048242419518003093,0.650444108992815,2,162,0.2916659137237745,1.5383309157271134,2,200
166,0.33671209533840496,0.6331946419345008,2,36,0.0658400192086499,0.24262083570162454,2,51,0.2910789734974562,0.7608790069618481,2,200
167,0.3184662401514189,1.0193961064020793,2,3,0.025077535442262138,0.7762092378404405,2,48,0.21106832732069297,0.9739685227212153,2,200
168,0.14697995610529513,0.934769536847266,2,107,0.40976833709223065,0.8553486168384552,2,113,0.029270120267501122,0.5830210000276566,2,133,0.17663523026382333,0.9637034209001631,2,175,0.05074748112378746,1.13274920463562,2,200
169,0.3271717730051318,0.882061746148836,2,84,0.02431549701194974,1.1169664539941928,2,125,0.2590841585713127,1.0267880797386169,2,135,0.031541811035314844,0.7001319628495436,2,200
170,0.037222399909089335,0.44089992509947884,2,9,0.283998630900509,0.9637286210361915,2,88,0.04381843796993173,1.086757941679521,2,110,0.23768104371040563,1.0374334891637167,2,200
171,0.2620528619517829,1.3516501148541769,2,30,0.031061426093802927,0.9098361909389496,2,40,0.2610766315019795,1.3393093407154084,2,200
172,0.2610833788659868,0.13300964638590812,2,200
173,0.30426117248609863,1.0950806902514563,2,108,0.03729673120601007,1.0658573593412126,2,115,0.32275117204822723,1.128438745604621,2,160
174,0.30628488704361123,1.1684324521767466,2,38
175,0.27494088626869223,1.0615108588646198,2,58,0.08382104414070378,1.0780635213851928,2,83,0.2908949368457164,1.06392582359477,2,200
176,0.2617005179908512,0.7632278548346625,2,90
177,0.37654029749788487,0.9854272462819752,2,76,0.09822873628367756,0.8669512820871252,2,152,0.299101411595949,1.1712722952167194,2,200
178,0.330647330515711,1.0672165995294398,2,44,0.021580055572785115,0.3016677131255468,2,74,0.282135528909941,0.7268177450649322,2,200
179,0.1812846050801277,1.0232365777095158,2,48,0.03462386245136358,0.4515844628214836,2,68,0.08059208633776144,0.9627599318822225,2,71,0.24012812993181581,1.0237192468983787,2,99,0.025995018867364973,1.0122302505705092,2,117,0.3206934598030652,1.0135860168016875,2,156,0.04877490944484928,1.1794762100492204,2,177,0.2964330017458689,1.219608441643093,2,200
180,0.28819445311658304,1.4454083502292634,2,20,0.018212106274399273,0.8737887740135193,2,31,0.2485001915948001,1.4676386288234167,2,73,0.028810313533825183,0.7714779555797577,2,103,0.21250177516018542,1.3876004329947538,2,189,0.035352686601357,1.2967556064779109,2,200
181,0.2692538331742285,1.7425784759743268,2,43,0.037435198871149836,0.5926466319296095,2,70,0.3232636507908719,1.6750355826483831,2,151,0.03005075484818943,0.5771912652619031,2,200
182,0.23919177553923682,0.4471450124097907,2,23,0.018476260286161558,0.4027477570118443,2,85,0.21269721872845035,0.4888295531272888,2,105,0.037112535503365206,0.8839939641952514,2,130,0.28554135019529764,0.39533492578909946,2,182,0.042946458022609935,0.4006464133659999,2,200
183,0.2829665580764582,0.8979388746015865,2,163,0.045637207105005316,0.32618146940417914,2,186,0.20203074103204585,0.9201945109026772,2,200
184,0.3648934106222829,0.6072607821431654,2,87,0.05749853383257338,0.48840373212640936,2,109,0.020770370485856258,0.4482754292813214,2,131,0.29811594269725356,0.7178749144077301,2,135,0.01320364501104276,0.7543386175082281,2,161,0.22192039803102395,0.9211083948612213,2,173,0.0366002417072641,0.9852343797683716,2,179,0.280786610583376,1.0082358576002575,2,200
185,0.36050311751894587,0.6530411942030794,2,93,0.033987688678699904,0.5475735145586508,2,120,0.34104825553963614,0.5664279293268919,2,200
186,0.21127884659244958,1.0447842336836315,2,21,0.07096398355469745,1.0651144683361053,2,37,0.29016160831974275,1.0838263371239412,2,200
187,0.4330106814568244,1.4795723233904157,2,35
188,0.32655026893525474,1.4598742908444897,2,58,0.026374453344843812,1.1250352604048592,2,72,0.332035842262952,1.493047838987306,2,115
189,0.2807751493303055,0.7781397898991903,2,30,0.027886049836617494,0.807631661494573,2,48,0.40527271161797745,0.5806046907718365,2,61,0.03917980179649664,0.7550445397694906,2,94,0.3265266882988389,0.7161760812713986,2,115
190,0.18486783050504185,0.7562226935436851,2,19,0.0818256752354513,0.8165570350944019,2,80
191,0.18390029993072485,1.0231489769437097,2,44,0.02116855692841882,1.0382744073867798,2,56,0.05125352806421624,1.227613925933838,2,80,0.27465246244279645,1.198729932308197,2,200
192,0.13560572506112883,0.5774801472822825,2,6,0.017558063769118618,0.4072193750795328,2,59,0.29832874785585145,0.6099653306760286,2,78,0.06789480854262685,0.5582532220416598,2,87,0.2811654462143411,0.7410617464044121,2,176,0.022201010901062825,0.8827186226844788,2,185,0.31602049481305633,0.7458600759506225,2,200
193,0.23454471061126803,0.42350346788212107,2,162,0.06945086679694916,1.121952165114252,2,200
194,0.14705780126931092,1.1044451181705182,2,26,0.02785481600964443,0.710991327961286,2,38,0.294325787830794,1.1047611406871252,2,94,0.014118206314896896,0.431187350835119,2,122,0.28518724661374745,1.2930435061454773,2,142,0.02267492872318001,0.18705089297145605,2,158,0.2518259260555961,1.2734476782026745,2,200
195,0.1389568867757461,0.5423794041077296,2,18,0.022798081420013754,0.25059361213987524,2,40,0.1140214450040107,0.8395016267895699,2,48,0.025988398803707416,0.7068620387996946,2,76,0.30625144373216884,1.0336411675891362,2,113,0.019341661947579355,0.4591212204524449,2,148,0.30013366794964397,1.057622334231501,2,171,0.06161501471274063,0.6124870849066767,2,200
196,0.030433859618571042,0.51802915760449,2,14,0.20850492334310547,0.40633435050646466,2,17,0.024331564221339107,0.8955217081567516,2,40,0.2602527131193271,1.418448859570073,2,91,0.06877402264036014,1.4797559976577759,2,95
197,0.22968281228980972,1.3659886121749878,2,5,0.029378804088259505,1.1476060783161837,2,22,0.17556178845888662,1.2238094293154202,2,87
198,0.3116701558206992,0.7051149590739182,2,112,0.04279293883416284,0.8099258228352195,2,131,0.10830958601644422,0.7136572268274095,2,149,0.03519070927321577,0.6796083954664377,2,162,0.2864360194620869,0.8062343346445184,2,181,0.028069795665128003,0.9311027777822394,2,200
199,0.186297456466545,1.8445353175318517,2,43
200,0.3132290408045284,0.48759099379181864,2,200
201,0.27429041139083693,0.9689540757852442,2,34
202,0.2698463453653615,1.0472292696557395,2,41,0.023113541893570535,0.5867184466785855,2,50,0.3640379113962065,0.978219723000246,2,152,0.00874008369405932,0.6130771901872423,2,170,0.3048929897053543,1.0432483196258544,2,200
203,0.31429224593853106,1.2900068897467394,2,26
204,0.18544693288168904,1.27810617515019,2,35
205,0.2810820608315369,1.2139781887938337,2,82,0.030590173205336316,0.6524059050961545,2,120,0.34697138111358344,1.1715741738677026,2,200
206,0.4382344465046046,0.8485166072845459,2,5,0.017510346453063902,0.13150862291935952,2,36,0.36058306303349597,0.6038128945787075,2,95,0.028021492010691342,0.7547751312906091,2,117,0.3502105873426319,0.5250156647469624,2,200
207,0.32033747391658207,1.0251933485269547,2,8,0.06534488234608878,0.9658725903584406,2,21,0.3473977776690315,0.9497042678772135,2,68,0.02008140963825361,0.38115982782273067,2,89,0.4120613157132168,0.9891493055555556,2,116,0.041125695634845964,0.5489965379238129,2,137,0.27498351458336273,0.9546072350607978,2,200
208,0.24972475283539108,0.6028312867879868,2,200
209,0.372844803919771,0.8678697645664215,2,20,0.025023609416141318,0.727604638338089,2,70,0.24905364749585582,0.9064008364310632,2,83,0.04447225452588856,0.9299956560134888,2,88,0.2760284020556676,0.8528782526652018,2,91,0.027923780892213354,0.6347786371524518,2,130,0.31630568776335344,0.7375028218541827,2,200
210,0.22811475967306577,1.049743469614182,2,137,0.02595524028497501,1.069859504699707,2,142,0.24456732566360748,1.0441891386591156,2,200
211,0.028163645665382004,1.334615323278639,2,9,0.2676996999455373,0.5865663992507117,2,37,0.01979255911731418,0.7220769768411462,2,59,0.14457209566019588,0.653142087161541,2,115,0.020323449510458315,0.5927874036133289,2,163,0.22285562555700453,0.6354341506958008,2,200
212,0.35009763976728525,0.9703124920527141,2,120
213,0.41731103194440083,1.1190741211175919,2,16,0.057016318782557154,1.117986734956503,2,48,0.3290037175461682,1.1158565878868103,2,56
214,0.06362889884714493,0.7899876063068708,2,24
215,0.1803863181498752,1.417904754479726,2,24,0.013354871108695281,0.6553253114223481,2,34,0.3046723258037486,1.3584808212215618,2,93,0.0356425472061728,1.1251990795135498,2,102,0.022187392945284407,0.6471073322825962,2,147
216,0.303771992772154,0.577991284430027,2,16,0.08563105222004436,0.6804543656962259,2,86
217,0.27812270272226536,1.1308883818713102,2,55
218,0.3276812280680654,0.9597851758201917,2,48,0.02234048075280326,0.5789005911868551,2,71,0.2965649450315603,0.9573709465736566,2,200
219,0.23093191345133524,0.5344200929005941,2,42,0.02620414081597782,0.6823604415964197,2,69,0.06979919580811106,0.6150224620805067,2,137
220,0.03850747685164365,0.8181102275848389,2,8,0.24164912567697178,0.3698499545137933,2,55
221,0.2590806053996573,0.9420172583598357,2,104,0.028848182275976998,0.5481194330836242,2,157,0.19667165057716793,0.6700587347149849,2,165,0.32932691220871796,1.004016331263951,2,200
222,0.27260530081797657,0.7968853214555536,2,121,0.04099646496458343,0.8374471291899681,2,137,0.31828528785575894,0.8309646754894616,2,190
223,0.29210389825289507,0.6747202590107918,2,40,0.026009437255637237,0.8126141088349479,2,47,0.2611152142610934,0.6054673702990423,2,108,0.04391748971443341,0.7148284486361912,2,115,0.336734708945055,0.5792826715637656,2,200
224,0.28901390993705456,1.1878759026527406,2,20,0.08427495809502862,0.8638186388545566,2,38,0.18268223985184462,1.1481680219823664,2,82
225,0.01919796278510022,0.35605295310760365,2,58,0.22477471288927842,1.2564549027262508,2,95
226,0.33711449331535415,0.8873870739570031,2,13,0.04544275467237672,0.8957374123639839,2,99,0.23249982460111684,0.9041164440683799,2,200
227,0.34424893313035715,0.9113161116838455,2,8,0.04480317672659853,1.0474273252487183,2,33
228,0.24393756533819036,0.7358505847885852,2,127
229,0.23649811422614464,0.773365956544876,2,200
230,0.33928300167731934,1.1775466203689575,2,167,0.043032427584775594,0.7078920711170543,2,200
231,0.26219950821317206,1.0680035687983036,2,96,0.014625956271805875,0.46831288271480137,2,105,0.28534251703570807,1.065922202562031,2,200
232,0.35901957515117405,0.5961758515664509,2,28
233,0.25512996658295506,0.5486207651464563,2,38
234,0.33405372170718384,0.44864755462516437,2,22
235,0.24512325592900716,0.9841972914609042,2,77,0.0898436006267272,0.49517781459368193,2,90,0.23250818937480813,0.7599380369539614,2,117,0.05804748463168176,0.7705820699532827,2,129,0.25423921492331575,0.830550061984801,2,200
236,0.05863591729503446,0.6954975213323321,2,14,0.5330630523208008,0.938977042833964,2,17,0.05217377380303619,0.9461938394949987,2,43,0.25262104293885046,1.1083448665348563,2,170,0.02794396039504502,0.6805868690664117,2,181,0.24900113946919641,0.9441401456531725,2,200
237,0.2448239670962135,1.1017391267030134,2,23,0.02261778743304487,0.37075768459227776,2,85,0.2899556009246331,0.8395649450165885,2,106,0.03175488510513293,0.4658309035003185,2,130,0.2427950201206613,0.9634694150515966,2,200
238,0.30811324877145363,1.277314494450887,2,75,0.03639733074655918,0.8157905599345332,2,98,0.33206897241953565,1.3454899156794828,2,200
239,0.27431413290644074,0.8097455553386522,2,23,0.013825276737304146,0.750462246792657,2,37,0.27155548133832386,1.0811723868052165,2,52
240,0.29477625021924525,0.4449970422685146,2,200
241,0.24160208209736578,0.8539233982563019,2,200
242,0.2420252337685922,1.0641956609487533,2,200
243,0.2681534403262675,0.7901534184496454,2,47,0.0451303051938996,0.8475653116519635,2,60,0.25515349196976655,0.7799288630485535,2,93,0.0350295081553059,0.8275830253310825,2,116,0.15325600771233638,0.7564797351757685,2,128,0.035591532411036055,0.8379762780207854,2,180,0.40016701400632865,0.9223475605249405,2,200
244,0.2765477908106441,0.9952821185191473,2,24,0.0275229787731199,0.6699687473235592,2,55,0.2539947553331086,1.0357212532650342,2,121,0.025058648508329326,0.805263341289677,2,194,0.19246336761152025,0.8918739358584086,2,200
245,0.3052665944361091,1.130852508544922,2,50,0.05205587189585095,1.2060568283001583,2,74,0.3432552832808343,1.25458730000716,2,139
246,0.23846278289400197,1.3669866970343183,2,129,0.046506095348691795,1.2442897140979767,2,149,0.21916921267341058,1.4329090393506563,2,162,0.04431300024228344,0.472329905158595,2,200
247,0.29649047301045517,0.9833313789007798,2,53,0.03739298933052904,0.4707696977115813,2,74,0.179308828545972,1.0608362793922423,2,94,0.0201894710541874,0.8009687488277754,2,142,0.25119059009610284,0.8764534294605255,2,158,0.03205109412286623,0.9056781058510145,2,182,0.09547614378946243,0.9065815541479323,2,200
248,0.3191344612711527,1.5426766777038574,2,25,0.04161687311022904,0.33571991794987727,2,44,0.32436248581004284,1.5281702052979242,2,65
249,0.23881397440726612,1.071039127452033,2,28
250,0.039345503146589876,0.7001709938049316,2,17,0.30694729131583554,0.679472287495931,2,20,0.021543033935164695,0.5505832657217979,2,56,0.2394317109694153,0.9596946123573515,2,200
251,0.27928357165989853,0.9542394788176926,2,27,0.04089296943170437,0.8363940406728674,2,54,0.2831505756179969,0.988189360499382,2,94,0.032304868735686096,0.9126275556428092,2,129,0.1893305592955164,0.9409430950295692,2,180,0.028502321309598098,1.017525178194046,2,200
252,0.31810629914625077,0.9930985416684832,2,35
253,0.018760894903315166,0.5093829333782196,2,11,0.25399843108587283,0.4317208622631274,2,68,0.02088267031149929,0.7451194789674547,2,86,0.2640880856652417,0.9265411836760384,2,93,0.029368523301125576,0.6881209943029616,2,111,0.25921174895128807,0.4180967951758524,2,200
254,0.04135908902800311,0.75067394054853,2,52,0.2877502944536102,1.4433678615660894,2,94,0.022909183936486412,0.715582822050367,2,108,0.06029184428776864,0.5326652743599631,2,119
255,0.23614426443297035,0.884323887526989,2,8,0.04217999150677544,1.0117578847067696,2,15,0.2937092075556441,1.1062537973577327,2,26,0.06911989224423773,1.015197350698359,2,60,0.2541188578726132,1.051450870358027,2,164
256,0.3159558824682922,1.3147111183404923,2,200
257,0.20562477643505167,1.4273223082224529,2,12,0.036619399431473985,0.5889045340674264,2,26,0.257932144496496,1.439272165298462,2,200
258,0.3088550677521449,1.0254177953067578,2,38,0.04432030852044709,0.32593106831374924,2,57,0.19913262571836915,1.1237079501152039,2,61,0.026668908191482148,0.3331922858953476,2,91,0.2851047260086522,1.3331182599067688,2,139
259,0.16228031167569668,0.9084739804267883,2,30
260,0.0291097628572021,0.4507897470308387,2,23,0.2673396613593196,1.2440681219100953,2,33,0.016250240844559775,0.5921426216761271,2,42,0.184954223689491,1.1442203786638048,2,51,0.048455478458318386,0.7053189358927987,2,73,0.26884847598242995,1.1953672956913075,2,120,0.01929718078812483,0.727218933403492,2,160,0.3213472218087506,1.0557914078235626,2,200
261,0.07359765457168377,1.6710024200684843,2,171,0.06140234177226642,0.32370635250519064,2,200
262,0.22605736701056223,0.9474536772127504,2,135,0.03250564105484938,1.004296796662467,2,142,0.2153672109651908,1.0027646743334258,2,181,0.04369567347598918,0.5585608325506511,2,200
263,0.24971665467274107,1.0025343883037567,2,200
264,0.2954349659540177,1.3983968406915666,2,40,0.023959859645872477,0.6427902957288231,2,81,0.316483061476107,1.4205246269702911,2,109,0.043907152139915924,0.7871566563844681,2,133
265,0.28826795972339425,1.0227798648744997,2,171,0.0937130477697373,1.021263109313117,2,180,0.26651377663479636,1.0285071671009063,2,200
266,0.21403307900008722,0.4281349948474339,2,7,0.03003038632921069,0.8090366850728574,2,30,0.32374773313028454,1.328951352484086,2,200
267,0.26700584575389025,0.9578961332639059,2,12,0.061364907582450626,1.189816010409388,2,41,0.301242077376422,1.5516213968742725,2,127
268,0.22285808450320282,0.45955995494956214,2,151,0.06411340598662672,0.5244070887565613,2,172,0.1597407924156798,0.4542282447218895,2,200
269,0.2507975760972106,0.8709245104538766,2,19,0.10324968731100019,0.34430837347393944,2,40,0.21410614961509586,0.7742090791883603,2,182,0.030790339647846613,0.8423439065615336,2,200
270,0.2679212601658561,1.2344127441274708,2,29,0.054891510485415095,1.159778783718745,2,41,0.3163532765363345,1.2043242454528809,2,47,0.05434260557125954,1.2292222380638123,2,55,0.28036532498877287,1.221216532919142,2,100,0.027414228617786342,0.5520692605238694,2,113,0.3287705169432306,1.2219882293751365,2,151,0.035847967814697804,0.4758766403323726,2,170,0.27369438071825364,1.2677551945050558,2,200
271,0.22989302141661141,1.1037709462015253,2,38
272,0.05101711037566974,0.33766255096385356,2,19,0.27078433845663485,0.9283587748174509,2,200
273,0.24011061428173547,1.1345774829387665,2,28,0.0278480265530087,1.1325067241986593,2,58,0.2900055501605065,1.246603140528773,2,200
274,0.17985477449633352,1.0369779109954833,2,40,0.016798877059197272,0.31538331260283786,2,58,0.02737686695457316,1.0702990548951286,2,72,0.24390776021057783,1.266509287059307,2,200
275,0.26490055988310424,1.0856245040893555,2,5,0.01507711977405189,0.11172143392490619,2,38,0.17313224771867855,1.1049548895270735,2,92,0.04257457620511804,0.616033893564473,2,115,0.11484762596869605,0.6796312378003047,2,128,0.035468174517888064,0.8503959498235157,2,184,0.20229839256403007,1.289932407438755,2,200
276,0.054443179431632474,0.96423030561871,2,36,0.030912362600261332,0.8885095843247005,2,106,0.2601192894606818,0.6362262070178986,2,116,0.026242947266789416,0.5999930839280825,2,153,0.24577982494161402,1.1012783912902182,2,200
277,0.2433132582942305,1.3438805095420396,2,121,0.03928096007518237,0.6167773220274183,2,166,0.252611821101178,1.251477770945605,2,200
278,0.3070377959577355,0.8130172674472516,2,26,0.013619392231067683,0.480083789291053,2,55,0.2542579165126459,0.8046312779188156,2,91,0.06089918903701019,0.764351065342243,2,104,0.3421234837342594,0.7733192474891742,2,200
279,0.042835762046829,0.992043905533277,2,52,0.1179005929590184,0.8598682284355164,2,57,0.21031899822254957,0.6423272981363184,2,74,0.026403034818401717,0.7328064212432275,2,100,0.209811005932329,0.5444899300734202,2,103,0.023573437258312072,0.8097892078486356,2,125,0.3100719229571445,0.7045013308525085,2,134
280,0.24706059728774757,0.7927129143162778,2,19,0.03797439319147323,0.5296572911739349,2,44
281,0.29023086643410106,0.6004819894830385,2,96,0.037085544233370765,0.8082099023618197,2,115,0.28320650239910405,0.6149922701028677,2,128
282,0.2319853649814195,1.0918963617748685,2,9,0.017708476025442732,0.6404628933862199,2,52,0.06544674431752773,0.5856864100152795,2,63,0.2448041941112819,0.7167195200920105,2,73,0.01603309203958737,0.6562620954854148,2,87,0.03351826696193825,0.9122688293457031,2,112,0.40366409273674786,0.9136674499511719,2,137,0.10250007345469273,1.1601653797873135,2,166,0.044045519719710935,0.4412960128651725,2,184,0.481327777264661,0.9942962229251862,2,200
283,0.3232114191535282,0.6502938866615295,2,20,0.05571107349688146,0.7679915157231417,2,53,0.2473876806842412,0.6740970810254415,2,59,0.02807455263477329,0.736134159564972,2,94,0.271257907233911,0.6122139394283295,2,106,0.032071153568007424,0.7767902794091598,2,129,0.2954903815344662,0.6720575213432312,2,149,0.02055663830926054,0.7797855602370368,2,158,0.18963201930586676,0.7240900529755486,2,167,0.02087371615621907,0.7253655817197717,2,190,0.3339648575225268,0.8380231916904449,2,200
284,0.2995576031110221,0.8907423194518871,2,177
285,0.2628005132942596,0.8386579293012619,2,200
286,0.2370432015410349,0.7409516374270121,2,24
287,0.25779583043237025,0.953904069645304,2,71,0.019931216651465928,0.5140365468604224,2,85,0.260127397059564,0.8308169285456339,2,100
288,0.2919163152291198,1.3223546939891773,2,91
289,0.17661435371618314,0.6859617531299591,2,4,0.03907764755332975,0.698214666409926,2,26,0.30420215074482515,1.1397648903489843,2,189,0.031217169471554288,1.0572614453055642,2,200
290,0.32264652992217613,0.6540133577805979,2,54
291,0.2818323211669957,1.0429263634559436,2,78,0.09456186794106498,1.013147234916687,2,83,0.01859474556926836,0.927093118429184,2,91,0.32271806993634083,1.0820533156394958,2,151,0.10717433001010258,0.998580564041527,2,200
292,0.3002110566093235,1.0269554155628855,2,41,0.06383297383042279,0.9703439348622372,2,60,0.2565358585291872,1.0154486361970292,2,107,0.03293497167508544,0.7461752581596375,2,132,0.25982770315049664,1.0905325164397557,2,180,0.029289262317237677,0.9788835167884826,2,200
293,0.2887828171048455,0.363000566760699,2,12,0.04271662604065902,1.035494995467803,2,46,0.339594547242396,0.4480696019751054,2,154,0.04358121160958225,0.5058848791652255,2,163,0.3032433968919966,0.596692260858175,2,200
294,0.3052264580101231,0.8557446178267983,2,17,0.3543597488742396,1.3868996901590316,2,78
295,0.3532210203588313,0.854775295043603,2,78,0.02612168391154152,0.4880315184593201,2,88,0.31985168305517275,0.7412745798075641,2,115,0.034263984747566645,0.4962735613808036,2,147,0.03970332908557673,1.1326411625124373,2,200
296,0.050588657690597706,1.0117084607481956,2,16,0.17554880176837262,0.7364672903831189,2,42
297,0.2525399907015053,0.8994503475370861,2,84,0.026626832952589732,0.8195786073803901,2,124,0.17965983820452933,0.9877300632966531,2,161,0.011203943811655839,0.47472175396978855,2,177,0.27052260112089893,0.9613185110299484,2,200
298,0.24415422095931522,1.1638154911272454,2,99,0.02801952952112855,1.1687528235571725,2,106,0.227784319271058,1.1791187655794753,2,197
299,0.23849007292224836,0.6345820188522339,2,110,0.019268452923107242,0.37087336778640745,2,125,0.23112658146117418,0.7008042824268341,2,200
300,0.35418647406607234,0.5210334445749011,2,7,0.020381227872069484,0.3378313439232962,2,42,0.38647550168693295,0.8469020884770614,2,120,0.028075812021471754,0.6917702230540189,2,142,0.20330040850920966,0.6218425532182058,2,148,0.039156591051941234,0.6286634564399719,2,173,0.21913222643370855,0.9078145093388028,2,200
301,0.3089651903959683,0.8998044970631599,2,200
302,0.23859339622406925,0.8154764053149101,2,39,0.02144836162268934,0.8970109585559729,2,72,0.30752396610546073,0.5960474694147706,2,104,0.0362907115494891,0.934830742497598,2,135,0.2509127726067791,0.5644475102424622,2,140,0.018164530904516512,0.4735963020635688,2,163,0.2975442431725419,1.0657496871174992,2,200
303,0.2780669224351645,1.169471271832784,2,60,0.026912074018554773,1.1429806601616643,2,91,0.2655415819094491,1.3414194950690637,2,169,0.060781371716271765,1.2452066311469445,2,182,0.03933931537989477,0.7670372757646773,2,200
