0,0.06637638660757131,0.3631148686011632,2,12,0.044777437445438995,1.0773671893846422,2,33
1,0.19280916371051868,1.0051525898955085,2,44,0.05270214947050705,0.9152542719474206,2,135,0.2174871803305762,1.1505665669074425,2,200
2,0.21590648525215847,1.0996071972064119,2,67
3,0.24175569498665148,1.2677921447260627,2,58
4,0.020143953305135007,0.5925926480974469,2,7,0.10710445307964958,0.8643925984700521,2,31,0.2502391015744464,1.0328080749937467,2,143,0.022949687143324116,0.28626132638830887,2,181,0.35235059081068176,0.9753721607358832,2,200
5,0.2926920704164807,1.0551481973834154,2,82,0.026149337310292516,0.9562964511640144,2,115,0.2538212288310667,0.9955204725265503,2,118,0.035240413162397774,0.6838790364563465,2,134,0.34473006871922857,1.0694423541426659,2,150,0.02042453531648656,0.7983922708419061,2,181,0.17727232807425453,1.188820757363972,2,200
6,0.3161176617998439,0.4972297443102484,2,73,0.05078275219722662,0.6213824015397292,2,86,0.3378056928558032,0.5464099765869609,2,200
7,0.2589077394110952,0.9073873866688121,2,11,0.05056102618858921,0.9393963885307312,2,36,0.15328920077447905,0.7482506036758423,2,83,0.03821051531681867,0.7601131428690517,2,117,0.20988335762703228,0.931813383102417,2,182,0.06887632533708124,0.5672630071640015,2,200
8,0.27607168098002327,0.822932705992744,2,21
9,0.15180584252729085,0.7698209860238684,2,83,0.025756212077475887,1.146635353565216,2,115,0.11849927323627985,0.6006133801796857,2,132
10,0.3232243110317854,0.8947062826517856,2,66,0.01860368939993054,0.5854913194974264,2,84,0.253036477056076,0.7468809485435486,2,92,0.04378794168629052,0.8531084706385931,2,104,0.33414250660598704,0.7141801764567693,2,200
11,0.25070467772543265,0.9547140513147626,2,7,0.047508608527569905,0.8156416004612332,2,49,0.21668296206285714,0.8080609957377116,2,64,0.02775434812785448,0.818073570728302,2,102,0.07047512012424974,0.8588712140917778,2,126,0.24937181163470326,0.838691113993179,2,169,0.02869492092647276,0.9480082029881685,2,192,0.30398216391601957,1.0528233349323273,2,200
12,0.2881952807099054,0.987718568128698,2,17,0.10257071017502555,0.748174120982488,2,29,0.061571344566576244,0.15329165079376914,2,51,0.3663372525187495,1.0140281640566313,2,90,0.049714180698371545,0.6923825062554458,2,119,0.24497355636018667,0.9492199056678348,2,191,0.05100374321517818,1.0605110592312283,2,200
13,0.3182346195291667,0.8869475033548143,2,45,0.034329360669064904,0.745473300709444,2,79,0.3499586389895963,0.6820840984582901,2,83,0.040514377917317435,0.667486846446991,2,110,0.2039324745931098,0.5672622174024582,2,120,0.028504717054955345,0.7743871643355018,2,196,0.1486337676260864,0.721724271774292,2,200
14,0.23508515537252678,0.7070542092018939,2,47,0.04923164719781,0.6655665478285622,2,81,0.19502693259746495,0.6520032596588134,2,106,0.022935492879967087,0.9241574048995972,2,141,0.3052242445334842,0.5602117857690585,2,200
15,0.3424625395360819,0.8153621298926217,2,7,0.039047588618150095,0.41053272618187797,2,25,0.3202101757820647,0.9517702460289001,2,28,0.03474440289187016,0.45794139486370666,2,61,0.20830608083893093,0.5835400678609547,2,99,0.06251705942640952,0.5284534485443778,2,122,0.18637068603394966,0.6340753535429636,2,200
16,0.292286209268377,1.29475891080677,2,117
17,0.2803193246380046,0.4754668328226829,2,49,0.03220131392496378,0.3393099611004194,2,109,0.016567299450442424,0.19751790687441825,2,129,0.4513671795404434,0.5640951037406922,2,134,0.024220802747929815,0.08616704526154892,2,157
18,0.33939498507895544,0.9623783774997877,2,138,0.0264949933928336,0.8961759648824993,2,176,0.3467223377407472,0.792591800292333,2,182
19,0.30239567379895527,0.5373721589708025,2,157,0.027293433584799912,0.6222785169428046,2,168,0.31340047535782495,0.7106765676289797,2,200
20,0.2658991200672008,1.34127191839547,2,29,0.0217631539682171,0.4767898063485821,2,125,0.31254430189474175,1.29071044921875,2,167,0.02953106071247777,0.7276731899806431,2,181,0.24429296584332733,1.245510276995207,2,200
21,0.27653169101542713,0.5928274166016352,2,21,0.02377620185274029,0.8637721793992179,2,42,0.3660481022635287,0.5476762652397156,2,49,0.022974573088611235,0.6564752832055092,2,65,0.2913544310257403,0.6390331446284979,2,136
22,0.2810073430352781,0.9603592016194996,2,76,0.021811239511217457,0.27440708733740304,2,97,0.16095587076040305,0.4179818133513133,2,100,0.02108843020810719,0.3619842113632905,2,119,0.37932423432478013,1.0638938974326766,2,190,0.03738308965993887,0.29807439595460894,2,200
23,0.37722171768690155,1.0602765816908617,2,65,0.019712074955300897,0.5973185679397067,2,102,0.3228239820630557,1.3300068736076356,2,112,0.031205306182967782,0.5546005822363353,2,133,0.3693271283259638,1.0481582497482869,2,200
24,0.28710031699956334,0.7368947005093988,2,134,0.014732600719026824,0.5907367342396787,2,172,0.16899268310538415,0.528895358244578,2,175,0.033214129165989856,0.4808580636978149,2,200
25,0.2739317046805281,1.358318018913269,2,5,0.05166349409509888,0.7565396666526795,2,30,0.44296041079993625,1.6044777807067423,2,64,0.045834341744142415,1.3994492650032044,2,74,0.29740644886465145,1.57613319447897,2,177,0.0237492675682968,0.2747851949599054,2,195,0.4861272351966907,0.8020944118499755,2,200
26,0.1420458492180537,1.067857517136468,2,9,0.043324986700306246,1.0276260194255085,2,173,0.2632838343750867,1.0178242656919692,2,200
27,0.3024446241839043,0.6561213062919733,2,131
28,0.29893577412794603,0.4843510513504346,2,12,0.03691199431988711,0.6013622196709237,2,94,0.20023391558445558,0.5287555956840515,2,119,0.03869867254777824,0.6270176246762276,2,135,0.27747568114966353,0.4793290903935066,2,200
29,0.3218309267845626,1.2823208812624216,2,64,0.04211313704475946,0.9205451913570103,2,140,0.3361342617138814,1.2253331873151991,2,158,0.02737271094550395,0.5114244045246215,2,200
30,0.28668288793959823,1.1494182670203439,2,137
31,0.24499408654047958,0.8833608892560005,2,200
32,0.30422026464440266,1.696081925034523,2,200
33,0.13173167969459357,1.7309015691280365,2,12,0.049035743543470504,0.46713552872339886,2,33,0.24208877066124376,1.7441141920931198,2,101,0.03442106688819386,0.44492976711346555,2,114,0.3363481527324991,1.6741138249635696,2,122,0.02945612855641148,0.38093923330307006,2,142,0.22881639161628467,1.8066549604589288,2,197
34,0.17510043293977484,0.6573625944909596,2,84,0.036615279522178294,0.7522828653454781,2,116,0.2597174068573011,0.6989060925400775,2,162,0.023107773879745653,0.8075020987736551,2,200
35,0.18078241155035166,0.666936269402504,2,20
36,0.4029313913209429,0.9556731496538434,2,21
37,0.34116326655106366,0.4845818246519843,2,43
38,0.24077602919514987,1.343385507663091,2,72
39,0.2984410371980327,1.3094491009809532,2,49,0.058318918886730554,1.2498589277267456,2,59,0.2931593806986638,1.5408693985505537,2,70,0.051731319074459554,0.8379732012748718,2,95,0.24692203231805393,1.2469581879418472,2,153,0.031150506322670746,1.3213341103659735,2,180,0.4141087411945407,1.5330443739891053,2,200
40,0.2412257196653336,1.1341654087106388,2,48,0.03929367040603987,0.9617902368307114,2,88,0.31324755061250587,1.4419847312180891,2,111,0.012875495019833401,0.7703848108649254,2,119,0.0728045064043511,0.5578471697293795,2,132,0.03078633858104813,0.6917857096113008,2,161,0.26517893905103956,1.2181616196265588,2,200
41,0.3181772513744091,1.4046743106842041,2,50,0.035650265923708256,0.5516016523043314,2,80,0.3007624967699592,0.5702478388945261,2,86,0.04602582257784847,0.5864371752197092,2,108,0.2880986108084516,1.3135613371164372,2,186
42,0.30737037967904196,0.8149583110683842,2,190
43,0.294337843031389,1.2351362812519073,2,200
44,0.23788872967650446,1.0285903612772624,2,6,0.028909936336207774,0.8996748439967632,2,22,0.21397555252814524,1.2109240006683464,2,155,0.01284402675572871,0.6526420208124014,2,168,0.26324829121815163,1.2381712794303894,2,200
45,0.3295481476146457,1.189005156358083,2,30,0.04223521358591832,1.0581967110435169,2,54,0.275522929721363,0.6634720946135728,2,146,0.29085394088472477,1.1527485229350902,2,200
46,0.02804020674637393,0.7512708274941695,2,19,0.25774376625532386,0.7384765803813934,2,39
47,0.2921380415114409,1.1367397743922014,2,78,0.045693065916897535,0.26349380519241095,2,94,0.32618797389750337,1.2536810636520386,2,102,0.023649956255460857,0.5950831291468247,2,148,0.4682306247468002,0.923339239188603,2,155,0.02124366022161503,0.565729843718665,2,169,0.27106534951866545,1.1615738719701767,2,177,0.03221755200120785,0.6114691755046016,2,200
48,0.19771421465935263,1.2136030311767871,2,26,0.021441385675266485,0.2794357822276652,2,90,0.0241007366264175,1.0379963432039534,2,104,0.41637618331417536,1.3068911731243134,2,116,0.0315918189224524,1.272795170545578,2,124,0.25781618077885277,1.2854152470827103,2,164,0.08682309553327272,0.22614404459794363,2,179,0.34975246125091686,1.3343723047347296,2,200
49,0.08381325813522907,0.7914415697256724,2,6,0.27967902638013775,1.07297263012992,2,186,0.03074241307020527,0.7893904745578766,2,200
50,0.2704172512348639,1.0282384065481334,2,26
51,0.3181857313928449,1.1382085126021813,2,58,0.04955163445291811,0.9616192122300465,2,88,0.2746964543225575,1.0241256274282933,2,168,0.0392649927308222,0.5523983808234334,2,200
52,0.30179003372077773,1.1231467758399853,2,138
53,0.1971820440172025,0.7100073328384986,2,13,0.01984597976475873,0.321993350982666,2,27,0.3418275162453134,0.5350980013608932,2,33,0.028016554609320492,0.3911759282151858,2,57,0.24735660038713944,0.8772312253713608,2,65,0.028728731165881885,0.7933051206848838,2,76,0.24097980234133043,0.6333930171453036,2,115
54,0.15962744872877974,1.1155052093359141,2,13,0.012560225096557515,0.5759233066013881,2,27,0.15447206978323424,1.1524164080619812,2,33,0.019653943887654953,0.8425856685638428,2,58,0.1576069191414386,1.1511589629309518,2,65,0.035141836342292336,0.5226761211048473,2,76,0.170436607752763,0.9576624808833003,2,140
55,0.2757729023484195,0.9003215052864768,2,11,0.05938083722508516,0.9872709608078003,2,36,0.24426360468407624,0.6772388756275177,2,76,0.04272097671237194,0.577843463556333,2,120,0.2828690629330923,0.7746378928422928,2,132,0.05406806630910204,0.872146375477314,2,140,0.2743309901972219,0.8160182329324576,2,179,0.04538341308315935,0.46462716658910114,2,197,0.42775874602319247,0.7084373434384664,2,200
56,0.14465334392986678,0.9123412115233285,2,14,0.03303592153275873,0.8854606883567676,2,71,0.3984636807843284,1.4797049256471486,2,97,0.03978353050950743,0.6412374945787284,2,162,0.1296835059107404,1.4022215902805328,2,190
57,0.28767528738789955,1.7131825468756936,2,77
58,0.2924239396539969,0.694282019579852,2,27
59,0.2565839245023555,1.2483954628308613,2,30
60,0.35683616878185026,0.9818342959179598,2,34,0.05426373218705063,1.3065648354016817,2,47,0.3001523197180361,0.9220777902982932,2,160
61,0.31074220524814816,0.7477006477278632,2,37
62,0.35268767809880697,0.9031811356544495,2,50,0.022294724681322927,0.8925414425986153,2,106,0.10121071961919528,0.7832644581794739,2,112,0.019928011541900662,0.9264885719333377,2,168,0.2573882157741602,0.6224849801510572,2,200
63,0.30124065060666827,0.6181895565986634,2,200
64,0.21175542038906772,0.7930852198600769,2,200
65,0.23859151521321156,0.646296284028462,2,70,0.06307772846984035,0.7162456446223788,2,97,0.22691677937487942,0.6063399712244669,2,103,0.30248265709565697,0.4589371939295346,2,200
66,0.30366837035785016,0.5528571950761896,2,114,0.021230193257346226,0.593846837679545,2,126,0.41002664719511595,0.5496807098388672,2,129,0.03421123516787471,0.7041776747930617,2,150,0.23615065973687133,0.569313485622406,2,200
67,0.06449560058678394,0.8360577535629272,2,25,0.2471025681966851,1.157912680443297,2,119,0.048341342191166696,0.852484064337648,2,200
68,0.23611096417114763,0.990629231929779,2,25,0.021554162468978722,0.7731462012637745,2,36,0.3272239794123776,1.0919075184746792,2,112,0.02926485481733985,0.2980993756881127,2,125,0.287828002965922,1.2295277869259869,2,152,0.021144738217618284,0.8169713086552091,2,170,0.1856959925925151,0.8110343714555105,2,200
69,0.27780528537085025,1.1398139737901234,2,21
70,0.3562341173018951,0.8170555432637533,2,6,0.01545177795794305,0.5561539562124955,2,25,0.405449236187279,1.0603006780147552,2,29,0.02965938494781747,0.8693105313513014,2,56,0.3065309017531692,1.0639330915042333,2,70,0.016155687838369178,0.43690467812120914,2,86,0.22366551212230076,0.8549483021100363,2,89,0.01929844120157074,0.5063803994229862,2,117,0.2923464649553101,1.0234675458137026,2,164
71,0.2345647671018711,1.0311914384365082,2,24,0.03285502067505569,0.21223615548189947,2,41,0.26120421779074626,0.983237750558968,2,124,0.0758027835385292,0.5243221099177996,2,136,0.20675522507246324,0.9737544022500515,2,200
72,0.3050873894656307,0.397949862129548,2,153,0.03531568018285193,0.8053746267601296,2,180,0.22937142209199313,0.3163565546274185,2,186,0.05032020702270242,0.4537877844912665,2,200
73,0.3345116251840616,0.9658750527434878,2,108
74,0.16477131075372087,1.4636062850122866,2,23
75,0.34047960138566874,0.4071177887916565,2,200
76,0.2246566702670628,1.585054444230121,2,138
77,0.38130583928399026,1.4574130321371144,2,58,0.026584053137111596,0.39839744567871094,2,75,0.2963143075122925,1.352106438618954,2,182,0.016683917209599955,0.3670491642422146,2,200
78,0.2544197715851578,1.2588594615459443,2,20,0.021562400198262225,0.5141390670429576,2,42,0.30349614175118167,1.4242320823669434,2,167,0.048323674549505764,0.7768403400074352,2,200
79,0.12970428194853217,0.8286189937591553,2,25,0.2689165095814234,0.8333732946863714,2,131,0.01693539025190939,0.10495503289975981,2,200
80,0.23650553637349989,0.42641760473665985,2,23,0.028686230007908743,1.0212943645624013,2,36,0.23627916599350443,0.3167355117099038,2,94,0.10943176986920253,0.643208648595545,2,130,0.02883645814488212,0.6479495005174116,2,141,0.010178493080769374,0.48623137921094894,2,153,0.17335905562769355,0.37462767608025493,2,170,0.026484613052610715,0.5891385575135549,2,200
81,0.3090446161291834,0.9031690644181293,2,23,0.02930500071829276,0.9495384030871921,2,50,0.4066516677984624,1.0746935738457575,2,59,0.020494995740550446,0.755521188889231,2,87,0.24537941211424882,1.1217954063837507,2,200
82,0.028829131881500845,0.32303342372179034,2,20,0.22388269589197726,1.5525955511973455,2,33
83,0.033839293698057375,0.33586259682973224,2,21,0.2542777921608699,1.522073561886707,2,104,0.025157581803870593,0.41460074697222027,2,111
84,0.3204065258105328,0.9997876120519035,2,158
85,0.17356111930547666,0.7138245961882851,2,55,0.04665314151167946,0.6680977859280326,2,99,0.3501936372949808,0.6561339543415949,2,190,0.09499350568272896,0.6846380770206452,2,200
86,0.26367233798048195,0.607756436774225,2,66,0.02069719797285726,0.6062578782439232,2,82,0.09903815796858471,0.6293086761778052,2,104,0.2610428581866173,0.6329838385184606,2,200
87,0.33828102597100956,0.6947873309254646,2,40,0.03285806524916506,0.7254106534851922,2,58,0.22149120989667637,0.7772519381149955,2,104,0.03704024888347996,0.8655656921236139,2,142,0.21769401125572005,0.8262983441352845,2,147,0.030710206537652295,0.8452274012115767,2,200
88,0.2792655799194119,1.0554643792983813,2,78,0.04731661753481758,0.5072659179568291,2,98,0.3562756480617179,1.0673356313331455,2,200
89,0.06392965686064934,0.8426048710942269,2,40,0.2860199662138614,0.6529028315097094,2,200
90,0.3349828223281626,1.2350182385571236,2,113,0.021877031923591854,0.47978543241818744,2,125,0.28787914903486583,1.1989687276336383,2,178,0.018570864216804987,0.42427197098731995,2,200
91,0.28517603625718135,1.1986609490331774,2,167
92,0.3387288145536205,1.1891829336390776,2,68,0.026500548729742696,0.5489795830632959,2,124,0.059654847910577166,0.6304797877868017,2,136,0.10046886834930746,1.189868526025252,2,147,0.23916391894610559,1.2225140917975947,2,200
93,0.17896547425640374,0.5343606352806092,2,5,0.026985125909629436,0.4386768266558647,2,17,0.21482021481329255,0.8464652437430161,2,56,0.018316016760878618,0.2741176869188036,2,70,0.20036755143950705,0.2595166939276236,2,97,0.04566337363255265,0.2580859512090683,2,114,0.1960945315571217,0.9106043531344488,2,140,0.039290982821047545,0.6739391750759549,2,149,0.346622193372165,0.6846432101492789,2,200
94,0.2727862880734183,0.6627118518982811,2,87,0.04145368816992881,0.6817733539475335,2,132,0.28794404794153444,0.6756148308515548,2,152,0.03775334486079579,0.7828930666049322,2,200
95,0.22003505979295016,0.9121561581268907,2,64,0.02211547495591398,0.7321140232839083,2,102,0.23138773123610104,1.097060497926206,2,200
96,0.2876744186406685,1.2756708735227584,2,200
97,0.25841319580006017,0.9888035425773034,2,39,0.02905239498263296,0.5553324574773962,2,61,0.2599056029356327,0.987409216662248,2,109
98,0.292578213943818,0.9925033908623916,2,52
99,0.2588976034508653,1.2054722547531127,2,5,0.08019865408960637,0.7789052605628968,2,25,0.41212163444022215,1.0365103284517925,2,49,0.05385130899695389,1.0393889016575284,2,67,0.21839037325172844,0.940901127728549,2,100,0.028032107458625357,0.6764877557754516,2,110,0.22333497866687924,0.5644020275636152,2,121,0.02482297834938907,0.49370567028115436,2,162,0.18590418465376884,1.2543545616300482,2,200
100,0.2784833866348064,0.9396902183963828,2,73,0.019718488973253033,0.718486840908344,2,86,0.2464353781793793,0.8556754142045975,2,158,0.036057303553405536,0.9207231998443604,2,166,0.29861525684424756,0.9304295602966758,2,200
101,0.43297368939296194,1.439119319121043,2,6,0.29352027064325137,0.942152452468872,2,11,0.026741173488865847,0.6183619014918804,2,27,0.23806867999717812,0.7826917991042137,2,35,0.3398551684342009,1.4693872729937236,2,41
102,0.2234694511959144,0.6878917298074496,2,177
103,0.2755944108919234,1.0638985944830852,2,23
104,0.26622384918049224,1.0063586891097511,2,149,0.014828743453471039,1.0096539656321208,2,158,0.31379871430557227,1.0223584231876193,2,200
105,0.33137620614185226,1.1568691372871398,2,20,0.021268300370009485,0.7597447633743286,2,42,0.33687493479681657,1.3395446717739106,2,122,0.017310259239287796,0.4695865213871002,2,130,0.17057939132865366,0.877095103263855,2,133,0.2853737243415971,1.357629839111777,2,184,0.011985625924625869,0.254520102404058,2,200
106,0.3279766866837518,0.8785035184451512,2,14,0.023766970491149203,0.7584549282726488,2,33,0.3443228038951193,1.0154646158218383,2,83,0.02096565392743815,0.3189426168151524,2,106,0.351320964807464,0.9262686812359354,2,129
107,0.3350158884805723,0.7942206925816007,2,54,0.021319271263401822,0.28671593876445994,2,71,0.25064363373802734,0.8607688801629203,2,141,0.01715152478848904,0.7925477385520935,2,151,0.30564250828619405,0.8271939565495747,2,192,0.07871899489157465,0.8308671042323112,2,200
108,0.03558719764589627,0.8150817267596722,2,16,0.29410175811410416,0.8763350447018942,2,25,0.020690594765085727,1.1124315394295587,2,52,0.282492998597879,1.0949927333629492,2,118,0.01413145404281869,0.5691274175277123,2,131,0.22986217911153484,1.0854566529177236,2,200
109,0.26509237307316186,0.723087950697485,2,159,0.04217478174375974,0.5289893874100277,2,173,0.24883524537747154,0.7430441754835623,2,200
110,0.2791412113509331,0.9838773307204246,2,200
111,0.31316124065026457,0.7398462664513361,2,21,0.02343163503044449,0.288235996166865,2,36,0.32698800620214846,0.7249448510204873,2,200
112,0.326641499595176,1.1940409239681287,2,174
113,0.3615831304501786,1.1336925792694093,2,25
114,0.1885945840202567,0.9870746545894171,2,93,0.02782557388863023,0.8245966393372108,2,122,0.18411109937980405,1.082293084034553,2,200
115,0.17452232978996202,1.2621595057157369,2,52,0.07507625064071678,0.8642498688264326,2,74
116,0.2369776446524904,0.8684129680906023,2,70,0.03176126269428934,0.970111448189308,2,157,0.26837396562745985,1.2475369281547015,2,200
117,0.35024566944018803,1.3180658080998588,2,136
118,0.2835627625814392,0.754528785943985,2,200
119,0.20957333332384262,1.4409260402123134,2,24,0.01680482139077672,0.6766684502363205,2,40,0.2735036029535966,1.3509351290189302,2,157,0.011147997562464628,0.7794902541420676,2,168,0.29572502570369524,1.3573812805116177,2,200
120,0.371394108875973,0.6439873303685869,2,35,0.08058508378825974,0.924400194124742,2,68,0.013775587809829903,0.8095144629478455,2,75,0.32678942856715776,0.5626516163349151,2,85,0.041082660190419514,0.6435971284906069,2,133,0.019533099431384326,0.6896154148238046,2,168,0.2956836846856496,0.6570809744298458,2,200
121,0.5037228340138373,0.6960817405155727,2,28,0.04728186100511025,0.7018512793949672,2,63,0.39723729919258055,0.6383723826969371,2,80,0.017851791573230347,0.288783473148942,2,120,0.2782657633018267,0.7053577569814828,2,185,0.03293085509801648,0.32053297758102417,2,200
122,0.06958547710944785,0.8890968377773578,2,26,0.27963978511031407,0.6853656888693228,2,200
123,0.19259504798585567,0.5107941269874573,2,10,0.2951861071940476,1.1096530709947858,2,45
124,0.15333288000446238,0.8570894201596578,2,27
125,0.24696623013332827,0.7513122774403671,2,58,0.03277163443632975,0.3383767913494791,2,86,0.2997525234996429,0.8380916782638483,2,200
126,0.044016116768779104,0.5985441009203593,2,15,0.13957327604541273,0.8062522053718567,2,25,0.017021733624672405,0.895425934791565,2,50,0.2716116767946712,1.1080297785145896,2,134,0.020750020091235385,0.4539214950619322,2,200
127,0.0944693558571361,0.7210066169500351,2,8,0.024890878904575295,0.6956303581114738,2,39,0.07691110390747587,0.8869412917839853,2,58,0.22845663506490835,0.938993953704834,2,183
128,0.25139934614221426,1.0210926135381062,2,57,0.015391948430733274,0.33193857178968544,2,74,0.269703831189085,1.0838789434143992,2,107
129,0.2984714019629199,1.0086140519694278,2,190,0.026553672740050074,0.2928076222538948,2,200
130,0.30293119626393006,0.8702949034731563,2,164
131,0.32195181548145135,0.8481377611557642,2,12,0.024492807722538576,0.12751421526722287,2,35
132,0.36593689996910916,0.6413956203243949,2,22
133,0.29453078718058134,0.6342146093195135,2,55
134,0.3889570678395571,0.8000705812288367,2,23,0.02465432003512705,0.9398957974201924,2,60,0.35752824373326586,0.8673274040222168,2,80
135,0.3281360937735084,0.3510076065047258,2,147,0.013397989748130352,0.45063846558332443,2,155,0.37864204943777796,0.3005197156559337,2,166,0.029293530849732376,0.6325733432402978,2,192,0.3477948760389009,0.5154612176120281,2,200
136,0.2760702163315172,0.665634910106659,2,125,0.030676007466246113,0.6659372478723526,2,145,0.23136653268777382,0.5807815194129944,2,156,0.03631962197222302,0.6909010396762327,2,200
137,0.16950736381756104,1.1301015333462787,2,93
138,0.23428304591339233,1.6948378086090088,2,10,0.055745942367861456,0.9649822493625242,2,182,0.2422317614292078,1.350501583682166,2,200
139,0.14069255726779786,1.8509381612141926,2,9,0.04584905308597011,0.9184765617052714,2,30,0.4408246255491397,1.9657461196184158,3,62,0.017826772275525135,1.0636550605297088,2,92,0.15753825149682163,1.882378258488395,3,136,0.0496231149477184,1.0771690474616156,2,163,0.1957899412672729,1.6144588390986125,2,169
140,0.3942665884055938,0.26916438788175584,2,10,0.029489123240645402,0.8544397735595703,2,35,0.3249821336883388,0.7270914270327642,2,48,0.010475964126168502,0.6934002297265189,2,62,0.03141686561123855,0.7800672110170126,2,94,0.3396983228625579,0.40553295811017354,2,124,0.04902687721384086,0.9739609768516139,2,200
141,0.2656245870277628,0.14132407108942668,2,45,0.05333189461051868,0.31353410879770915,2,75,0.18465132442456142,0.28079832494258883,2,85,0.034694918980145074,0.4915787067550879,2,189,0.12612642772126548,0.2779522619464181,2,200
142,0.32869945509155274,0.749737211951503,2,27,0.06236343824718615,0.6793209521957998,2,116,0.253276433022465,1.2179951880659377,2,144,0.10532628939133877,1.0484776198863983,2,148,0.07078180391773488,0.5478883470807757,2,162,0.2077159282602551,1.176217860297153,2,200
143,0.27922212924962403,0.7562115324868096,2,153,0.048820368117596644,0.7737689793109894,2,193,0.22463686910705344,0.5270432020936694,2,200
144,0.020356744963212922,0.3698633313179016,2,14,0.21487027362271316,0.7947155787394597,2,40,0.055807352750269476,0.868970123204318,2,51,0.19336006552553328,0.7827610582113266,2,71,0.030973400247840475,0.8554579223905291,2,106,0.286619632143349,0.8509044212599596,2,154,0.1632072134015129,0.7854079332040704,2,200
145,0.31841753808468476,0.6047918272595252,2,62
146,0.06012359092825241,0.5772088194886843,2,24,0.2808012608116051,1.6209652539222472,2,55,0.013552213454341254,0.5669540494680405,2,75,0.3067581970693717,1.5408232130416453,2,148,0.01599935053535635,0.6329871524464,2,181,0.2984680440414933,1.6179288061041581,2,200
147,0.2664121441419944,0.8089540774623553,2,96,0.03206246928120301,0.8878045797348022,2,101,0.2163407027089716,0.8178998845996279,2,134,0.025651269866296313,0.7544346712529659,2,150,0.2617228812860835,0.8283378680547079,2,180,0.025521078181432066,0.7765166631766728,2,194,0.18113311693369952,0.9978166222572327,2,200
148,0.30752417470895804,1.0837949854135513,2,200
149,0.02287068005713575,0.35408217218560234,2,71,0.3859431820385244,0.27818189933896065,2,99
150,0.27746145322549004,1.2131021174032297,2,134,0.1553003676638219,1.2247428463564978,2,170,0.32774789599605697,1.1711074153582255,2,200
151,0.27107835275798503,1.1110501580768162,2,45,0.03234850685186521,1.1962873816490174,2,55,0.014846847998369585,0.1286756911061027,2,77,0.14594968666850142,0.7906354516744614,2,80,0.01877311330417005,0.2146274590243896,2,152,0.3091706114803291,1.4518312762180965,2,200
152,0.36141333338028886,1.2477717002232869,2,6,0.03946210771735657,0.7952652667082992,2,57,0.28807042521756737,0.6730532199144363,2,61,0.034550152180942,1.027598888316053,2,108,0.23516106098325731,0.8222736120223999,2,115,0.06287811591751764,0.8930796568210309,2,128,0.21092671598607377,0.9319749900272915,2,135,0.023285748183681832,0.9816201782226562,2,160,0.4124288202766696,1.0926163047552109,2,176,0.031924538246644395,0.6953919416382199,2,197,0.8634563445350258,1.0073333978652954,2,200
153,0.3257958028644423,1.050765585899353,2,15,0.03582573966055863,0.8120350680853191,2,34,0.2373202011419051,0.9736631555216653,2,62,0.012900652337472247,0.5838879204931713,2,83,0.25077811216916635,0.9372834926066191,2,106
154,0.26639427159432333,0.7100136941129511,2,55,0.04265395994550242,0.17411840483546256,2,75,0.22446482721826377,0.657656329870224,2,115,0.09598506742943319,0.719824367761612,2,135,0.030617750314584247,0.5206877243518829,2,160,0.2570680068561134,0.808042373508215,2,176,0.03759419990514298,0.49632422253489494,2,200
155,0.2702050598762218,0.8725223500620235,2,88,0.060630815538176404,0.942210566997528,2,118,0.24568241632575313,0.8032150527705317,2,187,0.059776194467901014,1.171140193939209,2,197,0.4879640599044939,1.1179977258046467,2,200
156,0.21186396093138513,0.6824027535162474,2,38,0.04162691207901782,0.765054980913798,2,44,0.32238790310974663,0.6430388026767306,2,53,0.09761448703148494,0.4602573961019516,2,61,0.02317009140322423,0.5170911621641029,2,149,0.23633865904375076,0.8761888847631567,2,166,0.04627537502842415,0.9936120245191786,2,175,0.2820339080517993,0.9946540753046672,2,190,0.04971837425081264,0.6735048711299896,2,200
157,0.36875003867294426,1.3518252543040685,2,14,0.013797978738133888,0.8394819552248175,2,25,0.2620473428794291,1.074787528802317,2,166,0.08207136294454605,0.9037849464837242,2,200
158,0.19645967264481617,1.0372433497987945,2,29,0.35682722758801944,1.054727888625601,2,75,0.03532552947691279,0.4556685779775892,2,110,0.3171572222984686,0.9635783784919315,2,200
159,0.35512529965468353,1.1496614957677906,2,58,0.03508138904150662,0.6046238011784024,2,76,0.3328662160462156,1.0499042330249664,2,138,0.016128704404274094,0.6323253679275512,2,163,0.3741581123332796,1.1220466510669604,2,200
160,0.23123750577667437,0.93001413830491,2,86,0.08458618433885047,0.9062723246487704,2,97,0.021501726938801875,0.8008142251234788,2,110,0.3267919485139596,0.9484259469168527,2,145,0.04286089348109131,0.6479328572750092,2,171,0.21033589046568646,0.9838863849639893,2,191,0.06774137670241484,0.5122640033562978,2,200
161,0.2726388900705686,0.5447009320442493,2,13,0.06719540282142715,0.8198450605074564,2,28,0.21564187474988658,1.092691353389195,2,35
162,0.24549891862977105,1.5600530409043836,2,62,0.045734779406210006,0.8460427852053392,2,100
163,0.2304179033358673,0.9905898913838505,2,153,0.04328044939591478,0.537382960319519,2,184,0.06237576819875858,1.178466248512268,2,194,0.19072400700776615,1.3030741016070049,2,200
164,0.2586662495634814,0.6893672891605047,2,81,0.08313603785063799,0.6351457749094281,2,95,0.27859594642240737,0.5896348606972467,2,200
165,0.35497664210337543,1.5780158964070408,2,22,0.028925050776286453,1.4725497790745325,2,29,0.34239232471717823,1.5420654103869484,2,50
166,0.2808326366886653,1.0053434587539511,2,94,0.01584265749017541,0.20060644878281486,2,121,0.24417069425516455,1.0238587133219985,2,182
167,0.2948127603062972,1.354334043849046,2,157,0.027169749688208462,1.3526034355163574,2,165,0.25346631512251144,1.375370693206787,2,175,0.02444907345807928,0.8305401849746704,2,200
168,0.2949006352429601,0.8288290777157262,2,97,0.2986746740879768,0.3316074583841407,2,120,0.04604452454872886,0.6109114756455293,2,157,0.32634675729483953,0.4770595967769623,2,162,0.036666882592826994,0.6493584764631171,2,200
169,0.3710025404826794,0.9804160189628601,2,50,0.05311595315643841,0.8286324292421341,2,66,0.22063793476756682,0.993298884361021,2,97,0.06260552976239857,0.8242558762431145,2,121,0.24215533236094794,1.0221707775622983,2,200
170,0.15518649530863907,1.1054885409912973,2,53,0.02713485611465926,0.7344641412297884,2,149,0.31747929616077886,1.1637469366484998,2,200
171,0.3510865157585136,1.0494478851556779,2,40,0.025891808352307866,0.7477246556017134,2,58,0.2734858646250635,1.0092443003690332,2,191,0.012683781206286963,0.9382060898674859,2,200
172,0.29513346756833503,1.2746676456928254,2,200
173,0.2972368099490047,1.107532638826488,2,81,0.009119779033332045,1.2634327544106378,2,90,0.27775245921121255,1.2199765589179061,2,131,0.01602077832894656,0.1310545914415,2,200
174,0.6163969160319714,0.2667662700017293,2,3,0.015985841581587883,0.40129923820495605,2,17,0.3558329391605455,0.9593450381205633,2,43,0.03805880163735204,0.9471606016159058,2,51,0.23555699076775885,0.9650213917096456,2,117,0.03880641524175482,0.8801402077078819,2,141,0.28680498215974237,0.8295328760969227,2,170,0.08629818827079629,0.9253941655158997,2,200
175,0.23752134670560127,0.5873215967416763,2,200
176,0.2455132059777914,1.2948230481147767,2,200
177,0.23737925678962485,0.7572704162753996,2,61
178,0.2946251823054211,1.1036109775304794,2,16,0.11518213191281838,0.7185322151464575,2,33,0.26723891427032903,1.1169518286531621,2,121
179,0.26331602499374124,1.2262914498647055,2,105,0.02998978683995709,0.8204003217372489,2,152,0.16082237157429286,0.8659432033697764,2,158,0.2526095610409647,1.2654992043972015,2,182,0.02227454141774648,0.42094508310159046,2,200
180,0.05305857967016035,0.6741380095481873,2,29,0.289223189564043,1.003103760878245,2,44,0.03159175360257241,0.38238655354665674,2,67,0.21899539349424338,0.9841944301935067,2,200
181,0.2712807440310818,1.368511174406324,2,14,0.04181054865797868,0.7767806486649946,2,36,0.17416493306243386,1.3731543609074184,2,71
182,0.35160586135187116,0.4688751251952162,2,103,0.005247021729876604,0.9520713329315186,2,108,0.1309553951035814,0.7745569795370102,2,112,0.02015192156163496,0.4755974918603897,2,152,0.06712342270292239,0.6797259775075045,2,163,0.3015145123153499,0.5561530493401192,2,200
183,0.25490861468523307,0.8591909219821294,2,60,0.2368094513348526,0.5136808621195647,2,112,0.22472304522760794,1.0021754205226898,2,200
184,0.35099034781413063,1.139486402935452,2,90
185,0.1460735243172833,0.973084650360621,2,52,0.05405360621692854,0.8873529117934558,2,101
186,0.20567605144017714,0.931299182962864,2,94,0.04276944023871146,1.0084353884061177,2,118,0.2799145449859123,0.9734436591466268,2,133,0.029795635654568515,0.7729728307042804,2,182,0.23193606256808652,0.8059099912643433,2,200
187,0.2760549954843119,0.7369072389218115,2,62
188,0.4081451155497356,0.5811291337013245,2,39,0.07419312409752708,0.852026705171021,2,110
189,0.16451905648229245,0.9947269360224406,2,33,0.019803643407104627,0.754978597164154,2,43,0.020900234613339452,0.2504147809964639,2,70,0.29308279246972996,0.9706142331872668,2,126,0.028371511266596636,0.6356948244830837,2,172,0.2255345924689005,1.0479454142706734,2,200
190,0.22677404416618843,0.44895609678366244,2,117,0.030042646092295348,0.68018057346344,2,132,0.26269838200566903,0.4680498040774289,2,200
191,0.2981953448222412,0.919641830704429,2,44,0.016194097878836636,0.4704587002133214,2,87,0.2694458156433075,1.0621465859205828,2,156,0.023098787228661755,0.7210709994489496,2,178,0.32150460550581095,0.7627633647485212,2,200
192,0.26169449976962134,1.0431401960311397,2,31,0.05731545918695404,0.7305921763181686,2,47,0.2905176725655421,0.9874525936026323,2,142,0.025090933587111893,0.4351411672199474,2,159,0.3066096860028974,1.058136835694313,2,167,0.034671148516981234,0.3852538883686066,2,182,0.27684677364754595,1.105781078338623,2,200
193,0.19712143073474933,0.9417600658806887,2,44,0.030190259250917464,0.3123349094142516,2,68,0.3114581884518676,0.7544753095417311,2,200
194,0.21696896234666277,0.7508493459340438,2,103,0.1310277332041998,0.4847666124502818,2,112,0.021052521913360968,0.37466799361365183,2,154,0.06520369076281451,0.6193705567946801,2,167,0.2916129097468669,0.6769514445102576,2,200
195,0.2481675035489024,1.3832004346709321,2,138,0.020110528364930023,0.4359136807918549,2,163,0.2232804455117526,1.5352257167970813,2,200
196,0.10527509329287675,0.30027101933956146,2,10,0.33617238264011723,0.41360241174697876,2,31,0.025257562348136014,0.5655567198991776,2,39,0.23776180457690757,0.5257934220135212,2,55,0.04042033116147911,0.723992029374296,2,99,0.22081543462887326,1.4412141171368686,2,110,0.036782617001872124,0.5818096128377047,2,132,0.32550238855271363,0.8993736158969791,2,175,0.020703008336655393,0.4730298859732492,2,189,0.376543475039707,0.913472518324852,2,193,0.0667823474291257,1.1488508667264665,2,200
197,0.23426959994013666,1.1392463170565093,2,78
198,0.06215954748838921,0.8468252830207348,2,16,0.3029530812212127,1.228348270058632,2,120
199,0.24917718378771955,0.6847533953021949,2,71,0.049649208980611446,1.0067682610108302,2,97,0.32864112278509716,0.3630166185456653,2,140,0.029835492582176198,0.4305484505260692,2,157,0.2738404102759627,0.7605331567830818,2,200
200,0.032291691599037955,1.1291466057300568,2,8,0.2484224331337664,1.182658643151323,2,200
201,0.47720289498775376,1.2078958863303775,2,21,0.08694027948297117,1.2080676704645157,2,37,0.3285530104112731,1.2514327063279993,2,54,0.04607869700482985,0.9986609121163686,2,78
202,0.28010227803593035,1.2769402379081363,2,42,0.06266049129311967,0.6745972326307585,2,75,0.30004578695584494,1.3390552743717477,2,183,0.03439344782348837,0.6173299551010132,2,200
203,0.2845000531876373,1.0527705174684525,2,200
204,0.33181755233669963,1.1388438312630904,2,19,0.019896558573092436,0.5276602305157084,2,90,0.04805202799493912,0.827103606859843,2,105,0.30733804504163903,1.3009244103180735,2,200
205,0.3478157373694577,0.5210446977615356,2,200
206,0.31355899483699834,0.864670321047306,2,200
207,0.3019213491318134,0.6837027569611868,2,6,0.0409461025206611,1.0150169710959158,2,37,0.2834220453218814,0.7687237752727204,2,200
208,0.19934936592358157,0.5239228308200836,2,5,0.026242065126186508,0.760129663348198,2,25,0.2623568055702617,0.8198930621147156,2,48,0.03886154884438059,0.9945902073824847,2,75,0.25228097332036403,0.7940522564782037,2,183,0.046439568298298574,0.737541072508868,2,200
209,0.2878845190030855,0.4850788434346517,2,15,0.03769071473990618,1.163366285237399,2,26,0.21866778831519523,0.8599026912734622,2,47,0.04107443699390491,0.5191085706738865,2,81,0.21139530096102954,0.7897083139419556,2,106,0.02624106703651991,0.9182476202646891,2,139,0.26715790510375315,0.7640798150515947,2,200
210,0.24250944458310456,0.8375744479043143,2,77
211,0.31712663797986,0.9194987705259612,2,33
212,0.24359141158278025,0.7690896913409233,2,40
213,0.3377683009001683,0.7738152550799506,2,28
214,0.20587590775270617,0.8625296950340271,2,3,0.03309598670700347,0.8515098453784475,2,101,0.08611853530093447,0.7786987357669406,2,110
215,0.33662064149360027,1.2550472870469094,2,80,0.05079605304625853,0.3076472245156765,2,92,0.3347219631301784,1.1658850523733324,2,123,0.02533974892605323,0.5336817979812623,2,138,0.40887435057680926,1.1190253037672777,2,164
216,0.23412848077199702,0.6667503336071968,2,200
217,0.30939751068846627,0.43677908897399903,2,25
218,0.3404645576687551,0.7792567578521935,2,74,0.032961620130771356,0.9672709107398987,2,89,0.22388904008240265,0.9081052622279605,2,200
219,0.28746652932673356,1.0098920754484229,2,74,0.039092428138057134,0.40451132754484814,2,92,0.3650634689223097,1.0055613660812377,2,117,0.03980075116854937,0.7795867142469987,2,140,0.22031253348379531,0.652613123257955,2,146,0.03108994144394763,0.8180471963998748,2,187,0.09653198870918554,1.0321442163907564,2,200
220,0.5123671276355171,1.706312894821167,2,28,0.03679790254637413,1.5858255624771118,2,37,0.2780186814828407,1.585562030474345,2,79
221,0.26712908939032987,1.579006584251628,2,34
222,0.22974782707681754,1.2606487547357876,2,48,0.054871640607898974,0.9454474555594581,2,76,0.03339292032888278,0.9114725291728973,2,80,0.02335757688005366,0.5790521241724491,2,112,0.12226248017118999,1.1843557316681435,2,141
223,0.3773009197576825,0.6199120325701577,2,28,0.19960373571137263,0.6212339252233505,2,60,0.047553324172555964,0.7538269112507502,2,84,0.30788749443439695,0.6440320441435123,2,200
224,0.6797149614409835,1.0712720453739166,2,4,0.047208364827128285,0.811165784464942,2,49,0.304530444293474,0.7353577392045841,2,135,0.08300173575094237,0.7418620347976684,2,155,0.3009941118980895,0.7230893558926053,2,200
225,0.3775633489116082,0.4840996377170086,2,32,0.09977934742977854,0.5638487617174784,2,47,0.018731678835474056,0.6520907878875732,2,56,0.3263487366827455,0.5173554677387764,2,114,0.018424671628195645,0.47321903705596924,2,139,0.35227813207329195,0.485199046916649,2,200
226,0.3068290180958547,0.6138769066333771,2,50,0.025333328734878452,0.9166888749157941,2,104,0.1010322631607334,0.8558509945869446,2,112,0.028360824054069988,0.9137844892970303,2,169,0.20044808378604115,0.856171969444521,2,200
227,0.28029012336341086,0.9353415996863924,2,58,0.05828394884076435,0.7760331511497498,2,73,0.32436591536055975,1.0306822957955009,2,200
228,0.27430048033046006,1.031828351020813,2,200
229,0.01251491558217534,0.9032696187496185,2,6,0.2867782132335708,1.3282857094843363,2,200
230,0.35710135394145043,0.9003821808099747,2,200
231,0.30536519937831264,0.6549834135251168,2,117,0.020892071436811575,0.8314908411767747,2,135,0.24279417881222504,0.9060720602671305,2,138
232,0.21936467787755734,0.63985652861924,2,116,0.053222182677424935,0.7300450578331947,2,124,0.24997726286263672,0.6674614133019197,2,200
233,0.31404536747557793,1.1572832831165247,2,57,0.04185252840591371,1.1827734857797623,2,65,0.25770653277438393,1.1749500845159804,2,93,0.022917826272279014,0.8376358049256462,2,128,0.16609622329140705,0.7733948081731796,2,132,0.038635262436641844,0.7625138547460911,2,191,0.09724710322861169,0.9151570333374871,2,200
234,0.24061954450348463,1.1731632053852081,2,68,0.026691610158604672,0.4791448241785953,2,125,0.34204894838136,1.292178791364034,2,200
235,0.3212945976962879,0.7033391771316528,2,125,0.0246663196900149,0.8552620567773518,2,163,0.29032752607623635,0.7368185165766123,2,200
236,0.2655746163376441,0.6817897036671638,2,80,0.06582829095121906,0.6964265202221117,2,99,0.17207658653123103,0.6693712340460883,2,126,0.3071117864655635,0.7014687265922774,2,193,0.11331180875779089,0.6723834701946804,2,200
237,0.2373083025721661,1.4764575787952967,2,21,0.09277738652808035,1.4557440686733165,2,68,0.23417244536080653,1.5269191341197237,2,115,0.032729902256506675,0.698501056432724,2,125,0.26300376467138187,1.5280162556966146,2,200
238,0.2772474768235906,0.5128370854258537,2,200
239,0.2516642436141507,0.9557466592107501,2,63,0.04567742995196567,0.7919302843511105,2,95,0.24078226811425718,0.9289875785509746,2,200
240,0.32495445554495705,0.5832508218960023,2,142,0.03286330640890461,0.6148769960683935,2,159,0.13547236715653105,0.5704663544893265,2,167,0.032624438183690714,0.47788586219151813,2,182,0.1861530723387459,0.6876961489518484,2,200
241,0.24133420300721692,0.4766897992083901,2,95,0.01550772965106306,0.7341562906901041,2,101,0.2983350533076261,0.48120930634046855,2,120,0.046692667254143186,0.5913243038313729,2,127,0.26486142046136424,0.4454493969678879,2,133,0.05232230914836113,0.658729761838913,2,143,0.2870346391767582,0.4768745021240131,2,180,0.014270784962572718,1.0526729737009322,2,194,0.2603305172406538,0.6182414988676707,2,200
242,0.31541492355680223,1.0082489378524548,2,66,0.02778713442692162,1.027423416574796,2,78,0.25534130111954184,0.7417532253265381,2,103,0.0607390851719463,0.8898118138313293,2,109,0.33270384561739424,0.825464525643517,2,126,0.01813476458480368,0.29664136629019466,2,154,0.3113652960366944,1.2294625895363944,2,168,0.0581120201535969,0.6351895239204168,2,200
243,0.3067567480197716,1.7082405247186359,2,38,0.03451167695831526,0.9296971907218298,2,50,0.22949654261882124,1.6998622596263886,2,70
244,0.3399586423693107,0.8924901604652404,2,55,0.029445582986976523,0.9818212857117524,2,92,0.33566693694044947,0.9087017774581909,2,102,0.0259415978175556,0.6098592238766807,2,144,0.28258221163051755,0.9025199732610157,2,200
245,0.2576869932289149,1.2215710191623024,2,184,0.022006861023112837,0.3573337411507964,2,200
246,0.31329651001301473,0.5882321042673928,2,140,0.04957827890767086,0.5696560856368806,2,176,0.23539756033173337,0.6305206889907519,2,200
247,0.5907747691195501,0.7480143308639526,2,7,0.038766275660303794,0.921000337600708,2,22,0.13903358456652212,1.006845008243214,2,44,0.05091064612970546,0.9311584900034234,2,138,0.3417152494673212,0.9876255854483573,2,200
248,0.32069808788409554,1.1821036338806152,2,16,0.022188077304054574,0.6153532617232379,2,33,0.03239662993621255,1.0520484880967573,2,44,0.2411575981353678,1.4500343203544617,2,62,0.09480997808396413,1.0292394508918126,2,86,0.0348180175198724,0.5692576587200164,2,96,0.17070164276828598,1.1252382755279542,2,111,0.021224995280071452,0.6824164215256187,2,128,0.12922874469590784,0.7037881769632038,2,147,0.020767254468579757,0.6352102377197959,2,158
249,0.24549138772571463,0.9169486405244515,2,67,0.028111671254976146,0.8496352976018732,2,78,0.2453166560720114,0.9217701156934103,2,120,0.2829364692865325,0.5943670048229936,2,189,0.034761379385347624,0.44706606052138587,2,200
250,0.17782608468190986,1.661587650125677,2,33
251,0.29781973295691777,1.0976827556178683,2,84
252,0.18501163714835717,0.8964133377998106,2,62,0.07302496068036712,0.9156351219052854,2,108,0.2785336779484191,0.9098454370446827,2,200
253,0.2974057716123061,1.0046499160028273,2,31,0.04336757409677579,1.0752888454331293,2,49,0.3529347347883694,0.8973842337727547,2,73,0.02689177573756521,0.8612694801955387,2,102
254,0.31632673100583014,1.3896227883441108,2,56,0.03195271678390386,1.0790245930353801,2,92,0.34963886540495387,1.3758428792158763,2,200
255,0.299878532310927,1.0649729517270934,2,53
256,0.31620457293259263,0.5281883943080902,2,200
257,0.35547861240035017,1.3667829483747482,2,24,0.04095348474005982,0.7153088212013244,2,69,0.27981932836587986,1.4134062880819493,2,113,0.029982271323779137,0.43839383290873635,2,131,0.2587732275031045,1.4786942899227142,2,135,0.04167642321151635,1.3989474892616272,2,145,0.2591406703717738,1.415694432599204,2,159
258,0.20949996649044536,0.25174528089436615,2,11,0.06863800107452118,0.36633146734073246,2,40,0.04346030364320283,0.4783718705177307,2,45,0.032313151237418215,0.7304457233232611,2,79,0.24983156410488996,0.22356812532775658,2,200
259,0.39657104498145745,0.050168721148600944,2,104,0.09176760674894273,0.20062294453382493,2,114,0.036051101872837894,0.8520547862236316,2,140,0.21835350186842212,0.7385967544146946,2,147,0.05660272777488302,0.8046751764585387,2,200
260,0.2999866823489096,0.21995152201917437,2,9,0.05647531040925554,0.3378159355732702,2,40,0.03045085814452015,0.5579702276736498,2,72,0.08894629968709493,0.5210621356964111,2,94,0.33939687545067715,0.4794582103220922,2,200
261,0.27049723606639337,0.8190080568760256,2,79,0.017671358615804145,0.8712854822476704,2,94,0.22052997176768824,0.8318151258072763,2,200
262,0.21867630172305277,1.1084619611501694,2,72,0.023525919077867746,0.6489159022058759,2,107,0.337455111080087,1.0384533643722533,2,117,0.04475839558973956,0.7359825074672699,2,133,0.14831006683895145,0.8072451714958463,2,161,0.044033111047902196,0.7638186481263902,2,170,0.21576178398429882,0.9545269330342611,2,200
263,0.19767614914620804,1.4980408052603404,2,12,0.04736932539419324,0.37580868708235876,2,26,0.42072852859760984,1.68697255391341,2,39,0.021216477804231273,0.7415734384999131,2,72,0.07427965448862588,0.8817680676778158,2,75,0.15747097735381607,1.4528684218724568,2,114
264,0.34026376694872507,1.1928662308331193,2,29,0.017102770459442626,0.3104862065100279,2,90,0.23138910596203108,0.4426962037881215,2,93,0.02221478731486579,0.30248980464473846,2,124,0.28878131154091735,1.1510983250643079,2,200
265,0.22790615765826963,1.0233151533386924,2,22,0.06148150088848553,0.9527890001024518,2,43,0.02544729408213403,0.717843993946358,2,70,0.2683371387955331,1.0741153573989868,2,120,0.07288475283820404,1.0468985736370087,2,128,0.20503400952210465,1.0854632953802745,2,200
266,0.21330781583033548,1.2073919996619225,2,32
267,0.2855418445807391,1.1934205724837932,2,47,0.01568346434830036,0.5704640578000973,2,86,0.2729357087735652,1.292885614766015,2,104,0.01984577704046217,0.36298021567719324,2,118,0.22488907645177944,1.2699126740296682,2,178,0.02318676566635835,0.538764628497037,2,200
268,0.26626360020573525,0.4859009208647828,2,76,0.03989632710999435,0.3917165415154563,2,112,0.33383136945571873,0.21328102780336683,2,200
269,0.3212010998619014,0.7068094895644621,2,44,0.02631244700137359,0.9562545352511935,2,71,0.13142373978674446,0.7787381758292516,2,83,0.028281548748394874,0.6770341881999263,2,110,0.2631047426520754,0.6094076500998603,2,119,0.022164725271397255,0.79408932425255,2,162,0.16601960326357215,0.7569087346394857,2,165,0.024413592122232906,0.7322311494499445,2,197,0.09968345293485957,0.7879440188407898,2,200
270,0.28722607002814665,0.596827177362069,2,179,0.05006944974724845,0.7247784932454427,2,200
271,0.29202570596407545,0.806083083152771,2,156
272,0.23961975502231764,1.2511910489111235,2,99,0.03193691277401297,0.8163217142224312,2,139,0.1721725192298044,1.2303995323962853,2,200
273,0.058065169326245024,0.7154589878039413,2,89,0.26494012403339146,0.7911810504423605,2,200
274,0.07793971745429733,0.4360338873588122,2,26,0.26494936879569,0.5992299057971472,2,200
275,0.2911809158373345,1.1551638841629028,2,36,0.04293761943736208,0.34791249801983704,2,73,0.23305560008938922,1.1091917604207993,2,129
276,0.2594920385604344,1.3150058737340964,2,53
277,0.29677008666057886,0.8218647149205208,2,200
278,0.11351683860766573,0.9133753383159637,2,50,0.01867219661117338,0.46799156069755554,2,66,0.21841147742396114,0.7607024652617318,2,87,0.026507353133929535,0.6487871958149805,2,132,0.3052024863629519,0.8139928658218945,2,200
279,0.26314550902146744,0.6682233442651465,2,47,0.03321858987325008,0.7813016639815437,2,56,0.25824869048349175,0.6518442212707467,2,200
280,0.29563733572094486,0.5774085531974661,2,58,0.05644375468568869,0.7013066846590775,2,84,0.46808092463531453,0.6469737142324448,2,88
281,0.2798195079355707,1.0058231306703467,2,76
282,0.048869385738809966,0.9140510218484061,2,42,0.21473444821735221,0.829423827784402,2,49,0.03600457656536386,0.8990557896785247,2,88,0.25793296898268625,1.1089317489947592,2,200
283,0.020020093773430163,0.4871453665770017,2,13,0.24501314549736994,0.6665920926176984,2,36,0.017176102745274643,0.39805389071504277,2,60,0.2509802922474331,0.969432410739717,2,81,0.020068123118951835,0.23649524077773093,2,121,0.028887098434891952,0.7540658235549926,2,126,0.22087309090676022,0.6153205522036148,2,185,0.020237386124152892,0.25399603247642516,2,200
284,0.2875974953043915,0.6172203347086906,2,128
285,0.2513069891552279,0.805049502572348,2,43,0.03149971958627603,0.856788984934489,2,58,0.024692855645118323,0.4750045475206877,2,77,0.1777498021754798,0.6069372495015463,2,80,0.013369705324245976,0.32370046797123825,2,124,0.09115197895366661,0.6536351442337036,2,129,0.01721777641939044,0.1028966767632443,2,152,0.25295849809676524,0.8304523887733618,2,200
286,0.37564064554534426,0.6090916654338008,2,23,0.036956434565423565,0.7185675937395829,2,49,0.3038324243180597,0.5731585698390226,2,158,0.019804395179466833,0.7146887098039899,2,200
287,0.27133266984651044,0.9367597901944033,2,194
288,0.3201373050167128,0.4884104473250253,2,7,0.049527510604835845,0.4794339824397609,2,60,0.2905746861440353,0.6070109544656216,2,99,0.03617580132557823,0.5395877931428992,2,122,0.40922297792208767,0.43526918460161257,2,200
289,0.29340926848979726,1.4560813707848117,2,73,0.029536810894326623,0.8764408014037393,2,106,0.2695530167174607,1.340215539932251,2,191
290,0.27109582879414174,1.0768752369013699,2,22,0.02570805540527821,0.22008230962923594,2,36,0.2976815883039578,1.2685306161007983,2,130,0.021142006470666545,0.5756382393209558,2,168,0.26546532705101944,1.245723195374012,2,200
