0,0.2620227870260398,0.6877011334896088,2,200
1,0.20602327407108448,1.0436346307396889,2,32,0.08379756050100827,0.9691094209750494,2,56,0.0334023238372156,0.9576094812817044,2,101,0.31867614828889373,0.8950906973332167,2,133,0.048834024727581866,1.0147962111693163,2,146,0.346468315477347,1.1319176974119964,2,200
2,0.19314048105941617,1.122531145811081,2,8,0.017580739263559714,1.0102031230926514,2,19,0.35447030961449616,1.0502000422012516,2,101
3,0.22736411600802203,1.1614788124958675,2,24,0.018401260740955865,0.45703433777975,2,47,0.32138710681028215,1.2978848114348294,2,104,0.054830162220743626,1.0475236000838104,2,131,0.24959024090017204,0.9909011857076124,2,175,0.03867363161901669,0.545388355255127,2,200
4,0.26953143637891186,1.1526877631743748,2,144,0.02115054347512812,0.6153593977292379,2,159,0.31972982762512026,1.0558799505233765,2,167,0.02070004052550493,0.9887030899524689,2,187,0.2627854655564009,1.3154999017715454,2,190,0.03326975980589879,1.3576451301574708,2,200
5,0.23285959978756954,1.195515255133311,2,24,0.0675820776914757,0.8460678352249993,2,69,0.16498296003166996,0.7159468134244283,2,84,0.2778876587934601,1.2233079959606301,2,200
6,0.2817489410359278,1.1598019140958786,2,200
7,0.2644507434734285,0.9255386022252774,2,109,0.02534234076908975,0.4014452350139618,2,134,0.29032707370409,0.8713590316474438,2,182,0.02226719073107621,0.29519715656836826,2,200
8,0.3190119320745076,0.5613504339541707,2,112
9,0.24693099416372674,0.5482655595242977,2,200
10,0.10116711418161216,0.9668677816024194,2,13,0.305773566059918,0.750220754886056,2,200
11,0.2359825839268671,0.3401929666598638,2,30,0.016857667337512514,0.3000032104551792,2,50,0.34868014853209545,0.5712889318282788,2,102,0.021706262602747974,0.530463985602061,2,117,0.2995312486486438,0.6682396179863385,2,173,0.020903542939159567,0.8696452379226685,2,182,0.2131032900081504,0.6709055423736572,2,192,0.021838838619136606,0.7646849602460861,2,200
12,0.44859470585838734,1.0208176916295832,2,22,0.053672079886040565,0.6190646575844806,2,68,0.3794432415876555,0.9735699115377484,2,200
13,0.271638248976505,1.115220036506653,2,200
14,0.198005743211311,0.44526297876820764,2,169,0.37858250096133167,0.3678378587768924,2,200
15,0.26966045065403055,1.001343879699707,2,50,0.032684364342662676,0.3030638945730109,2,69,0.2952946228024841,0.9981106738097795,2,200
16,0.2773394909123092,0.7639397293329239,2,120,0.03983133407857089,0.44387948274612427,2,145,0.32695766550870087,0.9768929329324276,2,192,0.09133235375248346,0.9587011337280273,2,200
17,0.2818030636190415,1.3311760912338892,2,120,0.016879045372246698,0.8731054980307817,2,152,0.29350299616952935,1.2782924686159407,2,159
18,0.34215307789367133,0.8599164818014418,2,70,0.1635497153790369,1.11142897605896,2,95,0.04880688803085315,1.07142174243927,2,114,0.25243334167169407,0.9938845079998637,2,200
19,0.1777889149361567,1.1732812864439828,2,14,0.02995288678007695,0.8491632613268766,2,25,0.2617750430925498,0.9777260098540992,2,82,0.08624055725786478,0.6590152638299125,2,89,0.031814478239323186,0.675597044137808,2,115,0.2621348484876644,1.1326975107192994,2,200
20,0.2961709372362619,0.7048479101874612,2,22,0.03599098909091917,0.8157775376154028,2,45,0.3389946891459105,0.7816744841724993,2,128,0.025803193335240348,0.5815888587385416,2,144,0.2378538990653539,0.7665021323731968,2,200
21,0.23088671092248436,0.8026210069656372,2,13,0.02141246350237762,0.827626781804221,2,27,0.2851653093444532,0.7277579720998775,2,200
22,0.22252554867567015,1.0264244649721228,2,69,0.057255271741555855,0.37739261984825134,2,78,0.21117677895044654,0.94986938346516,2,100,0.021041580831887445,0.21664965583218468,2,145,0.025009010295307055,0.6295293744872598,2,179,0.24315358839355963,1.112654027484712,2,200
23,0.2634316983401016,1.1006115078926086,2,30,0.023702644441655887,0.16240945011377333,2,50,0.30403770717568895,1.1600529980659484,2,200
24,0.282923332329561,1.3829266667366027,2,40,0.023695179133893886,0.45689577021096883,2,59,0.19254132031865992,1.3336783647537231,2,72,0.015087892632927981,0.7830152055796455,2,89,0.32200129520458204,1.3999885554824556,2,145
25,0.23094476345288467,1.0817306181963753,2,34
26,0.30509781350005105,0.7890097838640213,2,200
27,0.3208901861357977,1.3464455689702715,2,14,0.12424585675413075,1.202280965116289,2,32,0.03644582295625763,0.9489109792360445,2,73,0.2759252051759533,1.2877363704499745,2,157,0.08064562043468228,1.1285287691996648,2,170,0.3605388170618506,1.3411586383978527,2,182,0.019684413405793525,0.6122061577108171,2,200
28,0.260873791555974,1.0574376556006344,2,44,0.022258193993961447,0.5121126174926758,2,56,0.28957376865607215,1.0443206871709516,2,180,0.029422632828235155,0.5458158656954766,2,200
29,0.04076701968439384,1.4330863416194917,2,20,0.30355239173581894,1.247581371333864,2,200
30,0.3301485042629769,0.7243720568143405,2,65
31,0.3626913409907793,0.9800841733813286,2,32,0.06919792635430078,1.1951160907745362,2,47
32,0.32616169504705583,0.7384777544509797,2,84,0.05715500667830222,0.8409733596970054,2,101,0.31993775800834395,0.7826100762444314,2,200
33,0.2681590084637771,0.4986426383256912,2,112,0.01634851970773376,0.44339090992103924,2,134,0.14463374411446106,0.43757885694503784,2,145,0.032920646726247685,0.46302484995440435,2,164,0.22418752698807015,0.47685659527778623,2,194,0.040969856972574686,0.826089342435201,2,200
34,0.3763050171339664,0.8444809670249621,2,120,0.0415380384453703,0.7748647779226303,2,148,0.30053196079065664,0.9022756232456728,2,192,0.09112505549685004,0.982218861579895,2,200
35,0.28966127499375965,0.8149490475654602,2,130,0.019963449936898164,0.5604451724461147,2,144,0.2614603334641561,0.8704606677804675,2,200
36,0.28077639309347235,0.6922779849597386,2,21
37,0.3443996907747199,0.7652621465921402,2,200
38,0.2864864202361549,0.8865128811800255,2,159,0.02192615272394719,0.7057971258958181,2,183,0.09882981036976504,0.7361196314587313,2,200
39,0.19914622776455873,1.040055425270744,2,69,0.02181078350943,0.4414134584367275,2,93,0.2220810955624215,0.9371578991413116,2,109,0.03035435397033353,0.7066295801938235,2,200
40,0.3169062037233613,0.9677546891299161,2,66,0.032468494875286406,0.6932182406622266,2,129,0.24576195565542217,0.819719020058127,2,163,0.028618870404516827,0.9513902834483555,2,170,0.2482883700253118,0.8184871998700228,2,181,0.03545020870192119,0.9176423988844219,2,200
41,0.18848103542673833,0.7615119188346646,2,176,0.03239592335784229,0.8006665706634521,2,200
42,0.24786930475635433,1.1197450453159856,2,102
43,0.2928283625938529,0.8556715419580196,2,116
44,0.24158527072243235,0.8869447577744722,2,32
45,0.33290032342542325,1.0445066273212433,2,200
46,0.12284543387695239,0.6934361656506857,2,9,0.019370114312514442,0.7179809014002482,2,24,0.18072154817084138,0.6918573677539825,2,28,0.026968258965014355,0.6469013929367066,2,58,0.2628623367652519,0.39775479658388757,2,200
47,0.25346960250826495,1.0467623035113016,2,15,0.024537040425085452,0.5150803691811032,2,24,0.273696993023665,0.966050015341851,2,86,0.02777291827693138,0.4837886492411296,2,107,0.36796140551983075,0.8028029966098006,2,200
48,0.08660257236873017,0.7038473468838315,2,33,0.256279038122873,1.3662338086536951,2,117,0.0273727491048681,0.6929478003428533,2,143,0.29080975179115676,1.344202124711239,2,176,0.03421611651093913,0.43467504487318154,2,193,0.3916742635646459,1.4255761419023787,2,200
49,0.24723434858949309,1.1708963465046238,2,37,0.04077051150747904,0.9137862378900702,2,59,0.11847391982187508,0.9215155948292125,2,70,0.026157284159727404,0.7251188783418565,2,91,0.11032760976660078,0.9632728974024455,2,106,0.2645258753136715,1.1331394838564324,2,139,0.027583084743513352,0.5193930725256602,2,154,0.3352372129876152,1.2220315181690713,2,200
50,0.02662844887870436,0.10674239907945905,2,21,0.16843193259915082,1.651462149620056,2,26,0.022845751984817194,0.29676728778415257,2,35,0.26479746667101733,1.5729996543942075,2,68,0.021230298593467246,0.13292544854409766,2,101,0.24262443772543724,1.5090381134958828,2,169,0.021948687971328828,0.10525143318451367,2,195,0.19743112851741196,0.9675692439079284,2,200
51,0.25170101059855365,1.2983898064669441,2,170,0.02958131282248239,0.8257620930671692,2,200
52,0.2959544081812802,1.0602281532789533,2,38
53,0.07719962733181755,0.7355333601727205,2,17,0.3351607546881343,0.8536263125283378,2,52,0.05528821639943168,0.7374783802032471,2,77,0.3829830964815277,0.8384029928261671,2,200
54,0.2534199343275194,0.8405264347464174,2,182
55,0.1533799114079593,0.9459264079729716,2,24
56,0.17503451038836407,0.5737699940800667,2,16,0.3530099670090591,0.7148835386918939,2,200
57,0.40395770989423474,1.4490640855604602,2,31
58,0.5013116605958783,1.3094143526894706,2,7,0.04230798998834577,0.9123330671211769,2,36,0.31147972057973633,1.2487186694145203,2,86,0.032557629774474135,0.5215922508920942,2,114,0.06634087076689303,1.1445331940284142,2,127,0.43385585156891,1.0365717709064484,2,131,0.02139445010019837,0.39423979446291924,2,147,0.24189796047549678,1.0868298894954178,2,200
59,0.1599963049245656,0.9745899677276612,2,30,0.06530433747932052,0.9153465259642828,2,72,0.20445941386946292,1.0388126293818156,2,87,0.024404086640118724,0.30805222125667514,2,153,0.34632898942600976,1.4556377232074738,2,181
60,0.307458169271555,0.7022824641820546,2,37,0.09273243896790667,0.8014321339373686,2,86,0.023574538092375065,0.7202834066222695,2,103,0.274576053302162,0.7123612534831947,2,174,0.048705559944033874,0.874515577004506,2,200
61,0.3830159220974129,0.6243972937266032,2,30,0.015511197838137793,0.16555139339632458,2,48,0.28800763667713697,0.7177572101354599,2,200
62,0.4279774377775934,1.3504896478832893,2,53,0.03341141529019301,0.8249116539955139,2,85,0.16784639256650893,0.6195945143699646,2,90
63,0.4827053352115728,1.5844699409272935,2,9,0.02418096146409983,0.636988556966549,2,50,0.38822274149694563,1.3365462830192165,2,88
64,0.025197997175517566,0.3571024009814629,2,13,0.23199585432683797,0.729664479692777,2,85,0.026442852636733828,0.39938056118348064,2,102,0.19290509030286745,0.8080516206590753,2,121,0.025217790468045065,0.21031297157917703,2,149,0.19516085865909755,0.8199874980776918,2,200
65,0.2748467208391894,1.184322443939525,2,169
66,0.024533462925746954,0.8653378117652166,2,21,0.31914640641439684,1.2411820925011927,2,119,0.03046617055175136,0.5799387152378376,2,184,0.2946736258060941,1.376111164689064,2,200
67,0.2924828585246868,1.4448873281478882,2,5,0.047627857052776626,1.1416643195682101,2,14,0.3381317624754841,1.5900085823876517,2,21
68,0.2449906881705815,1.0241263538599015,2,200
69,0.343462706285195,0.31805087490515277,2,44,0.02378984383218313,0.5966610088944435,2,124,0.26117701089145073,0.5754386484622955,2,130,0.025396412666337798,0.5824674463697842,2,158,0.33416622865396434,0.29926708056813195,2,200
70,0.24593082305928268,1.1146381845076878,2,24
71,0.35831572978035414,1.6204736828804016,2,56
72,0.31275002863679435,0.8293631708621979,2,200
73,0.17380458874919796,0.976256400346756,2,4,0.04472673825855395,1.0333100911229849,2,68,0.2811002092687343,0.9477630190760176,2,175,0.0360193798328701,0.8671326994895935,2,200
74,0.053912773647380514,0.7665443037237439,2,14,0.24829875281786482,1.0203057057420972,2,85,0.017858865883361774,0.38023805245757103,2,101,0.20178740574553453,0.900820043683052,2,121,0.0190091099177807,0.6997876358883721,2,149,0.24400865480792724,1.025290807088216,2,200
75,0.27438466454975985,1.0334474271535874,2,200
76,0.34292698739707017,1.6517935304930715,2,66
77,0.35786395556305345,0.9817131570741242,2,51,0.05903848049029466,0.8769816855589548,2,75,0.30830640885591204,0.9847264109917406,2,128,0.032865101976756794,0.9488618638780382,2,146,0.2884117408396718,0.9027809423428995,2,200
78,0.3166493645927055,1.2079348456664163,2,122,0.01933835392130549,0.577522916926278,2,140,0.2732731558401945,1.2160972880154122,2,181
79,0.24698583686438896,1.2381434803423674,2,69,0.029691177379793373,0.468633141052925,2,128,0.2930923605297527,1.1948442955811818,2,200
80,0.036350815306446196,0.6720920046170552,2,15,0.4134063728220568,0.9435964822769165,2,46,0.05070523673371416,0.9909557104110718,2,68,0.28931014804600014,0.9306536685852778,2,89,0.042770426123410525,0.927268082445318,2,122,0.1590707829974499,0.9152312576770782,2,132,0.017269458012898024,0.5208085497220357,2,147,0.34265527849367666,1.0413415545508975,2,168,0.032849799661132675,0.9787753861525963,2,197,0.5264541448878396,1.164439082145691,2,200
81,0.2944934366685477,0.7356319535862316,2,22
82,0.2822710774057243,1.1098140199979147,2,60,0.024092632873405084,0.5648492311730104,2,94,0.05668799072247432,1.0246248145898182,2,106,0.35617472995481275,0.8438232213258743,2,126,0.028889274291004175,0.6490322602422613,2,145,0.29864171473603307,1.1203823272998517,2,158
83,0.3043757788798406,1.2964319906736674,2,95,0.27323319845424626,0.6338258236646652,2,107,0.3125861558664623,1.3430018109433792,2,175,0.01088944866262934,0.5251458489894867,2,200
84,0.3571937918305689,1.0111927756896386,2,26,0.015469621771202898,0.6815523472097185,2,35,0.34901430847155096,1.0649178244850852,2,200
85,0.26311744255668,0.7805654592812061,2,32,0.04431617670789502,0.37644078969955447,2,57,0.3082963488240237,0.4685761034488678,2,90,0.013466413106356044,0.6900048573811849,2,105,0.22180392646222244,0.5488836765289307,2,109,0.02768570635156805,0.672380288441976,2,124,0.28194986552939577,0.5646010449058131,2,200
86,0.23936284707356786,1.0964924428773963,2,115
87,0.2391761798558443,1.2401949270018215,2,174,0.04329860900095256,0.989278875864469,2,200
88,0.26374343956053653,0.9756789568066597,2,200
89,0.2808764636686381,0.8015575733254937,2,68,0.019559527372107192,0.27837926149368286,2,93,0.33791035679387144,1.0051576922921572,2,178,0.05343277010297207,0.41261848265474493,2,200
90,0.32062522211845923,0.7505419594900948,2,7,0.027343884700176294,0.8762672543525696,2,30,0.24935225296600042,0.7785263773129911,2,128,0.029599570472683964,0.9751968794855578,2,157,0.2785698971039664,0.9565868349962456,2,200
91,0.272525183766875,0.7421706179777782,2,30,0.027569748475860953,0.869959465094975,2,44,0.2750260658858428,0.7772723819528308,2,86
92,0.2616317192715699,1.1975229436159134,2,200
93,0.17987670894686103,0.6806446439341495,2,19,0.08116064975235658,0.9179985878315378,2,66,0.023598134449020806,0.3794835450557562,2,92,0.247944612215301,0.7501374933777786,2,174,0.029909902241053072,0.8538436545775487,2,200
94,0.3096697632585475,0.41374417459755614,2,114
95,0.25817522794752157,0.43065725177526476,2,200
96,0.3288118124305045,1.25109688565135,2,32
97,0.35365510922408605,1.0912815711715005,2,22,0.03416273358186588,0.8529040948911146,2,44,0.3016154295400606,1.0515218404836433,2,130,0.013807732429034958,0.46499297661440714,2,144,0.21980916083368973,0.3858073651790619,2,158,0.3328411404647202,1.1077894965807598,2,200
98,0.3207678120171346,1.6644066207938724,2,36,0.06791350551080313,1.6820487280686696,2,48
99,0.3161659739320594,0.4652641819417477,2,200
100,0.2833432697808957,0.7204737454129938,2,57,0.04124614146809411,0.839348683754603,2,75,0.30409091799399157,0.7080748169510452,2,183,0.059757088642260626,0.64782175246407,2,200
101,0.3315617674704991,1.0222277618371522,2,52,0.01707870377572541,0.9167842666308085,2,76,0.3730650372745802,0.9048103570938111,2,86,0.040748267398895206,0.7174598842859268,2,106,0.3106670728542781,0.5011595835288366,2,112,0.026151823929715455,0.5851625645160675,2,162,0.3159355454995596,1.2856947779655457,2,200
102,0.4445409030769078,0.6350929055895124,2,7,0.019630439449592,0.3558657492200534,2,31,0.21757079357886583,0.8635821167160483,2,48,0.021471555751723565,0.2988231146335602,2,73,0.20179729847775166,1.1429753219048808,2,200
103,0.26759367841630105,1.5776880182177815,2,151
104,0.3212280913721405,0.7659094816397044,2,121,0.1339533943183306,0.8145130509510636,2,185,0.37750818427621574,0.7369550426801046,2,200
105,0.3690980915934868,0.9202626101554386,2,63,0.021187984202468754,0.6285961310068766,2,93,0.046329233909665105,0.6053209877931155,2,119,0.3045492181151708,0.9725758175791046,2,200
106,0.3237069254040546,1.4606016306650071,2,21
107,0.2028524623107025,0.9929692926614181,2,69,0.022467233935609614,0.6814398729439938,2,102,0.15715439784484359,0.9272445280637059,2,158,0.0576374694180657,1.1045086582501729,2,170,0.2779797820879346,0.9985243042310079,2,200
108,0.18826216697246193,0.9249900914728642,2,32,0.06111963465111191,0.7090812250971794,2,48,0.32852316389157554,1.107886207385326,2,175,0.09799492083286819,1.0161406795183818,2,181,0.014318693391894287,0.5295803735130712,2,200
109,0.04177549064830196,0.6247716200351715,2,50,0.18975092191012347,0.9757780998945236,2,130,0.02579678830521165,1.0429297902367332,2,152,0.22672519974468985,0.7638813907449896,2,174,0.027604034240139318,0.5996395211953384,2,187,0.08748263172071999,0.6414220287249639,2,200
110,0.0655979218012623,1.012109637260437,2,9,0.2630117551451384,0.5928385679700733,2,122,0.029353384210187586,0.7456544467381069,2,136,0.2365902344960658,0.6360091213136911,2,200
111,0.35197064010615653,1.256790492269728,2,27,0.047883822581654,1.0903365991332314,2,49,0.295255013054827,1.1564050210232766,2,200
112,0.36244459955982106,1.0032868446447911,2,117,0.024366301370642517,0.5702858599168914,2,145,0.27915929889255714,0.9562895048049188,2,176,0.026730039713585434,0.6931984284344841,2,193,0.35902246470501153,0.9150015711784363,2,200
113,0.2431532562991159,1.3478072130680083,2,200
114,0.34105415986610527,1.1231768906116486,2,20
115,0.028170645328428327,0.7372138182322184,2,15,0.3163027474789117,0.87938309618921,2,48,0.06068701205153029,0.9344302307475697,2,70,0.3118515659206596,0.8031656242333925,2,200
116,0.33747711638547434,0.9849437574545542,2,156,0.06329722513193291,0.44278051058451334,2,171,0.28124810725321014,1.0558129440654407,2,182,0.030110499698392752,0.6410667929384444,2,200
117,0.41287136438498434,0.32278798307691303,2,7,0.022904259205338378,0.08648646622896194,2,31,0.29676956135187965,0.6653950844819729,2,83,0.06270405740589526,0.7834906578063965,2,96,0.3344660409817591,0.6903292817565111,2,200
118,0.3256976367680674,1.3833513351587148,2,39,0.09118283721952988,1.0204238163100348,2,57,0.04060481329508545,0.289891853928566,2,74,0.2834786954520607,1.088027784967015,2,191
119,0.3157770322841132,1.4470047280192375,2,48
120,0.27512694723819214,1.4668306559324265,2,24,0.06519066530460667,0.7011892462180833,2,83,0.2663203947457743,1.6769461010256383,2,200
121,0.286508527679659,0.7303121447563171,2,30
122,0.29812557955337654,0.9529588052204677,2,98,0.01819062617168394,0.6345008055369059,2,113,0.28381257395159715,1.0143727146345993,2,200
123,0.23345161818193652,1.6090243275348957,2,26
124,0.3150889795386517,0.7583017535507679,2,16,0.03693880310892585,0.7371485956379624,2,77,0.2131197308809659,0.6471549272537231,2,86,0.03312533965992416,0.8251651128133138,2,107,0.33632413395047334,0.7279055093725523,2,131,0.051112433284395346,0.8332832132776579,2,155,0.19068033071181553,0.7262793495541527,2,176,0.3901672115247015,0.5793256734808286,2,200
125,0.3513851356597831,1.1668386181195578,2,90
126,0.28193699819152074,0.6710212156176567,2,56,0.052695710383205245,0.7544596170385679,2,80,0.2696708686553683,0.5393330752849579,2,100,0.02336782423735994,0.6909194000256367,2,178,0.2199657269588408,0.7887322171167894,2,200
127,0.274206590549636,1.617693262856181,2,82,0.032064147053268814,0.7071905434131622,2,94,0.2744909893996644,1.6143935715898554,2,141
128,0.2792731687511114,0.4209472636381785,2,9,0.02370277082352544,1.1146703511476517,2,17,0.23780371954490204,0.4704881336099358,2,110
129,0.23396545956416293,0.2578726843480141,2,62
130,0.3064454822214799,0.31196120152106654,2,13,0.03541429432622648,0.5065760711828867,2,28,0.2774413511076145,0.6679241443580052,2,81,0.1482888815059098,0.6963587263051201,2,98,0.05029990676039119,0.7304006008540883,2,115,0.35209965462117826,0.8004530485938577,2,200
131,0.2982751320289547,1.4038854589064915,2,24
132,0.29184423049404806,0.7247356109365204,2,169,0.01804471658349459,0.1358534600585699,2,193,0.14691035399721752,0.13491638217653548,2,200
133,0.2829457415193426,1.6281451409862888,2,31,0.01488106216856626,0.3361168345436454,2,47,0.25181403065271274,1.6471382514485773,2,100
134,0.30070419163230233,1.0741074442863465,2,30,0.01995780084482364,0.18370372967587578,2,48,0.31476645749902143,0.5143596247622841,2,200
135,0.27970850128668506,0.7132050475996473,2,184
136,0.2527554845330315,0.3914972171187401,2,4,0.021282383660647462,0.6224938233693441,2,13,0.3439599457245052,0.5149670034646988,2,53,0.033286418255529436,0.8006735034286976,2,85,0.26300343424198186,0.35887334109788915,2,168,0.05540605447363569,0.43234778692324954,2,180,0.2777747342664391,0.36819795817136763,2,200
137,0.24279662985976527,0.8210861169629626,2,36,0.04586968397260766,0.8772789673371748,2,47,0.32794885341065644,0.7394895553588867,2,58,0.07205026759051637,0.9469822283302035,2,86,0.05205376434170015,0.2846087583651145,2,110,0.23797326456667042,0.6696309467156728,2,200
138,0.28811026005792484,1.1076612544059754,2,200
139,0.1502184921241272,0.8416148032993078,2,32,0.0291824630796224,0.6831361532211304,2,47,0.30230272422458493,0.5909143640444829,2,60
140,0.23277645121908844,1.6891822967418404,2,86
141,0.2921424143030018,0.4311175804871779,2,130,0.03126118873195653,0.8601580202579499,2,140,0.39670287513393576,0.5725249363028485,2,186,0.032692805706547846,0.6726669541427067,2,200
142,0.2265744132213296,1.1843391858925254,2,59,0.025096878460239447,0.4652792654931545,2,99,0.3031322293291896,0.5023649632930756,2,102,0.021864833204295924,0.4820414809953599,2,123,0.20947174423481826,1.1513910826216354,2,170,0.10411135081983036,0.6600202592936429,2,181,0.04120372295794021,0.7257888285737288,2,200
143,0.27776224811891215,1.1207085032212107,2,38,0.05523674445593549,0.7810073701871766,2,110,0.22466724077631342,1.2177422699474154,2,194,0.07613043633696509,1.2737188537915547,2,200
144,0.3367405913601142,1.100925862789154,2,4,0.017821006824525216,0.33288829442527557,2,40,0.2594649320377413,0.3313391018997539,2,51,0.022159168267551006,0.30815482199192046,2,76
145,0.2304721010985108,0.6959830986128913,2,72
146,0.27021502696950545,0.7241975927352905,2,25
147,0.35281893176439433,0.6879242580869923,2,23
148,0.2683614929822302,0.6516882327138162,2,49
149,0.2478002582307213,1.021232993979203,2,57,0.04248575824216398,0.8931778205765618,2,75,0.10316353763586768,0.9166188020455209,2,113,0.17558585493441156,0.9162831013662773,2,170,0.03150461091420863,0.8771807968616485,2,200
150,0.2790592640238821,1.364907363653183,2,200
151,0.3152278768238087,1.365078330039978,2,10,0.032529052930513745,1.3944794982671738,2,18,0.31992006551624663,1.2591338929008036,2,35,0.017586602185461667,0.06026200543750416,2,79,0.1405133523024123,0.40370923777421314,2,82,0.016620762779938028,0.10692976911862691,2,100,0.49040513190874996,1.5118350386619568,2,106
152,0.2079392655008244,0.5869977190381005,2,21,0.03277455745210148,0.8407885219369616,2,35,0.24763206174442332,0.8037578512211235,2,84,0.029106125419022227,0.4965891750847421,2,125,0.28385460636803,0.7530883955955505,2,200
153,0.4162073162461558,1.6115769147872925,2,9,0.015060213264248192,0.17189568210215794,2,30,0.18006347079947796,0.4119311769803365,2,33
154,0.30772948454290466,1.4272372236958257,2,27
155,0.2297765358173511,0.9614527195692062,2,200
156,0.4147345580914288,0.46860409528017044,2,4,0.02809789427865284,0.5890925175377301,2,60
157,0.23724986923614125,1.5823598146438598,2,15,0.04677632728876208,0.2516288608312607,2,30,0.13462831288564547,0.6824955642223358,2,33,0.3377823662907672,1.6183222598499722,2,69,0.018093452986204954,0.46082620082363007,2,100,0.32758608615734397,1.547759267091751,2,200
158,0.029365291708409732,0.981077858379909,2,7,0.20070427659092094,1.003915786743164,2,15,0.01847845052146268,0.7105720573001437,2,24,0.31665906646833136,0.5088858703772227,2,33
159,0.2744278093498898,0.9804980258146921,2,24,0.020941703638344654,0.2298289815133268,2,46,0.2652444978617389,0.9663115607367622,2,64,0.027418747848699618,0.22992356653724397,2,92,0.35922164075943774,0.9275949761575583,2,190,0.05017327089784367,0.40814860016107557,2,200
160,0.35233699444419536,1.260262680053711,2,40,0.010853043137037435,0.24413036594265386,2,59,0.22772652591642964,1.288345217704773,2,200
161,0.24997719855714026,1.0799239733639885,2,51,0.02510635979812503,0.3573667049407959,2,71,0.2248205547381402,0.9428449111391407,2,200
162,0.24934320077990224,1.061718722002222,2,109,0.023367379645467118,0.4257962641616662,2,133,0.3253313916798691,1.0866917247202859,2,200
163,0.3006429461981961,0.9448765456676483,2,30,0.019864269243317873,0.4886640285452207,2,66,0.3092403387334527,0.5444389581680298,2,70
164,0.03324474479280001,0.12381210803985596,2,25,0.06706797765955178,0.8239571518368192,2,34
165,0.3184279648038128,1.0998004095894949,2,35
166,0.3525878930813322,1.062288522720337,2,26
167,0.380538567317997,1.1562917629877727,2,3,0.0313614917218976,1.1646512576511927,2,10,0.3642273838344208,1.1354582887707334,2,43,0.025005263200220038,0.6279287424173441,2,154,0.04481684887679901,0.6242546361425648,2,200
168,0.2602751010663376,0.7103448130336463,2,102,0.056613316122957696,0.7574746443165673,2,120,0.014483430317755043,0.6923030138015747,2,135,0.05706608240657052,0.7994689253660349,2,148,0.2144987318048891,0.6205907024835285,2,167,0.02837241262055883,0.7621160626411438,2,187,0.13063308751137698,0.6729935315939096,2,200
169,0.34143503881859777,1.362724013444854,2,82
170,0.2696763492435018,1.2864697120957456,2,59
171,0.051086305318216056,0.2794093855402686,2,22,0.329380288865082,0.5217905002832413,2,72
172,0.3572394656241404,0.9494607283841425,2,199
173,0.2897717051121768,1.1154468252852157,2,37
174,0.1213271694045781,1.3419389605522156,2,20
175,0.26702642807634375,1.0748487548394636,2,22
176,0.18755220416469512,1.1641957001252607,2,22,0.08570968473990392,1.1614057282184034,2,69,0.19780525455651593,1.1595647953174733,2,96,0.07545335350376071,1.2789019809828863,2,114
177,0.3264362279448904,1.0933292267615335,2,57,0.03498073932179831,0.14869964867830276,2,75,0.27982092446901635,1.0741047418280825,2,148
178,0.4307909299906764,1.2671691237426386,2,41
179,0.252175888897534,0.793801815211773,2,200
180,0.22040313971002737,0.5950926807191637,2,9,0.039121080908138164,0.6231311273574829,2,34,0.29966097352510074,0.787677230964224,2,200
181,0.35921143214829004,0.880798291741756,2,57,0.028931387431752373,0.9419688880443573,2,65,0.3405075766863473,0.8256775154007806,2,200
182,0.2837149479358707,0.9140462980165587,2,91,0.018622156579728405,0.7631438374519348,2,106,0.017423073452119214,0.7149994189922626,2,119,0.32484992062436385,0.5577077317385026,2,200
183,0.26338551726926135,0.9458484119839139,2,9,0.024800161907208663,0.8679291407267252,2,51,0.16761304514205463,1.1137885294462506,2,70,0.016424248604220735,0.8198342386044954,2,89,0.289642169702791,1.2923893409390603,2,151,0.17595181431929163,1.2219111578805106,2,200
184,0.11973443319334551,0.7812825050204992,2,64,0.3106964005344738,0.9816598787027246,2,200
185,0.29219555541733394,1.286804782019721,2,9,0.06253152260563824,1.0891202828463387,2,26,0.25644159524818916,1.2345323801040649,2,36,0.05459091605600472,1.0355424880981445,2,51,0.2600878760172259,1.174311775714159,2,83
186,0.21797658681414778,1.089654968410242,2,122,0.04392569641779975,0.7002153439181191,2,136,0.20842638057490498,0.9744651660774694,2,169,0.01883243008299028,0.7074498732884725,2,187,0.25108710001622014,0.7565981944402059,2,190,0.05115910878857179,0.8478761315345764,2,200
187,0.3249911811781205,1.0324740012486775,2,15,0.041534883373335246,1.0322104930877685,2,20,0.33562611233989487,1.0600139498710632,2,36,0.10814161410294107,0.8696093127645296,2,65,0.0392696408326281,0.8489393318692843,2,89,0.2366304759009706,1.133092999458313,2,109,0.028290531351817638,0.747920881618153,2,120,0.174133927941477,0.852352746071354,2,182
188,0.2751498463229044,0.7689321268172491,2,63
189,0.2603470643432918,1.3571608209609984,2,200
190,0.2649270596958457,0.7364536660058157,2,70
191,0.16993583011262947,0.9702871056164012,2,17,0.054002315378307165,0.9978830473763602,2,45,0.037101116107109706,0.6187887476838153,2,91,0.23171609106689667,1.0711939345806016,2,200
192,0.2734187833760956,1.1488305637913365,2,124,0.06602266499824413,0.9111987054347992,2,146,0.31137642316176223,1.1027827616091128,2,200
193,0.2732551713693346,1.335430789584956,2,121,0.06782146626794318,1.126735461063874,2,160,0.2833926417825063,1.2209257364273072,2,200
194,0.22382315285124715,0.9526109675566355,2,60
195,0.2471135131959038,1.4149441610683093,2,11,0.10112774259902403,1.0953441138068836,2,59
196,0.33233081666915415,1.5024918805469165,2,44
197,0.2679431029635659,0.9493124891411174,2,22,0.020398324522561604,0.8136665257540616,2,77
198,0.36386682015799826,1.093678979769997,2,46,0.02619066344793451,0.2907642418587649,2,73,0.34135284305679225,1.0227396965026856,2,83,0.06943172777053205,0.885064843822928,2,100,0.27538059867738074,1.0977578825420804,2,109,0.028388290980211634,0.829309098098589,2,178,0.030339650658447577,0.5197356275536797,2,200
199,0.3076964851254288,0.8652624090512594,2,3,0.01830115863127405,0.508652728337508,2,16,0.5471666662382952,0.935548050062997,2,30,0.019221021254002567,0.9829202639429193,2,49,0.2423538221121843,1.0591292847757754,2,72
200,0.37298200325138503,0.40059507886568707,2,9,0.04318929065662377,0.9408576821579653,2,43,0.33684491999247157,0.7520525635674943,2,86,0.02384616656053249,1.028493147629958,2,99,0.29446848654257396,0.41342013080914813,2,102
201,0.22460848114850598,1.058295448621114,2,90,0.02493247548118046,0.7305219070664768,2,119,0.3169478791302834,0.996827356850923,2,186,0.045686685035523256,0.2938849478960037,2,200
202,0.3802462320853438,1.0086501571867201,2,45,0.01889269171831831,0.7205181062221527,2,55,0.3817280096224519,0.9950164178061107,2,181,0.027033771421945213,1.112524440414027,2,200
203,0.08061306295854821,1.2331778518855572,2,32,0.2897777984098546,1.2603777804464664,2,85
204,0.3699503647807119,1.090149158781225,2,22
205,0.46499833047259953,0.8945207685232163,2,20
206,0.23551219810895374,0.9960009240779747,2,147,0.02760522507199015,0.6577684183915457,2,159,0.21911988866188803,1.0211176377970999,2,200
207,0.319044853274625,1.0821642467850132,2,38,0.03728444169056339,0.544388481660893,2,76,0.19868526379808282,0.8713279041376981,2,87,0.04338960347654847,0.4549699202179909,2,103,0.2276276426872887,1.0618417505490578,2,162,0.21888035143652784,0.5705117828705731,2,179,0.06966618589169765,0.5380090872446696,2,200
208,0.27027835224480545,0.874688933877384,2,34,0.042396162636206935,0.67843104794968,2,77,0.32978824646940974,0.8862553570005629,2,86,0.027240287378573667,0.4271903998321957,2,104,0.29872212867920467,1.4076359122991562,2,112,0.022276799713203156,0.11911892178265945,2,135,0.38358376056950494,0.8972937047481537,2,145,0.02304931644128208,0.4361339608828227,2,163,0.2688863283190597,1.0596640528859318,2,200
209,0.27372685565015115,0.26555550284683704,2,8,0.049546716542276874,0.8826673477888107,2,16,0.3212482520152091,0.8112764669501263,2,200
210,0.40492884920492883,1.1804702772813684,2,119,0.022231916558677352,1.130846408697275,2,132,0.3392819994315411,1.1991120328505833,2,156,0.015136065678562665,0.47462090331575146,2,179,0.4541909603007063,1.2850453683308192,2,200
211,0.3729041873554588,1.193753680517507,2,43
212,0.23843969745004973,0.6295617878437042,2,40,0.07437386259577931,0.6837826371192932,2,58,0.24180613303125434,0.6425294196605682,2,158,0.04424556363935385,0.716547362944659,2,175,0.20236165738289466,0.7224160075187683,2,200
213,0.3634835838836196,0.8742988603679758,2,76
214,0.3350490552434728,1.1052281936009725,2,90
215,0.3904978947453507,0.4509512012203534,2,12,0.021334211103686544,0.43430858850479126,2,32,0.24712695580822983,0.8518001309462956,2,46,0.054042082046538195,0.978237584233284,2,54,0.35829750491170154,0.9977258230958667,2,82
216,0.26747339369713796,0.9458146338323945,2,103
217,0.40068629961356605,0.30300022661685944,2,4,0.026090756317378047,0.6497199892997741,2,24,0.23280615586354658,1.1392954284861936,2,83
218,0.42464232395364904,0.6254477798938751,2,4,0.030259389536428368,1.1567367699838453,2,66,0.23847479953118217,1.2004704342948065,2,102,0.0141125273749933,0.9986162847942777,2,111,0.06453750997470321,1.0505276237215315,2,118,0.26692466015983246,0.98291515602785,2,152,0.25269674338568565,0.6239620692589704,2,186,0.10462189892788679,0.5657571724482945,2,200
219,0.22959109639653108,0.9556281987358543,2,34,0.028755354097908283,0.5561940939653487,2,55,0.23829587245573805,0.803382433950901,2,119,0.021125914649639782,0.7424206935442411,2,184,0.3204624210599088,0.7109673097729683,2,200
220,0.2469030629387534,0.878274406601743,2,82,0.02426546025042237,0.2849496958984269,2,100,0.3744589118726679,0.9603307560870522,2,119,0.017576745611820984,0.9336255235331399,2,133,0.21202161146819617,0.786224119041277,2,156,0.023111403032372694,0.8120973291604415,2,179,0.27313075519111174,0.739179477805183,2,200
221,0.3079116014732158,1.4210384915272394,2,120,0.028441255178156086,0.7240761064347767,2,162,0.25887383377989276,1.3622687270766811,2,200
222,0.26020995394220725,0.9079433679580688,2,41,0.02298500783118774,0.5485919912656149,2,56,0.07039550447361549,0.7898327140581041,2,77,0.27655074597650425,0.7518063892017711,2,88,0.015005110538795007,0.24053448107507494,2,106,0.24168443740589418,0.8766326129436492,2,196,0.07028749757926255,0.9128745496273041,2,200
223,0.21066676542836998,0.7009650667508444,2,9,0.02157155911719064,0.8138191533088684,2,34,0.2774790559321926,1.117554887603311,2,119
224,0.3589014530202805,1.0787318050861359,2,60
225,0.31830881966690644,1.593036898229488,2,189
226,0.3560475121046059,1.0341014000209603,2,148,0.2014998982289509,1.0256288051605225,2,171,0.06927390879184457,1.0816747237896096,2,200
227,0.28038258897881135,0.8196696329662818,2,131,0.04434210854940032,0.9525507734372065,2,157,0.11683307499265434,0.9060171587126595,2,171,0.032058611466819556,0.9574930045915686,2,194,0.27613867123911645,0.9935061534245809,2,200
228,0.22748243966550494,1.3319220926329407,2,171
229,0.3078068688620443,1.089559613403521,2,190,0.03146454545184902,0.5044725477695465,2,200
230,0.30332957228309243,1.0640633350610733,2,200
231,0.4472238032007097,0.7505254596471786,2,4,0.03533649391315246,0.6610497275124425,2,50,0.2229954203654691,0.8893304262842451,2,85,0.08872093716839993,0.9044867919551002,2,103,0.35044723262986643,0.7249385317166647,2,127,0.02766461916089923,1.0497177863121032,2,152,0.3641135542136966,0.5859697883327802,2,176,0.04650394080569483,0.6949499398469925,2,200
232,0.2613730290901195,0.6572549715638161,2,24
233,0.2862006823445108,0.8416470751166344,2,200
234,0.27287962358981765,1.0931064546108247,2,80,0.04657484234939273,1.1027269512414932,2,88,0.2708490753839026,1.1195379922639077,2,155
235,0.28759364763556866,0.9174747216701508,2,200
236,0.3227346338559751,1.1794182856877644,2,30,0.029919714084809142,0.796625432514009,2,51,0.37080764847078823,1.105696940422058,2,56,0.03534469197326997,0.6182177270331034,2,97,0.3469331783444721,1.1580942323867311,2,191
237,0.2503186159376806,1.337097051192303,2,147,0.05084095186027475,1.1948792537053425,2,159,0.2228278930475416,1.3700238262734763,2,200
238,0.4359736112762632,0.8857031861941019,2,39,0.02339888100083235,0.9623542204499245,2,47,0.2614962617884232,0.9732452697224088,2,65
239,0.3260617943624046,0.7663137674331665,2,90
240,0.32685203190164347,1.5012850350347058,2,58,0.025414004955094896,0.31149707436561586,2,73,0.2760030792171726,1.5219158002699928,2,160
241,0.23302589468452842,1.0392541415416277,2,104
242,0.2636502262420395,0.701062349827735,2,91,0.027113806508560035,0.7613773804444534,2,104,0.06765697776846988,0.7464887280213205,2,123,0.2566067195371104,0.7248731928986388,2,200
243,0.3219161762613098,0.7333274537866766,2,11,0.054851584864524475,0.7824518409642306,2,33,0.2582725928045553,0.7643870696609403,2,114,0.03635792826244879,0.7944399383332994,2,123,0.30632519618101034,0.7555643047605242,2,158,0.0696718509060733,0.6013066814495966,2,171,0.2582139377535729,0.845444224097512,2,182,0.05048025841150388,0.88786271876759,2,200
244,0.3088047419149478,0.5821691343658849,2,19,0.03800969919514168,0.8524648512785251,2,71,0.2766285522731204,0.8176126134011054,2,133,0.033411626184843245,0.8767694518679664,2,154,0.3133326481274755,0.8667430890643079,2,200
245,0.3864970264884114,0.9458330333232879,2,40,0.06244340107370535,1.0266777873039246,2,70,0.2554652663076839,0.9353799025217692,2,88,0.05093778856483909,1.0081567466259003,2,96,0.30716399158889385,0.9213465625239957,2,158,0.06257880273381827,1.174122366640303,2,176,0.31832206065183194,0.8586389447251955,2,200
246,0.035415391596092555,0.6405569769087291,2,21,0.31489497618862355,0.984144987340746,2,200
247,0.2509673927313095,1.4701725129897778,2,104,0.02175193252654601,0.4862887625183378,2,118,0.2184091645756575,1.4624900212654701,2,183,0.04319270329042804,0.18880952281110427,2,200
248,0.2913478539972368,1.2130909363428752,2,21,0.050283838840589526,1.0892014155785243,2,69,0.2268418726701535,1.232881040284128,2,135
249,0.2711057893895865,0.8938270342350007,2,200
250,0.2997512715875742,0.9141806739603164,2,173,0.05869323874522695,1.0604737025720101,2,200
251,0.2559257800825083,0.7766379696130753,2,200
252,0.0313012916678485,0.36899255712827045,2,15,0.27443866369297454,1.3280906418095464,2,38
253,0.3933452382847501,1.5096754005977087,2,7,0.02201170798375754,0.9967136484820668,2,48,0.35107205526638824,1.4486838844087389,2,57,0.03860396248815955,0.9847227701774011,2,70,0.22256546997438528,1.3627855976422627,2,82
254,0.23051023941865148,0.6991251111030579,2,52,0.02670628869758999,0.809290257592996,2,76,0.32130679896835207,0.6132716983556747,2,88,0.04870700292124956,0.6412199934323629,2,106,0.3223476908723507,0.563159833351771,2,112,0.03443983762804246,0.5810941691492119,2,163,0.25131549895297894,0.6868979963096412,2,200
255,0.054481985499931426,0.24198667984455824,2,16,0.3688483552371267,0.8541432080730316,2,47
256,0.30378096483286066,0.49314815998077394,2,40,0.017266912943676247,0.3197311107069254,2,56,0.39919552216351767,0.22195492455592522,2,69,0.009450607242954448,1.0007451176643372,2,75,0.18140155074712336,0.5228231457563547,2,88,0.012992303712178164,0.18708235025405884,2,106,0.37407651867311087,0.6178858901592011,2,200
257,0.23664508662497288,0.951324982047081,2,200
258,0.3357873965718721,0.6729352749311007,2,13,0.045930662299551776,0.8312581777572632,2,27,0.31453411399635384,0.6049385326249259,2,34,0.045596819511090424,0.7403115843023572,2,48,0.32308283072358734,0.6882575236517807,2,77,0.028030222301782762,0.7709970425586311,2,126,0.34697799656077943,0.9026366246713174,2,200
259,0.3008569807211813,0.3575223980483061,2,161,0.02574616912719025,0.4942483035000888,2,194,0.17326585512753429,0.2850916385650635,2,200
260,0.29243706216728427,1.240779333644443,2,9,0.0233089092054374,1.253917898450579,2,16,0.29155541009921626,1.2525760065764189,2,144,0.021048047476103234,0.8926939581121717,2,158,0.2288768202661043,1.2680244871548243,2,200
261,0.3019605255716675,0.7201613050699234,2,200
