0,0.28027715924476704,0.43970698073506354,2,200
1,0.28073361863821916,0.7751844266040177,2,177,0.019803564043228302,0.17488613352179527,2,197,0.9717493239895336,0.607751746972402,2,200
2,0.28205313179992403,1.0060832301775615,2,9,0.02016842127839451,0.17332502875639044,2,32,0.2157593414871674,0.22758867032825947,2,40,0.01804276732520226,0.16124878504446574,2,54,0.27824082331278704,1.1371985132044011,2,76,0.02269051350588127,0.211884253192693,2,140,0.05898940050477244,1.05265944092362,2,167,0.31384398262880775,1.0888336571780117,2,200
3,0.06039400424904767,0.8955409467220307,2,60,0.29333358100250556,0.15078072673217816,2,148,0.16320215447628733,0.28417472789684933,2,154,0.12479729805941761,0.7332821896542674,2,200
4,0.31436568884823296,0.4382598102092743,2,9,0.05711078254899505,0.43047586977481844,2,29,0.3331891514736182,0.3468414668799841,2,200
5,0.2867598756450403,0.6830697809496233,2,31,0.03245001352404675,0.7067602723836899,2,43,0.2510320192100689,0.6050791343053182,2,52,0.04886920036859297,1.0845089515050252,2,67
6,0.246156208793639,0.8551984086181178,2,33
7,0.25357180406784663,0.7461866676807404,2,40,0.01876483908674378,0.9142146930098534,2,48,0.37982540681376625,0.6695877955510066,2,61,0.046774781180437326,0.4275185565153758,2,82,0.2732157099529055,0.7941633387137268,2,200
8,0.2612581774181996,1.6920013442183985,2,165
9,0.2847919928341808,1.0203868679378343,2,115,0.01306965658652031,0.9122801065444947,2,125,0.28632405724290827,1.1485515213012696,2,200
10,0.3239593592568792,0.9898188054561615,2,200
11,0.22829233531879575,0.8861327186226845,2,200
12,0.2935084424565484,0.5785517728328705,2,200
13,0.2898299319195055,1.1557686313798157,2,79,0.02344002819800233,1.0386597243222324,2,90,0.28274103762438013,1.2426415450537383,2,157,0.018436429710994035,0.7277035576956613,2,192,0.37928948497867493,1.3285094201564789,2,200
14,0.3119371832590598,1.0285380528523371,2,13,0.04893583595354985,0.5621096955405341,2,22,0.23850141912525905,0.9712198349562559,2,44,0.02777399033478338,1.0806053280830383,2,52,0.2736034580114386,1.0015153408050537,2,57,0.026923087684663262,0.6299278338750204,2,66,0.19333551069798086,0.9463546977323645,2,83,0.02300787807184347,0.50421946034545,2,125,0.2859647735149171,1.059893069267273,2,200
15,0.3134693288478679,1.26758985302665,2,55
16,0.03453389456529681,0.9596081097920736,2,30,0.12222663525911345,0.9741240819295247,2,45,0.019127069514882286,0.9876619521961656,2,88,0.2740447027687246,0.9783229966248784,2,200
17,0.08934830590883913,0.7354102568192915,2,33,0.22718969694704083,0.8171044784391711,2,200
18,0.25283291856334417,1.2985070292596463,2,108
19,0.31514253853755886,0.749303020279983,2,29
20,0.12233486763282791,0.9515241272747517,2,16,0.20957662824167997,0.32153008253343646,2,47
21,0.26222594201241317,1.061614478826523,2,200
22,0.27849816264997457,0.7370252563403203,2,13,0.02181677548795821,0.8762832482655843,2,22,0.21996586006556515,0.8114391565322876,2,44,0.07379917598506676,0.8213729424910112,2,66,0.22044541161110667,0.7985394686460495,2,86,0.021577199161863347,0.7089281632350042,2,125,0.3518071665596174,0.8660263689359029,2,200
23,0.17739816677475542,0.08653125166893005,2,21
24,0.3004676190011785,1.2174580943199895,2,62,0.03183151509957039,0.6985679694584438,2,76,0.2239654163493474,1.1254836862737483,2,87,0.03542867149874964,0.9581126462329518,2,120,0.2391395174155306,1.149813148379326,2,200
25,0.40016151372316416,0.9131910602251688,2,6,0.02168320691658836,0.16094546794891357,2,31,0.22047108521209344,1.0152137950062752,2,47,0.07063994454941847,1.0178223583433363,2,56,0.32745224743659707,0.9296304895764306,2,77,0.03237489942368048,0.9511099656422933,2,83,0.22660570537375263,0.8751094999251428,2,160,0.2615018897416082,0.5312857821583747,2,200
26,0.028596036499529888,0.7868679480606251,2,89,0.2931093287888057,0.8517918488647365,2,168,0.06409608607961965,0.9784628550211588,2,183,0.2579107631631809,0.8128569056006039,2,200
27,0.42137520603271167,1.4346527302706684,2,27
28,0.3639930782193716,1.729682617717319,2,9,0.13411709561103077,1.1958072639646984,2,30,0.3482589752685463,1.5895525772152965,2,161,0.08461036710372759,1.5177878907748632,2,175,0.39345491444551145,1.4219160652160645,2,200
29,0.3534913634075433,0.7915429279610917,2,37,0.03999859806043866,0.8313113344567162,2,65,0.20256007981352483,1.1153133417430676,2,84
30,0.37808362995139155,1.631447706222534,2,25,0.021368418094530328,0.5633486203245215,2,62,0.4531214844478295,1.60239520072937,2,67
31,0.2623731323693288,1.1538042978004173,2,27
32,0.4094888368345452,0.7696226914723714,2,30
33,0.2643053034637738,1.1889013013532084,2,124,0.035031576449009116,1.220440810726535,2,155,0.2676810023679947,1.2568401098251343,2,199
34,0.603975473838712,0.6541751861572266,2,5,0.030899908438446904,0.9033435925841331,2,45,0.06406638981198916,0.849497010630946,2,76
35,0.42744890601529767,1.1424094183104379,2,14,0.09586294710509514,0.7282130916913351,2,23
36,0.2683277492490656,0.7602772493111459,2,38,0.031106548353068447,0.6165277510881424,2,46,0.21821287893543576,0.6975617544217543,2,68,0.03594329705462588,0.7869748999090755,2,119,0.3191548755731579,1.039392575621605,2,143,0.02008514091399508,0.6999707172314326,2,167,0.045633346601284076,0.728509948534124,2,184,0.4141025470172272,0.848504226654768,2,200
37,0.26066113587112755,1.259904745713021,2,103,0.04237518435105377,0.7714902023216347,2,180,0.3401051559292643,1.4786569416522979,2,200
38,0.20348285350693568,1.2498769742339404,2,67
39,0.24630384336472785,0.7466400478567395,2,42
40,0.24763866879695742,0.8935177856021457,2,63
41,0.21308012461134349,1.1469753753571283,2,21
42,0.23393890833092493,0.7734934520721436,2,25,0.039692283339579235,0.46173022010109643,2,36,0.31913073899983846,0.7527028157597496,2,141,0.02492203134580001,0.5101656138896942,2,151,0.15807667459275224,0.44713251127137077,2,160,0.029091550788841455,0.6121472954750061,2,170,0.2785464168468589,0.8678375244140625,2,200
43,0.22637640828701647,0.9469624698162079,2,80,0.01783387536353673,0.9834794203440348,2,92,0.3400735116200053,1.0153481279100691,2,106
44,0.40141780474557537,0.9886303601726409,2,31
45,0.309941986115673,1.037713344891866,2,60
46,0.33803051865170985,1.2151985168457031,2,29
47,0.3274238303334019,0.895198303264576,2,182,0.062248887883050996,0.8178307546509637,2,200
48,0.39383572146657103,0.9045210957527161,2,10,0.02353856760096518,0.7078892469406128,2,45,0.25851224181390753,0.9546072432085088,2,197
49,0.10466499995419369,0.9133403499921163,2,6,0.01743081602923214,0.690329372882843,2,22,0.2635059841904242,0.8433128052882934,2,200
50,0.24569176209660787,1.09935505289427,2,71
51,0.27409421246414345,1.1099144220352173,2,62
52,0.30088273668500853,1.0928844389162566,2,190
53,0.2825411891481953,0.8132829092797779,2,105
54,0.2682695821578723,1.6446111996968586,2,6,0.037498403691606605,1.071618332862854,2,31
55,0.32071671152593334,0.4892734731065816,2,29,0.029279981844621748,0.7042399304253715,2,36,0.1387606181333661,0.5726222038269043,2,41,0.02370481816355265,0.7262269487747779,2,54,0.30145203932252007,0.5432079634987391,2,106,0.3366777133499056,0.37140845738608264,2,135,0.016285184012607576,0.20614411775022745,2,151,0.1584515060266941,0.2545078694820404,2,156,0.02277747044562529,0.33241079109055655,2,163,0.17433647532360413,0.31669431179761887,2,167,0.01913427806506982,0.21095264531098878,2,193,0.6960786191247029,0.881744989327022,2,200
56,0.1960809496836069,1.1911220967769622,2,20
57,0.3123683606235146,0.6976066708564759,2,200
58,0.3395266316943827,0.5378536780675253,2,6,0.01916028699645499,0.11188337087631225,2,31,0.28721698285905795,0.48687635806012663,2,125,0.033643389615478726,0.3115631652375062,2,137,0.2631339971872235,0.27854394794456544,2,200
59,0.29736429138802,0.8894985109567642,2,200
60,0.33427076143140444,0.7668162229657173,2,200
61,0.3086855736776957,0.7319275391101837,2,50,0.025637803908192477,0.8658477774886197,2,93,0.2901201247854755,0.5728127598762512,2,103,0.024013735042658538,0.8370294358049121,2,145,0.27883731553407143,0.7707241188396107,2,200
62,0.21973453424591316,0.23698479395646316,2,13,0.036735049185625694,0.8075616231986454,2,41,0.2758056069823372,0.578065719619487,2,200
63,0.23009004750238712,0.8446527247998252,2,134,0.031775019198592415,0.8288620042800904,2,184,0.41851230990878197,0.8279222622513771,2,192,0.10222171210791696,0.9354628175497055,2,200
64,0.16850032548095634,0.5123001105255551,2,27,0.01582215251573603,0.38853376870061834,2,78
65,0.20957495322008404,1.4469781466152356,2,46
66,0.3070520157423643,1.3032313157927315,2,53,0.038012760372139555,0.9688439965248108,2,70,0.3022237742776792,1.2539667758074673,2,81,0.03507289259464024,1.195038950443268,2,111,0.2847662029910631,1.3128962248144016,2,182
67,0.3069059915509868,1.2509186022421892,2,34
68,0.22950674328432397,1.2720103598712535,2,89
69,0.2797915998660407,1.3145268124503058,2,111
70,0.23352654791608032,1.7204264402389526,2,138
71,0.044225196399305625,0.11288232952356339,2,10,0.29535850022507454,1.0975342392921448,2,46,0.022381021985939,0.6831188135676913,2,55,0.15678026400977266,1.1045077698571342,2,62,0.020982620549586134,0.4892866814136505,2,87,0.293448639432409,1.108743544463273,2,178,0.018095776748504527,0.5772633146155964,2,200
72,0.3071878454345634,0.2965293763577938,2,200
73,0.3545920564815536,0.46585877878325327,2,14,0.02120027237234371,0.5247926144830642,2,45,0.05181615237422065,0.5210724150141081,2,57,0.25300640792631524,0.35981401346978686,2,162,0.022326527787358122,0.3532216509183248,2,177,0.2740099717845986,0.33627880137899646,2,200
74,0.24808631369373726,0.9644708049540617,2,49
75,0.333579878031469,0.7448175808787346,2,200
76,0.29268762924343006,0.29357656836509705,2,88,0.047500947416632036,1.383005369793285,2,99,0.25321527368785407,0.30766447537606306,2,200
77,0.27106575504789304,0.6656122574439416,2,39,0.02262299933903768,0.9272303183873495,2,45,0.28719496676428136,0.7365749142539333,2,116,0.02419450682533828,0.9438276688257853,2,131,0.36956187068391283,0.7332653015851974,2,151,0.027205641987623642,0.8152598696095603,2,165,0.28436292049324907,0.8541343467576163,2,179,0.046852492792413554,0.6970721483230591,2,200
78,0.30250095236970254,0.8660396256962338,2,37,0.036731779100570454,0.6096542569307181,2,50
79,0.03822068100691819,0.8924720310247861,2,26
80,0.042133659697193085,0.9784000353379683,2,22,0.17952042300665932,0.9443743030230204,2,28
81,0.024545624708649075,0.9108649904911335,2,13,0.2771158088097499,0.9866700331795024,2,200
82,0.27208971382607705,1.1930619776248932,2,20,0.055096699486596,1.1353939068623078,2,59,0.2943940723238582,1.2049943587996743,2,147,0.029929242664941187,0.8169800468853542,2,154,0.24338157050192988,1.2191297463748767,2,200
83,0.34261614566698356,1.4197819113731385,2,10,0.033463906653918234,0.6056759834289551,2,35
84,0.3297179332526767,0.8859809920901344,2,84,0.0442980998271792,0.703714927037557,2,99,0.3474951564104776,0.9616171967151553,2,185,0.04607557892714228,1.325412360827128,2,200
85,0.30683494480976875,1.0347098922729492,2,50,0.016908697024441068,0.9625720303991566,2,73,0.34462950257655317,1.034107904685171,2,130,0.18807543235300195,0.2659758999943733,2,138,0.07523162747980137,0.1992571594623419,2,151
86,0.2997199574441864,0.9446942011515299,2,99,0.024037520549513774,0.8084220010114004,2,182,0.30597899018070596,1.031418999036153,2,200
87,0.27789581861715584,0.6621117156649393,2,63,0.03131434527379006,0.46568697920212376,2,102,0.32703272569580155,0.8680232658982276,2,142,0.04873712011200121,0.8381927853280847,2,186,0.2354417040227463,0.6549525516373771,2,200
88,0.285172085984262,0.9150565690304859,2,83
89,0.26671979737388807,0.6539704937201279,2,78,0.14396011862478725,0.5379763469099998,2,82,0.10311772129516301,0.13894756303893196,2,100,0.0310978937320237,0.1093459315598011,2,112,0.2402000056538816,0.8228687400167639,2,200
90,0.028163154483979984,0.5398662878621009,2,31
91,0.16809007403882145,0.6283064749505785,2,18,0.2259844317764378,1.413858950138092,2,24
92,0.2295742566295969,0.9840275049209595,2,19,0.022294773420165153,1.1581590533256532,2,29,0.25354833139046,1.0197744369506836,2,61
93,0.322114374682784,1.2671952152252197,2,25,0.016714776843205097,1.007071508301629,2,34,0.34980562899738965,1.2223503964287894,2,104,0.03657086559895653,1.0981895791159735,2,113,0.27984197286061063,1.2420739360239315,2,200
94,0.2625473380899637,0.7600169780850411,2,200
95,0.3171431738389544,1.2827418099588423,2,67,0.034240171321152466,0.7463794880443149,2,94,0.30381778001667664,1.3131917119026184,2,142,0.029958360565814662,0.6573265748364585,2,170,0.10353729475192679,0.7701564431190491,2,176,0.047664550455981336,1.121298387646675,2,200
96,0.339516812548884,1.2010877485628482,2,27,0.04502492935992108,0.7786148667335511,2,37,0.3258856680848233,1.2317429660950732,2,186
97,0.27512562753866654,0.8606448784470558,2,40,0.02246603200856977,0.6379225065833644,2,78,0.33390451708887464,0.6165451010068258,2,84,0.028517860049158544,0.6612084488714894,2,115,0.10068531215276942,0.6232886960109075,2,127,0.2704592985076347,0.7715852499008179,2,132,0.3332768025609203,1.0446316450834274,2,180,0.3351699148688847,0.5465443849563598,2,200
98,0.3162185293191456,1.2303937164219942,2,110,0.019049268699663228,0.2790164263809429,2,127,0.3817590823647579,1.34812730550766,2,143,0.024648842211392796,0.4358981710213881,2,156,0.27835989358579516,0.9147223574774606,2,163,0.01935634746215383,0.49444060991792116,2,197,0.28573345221346136,0.5168821314970652,2,200
99,0.309997568657988,1.200198009610176,2,8,0.02683842150426713,1.0775966076623826,2,29,0.5865848301341599,1.0261989533901215,2,33,0.08996739617279524,1.107221672932307,2,45,0.040376817985127454,0.4800464928150177,2,55,0.2643725677425278,1.1556546401977539,2,155,0.033694468090364096,1.1473291873931886,2,185,0.24671273342949723,1.1404397010803222,2,200
100,0.3005349226979607,0.4547947244718671,2,32,0.017898473748609988,0.3369147013872862,2,48,0.26230630350309664,0.5228272233354417,2,200
101,0.25036647235802056,1.0506316125392914,2,16,0.03528063982656092,0.6508099476496378,2,46,0.35662088986078816,1.1051408936237466,2,104,0.05125082308248793,0.5252456827597185,2,115,0.2748738576431328,1.0840268969535827,2,145,0.02860252396465779,0.9296411623557409,2,157,0.3695944769266988,1.171609592992206,2,200
102,0.17339468569073405,1.0847592103481292,2,50,0.2619272206376719,1.1137269457181296,2,170,0.030128553150542473,0.3876569452493087,2,193,0.20087836899356382,0.36545590843473164,2,200
103,0.27984372103976163,0.9923362029565347,2,185,0.03472793008441785,1.410545825958252,2,194,0.15909385706771728,1.3490166862805684,2,200
104,0.03003936393274129,0.6959271624684333,2,40,0.2416734824706332,0.4503602981567383,2,47
105,0.20270995792653368,0.8312782398084315,2,41,0.033250818788630204,0.8754468587311831,2,63,0.2760650459908718,0.6713414052977179,2,200
106,0.192320877834949,1.5961843490600587,2,200
107,0.2651207076218187,1.1188638693577535,2,185
108,0.27314909748986527,0.6264441597341287,2,99,0.035947027972648246,0.8381279934536326,2,154,0.2610092916710423,0.7293824553489685,2,200
109,0.22525932409825786,0.7416631682419482,2,81,0.02365136204326584,0.2458563639271644,2,112,0.20460500116841593,0.6620561718940735,2,122,0.024660271078326867,0.6375794234948281,2,200
110,0.3085998976647533,0.7789089533149219,2,61,0.04035817096523972,0.9128157297770182,2,73,0.017616153810028144,0.4809173425038656,2,103,0.3088193031894995,0.751725381797122,2,200
111,0.03240844137642167,0.8917008113861083,2,25,0.2622379802024855,1.2235787284785304,2,170,0.012808881509730802,0.35041938935007366,2,191,0.45214127130540455,1.2676260471343994,2,200
112,0.26162426927206595,0.6526223468153101,2,38,0.1486913116651117,0.656241175532341,2,78,0.04630833205930905,0.596050908932319,2,104,0.2685709652273109,0.6923222269928246,2,161,0.03415919611109465,0.24242522085414214,2,178,0.27940280450474975,0.832352034070275,2,200
113,0.03564967096268222,0.7726061582565308,2,30,0.17724779235599436,0.9514409303665161,2,44,0.02186088802873836,0.8899684792215173,2,88,0.3509822465169469,1.1811647415161133,2,103,0.0483021894880366,0.6452732424146121,2,200
114,0.3495179016762986,1.4165156483650208,2,78,0.019984116182977452,0.3584671361105783,2,92,0.2923750248144788,1.4823829443366439,2,200
115,0.2674149829345934,1.3453597724437714,2,16,0.037803755015915784,0.6489794477820396,2,48,0.32410144868030316,0.9992884067778892,2,95,0.01866929814593663,0.9051836654543877,2,127,0.37886271419731876,1.2829291158252292,2,145,0.032702615506235815,0.5611234489414427,2,163,0.06762194091795393,1.3948722630739212,2,171,0.293700753686485,1.1070126171769767,2,200
116,0.3075585164572622,0.9219949086507161,2,45
117,0.26858733386013606,0.969198030968235,2,73,0.049144050273168476,1.030049136706761,2,80,0.18891066608863089,0.9745216518640518,2,96,0.05274909501138706,1.0156036506999622,2,107,0.441460992089538,0.8674392998218536,2,115,0.030303457176890366,0.6159035442239147,2,174,0.27816829926872333,0.8949098686377207,2,186,0.028515287777205443,0.2661022011722837,2,200
118,0.25074259023838613,1.05029958486557,2,50,0.04557472261831748,0.6964578267107618,2,97,0.30032685515330243,1.0399430504122984,2,200
119,0.36495814420868583,0.8153089845180511,2,200
120,0.31961973800596905,1.0772162342071534,2,25,0.019771972475559625,0.2044922960922122,2,41,0.23813397697447344,1.0488906896339272,2,200
121,0.29698936360582506,0.8218557715415955,2,25,0.04960689587853539,0.6748748706734699,2,94,0.18688235438816514,0.540864362166478,2,133,0.06156941305290622,0.6291554172833761,2,145,0.3208786374678854,0.5876348708805285,2,164,0.01593248451063728,0.351399721370803,2,200
122,0.2119016937421493,0.64540855174369,2,47,0.03341697640783003,0.753366988638173,2,93,0.24369963546878937,0.6115371286869049,2,101,0.0267544258144309,0.7940631356350211,2,144,0.27931219162102594,0.6942118746893746,2,200
123,0.013612621889510533,0.5388187319040298,2,20,0.24727480978943384,0.8630456924438477,2,41,0.02008263388642759,0.45986078727629875,2,134,0.29048336956552573,0.9987941128867013,2,148
124,0.2874986648132454,1.012654236646799,2,195,0.04563558200912923,1.1760814666748047,2,200
125,0.3658961719006369,0.8642906099557877,2,40,0.029366088908097467,0.7545948181396875,2,79,0.206933560871055,0.5523289889097214,2,83,0.045242323743511025,0.6908270828425884,2,115,0.3199904758655214,1.020644956476548,2,200
126,0.3543039996849123,1.4676419496536255,2,27,0.021569508596033602,1.1232764720916748,2,37,0.31373411737392276,1.343097186750836,2,73
127,0.25930136875427534,0.8703554726782299,2,21,0.023610988443921125,0.44614356756210327,2,29,0.2727550530050859,0.9973478884924025,2,50,0.016309702672794312,0.47876346732179326,2,74,0.3060841600294615,0.9915306357776418,2,142,0.015903847061219955,0.8652418520715501,2,151,0.2756588625504804,0.918598053406696,2,200
128,0.3487380079428912,1.2392697559212738,2,106,0.017527312620971614,0.16449965730957364,2,129,0.26791894868784,1.247780720392863,2,141,0.019703530301856655,0.3115624164541562,2,165,0.045628892299191696,0.2833312185187089,2,184,0.3349891174291902,1.308328077197075,2,200
129,0.4840555839971634,0.927375044141497,2,7,0.03891614124797883,0.8127067116173831,2,29,0.27216310747935124,0.8458390093985058,2,50,0.01721721715625318,0.508888203650713,2,74,0.2900800179546841,0.6685802277765776,2,93,0.03244544485066757,0.8420101988549326,2,144,0.2874966323629148,1.0250209208045686,2,200
130,0.313883199775331,1.0522492830067465,2,73
131,0.370034090938159,1.5875845172188499,2,11,0.02930344873563027,1.0535598705554832,2,40,0.20134268213960055,1.1040775561332703,2,90,0.02221969229713373,0.37598120527608053,2,104,0.30175576346020094,1.1853175163269043,2,116,0.09666899186674933,0.888342097401619,2,124,0.018754206688872035,0.5862729182610145,2,137,0.21565049573228512,1.2141017686753046,2,200
132,0.3451104651751669,0.932503668161539,2,26
133,0.3961771183805878,0.5996056926250458,2,50,0.035711313362745356,0.685089478125939,2,76,0.3199988134908701,0.6512922244913438,2,161,0.02482611858709244,0.8896577984858782,2,200
134,0.294917809927988,0.9145899319648743,2,200
135,0.3114772580355419,0.40811351120471956,2,200
136,0.018810519255535327,0.31217448616569693,2,44,0.05384514087619592,0.4389048657919231,2,63,0.2242254101144793,0.5752728147940203,2,74,0.06261307591086573,0.9480151434739431,2,92,0.31090163505947715,0.9851152457688984,2,111
137,0.3510039222949737,1.1326314240694046,2,200
138,0.32730538929936964,0.7335620806330726,2,21,0.04811482788195496,0.6827245137908242,2,32,0.3344144132304458,0.8304007030668713,2,137,0.027566298673562927,0.4214695729315281,2,145,0.26989749137316965,0.7967303865834287,2,164,0.016895072121711784,0.3112153924173779,2,200
139,0.3105371154394796,0.9016626340056223,2,126,0.039850006125547226,1.0110051035881042,2,138,0.23491361506728028,0.9710426119066053,2,200
140,0.21445911380153548,0.9692872724835835,2,63,0.020268321249788016,0.6649093994727502,2,102,0.29104637311674764,1.2088239980193805,2,155,0.03680394667808479,0.5170118441948524,2,168,0.24978384145226765,1.0891703478991985,2,200
141,0.29921243534115033,0.7689799347094127,2,28,0.1507171329299254,0.6789756469104601,2,51,0.030956845128069822,0.7160461982091267,2,66,0.3286065285787691,0.9688826186316354,2,101,0.036696286291000725,0.6614499632269144,2,133,0.3361856569048585,0.8850352599703032,2,162,0.026943040101697426,0.489227477993284,2,197,0.7012505049476647,0.7280029058456421,2,200
142,0.2923055524751969,0.5348212950083674,2,49,0.03886930613504279,0.6499795131385326,2,81,0.256749294323553,0.5995829701423645,2,95,0.02515141966740993,0.7284332899486318,2,112,0.276106420161395,0.5645979404449463,2,117,0.08406079367694674,0.6637769871287875,2,144,0.03580366960157486,0.5602015384605953,2,158,0.18456490802655393,0.640396583647955,2,200
143,0.2716904329801372,0.9260955775270656,2,98
144,0.2721108146675225,1.0506919239774162,2,81
145,0.21480014314194046,1.1464084386825562,2,64,0.03289980902722571,0.29494749903678896,2,84,0.2609058443859574,1.1284695768356323,2,109,0.01406429414411274,0.734968604360308,2,144,0.2063307939122961,1.4648550301790237,2,152
146,0.30233189145013983,0.9035858464241028,2,100,0.0696389099655052,0.6141225735346476,2,115,0.2639716296616958,0.7028158158063889,2,125,0.07497097701944024,0.9857448458671569,2,145,0.24479954897880646,0.9596120033945356,2,159,0.06129598372163301,0.9184587481545239,2,200
147,0.3090679260572459,0.9212243099297796,2,56,0.02108015466288027,0.5662641929041955,2,87,0.2692493514732359,1.016345851716742,2,200
148,0.4693455063316168,0.5796285644173622,2,32,0.01356686803412706,0.2580382376909256,2,48,0.26401975069521844,0.817804333041696,2,65,0.037661640365960536,0.6406228834010185,2,112,0.2557172893529347,0.5735619862874349,2,175,0.07881213856113226,0.7375555496949416,2,188,0.49700646407472415,0.65902512272199,2,200
149,0.2724363825160775,1.4515914214981926,2,180
150,0.042158751685279855,0.36328245043754576,2,25
151,0.01673061036944365,0.8702981501817704,2,20,0.36994360298602313,1.1702457427978517,2,85
152,0.26511939354197833,1.0551791456010606,2,162,0.027020630810058576,0.8412544392049313,2,194,0.28476738318008227,0.8854281405607859,2,200
153,0.27291825171214035,0.759533962036701,2,47,0.0603410747067048,0.8377704123655955,2,77,0.28616058572200403,0.7352408007496879,2,161,0.025682570226208082,0.973202265225924,2,200
154,0.26669313724004623,1.2122744573673732,2,71,0.1820692824015329,0.6912009209394455,2,91,0.015631733084912853,0.4811053413611192,2,104,0.3198372568318381,1.1962903646322398,2,117,0.018183871642295783,0.80380716449336,2,136,0.3044465263384806,1.3328967541456223,2,192,0.09786594527479071,0.6967588402330875,2,200
155,0.2395896267559788,1.1207166439294816,2,200
156,0.37835460067292953,1.2644877949757363,2,67,0.03339344209028671,0.982120944903447,2,93,0.3952973951132836,1.333806533679784,2,200
157,0.021275156190368058,0.7647496322790782,2,30,0.10023585835098135,0.2368759848177433,2,42,0.1910544711670951,0.8988153987293002,2,200
158,0.37489325097855886,1.1803835284709931,2,200
159,0.20690499630780654,1.6864930663521833,2,127,0.028987591559995255,0.33076102236906685,2,142,0.19534814590422192,1.6579537325435214,2,178,0.023188412400892686,0.20023944296620108,2,200
160,0.26357044448256206,0.34854239597916603,2,8,0.02138947361093609,0.48441034944161127,2,31,0.10749477059982321,0.9388113997199319,2,53,0.3168411396224002,0.9673714114398491,2,94,0.03161451767704546,0.6998691737651825,2,104,0.32262402502049187,1.1168232262134552,2,108
161,0.02652554517611822,0.7552217990159988,2,84,0.3011755392097277,0.8031742778317682,2,200
162,0.17452491066682796,0.23329132981598377,2,24
163,0.31813533126572224,0.26767732909996145,2,137
164,0.15870233219509058,0.4407469555735588,2,4,0.039567812426844276,0.5428606608639592,2,27,0.29166667507314736,0.5526372254905054,2,86,0.04417060999073067,0.7627223445021588,2,109,0.2670353166956915,0.490403094461986,2,200
165,0.33004478986351876,0.7920054056007286,2,116,0.030843608849652662,0.649410816339346,2,129,0.18391812925491768,0.8250089228153229,2,179,0.0532738270750277,0.7999421074276879,2,200
166,0.2453646764376508,1.3761614322662354,2,5,0.042638503807049366,0.9806740283966064,2,20
167,0.027089429739319784,1.0364699104557866,2,23,0.35556322419640096,0.3841356784105301,2,27,0.05534718313284327,0.8145597604188052,2,49,0.3100942859927422,0.3006421674381603,2,104
168,0.27199863640108807,1.434600656754092,2,152,0.029514653004979585,1.378795964377267,2,159,0.30936920254178635,1.3678632160512412,2,200
169,0.2620497709601575,1.0696272827544302,2,106,0.013881932832110448,0.15785232380680417,2,129,0.31093283767148894,1.079794813209856,2,200
170,0.285714499241854,0.46423543871126394,2,176,0.2781331753331806,1.3019004712502162,2,200
171,0.3427148766095623,1.2680729821972225,2,92
172,0.31257550142938134,1.0715796627215486,2,67,0.021938450511257455,0.8861625095208486,2,97
173,0.20387216172112607,1.0928284062279596,2,9,0.0673011765303851,1.1244556570053101,2,34,0.24885493116123525,1.1634978015406603,2,181,0.10109720150122056,1.2291690487610667,2,200
174,0.5290106736254571,0.8188442715576717,2,14,0.02909116765541369,0.8350697231292724,2,39,0.2735790061255962,0.7520327419042587,2,43,0.03359983542751819,0.7626677526943926,2,112,0.32469544463818295,0.8198058422316205,2,200
175,0.355034897567763,0.8609947791466346,2,13,0.02478348537175313,0.7759120081152234,2,27,0.3305992280029285,1.0672883964934439,2,80,0.013606059387407398,0.488139959898862,2,91,0.06123877768974516,0.765102279457179,2,113,0.2665051718883546,0.8098714450995127,2,119,0.027093548851563863,0.6631451455163367,2,200
176,0.29142973464708166,1.0827678258602436,2,13,0.02912545854737162,1.1728515199252538,2,27,0.33782775376430463,0.7960746362805367,2,67,0.0117006469600693,0.5480395176193931,2,78,0.0741723620500268,0.6133057996630669,2,110,0.2630611696884939,0.7365894625263829,2,141,0.041800423328817296,0.8385960923300849,2,150,0.3223944122614019,0.7118986427783967,2,160,0.02281651039400407,0.817738127708435,2,170,0.29082734993860293,0.771561982234319,2,200
177,0.2975793645732239,0.6718545918371163,2,102,0.07287790401222519,0.8130245068494011,2,119,0.03003879926127693,0.7669805825596124,2,190,0.08549956468682468,0.6791592410632542,2,197,0.68967235147485,0.9942339261372884,2,200
178,0.3042779150524049,0.8759455361962318,2,200
179,0.3741703117292329,1.0251403318511114,2,36,0.027176435555906066,0.32438434895716217,2,55,0.22818380484188125,1.0011837457788402,2,200
180,0.35826741236849324,1.2536955037206974,2,53
181,0.31757768799478286,0.7565032173605526,2,34,0.03151642347878357,0.21302168638933272,2,55,0.27629551344970543,0.6503882573710548,2,163,0.03766606783911721,0.5123686766302263,2,200
182,0.2135826335728501,1.4882514448050994,2,83
183,0.29337475256479545,0.8300135104279769,2,19,0.044141555063607466,0.9510019266087076,2,65,0.33886219484907926,0.6795017621556266,2,126,0.06356346021985693,0.8821378087997437,2,151,0.2893388609098691,0.4049283638596535,2,159,0.06893215786315456,0.9397051683286342,2,200
184,0.18703435215525754,1.6354200608200498,2,36
185,0.2555875870144871,1.2774544428837926,2,152
186,0.5134976619289313,1.247564176718394,2,12,0.03970695436082675,0.512743263913874,2,126,0.36191342544471816,0.7748958187944749,2,177,0.01727266167850811,0.3611215768676055,2,196,0.2494593463768898,0.7378894835710526,2,200
187,0.09431225492502245,1.5054666996002197,2,20,0.014064199396694276,0.5439945260683695,2,35,0.2817455826908441,1.4850064569444799,2,102,0.11724857475390744,1.0140926837921143,2,105,0.03097770325413891,0.7978094685822725,2,137,0.27051080436841635,1.4446594393442547,2,200
188,0.3835643454653277,0.7999115230575684,2,62,0.026057816398711804,0.8151627128774469,2,73,0.3013818639642791,0.8192557728290558,2,123,0.03657694942815435,0.8579358837821267,2,156,0.2957059164366994,0.674521033059467,2,200
189,0.25335778499129646,1.6115580117260968,2,135
190,0.34453880024436423,1.2161209629132197,2,26
191,0.21105560888109873,1.0821832721516238,2,59
192,0.020978451385977783,0.5981215357780456,2,15,0.3889140928027176,1.1647998146388843,2,61
193,0.28450885265102765,1.5769933836800711,2,35
194,0.24743360899495695,0.7683825028144707,2,59,0.08303848270187805,0.5612236112356186,2,73
195,0.2429355229082822,1.086117860312774,2,107,0.029361501515095076,0.8812433567599974,2,176,0.23552693054546045,1.089630350470543,2,200
196,0.2841727335773668,0.7794147047129545,2,55,0.041946985830453185,0.6050523476941245,2,69,0.2432798573995201,0.6421296018680543,2,200
197,0.41503439214121823,0.9740879724062786,2,193,0.04041592274115531,1.0398010185786657,2,200
198,0.312060719158704,0.9106559987350177,2,186
199,0.27236199804310385,0.8377583172917366,2,200
200,0.29707266001620636,1.0828349074492087,2,104,0.021983130833978765,0.6182969591834329,2,115,0.18497733303373437,0.8017204602559408,2,118,0.01941533793300082,0.9974648793538411,2,133,0.23987277727204065,1.1437711834907531,2,143,0.011690962782788679,0.29777928728323716,2,156,0.36279070367800564,1.1834149848331104,2,200
201,0.2615728519857752,0.6357040038475623,2,13,0.02636855204834065,0.6772869391874834,2,46,0.1934414199803712,1.0540257563462128,2,120,0.09228470796990158,0.3938957085976234,2,133,0.024023817963886567,0.5043272165691152,2,184,0.276724066970623,1.0082095520836967,2,191,0.07782731541330801,0.7604864239692688,2,200
202,0.2798511151637218,1.0953711024646102,2,29,0.08645738371374155,1.056357815861702,2,37,0.016282613982873995,0.693091094493866,2,54,0.19853635484161733,1.1891510486602783,2,58,0.013017788380236683,0.25428226358360717,2,103,0.26419043811168924,1.1343450035367693,2,145,0.020013703752330816,0.3601079705883475,2,162,0.21299709947601123,1.1113674922993309,2,200
203,0.4454856951375177,1.4489251349834686,2,47,0.021288587620081297,1.3856159618922643,2,54,0.4501044021932846,1.4764969944953918,2,58,0.02900813610877484,0.39829857895771664,2,82,0.27797450557470343,1.309076947601218,2,158,0.022273736617666438,0.23602020554244518,2,174,0.38174918876090336,1.0702480925963476,2,200
204,0.07899449423376588,0.6428687108887566,2,9,0.02607487640931266,0.39463169010061966,2,28,0.28395029017981405,0.8680064578851064,2,40,0.029758723690646017,0.950242280960083,2,47,0.2623358000090864,0.8977852000130547,2,83,0.06889359218222484,0.9521343379185118,2,112,0.0220753393094517,0.8594528813111154,2,131,0.2704776226338882,1.0043964299602786,2,200
205,0.3130165510635274,0.8670086363951365,2,42
206,0.353921873102429,0.9541764228771894,2,39,0.02759412302118299,0.6209593266248703,2,47,0.13268034732792053,0.6331255570054054,2,67,0.03316777277820001,0.7394415403787906,2,119,0.3360481727051553,0.8017601157937732,2,161,0.0733919788238622,0.8409690161546072,2,173,0.30015462255905867,0.825779777986032,2,200
207,0.18671898680449925,0.8886923444123915,2,162,0.037540517249055154,0.6599431739133947,2,179,0.30974652680197,0.7257579763730367,2,200
208,0.08057139600207551,0.3453703324000041,2,3,0.018874583599093983,0.20248802183639436,2,45,0.2976071172353639,0.9203579687490696,2,86
209,0.21681629456867077,0.6862595589072616,2,27
210,0.2364711033402273,0.5759443631538979,2,130
211,0.2842394746038105,0.9347189622265952,2,28
212,0.0255054495892458,0.7442748673034437,2,33,0.2853720109596561,1.04335237834268,2,200
213,0.3225278160780906,0.7204972311854363,2,200
214,0.3126512806710404,0.6779680116610094,2,110,0.028605094966933343,0.6011200757587657,2,127,0.27493366554065835,0.8639417739763652,2,200
215,0.33407223714410594,1.0729002255201339,2,200
216,0.31666956244948,0.9217386573553086,2,200
217,0.04604212888161678,0.7318262694513097,2,68,0.09579028856488907,1.395942972256587,2,81,0.1969435550014739,1.5515752960653866,2,200
218,0.38705314023397397,1.6189844542079501,2,72,0.021926110699653455,0.6708111436136307,2,103,0.2667023399517253,1.469523754316507,2,200
219,0.26344606830042755,1.2744752026739574,2,42,0.0891300790851165,1.3079059645533562,2,58
220,0.052049353654100954,0.9536705033199208,2,37,0.29037224832443315,1.3133454819520314,2,85,0.022466797964549864,0.8551787183834956,2,98,0.28159294795937284,1.351575887670704,2,200
221,0.34531406502290907,1.9251724754061017,3,35,0.04754932460901987,0.3926033059755961,2,50,0.3265512344204099,1.899058605495252,3,69,0.09460335940582965,1.612257719039917,2,115,0.03645519064247484,1.1732592863195084,2,132,0.3102926268780571,1.9012136880089254,3,149
222,0.369435885279095,1.011830175916354,2,24,0.030549555722668452,0.48152730653160497,2,62,0.36353362283079116,1.0895738005638123,2,76
223,0.34446482930574984,0.7713876451764788,2,49
224,0.3033111335165838,0.7744820433504441,2,34
225,0.2275379195381296,1.0574640537563122,2,57,0.053936737095937895,0.9447240233421326,2,67,0.19615342456768592,1.0749440004951076,2,86,0.0634885216848753,0.9448207080364227,2,136,0.4757146444069421,0.8983451922734579,2,145
226,0.33018415987378286,0.9194976719362395,2,112,0.01611985016805894,0.5906324088573456,2,132,0.31265455418596294,0.8371535022469128,2,200
227,0.2986356498491581,1.1458811404100104,2,67,0.03885971488216719,0.8842092085452307,2,109,0.24699038642335847,1.2075212145899679,2,200
228,0.34628932374866844,1.1227807922727744,2,157,0.1835161916409516,1.1719546456669652,2,200
229,0.27732127563907655,0.503377978503704,2,20,0.030040215887273628,0.8673639906777276,2,65,0.25348274168590323,0.7035908285452395,2,114,0.03562803173605508,0.6774888092821295,2,125,0.2816994982016132,0.7175589934984843,2,200
230,0.4019258456450652,0.7393843134244283,2,6,0.04497422805483654,1.050563997692532,2,15,0.4647298253722717,0.6188900272051493,2,21
231,0.3559186631782237,0.824484873901714,2,44,0.03811961719865458,0.8616685697010585,2,58,0.31039309394317993,0.8275719285011292,2,65,0.022249020323839838,0.8288795868555705,2,95,0.2803129240095418,0.8912699143091838,2,200
232,0.3021830057351968,0.8324499864578248,2,125,0.08098078736400917,0.7362557386650759,2,159,0.3185946847351931,0.6067956954240799,2,179,0.030670654495965434,0.4894832264293324,2,190,0.25022127190510546,0.7040584444999695,2,200
233,0.04118776185826701,0.7411627453916213,2,68,0.29155693113557213,0.9139171906492927,2,156,0.05244692653359434,0.7569210837627279,2,185,0.30152399675767877,0.5959547559420267,2,200
234,0.3696735766666113,1.1311100022546177,2,29
235,0.2764824531247512,0.7685394162933031,2,24,0.08531457015242958,0.7607625424861908,2,42,0.019782217345620263,0.3796556721562925,2,134,0.22940964202902597,0.8485878686110179,2,164
236,0.29100493732124744,0.725325391292572,2,200
237,0.08671029404684089,0.8196613398091547,2,29,0.2914689758854556,1.0148270700288855,2,52,0.04799076344767916,0.8308422812100115,2,81
238,0.046211373789002516,0.911439414207752,2,26
239,0.07548656654727263,0.8911548488669925,2,18,0.32547376008285306,0.7547116708755494,2,43
240,0.2148106272195811,1.3902271860524227,2,19,0.020053436618988757,0.2582633177439372,2,34,0.28623264705292073,1.3261953685657089,2,200
241,0.15256821767484058,0.8224097890932052,2,61,0.287735217282443,0.7708143847329276,2,82,0.06357244248082111,0.8361814916133881,2,92,0.3151747373729499,0.7968366052265521,2,200
242,0.290915505892083,0.8529692551493645,2,200
243,0.08159943708735795,1.7192377177151767,2,22,0.0433712280178659,1.1384606659412384,2,38,0.270350293539917,1.67278874547858,2,95,0.022904146498411798,0.8523902501910925,2,127,0.42364822748498776,1.823329011599223,2,166,0.08210067845961208,1.7834324155535017,2,173,0.3948819018781156,1.8556703448295593,2,193
244,0.232858206176684,0.6895444333553314,2,200
245,0.37966279098070455,1.088583379983902,2,4,0.04057842895326272,0.8695865207248263,2,22,0.279748701240948,1.0411652475595474,2,54,0.029285729663854634,0.8647330784135394,2,90,0.07962422980224619,0.9299213198515085,2,129,0.025330740610192044,0.9798284411430359,2,139,0.21821997482128047,0.8095008283853531,2,143,0.024135865910067392,0.7112534602483114,2,158,0.46357710026626897,1.2652090787887573,2,166,0.02654905810442054,0.807979496086345,2,183,0.4161321527322103,1.3046073562958662,2,200
246,0.26378268976565417,1.0120415702187942,2,163,0.025397842323477353,0.5809787060763385,2,200
247,0.057989123821750706,0.8882250472903251,2,40,0.18905866086871012,0.6654980863843646,2,82,0.028518391186630132,0.8312793552875519,2,92,0.1726911577599483,0.6592984575974313,2,111,0.05696988218672399,1.101600679816032,2,160,0.249942978241927,0.6379546471264051,2,183,0.0692214427440812,0.4637540000326493,2,200
248,0.48917448311403944,1.370534344955727,2,27,0.01953280890972084,0.588825261592865,2,37,0.4684500611902939,1.3162193184807187,2,58,0.028805331684849375,0.6235633873939515,2,83,0.5821527692044868,1.3285307017239658,2,94,0.029288368658845328,0.6626805896852531,2,145,0.33891916832684604,1.031349622286283,2,158,0.026520392429854642,0.5539145153015852,2,174,0.3532162490630708,1.2621944867647612,2,200
249,0.2130517039957772,0.9114779472351074,2,5,0.05264060021019434,0.9949829508276546,2,22,0.30150756325920375,0.8075960245397356,2,40,0.05842614183839227,0.747588577595624,2,62
250,0.30519689993684973,0.703855037689209,2,13,0.0233742489017739,0.7514302758283393,2,56,0.3308847321966202,1.0841843843460084,2,81,0.024872246471367352,0.8591380010951649,2,114,0.2885719326392698,0.8794265811642011,2,162,0.020659272997830904,0.44494413903781344,2,176,0.2526123606057013,0.8670933519800504,2,200
251,0.33511970307463673,0.5300618302822113,2,200
252,0.1729027643072589,1.0467823346455891,2,81,0.056715745938157945,0.8488194219993822,2,114,0.23875047532905896,1.1123615253803343,2,200
253,0.3311369352983138,1.152498293526565,2,158,0.023603745017210104,0.40462960339174037,2,199
254,0.25363090620568973,1.0293687327295287,2,117,0.02256191885927861,0.4864900253320995,2,174,0.27657583652554585,1.1910950220548189,2,200
255,0.40262696277774623,1.0725022384098597,2,7,0.047925010822123554,0.7675668144226074,2,32,0.2978514369655626,1.1381735872654688,2,200
256,0.2172267185694659,0.49890957658107465,2,13,0.025563762105157442,0.8286797885711377,2,39,0.2866922709159765,0.4497911510644136,2,66,0.07388665151749481,0.7958482759339469,2,80,0.27274717547152777,0.3569582949985157,2,135,0.01715340782206535,0.15809701289981604,2,151,0.1572344443893379,0.28990023997094894,2,169,0.025461778528756158,0.17146325168701318,2,195,0.1724243174586903,0.9253750324249268,2,200
257,0.3074534758656411,0.7041515074927231,2,145,0.026171781660158912,0.9921142856280009,2,157,0.3205186552416686,0.6830107694448426,2,200
258,0.3640825225737917,1.4314079407987923,2,29
259,0.30284952987485303,0.9243234929285551,2,76
260,0.06567860364587515,1.0153533035311206,2,58,0.2615423458920585,0.9112661395754132,2,65,0.060452153060484036,1.0375919530266209,2,84,0.23184491410943786,0.8705184263842446,2,154,0.07830769452190373,0.8413706737406114,2,171,0.1968498916186019,0.8440662663558434,2,200
261,0.2876569302446077,0.4282164540555742,2,9,0.014215252917743771,0.46115418466237873,2,35,0.3399486374423559,0.4294401347637177,2,40,0.017790066120648443,0.20238307757037027,2,54,0.304869462931601,0.36199718713760376,2,74,0.024117088438855416,0.4193171058830462,2,150,0.16538825870177268,0.6314524821937084,2,158,0.028062318452363014,0.3772264059100832,2,172,0.2992190616005878,0.4275576365845544,2,200
262,0.2672242160438899,0.9485986793363417,2,185,0.038858213665517324,0.5961401561896006,2,200
263,0.2298160636066127,0.8006900310516357,2,25,0.021215031237374407,0.15892750211060047,2,41,0.24510316181755765,0.9261422322231269,2,200
264,0.29021755298569574,0.3143449166417122,2,200
265,0.15914537733857964,0.7854314923286438,2,5,0.03184100963822411,0.7689850952314294,2,28,0.34179204860385004,1.0194157843004192,2,85,0.07900475292835911,0.8936596044472286,2,127,0.2461058411347565,0.9614757732169269,2,200
266,0.2609847712416827,0.9110184750136208,2,102
267,0.236770830798308,0.9910895665486653,2,30
268,0.2847216250171076,0.6473153563255959,2,47
269,0.19794960273124335,1.3928653815435985,2,63,0.028986386678309495,0.6859193798154593,2,95,0.3225895795206507,1.6043536803301643,2,112,0.02036943565261723,0.43772197553986,2,131,0.3296895043558714,1.5497348066689312,2,200
270,0.1915159308048198,0.7729232702936445,2,35,0.1687919004207873,0.442810233682394,2,75
271,0.1916989564841926,0.8699064893381936,2,28
272,0.19750174426879447,0.8752302314553942,2,28,0.0603844946994766,0.645111853426153,2,39,0.2947313321629007,0.8226367563009263,2,59
273,0.3433875519911335,1.1425228425434657,2,35,0.025113603655834992,0.8687993226380184,2,64,0.38472520361395723,1.1590033246759783,2,121,0.03477214748656678,0.539297240121024,2,128
274,0.28986555136357905,1.6359927990857293,2,170,0.018436148487979427,0.18348133776869094,2,191,0.26865195165293243,1.6967278454038832,2,200
275,0.17365155486594805,0.7152066964369553,2,13,0.03993630825291011,0.7396799518216041,2,44,0.19768411979283682,0.5984333936984723,2,57,0.017310530954055707,0.11752335856790128,2,103,0.2386080802435771,0.9127806498680586,2,184,0.12100874408261413,0.3708361033350229,2,200
276,0.26321589074056895,1.4081882201135159,2,128,0.08460073015590847,0.5663117104106479,2,146,0.018440823367083765,0.8104095621542498,2,157,0.36961627727526136,1.4656274599187515,2,174,0.059551818896806004,0.7413171438070444,2,200
277,0.4057766679885775,0.9476660544222052,2,22
278,0.3328325529418081,1.2006389664821937,2,61
279,0.2587471987821029,1.6295948639512061,2,80,0.03491422233053839,0.9243240570410703,2,119,0.22220806059334408,1.70059620482581,2,133
280,0.23675310500786723,1.3915903428021599,2,34,0.07217511856859166,0.5609465628862381,2,44,0.16271506056221643,1.389235536257426,2,74,0.04204753178090434,0.8186879853407542,2,110,0.17764951160086961,1.370396574338277,2,200
281,0.012793293113851557,0.26274533569812775,2,12,0.2946692610289172,0.650900366536358,2,126,0.027861721710142548,0.5109509266912937,2,142,0.27450863700922634,0.5766398341491304,2,200
282,0.25748647769388866,1.0712944666544597,2,15,0.009899539399913561,0.5274479389190674,2,22,0.1616871705250386,0.9233710540915435,2,75
283,0.2316563222749966,0.7856505692005158,2,30,0.0458848560435234,0.9982048783983503,2,44,0.28832658398786287,0.7494912346204122,2,80
284,0.028961655545580108,0.23000135918458303,2,15,0.3339198915887106,1.0412840843200684,2,26
285,0.25283738868417194,0.8852890940273509,2,34,0.04715198567111666,0.494397034868598,2,50,0.5230672303556388,0.6266889333724975,2,55,0.03338504777443292,0.5433755333607013,2,94,0.35661153767437004,0.2822876920302709,2,97
286,0.2585447153414071,1.272113279060081,2,27
287,0.3365957121502522,1.092097566773494,2,192,0.11177220630407693,1.1597201824188232,2,200
288,0.23165207403705634,1.3990799965397005,2,155,0.024855379655093403,0.911424594896811,2,182,0.21595622579657825,1.3300904168023004,2,200
