0,0.049688425237119235,0.7655489263327225,2,23,0.12067848474553867,1.0454613733291627,2,48,0.2449374971473657,1.0136685646497285,2,126,0.05262376154375371,0.9194179960325652,2,177,0.19989827741248922,0.9372046667596569,2,200
1,0.24218569465859305,0.6627507662471337,2,79,0.04299631267452096,0.6704605086283251,2,101,0.27423127491888366,0.8841108541295986,2,200
2,0.3236464150287511,1.4420976122220357,2,30
3,0.3008613526259158,1.320821618459311,2,166
4,0.22111594305768975,0.980266911642892,2,84,0.08113380189634069,0.9785352349281311,2,102,0.27369716881042117,1.0379951425961085,2,116,0.04177845299388583,1.0733413961198595,2,125,0.39614103753638696,1.0588772892951965,2,129,0.024698662338620857,0.7809834414058261,2,147,0.22521894804416612,0.7460527867078781,2,151,0.0234107481626182,0.77727460116148,2,175,0.2682001063646942,0.9774362683296204,2,200
5,0.3126424019276495,1.1335469760392842,2,95,0.01968627168212164,0.506816573716976,2,122,0.3756280970743435,1.329508649336325,2,159,0.0326812548756432,0.41848667293060116,2,200
6,0.2851420746674509,0.7748891633749008,2,100,0.026163417069382973,0.46173687279224396,2,124,0.2955371410334708,0.7587249465286732,2,140,0.030218066345779206,0.45816118891040486,2,164,0.3014636918015426,0.8975420395533243,2,170,0.030700156118901187,0.45817133635282514,2,190,0.22823045719489055,0.8468356251716613,2,200
7,0.3360447086077029,0.41929407715797423,2,5,0.04269232448540538,0.6693589588006338,2,23,0.3347840777382476,0.7100958339869976,2,39,0.02614054020394631,0.6309129390223273,2,68,0.25406801141142143,0.7412851069009665,2,200
8,0.04858484677483771,0.7752366065979004,2,24,0.2345018507155887,0.9873363822698593,2,32,0.08361116148458259,0.9956463368733725,2,107,0.22289156884849767,1.0393163798957743,2,200
9,0.29355192156929977,0.9454857051372528,2,200
10,0.20922074577975255,1.3829128061022078,2,14,0.055438126593589335,0.7555004114454443,2,36
11,0.2781689492598198,0.7576129940839914,2,26,0.01437752223848529,0.18973652223745982,2,41,0.2558806456284402,1.1025238842754574,2,132,0.016527653140723866,0.3516361912091573,2,147,0.3153863514560351,1.1325825092927464,2,200
12,0.32583180411834867,0.7253657705150545,2,128
13,0.3244692795324859,0.7059405303001404,2,25,0.03980648027629203,0.3333432972431183,2,40,0.27807484278112876,0.49705709729875835,2,54
14,0.08566698000029185,0.7391653094972883,2,35,0.04874792372063884,0.7645925598012077,2,71,0.029817807155540745,0.8220672450567547,2,128,0.24586916698371897,0.7758637277447448,2,177,0.1335655052052647,0.8013991039732228,2,200
15,0.23559180761840143,0.7640629127621651,2,40
16,0.3578539252356377,0.7039457184076309,2,200
17,0.20365009205416965,1.1242792556683223,2,24,0.025809238602069816,0.5742079697549343,2,64,0.2316151724271032,1.0452566006604362,2,200
18,0.226491043531399,0.9519726415069736,2,98,0.030206558351237523,0.6466199520862463,2,131,0.26120097786918633,1.0715440563533618,2,200
19,0.31990946206581095,0.7344076931476593,2,20,0.02111616215800768,0.19488131917185253,2,38,0.3663184588653871,0.9139906348269663,2,200
20,0.3360722270798352,0.9567630371804965,2,177,0.0057279662886616945,1.378296110365126,2,186,0.41383526917155605,0.8032466726643699,2,200
21,0.2834613387240258,0.4660416543483734,2,19,0.02544937351644916,0.7674879980714697,2,57,0.2671648600076627,0.6685698668608505,2,146,0.03416392134810659,0.5055300361580319,2,164,0.31252779777155465,0.8195378416114383,2,200
22,0.46438208463281544,1.3092459340890248,2,12,0.02278381624499618,0.43538699608582715,2,77,0.25893890043235435,1.1711750645190477,2,141,0.03727824998175838,1.0614261689938997,2,160,0.030497091882750023,0.6861642425258955,2,184,0.47070076453948906,1.4635848626494408,2,200
23,0.2231960171890736,0.7857166722416877,2,200
24,0.26241210231618933,1.132079097032547,2,200
25,0.41141088844684215,1.3105872988700866,2,70
26,0.21420476832328728,0.7736379106839498,2,45,0.0678815786147742,0.9116649138621795,2,84,0.2908366286800734,0.47450541723997164,2,162,0.07386032480595146,0.6613166183233261,2,166,0.04275204373586807,1.0165748745203018,2,182,0.1969635682256075,0.42238785988754696,2,200
27,0.3139500105876333,0.6455366284446379,2,113,0.02182446396690888,0.4841701313853264,2,121,0.021495953623538688,0.2637066370562503,2,140,0.2357386653180586,0.8482592945749109,2,184,0.03857475197946614,0.9225083131056565,2,197,0.23916288261840735,1.0113821824391682,2,200
28,0.3016547236375455,0.7759948242455721,2,32
29,0.2499824806677216,0.11872787200487576,2,65,0.02591211294127664,0.6520754824513975,2,88,0.2549195442564318,0.10503883194178343,2,200
30,0.2631030129107156,0.9211545051360617,2,98,0.02988228799216043,0.8402315037591117,2,133,0.25589525790774204,0.9107382287902217,2,195,0.0509010333068449,1.0150053739547729,2,200
31,0.27863217115021716,1.5371579909324646,2,100,0.02983504289446979,0.9334217128546342,2,123,0.30105493428506935,1.503014569158678,2,200
32,0.4562305066396854,0.720884695649147,2,4,0.03964438044265321,0.7425969570875168,2,44,0.19662728722705666,0.7048444499572118,2,56
33,0.22269264055573837,0.8956678205066257,2,45
34,0.25287143495688486,0.8114786125995495,2,27,0.02079894817902681,0.5149288872877756,2,69,0.1980923472680461,0.7748730406902804,2,170,0.03760636272240192,0.7375939130783081,2,200
35,0.2284382879367206,0.8020329367030751,2,11,0.025576255810509502,0.3730264637205336,2,29,0.2408202793588395,1.0909107867628336,2,93
36,0.2875232577167793,1.0833020210266113,2,3,0.01852822922484298,0.6064387626118131,2,21,0.40041578026241353,1.249611156327384,2,28,0.01383681039975251,0.8506587947287211,2,69,0.4442544678154734,1.1731059153874714,2,72,0.06450424306452529,1.1848654113709927,2,104,0.25344911871691567,1.176468628148238,2,200
37,0.1887863810157669,0.9002940507417314,2,89,0.043969321435741046,0.9125740627447764,2,101,0.1961240330544216,0.92921367558566,2,200
38,0.3829660846617212,1.5981945842504501,2,16,0.06265998952701354,1.216369356427874,2,30,0.266882423429757,1.5484400050980704,2,128,0.06856510811481985,1.181229865550995,2,138,0.30302474097515053,1.4550551686968123,2,145,0.03253389750481249,0.5592347673679653,2,183,0.1250112275766095,0.549955320708892,2,200
39,0.31838825993440834,1.0906301093101503,2,100,0.035059435057444105,0.32981139208589283,2,114,0.22432772264376358,1.0374652952761263,2,151,0.05706117525384946,0.7604221627116203,2,167,0.21241956924071095,0.8397748291492462,2,177,0.023892687964967563,0.2775244124233723,2,197,0.3801786503802928,0.7083501815795898,2,200
40,0.31652617428891033,1.167992217200143,2,14,0.024479207623410923,0.3066467424718345,2,55,0.29550270539758194,1.291628073823863,2,200
41,0.28609082981431194,0.8091054461723151,2,43,0.06468964463994337,0.547846081852913,2,63,0.25615456101027795,0.8510762065866567,2,200
42,0.23715239082533812,0.8119242685597118,2,123,0.056552076847439826,0.899546572140285,2,130,0.27337324931215745,0.8263633027672768,2,146,0.024560120695614505,0.30766311287879944,2,158,0.19614727378205454,0.7710667706671215,2,200
43,0.29399998997605875,1.4694532064291148,2,13,0.02424154550343058,0.7597106625052059,2,30,0.2473020793270914,1.5255138397216796,2,50,0.04547722163277735,0.7990858685225248,2,82,0.24838115498190358,1.553542047418574,2,175
44,0.30089941445828744,1.233668251913421,2,49,0.02504617759093477,0.33365325016133923,2,66,0.251643717643207,1.3070794209628038,2,137,0.013775551617868498,0.6310786541019168,2,151,0.2974815983214776,1.310082914877911,2,200
45,0.32248363706799016,0.8437215194106102,2,200
46,0.06660048110138451,0.707679387401132,2,34,0.3115126551880586,1.0365882515907288,2,56
47,0.274195555303801,0.7928144651651382,2,100,0.02170826224726596,0.9941440798618175,2,154,0.32974995872161184,0.8362783803826287,2,196
48,0.2618900639205103,1.393033699989319,2,200
49,0.2802593290165581,0.47353352829813955,2,40,0.12571789452754378,0.6519148945808411,2,60,0.05698722238959894,0.7193088077363514,2,81,0.3599386437584032,0.5823690976415362,2,88,0.046639949204948704,0.7376831826709566,2,109,0.2178341226016904,0.6410622549057007,2,134,0.10734653379423381,1.0805311501026154,2,148,0.2663377248585959,0.2680390748907538,2,165,0.11209827480908074,0.9880216581480844,2,200
50,0.37948091597948497,1.0766949159343069,2,82,0.02747735827720858,0.3391738317229531,2,93,0.373991492975309,1.3128995597362518,2,101,0.066568895714497,0.7372764595623674,2,130,0.2732447392695846,0.835724413394928,2,134,0.35217701410737234,1.175155272989562,2,200
51,0.2750756539820715,1.3049744913133525,2,59,0.04657922371857658,1.3982867493348963,2,76,0.18186150458748704,1.3763365149497986,2,82,0.03129573116211572,1.0800551737056059,2,99,0.21904555313623378,1.2061010563727652,2,200
52,0.3180693504944067,0.7520196936568435,2,98
53,0.30778272230534487,0.8634476805174792,2,54,0.03174913753355355,0.5080522932112217,2,70,0.33680367774881226,1.1447236321189187,2,81
54,0.031866607672140036,0.6992741227149963,2,7,0.3108599288116789,0.5573806681416251,2,29,0.0288966911950825,0.7730415728357103,2,74,0.2828535279699086,0.5768122784793377,2,106,0.038703636066298425,0.7873224096913491,2,168,0.31134931268250543,0.6424096021801233,2,200
55,0.304282832890609,0.804852649763033,2,77,0.04942955941382702,0.9085614127772195,2,133,0.43701359304111237,0.766595995426178,2,138,0.04654058661890633,0.9772818386554718,2,146,0.27897620204464096,0.8470795386367374,2,200
56,0.19842346354452992,0.6374984582265218,2,96,0.05292248729196624,0.50389624255545,2,164,0.21431066300170004,0.5624751389026642,2,174,0.04279217421657005,0.22866087965667248,2,190,0.29244623950634707,0.7427413642406464,2,200
57,0.29819306317142674,1.4777009194357353,2,114,0.13151906497682153,1.2501808603604634,2,126,0.041931963973354545,0.8206980100699833,2,154,0.27389631356438426,1.3486541742863862,2,200
58,0.3048975201541277,0.7512660503387452,2,200
59,0.27028130250377774,0.8044682656015668,2,42,0.02166878185726879,0.34364443449746995,2,84,0.3967313728468314,0.7185932695865631,2,88,0.017142971229883747,0.3491407160957654,2,100,0.3241702955626509,1.043947836932014,2,117,0.02412159234534261,0.7934426495007106,2,138,0.42894546512005705,0.9119571905869704,2,151,0.010266766092343114,0.9031780163447062,2,160,0.05613934480149706,0.7486281655728817,2,176,0.020235676752863366,0.602516940661839,2,197,0.2218895392027965,0.9113867084185282,2,200
60,0.025845751191660948,0.40658728778362274,2,8,0.35640503164236764,1.208877396583557,2,28,0.0177194180017472,0.9006525845754714,2,70,0.25022009104882004,1.184630002294268,2,98,0.03292772106386722,0.8000513195991517,2,118,0.24793220869712726,1.094155192375183,2,133,0.027038343571401793,0.817332667405488,2,194,0.3478776614219208,1.2132604122161865,2,200
61,0.3168898775247961,1.3672775517810474,2,22
62,0.36175415854503434,1.1674988828599453,2,192,0.0552917642912428,1.2393667846918106,2,200
63,0.3052141860198615,0.9319483734603621,2,117,0.022326565666727628,0.6471165106410072,2,138,0.2764088058610413,1.0083150652147108,2,200
64,0.2897761064748329,0.6611603128282647,2,95,0.04500091905038043,0.8972986319608856,2,152,0.1089371198213777,0.8326394744217396,2,200
65,0.29025191014318985,0.4198960515005248,2,140,0.02098537540966769,0.6576972657983954,2,162,0.34876909264591044,0.5729977531092507,2,176,0.038840267708384925,0.8486512502034506,2,200
66,0.061926970233361904,0.9923971891403198,2,6,0.2277863273949232,0.991139468939408,2,29,0.021549703010652142,0.7041295925776164,2,74,0.25545640082961846,1.300350701267069,2,118,0.03870127177375381,0.6616461569408201,2,171,0.09928360797543041,0.7812939841171791,2,200
67,0.26813458117461225,1.007140937447548,2,200
68,0.04815844483694282,0.9555566466372946,2,23,0.22205517492258872,1.8250125845273335,2,41,0.036758636660493546,0.5957704017991605,2,64,0.08870019086515116,1.3435347080230713,2,68,0.31776442270067684,1.705863645921151,2,164,0.06640985143140456,0.8798362016677856,2,174,0.33537488919897707,1.6549840412641827,2,193,0.034756760921355774,1.288302251270839,2,200
69,0.13190838343296174,1.8473195632298787,2,9,0.06297907001198211,0.7929216047813152,2,38,0.32244117850077086,1.9746976785881574,3,81,0.01484471802507833,0.827797744423151,2,129,0.11526536850421944,1.8460969706656227,2,200
70,0.2510302983911453,0.47152392313642016,2,118,0.030408301335455135,1.0085195541381835,2,168,0.25479984368867203,0.3691943536202113,2,180,0.028267973012362887,0.6833663210272789,2,196,0.3821170779170711,0.6888040006160736,2,200
71,0.3266170353624545,0.9283456310629845,2,80,0.030391920328204317,0.604378887762626,2,128,0.2849476245422478,1.0120247503121693,2,200
72,0.22482091616004848,1.2803523969231991,2,114,0.032642351442345015,0.5741733054320017,2,129,0.08066058499323846,1.056794571876526,2,134,0.2642208281493542,1.2515697181224823,2,158,0.01646530994915911,0.3959460101193852,2,194,0.10339375068215838,0.3676140308380127,2,200
73,0.3808821399252415,0.9992512768887459,2,47
74,0.2014388196736162,1.2938614413142204,2,16,0.016580851687922733,0.22354469820857048,2,36,0.38690901541693923,1.0214811853873424,2,114
75,0.42719173229629953,1.2071397172080145,2,9,0.036089525203684025,0.9673868494649087,2,40,0.30626725758437623,1.20765375867486,2,200
76,0.3388466636758172,1.387821340560913,2,10,0.030470149048273155,0.8360367109698634,2,41,0.3964305498071732,1.3773165941238403,2,59,0.03800131097357647,0.8878743281731238,2,72,0.19108696988876026,0.9235845313352697,2,89,0.03638077648979819,0.8406891443512656,2,111,0.3307209387661677,1.317958427279183,2,200
77,0.2896081735257787,0.9752955654977074,2,71,0.01737245111209274,0.4593048014424064,2,82,0.2833346919980225,0.9709796422236675,2,156,0.058402126136077814,1.0236509868076868,2,163,0.2778845936746805,0.9782910537719727,2,188,0.02879819568827824,0.24452355379859605,2,200
78,0.07163019227060609,0.7876851322158934,2,63,0.27164798710226323,0.725125161835747,2,200
79,0.4462226082592026,1.0196517024721419,2,7,0.02168457662872503,0.8303251956638537,2,26,0.15924519602153828,0.8454422116279602,2,61,0.03625552458409226,0.8521939491232237,2,85,0.3178422839754454,1.0894537904988164,2,200
80,0.28371499178916326,0.4611424688899189,2,109,0.04959431205930321,0.9738495881493027,2,146,0.45369944445799654,0.3664242181667062,2,189,0.07567651786114216,0.4107235480438579,2,200
81,0.29860700815164726,0.6630211791189591,2,101,0.025417505359710418,0.6757055478436607,2,115,0.36529426273898297,0.8075075955951915,2,132,0.05482327302779285,1.0391534715890884,2,148,0.2374926178762651,0.7804761666517991,2,200
82,0.1690820305952325,0.6090873433993413,2,26
83,0.23154019360338857,1.2431170579413293,2,142,0.06259219771906008,1.2428576729514382,2,153,0.1930773214192006,1.315471575810359,2,166,0.02826671738044607,0.47159208620295806,2,183,0.5996418960067037,0.5561556021372477,2,186
84,0.3524981641897956,1.1102405840700322,2,22,0.017433793805287638,0.39685447216033937,2,37,0.25595050136781355,0.962747736619069,2,63,0.022252547534905378,0.3494837670414536,2,90,0.06911262594759679,0.5576796010136604,2,98,0.8223355043027133,0.9342630902926127,2,101,0.10858613867995674,0.275554895401001,2,104,0.021506690275516657,0.16380104273557664,2,114,0.29045720572335887,1.0486740431887038,2,161,0.02420488448457295,0.2153518341290645,2,200
85,0.09869879162659972,1.155207995325327,2,32,0.2300237500920816,0.3877742514014244,2,200
86,0.3464621201202764,0.8864136815071106,2,35,0.023124029763687215,0.16792752192570612,2,48,0.08052639697380216,0.12865599617362022,2,56,0.015315954093725298,0.20495385337959637,2,67,0.20241957685886935,0.8166209492418501,2,85,0.031226903989561558,0.8189186091933932,2,113,0.3146208754634015,0.8495944440364838,2,117,0.03750994116467002,0.795129705877865,2,134,0.3874616489671197,0.8533998827139536,2,158,0.01530446439572719,0.48778387076324886,2,194,0.14362572530539797,0.7045978307723999,2,200
87,0.316697660441996,0.9832267156789001,2,71,0.030835215354478765,0.883679986000061,2,95,0.2312430807023546,0.7841585079828898,2,98,0.020206543785795325,0.7435608605543772,2,164,0.18208510346820375,1.0666012132869047,2,181,0.017924032321616958,0.22960363799019864,2,200
88,0.27888275397440254,1.1062534302473068,2,24,0.025477319614354055,0.27038818715434326,2,62,0.266564418992159,1.1066816997528077,2,187,0.05971507889385959,0.15060350528130165,2,200
89,0.30603414635227344,0.47658216589834634,2,164
90,0.3120135683034741,0.5296828401088715,2,50,0.021773899552704496,0.392756137996912,2,66,0.26393534043392547,0.8311005610006826,2,174,0.040668093675089015,0.6926889376980918,2,188,0.23281799719185534,0.9126177926858267,2,200
91,0.2932385468877648,0.8358676122294532,2,90,0.24784867829106477,0.5702592738650062,2,200
92,0.2207334720823571,1.0271081275410123,2,45,0.03497121322874882,0.7304647554431045,2,102,0.3782006070648399,1.187875101963679,2,126,0.07873962739398435,0.93199422955513,2,134,0.333288709596732,1.161939471056967,2,200
93,0.2608895914851286,1.3561003381206143,2,124
94,0.47698363578379827,0.8214947088905002,2,23
95,0.43103800073017895,0.988247549533844,2,10,0.05001210686383989,1.1455032587051392,2,25,0.4015918518564302,1.033445029258728,2,50,0.0812148538643017,0.9628245915685382,2,64,0.016868565865520806,0.7283515763282776,2,89,0.057266123408279024,0.7727766852629813,2,127,0.4972087106386567,1.2255818367004394,2,132,0.03468962103632868,0.9996289759874344,2,148,0.3178330973771073,1.184254357447991,2,200
96,0.30107257743255167,0.8681200231071067,2,113,0.04228060939487418,0.9261284947395325,2,133,0.19350370729117058,0.7579651971658071,2,175,0.06102409353750408,0.8018716645240783,2,200
97,0.24293880527416858,1.3575192846749957,2,114,0.017235623630522685,0.44354288816452025,2,139,0.2523073108625904,1.3109348543354722,2,200
98,0.2807355792927207,0.3188139120989208,2,79,0.038130366605895374,0.5919092506170273,2,99,0.21921376770063586,0.39683684050026585,2,158,0.0480400849413751,0.7512826706681933,2,200
99,0.3364495109543081,1.4755650582136932,2,27,0.03990495941367201,0.7791137868358243,2,58,0.1975695894203655,1.4134113459751523,2,116,0.033615470789492015,0.4698102942534855,2,130,0.35173203430564565,1.436426648071834,2,158,0.020856017168586153,0.2871566586769544,2,197
100,0.2501283066580287,1.2894395875930786,2,200
101,0.2692007064614126,1.5116915532520838,2,98,0.03505485059294949,0.7264386275235344,2,132,0.3942668124253046,1.4732346868515014,2,157,0.046027028385250184,0.5465765660628676,2,189,0.32018635064321477,0.8934763182293285,2,200
102,0.25055027146977354,0.9953576103549138,2,107,0.02213801733596405,1.094350272958929,2,118,0.1859963462825413,1.0032406747341156,2,126,0.019855773113453757,1.073568663426808,2,154,0.27023660997270477,1.0847484184348064,2,200
103,0.29159915988305884,0.6237934629122416,2,21
104,0.2222100465308719,1.0687338252862295,2,60,0.06571486151573526,0.7926262772601583,2,83,0.2887702435141887,1.0850080996751785,2,115,0.04591754360768213,0.6933789514005184,2,179,0.35178304687704454,1.0855956702005296,2,200
105,0.28816187907806334,0.9713349306222164,2,66,0.018125469114864293,0.1363448841791404,2,104,0.2562330762150741,1.0093944072723389,2,111,0.04883234036496523,1.018626093864441,2,118,0.3213830862989692,1.0409399892972864,2,164,0.04430417333420936,0.27045268134066935,2,183,0.03228081652435106,0.8474420819963727,2,190,0.38083403829652224,1.0248157501220703,2,200
106,0.07103718595189902,1.136743555466334,2,24,0.3308038055032366,1.2233991081064397,2,35,0.01908148711360959,1.100479745864868,2,45,0.3441691105625058,1.5446730182411965,2,134
107,0.2099813778324398,1.2976709604263306,2,9,0.014921443529162436,0.33146074414253235,2,33,0.31191007142933935,1.0973170537215013,2,46
108,0.18130758727841711,0.8103622089113508,2,175,0.08399149296902025,0.7286018514633179,2,200
109,0.2276145435972585,0.9471410910288492,2,39
110,0.2742918695818958,1.1626944331561817,2,17,0.04399014184432716,0.1697882626092795,2,50,0.4145101325491824,0.9439266579491752,2,71,0.031268135327144266,0.32787959006699646,2,82,0.30391471508234263,0.9523961733688008,2,126,0.04096213699185323,0.7249205857515335,2,150,0.15891662817351979,0.7945981705188752,2,200
111,0.24861788875705523,1.7448808015147341,2,158,0.044945905599121955,0.7669982640516191,2,200
112,0.11500418610884439,1.1694327195485432,2,3,0.02001219582906224,0.37541317397897894,2,25,0.22926842683377946,0.9982346147298813,2,49,0.025155187575163097,0.7193551527129279,2,58,0.2346537054798513,1.0095857893916922,2,200
113,0.05729833042527774,0.777065800082299,2,62,0.031270336919167856,0.618328370153904,2,86,0.22132424874007148,1.0370614860631242,2,165,0.05870513119995564,0.5927190661430359,2,200
114,0.30407117916265697,1.4742885308387952,2,39
115,0.32152213757886927,1.37947283188502,2,24
116,0.22543365326572776,0.9293904413537282,2,82,0.04018772874385598,0.8142896741628647,2,94,0.2635957138594785,0.9695041349955967,2,115,0.027714327967989574,0.4115871236874507,2,141,0.4850285831616762,0.8973162372907003,2,144,0.032956048215868776,0.8422335011618478,2,179,0.2907331459965037,1.1133135557174683,2,200
117,0.3565752550702799,0.9891116683547562,2,37,0.035431720108973934,0.903068063987626,2,73,0.23995939544143918,0.9438551383859971,2,90,0.028876613636477633,0.7824955600149491,2,124,0.2598729348726829,1.1303627643829737,2,163,0.07420614340089927,1.142044344463864,2,200
118,0.33440925099240915,0.9138452968289775,2,31,0.03866478416087618,0.8150347971147106,2,62,0.30686048722870396,0.9096970021724701,2,142,0.07266331464791098,0.9468060845420474,2,163,0.2831202826455579,0.9154092025112461,2,200
119,0.18637713430743247,1.363526013162401,2,9,0.05637277374171376,1.2740284986793995,2,41,0.2666795292349281,1.3700970930930896,2,119,0.018321994127623507,1.0852485786784778,2,141,0.2583449957705093,1.2774656136830649,2,156
120,0.3454419141469746,1.791307820723607,2,26,0.009838177477504229,0.8238779067993164,2,31,0.04510992566069546,0.8460143485239574,2,59
121,0.27899337381581274,0.61236821860075,2,200
122,0.32097288163260645,1.4177123554821671,2,29
123,0.21212690963077466,0.3636059002146695,2,183,0.046831513554914335,0.8367730063550612,2,200
124,0.23502875033292095,1.07195048391819,2,200
125,0.21211730204938287,1.3963509356975556,2,200
126,0.27513212716059,1.2575132585408395,2,114
127,0.3531777807759144,1.201990388688587,2,21,0.019118091297191848,0.1504354545703301,2,34
128,0.40947363245746393,0.46669228716068956,2,83,0.0304877061485961,0.5170635680357615,2,95,0.3407406388706889,0.5697350899378458,2,98,0.024439010706113973,0.6655229516883394,2,165,0.3931864770179356,0.456294322013855,2,200
129,0.23344406773559037,0.9670500211548387,2,57,0.007590882488964316,0.7454615866436678,2,74,0.1872181489324504,0.707167367140452,2,77,0.01815343689600657,0.6608474633910439,2,88,0.1467791367858283,0.9984568530513395,2,119,0.242747147188632,1.101609824616232,2,200
130,0.34748708572985065,1.4717890951368544,2,18,0.023009495205557475,0.26244813622906804,2,50,0.24165321030836648,1.5446086823940277,2,62,0.019317709993610748,0.4491578248285112,2,104,0.2580559502654891,1.4164275222895097,2,153
131,0.1771903925514776,0.9941315121120877,2,45
132,0.22003495621846955,0.9088782174612886,2,186,0.021182625823769802,0.3291740406836782,2,200
133,0.22736176623656018,0.6812953588209654,2,38,0.3908611476438332,0.912095089017609,2,200
134,0.2446451609939486,1.1803823709487915,2,57,0.04915889125072273,0.7656900366147359,2,72,0.18443512306138016,1.1224951102183416,2,98,0.012823508996841324,0.30230023654607624,2,111,0.2709547980007745,1.078381933523028,2,200
135,0.33882257544272415,0.9619267630577087,2,200
136,0.11287142405443434,0.9428409159183502,2,20,0.26099558688296975,0.903411956458557,2,184
137,0.1967662557622079,0.6816470665591103,2,14,0.0380812833597442,1.0243592909404209,2,49
138,0.3112205728065542,0.9334767808516821,2,12,0.021196675016623225,0.5487467414802976,2,39,0.15821967302233966,0.7222764288124285,2,58,0.03969194301722297,0.2075874015688896,2,68,0.21605666396266338,0.3840328852335612,2,71
139,0.22853765409664492,1.3104450511932373,2,25
140,0.3057754999636502,1.579941226885869,2,13,0.02475518577117016,0.5407009894071624,2,56,0.2785053369308965,1.4455030964708877,2,143,0.02816481673639985,0.7194722184428463,2,170,0.274604146910863,1.468067181110382,2,200
141,0.22274217871859173,0.7522726153072558,2,38
142,0.017682680638242198,0.793581614891688,2,6,0.40720719134869343,0.9076725887624841,2,44,0.04082208327478894,0.5746762612834573,2,76,0.2955206112728756,0.9579768667095586,2,190,0.04830205802457813,0.17883120179176332,2,200
143,0.25022828011053283,1.1056201385288704,2,82,0.030989153739530248,0.7338475210051383,2,144,0.21717422385582685,1.1899269734110152,2,200
144,0.286730324474639,0.1591129039508709,2,69,0.02997483831535748,0.28762343684409525,2,116,0.19497003726124598,0.5103429468969504,2,128,0.013815001351218251,0.27559255407406735,2,167,0.37100805830837486,0.20599131737694595,2,200
145,0.2623891346306719,0.6121296476626742,2,69
146,0.28436120385376795,0.2923742115497589,2,20
147,0.24292800175274876,0.5922573147148922,2,29,0.05318868946105496,0.704108327627182,2,35,0.21840429335662717,0.618200178258121,2,99
148,0.48759500146227774,1.0137461423873901,2,7,0.017281659267470606,0.6401381364890507,2,35,0.3372299182969406,0.883006774716907,2,53,0.026162468219785198,0.5337891578674316,2,62,0.26718837881670277,0.8751875667468362,2,108,0.030661382044724374,0.4284360053447577,2,134,0.2558179074746314,0.9016794932611061,2,200
149,0.36142936116253055,0.7386567538976669,2,200
150,0.2500814168815256,0.9832213699817658,2,200
151,0.20380643395327086,1.270680586496989,2,3,0.016348998558977056,0.3775619405966539,2,16,0.23715539549272294,1.1202126352410569,2,111,0.016399651926609672,1.1101589401563008,2,117,0.31514894110672553,1.1053821839481952,2,200
152,0.24408119038512358,0.5032311245049844,2,179,0.04397610828555575,0.7637707591056824,2,192,0.2274743493382494,0.4575212262570858,2,200
153,0.048780855444056706,0.7355895581699553,2,21,0.13951881080651585,0.6507328565304096,2,34,0.024312383894041473,0.7243582506974539,2,70,0.24893825731798483,0.491765799621741,2,82,0.0530254940163977,0.7063897595955775,2,108,0.30063887504432657,0.7358145687891089,2,200
154,0.2401142313509887,0.7374372625792468,2,54,0.07359768177321618,0.7541834612687429,2,66,0.24358948714399725,0.7482620229815492,2,167,0.021192302287028793,0.9090293314721849,2,185,0.2743841711694845,0.8655661225318909,2,200
155,0.41934186000618656,0.8853484175421975,2,11,0.027373598555265454,0.5816444246207967,2,28,0.33375548511702346,1.010301251160471,2,66
156,0.36750156123677663,0.786385680947985,2,14,0.020472359223701147,0.5737826490402221,2,39,0.23502848846432395,0.8260953062110477,2,75
157,0.31414921703525966,0.3113323758948933,2,55,0.056036968629154166,0.37126379311084745,2,65,0.3210003135108882,0.2565747540306162,2,200
158,0.25827689272577325,1.2967597461284552,2,133,0.09168245111356645,0.9615974747217618,2,146,0.26175169877149423,1.3014378084076776,2,200
159,0.29260391834859434,0.23931980840861797,2,200
160,0.27033678861288474,0.11623986065387726,2,11,0.028272262863022472,0.7957454721132914,2,29,0.3034630874796927,0.30446626237261365,2,200
161,0.25997836772050453,1.3697622760040005,2,164,0.03536910566081745,0.8072486917177836,2,191,0.4488232011679148,1.3848980797661676,2,200
162,0.23761473172715475,0.7710648098507443,2,74
163,0.2620240247704511,0.606374328956008,2,96
164,0.19143820761835217,0.5532771895329157,2,30,0.05504435935750874,0.5364809781312943,2,38,0.2558628714137881,0.5124374912844764,2,83,0.03152637361676526,0.6464087281908307,2,90,0.29059145897028504,0.7600232740243276,2,120,0.03288591228260534,0.7104809220631917,2,195,0.25080427299674984,1.0593958377838135,2,200
165,0.24229086490932256,1.130578224776221,2,61
166,0.5725923492319016,0.8493950764338175,2,3,0.025129761867902067,0.581703695986006,2,21,0.26735854938648673,0.7579448491919274,2,72,0.03565253430371179,0.8534028430779775,2,84,0.15019725240969148,0.7731681002510918,2,93,0.035691960412732315,0.8525926887989044,2,103,0.3037497053901163,0.6362108711114863,2,200
167,0.21620563137877596,0.9140460838874181,2,60,0.028754123697806847,1.4021042477000842,2,71,0.30656536950159374,0.9247856344047346,2,147,0.038103141825796126,0.85864401780642,2,160,0.38863248958657914,0.9256750419735909,2,200
168,0.06148390697505328,0.701143612464269,2,6,0.268380507298422,1.157601903192699,2,134,0.2179387584848944,0.9121210512362028,2,153,0.044181170760626665,0.7518629114678566,2,200
169,0.35532940970214527,0.8841531110364337,2,43,0.06367596577757934,0.7882338399472444,2,66,0.2963175663518413,1.029236335362961,2,200
170,0.07303619209053272,0.6623045365015666,2,15,0.2619584101689915,0.7129647522060959,2,69
171,0.3095966540704821,0.6570853304862976,2,25,0.017285332720076995,0.1353992506077415,2,44,0.337279117523661,0.5990660421309932,2,137,0.01944320623395468,0.6291673992361341,2,151,0.35446873320489153,0.6596762270343547,2,200
172,0.2785892850911788,1.7870760083198547,2,10,0.024605726101488826,0.21158494755174173,2,76,0.21456752767936732,1.6351718382632479,2,170,0.030452296352880697,0.6958047946294149,2,200
173,0.22618500639884034,1.0392508381291439,2,19,0.024858813740639436,0.9420523181557655,2,59,0.2932600728941457,0.941553368287928,2,76
174,0.3701145935000414,0.8121284712915835,2,23,0.07784492355984653,0.93902074439185,2,65
175,0.19808478369686972,0.7646960616111755,2,7,0.018541619051833307,0.708450221353107,2,25,0.24048755885762735,0.8147166252136231,2,45,0.03915909366578531,0.8963060445255704,2,54,0.36566550402179276,0.7483022809028625,2,79,0.020020774879730384,0.6896799995618708,2,113,0.2197484352654489,1.1516295744448293,2,162,0.07301437997466483,0.44323840488990146,2,174,0.31743381614808186,1.0531234230313982,2,188,0.021631305437106223,0.5770934323469797,2,200
176,0.26032366945082674,0.9291741335391999,2,200
177,0.28890077622355964,0.9647253073898017,2,51,0.04435283697815733,0.7333215773105621,2,81,0.27773543732205425,0.9534639171932054,2,104,0.02021797681145542,0.5201125652701767,2,131,0.37405772819226996,1.0973194512453945,2,142,0.09522802393124156,1.096039286026588,2,155,0.02160013540316038,0.3303670712879726,2,183,0.34521980160750815,1.1852577994851505,2,200
178,0.2933157706413955,1.460066691978828,2,143,0.027581332394773478,0.4142469248988412,2,165,0.34155109216090346,1.4495721544538225,2,200
179,0.07125304254325604,0.8447092954929059,2,13,0.2583800248679876,0.833946022120389,2,79,0.01893861738026399,0.3463580707708995,2,115,0.3145073323761186,0.6449575391682711,2,170,0.051985318591614316,0.791137483716011,2,190,0.17198662464500922,0.6550209105014801,2,200
180,0.3243890511386274,0.7085550317638799,2,38
181,0.2385750985544164,0.5797994881868362,2,72
182,0.27866328695138465,1.2533143671547495,2,41,0.030102791292189332,0.7499759752871626,2,100,0.27258471285306934,0.7999563018480936,2,103,0.008466452442945947,0.28464845195412636,2,115,0.47676785705389707,1.7343425353368123,2,127,0.027971792319038423,0.8284968795145259,2,195,0.15904618501603338,0.9350365400314331,2,200
183,0.09104223079142826,1.0175858407184994,2,29,0.2275660993337472,1.0599339238384313,2,200
184,0.3290366798936489,1.3373399274102573,2,29
185,0.261782485497634,0.777396947145462,2,12,0.02664282444514065,0.9928642000470843,2,19,0.31743491809647284,1.0919419394599066,2,37
186,0.30874299782727926,0.7030835209354278,2,124
187,0.34267734605078176,0.7037622802694079,2,71
188,0.26990059454040566,0.9363188706143364,2,191,0.06476917808790511,1.0833138757281833,2,200
189,0.22817501389444836,1.1400166855138891,2,34,0.07877444537903971,1.0892983464633716,2,51,0.20224328229288255,1.09164559841156,2,65,0.02391325421724532,0.8327859401702881,2,80,0.26521859121803243,1.1121393005053202,2,110,0.027542289012745386,0.790255250714042,2,165,0.41384408168294395,1.6231392179216657,2,200
190,0.2714192796380591,1.8164318377244557,2,141,0.024544817162195687,1.5313717993822964,2,152,0.3306661628067085,1.8624006112416585,2,194
191,0.31750338954531504,0.6701242072241647,2,7,0.013744040967436867,0.28068641466753824,2,28,0.12995568940645483,0.6531604272978646,2,35,0.47156860153867886,0.6997544447580973,2,50,0.09568053309767748,0.8284981201092402,2,62,0.32764380783248653,0.723170415646788,2,200
192,0.270852304741185,1.456388841504636,2,23,0.03987731271402338,0.6225428075894065,2,46,0.253595959712135,1.579125420252482,2,76
193,0.4382856806436307,0.8679185417982248,2,13,0.08236511229690106,0.9222875623142018,2,30,0.2925617742197792,0.8824170034864675,2,145,0.024063546086974898,0.867624044418335,2,169,0.20683932091691837,1.1145085394382477,2,185,0.06429000405656016,1.2181486649946733,2,196,0.3420764897517858,1.1831732094287872,2,200
194,0.30880307307471455,1.311330496510373,2,79
195,0.30434897787254866,0.7376108577376917,2,19,0.043659990296786355,0.1425073616206646,2,39,0.3090496071480937,0.6359446940955168,2,200
196,0.3404697633987864,1.2412937314886796,2,133,0.02458879157545098,0.9000549990622724,2,194,0.24247640955873212,1.0835580627123516,2,200
197,0.3635290119011017,0.452366646110397,2,97,0.019516183289321594,1.0330137890927933,2,131,0.40189676381639494,0.3136479366516721,2,200
198,0.02932532520517103,1.230419969558716,2,5,0.18677309886098292,1.193735188092941,2,200
199,0.18760453203893696,1.4874660968780518,2,17,0.058710705917319896,1.4384245077768962,2,26,0.2665086463730054,1.3946277958447817,2,87
200,0.2269250505208474,1.0544470578432084,2,200
201,0.29705174957617964,1.0795914879385031,2,53
202,0.1291582172650912,0.7814034819602966,2,24
203,0.3817629628474058,0.301252618432045,2,16,0.02801781302884528,0.3627629303015195,2,29
204,0.3521654316055062,1.1372761184518987,2,33,0.06927360374936312,0.2974258420928832,2,64
205,0.29671436155002473,1.1120982005678375,2,29
206,0.24738250295709285,1.5571811596552532,2,3,0.06137262727797735,1.142531394958496,2,6,0.029218262868822245,0.6439700503098337,2,25,0.4088745412692268,1.5749915964463177,2,110,0.037162505022715224,0.70477009150717,2,164,0.33615699051018927,1.5369772414366405,2,200
207,0.325212067515515,1.4293111386122528,2,54,0.06294531196294442,0.8425823748111725,2,86,0.27763443085102063,0.8966242969036102,2,90,0.030965696079041333,0.8151917025960725,2,148,0.30604537353064903,1.4597891365609519,2,189
208,0.2426090245479002,0.8804194141517986,2,44,0.028465286451529834,0.5713856239472667,2,75,0.2832084757354251,0.9725692295111142,2,127,0.15652550291372275,0.9381415660564716,2,153,0.03719514192281254,0.7421029886683902,2,190,0.1670493482086389,1.0587236523628234,2,200
209,0.24903450822011097,0.9349746453134637,2,57
210,0.18736805868300338,0.7324914249506864,2,110,0.08594026029503282,0.7753832775812882,2,136,0.24351029108411099,0.8154850145801902,2,200
211,0.2849788312611596,0.7637579784673802,2,85,0.12250051156251335,0.8113380149006844,2,117,0.025308556974999234,0.8417502641677856,2,125,0.24494725794676472,0.6873796582221985,2,129,0.017120090012880673,0.7434420585632324,2,147,0.12914191897042748,0.5577686429023743,2,152,0.022431261126610164,0.6588797783851623,2,177,0.2235976960013915,0.7745400097059167,2,200
212,0.33535878831427857,1.669776398961137,2,41,0.030225086615564816,1.0235306705747331,2,69,0.17931591779996411,0.8580913193085614,2,86,0.06089072030396445,0.8962211219164041,2,112,0.11260551687906248,0.9159447842714737,2,161
213,0.3111548039763302,0.4662454915046692,2,75,0.02281371543593252,0.5971515124494379,2,86,0.2654989651879735,0.4801252907322299,2,117,0.06169628351783061,0.5764443145857917,2,126,0.29130177152364106,0.4887977222333083,2,200
214,0.29091398747202113,0.8636330147939069,2,112,0.024860583181796594,1.0157156501497542,2,126,0.24851475825463107,0.8674387105049626,2,157,0.023623363856189,0.9967703580856323,2,167,0.19189977939166952,0.8235218297867548,2,188,0.030092885902195356,0.580590916176637,2,200
215,0.20648802714059988,1.0983154862015336,2,27
216,0.07957746955853845,0.5584228597581387,2,8,0.23901442055610572,0.5235851479646487,2,86,0.030093745182909356,0.8119232615698939,2,132,0.2567513466938686,0.37513989999013786,2,166,0.05316977585753867,0.44232188778765064,2,200
217,0.2682926622740112,1.216566993130578,2,9,0.04023986295406878,0.2428999885040171,2,26
218,0.02077777477384694,1.0057732820510865,2,25,0.2598392934032363,1.1907611002240863,2,200
219,0.2693125302939572,1.3014776616968133,2,186
220,0.08552808550386173,0.8647771844497094,2,13,0.25903014117221834,0.8441874047984248,2,82,0.039632144652003334,0.8016245514154434,2,94,0.3122228603612879,0.8648350881205664,2,184,0.030933778942974808,0.5757546480745077,2,200
221,0.2847282248739677,0.9774084678594617,2,69
222,0.2735064622565771,0.8286953935256371,2,65
223,0.3353043858729046,0.916755171198594,2,38,0.031137204672708748,0.49003256494934494,2,75,0.21615946118746163,0.6575622095002068,2,84,0.2951701967498305,0.8436576251325936,2,200
224,0.041718830159919805,0.8735247349739075,2,25,0.2158203727176119,0.9786745689131997,2,135,0.013474358721608548,0.7109250588850542,2,146,0.2760750398250155,1.089222667393861,2,200
225,0.33492462517926175,1.0052265465259551,2,20,0.051227887595941164,0.822624034659807,2,63,0.24011967280713337,0.9907751668174312,2,169,0.0369718732629477,1.001468728695597,2,197,0.2755584794420661,1.1733498970667522,2,200
226,0.3755039383394053,1.4507661335011746,2,94,0.021779135921705887,0.5289389834954188,2,120,0.1351734769364218,0.5596710159665063,2,141,0.40339708060946206,1.4974355268478394,2,166,0.02718541075754125,1.123674488067627,2,176,0.3159594304893876,1.5373748999375563,2,189
227,0.3079993256352119,0.915234866241614,2,72,0.020846723486598766,0.7358380881222811,2,83,0.3845946973841774,0.8100070106355768,2,159,0.10042799613779872,0.8365478068590164,2,183,0.023303335018507773,0.3337535472477184,2,200
228,0.23998092039234378,0.9909824959018774,2,57,0.04112235005292082,0.7441803645342588,2,89,0.12969056379710694,0.7676126807928085,2,93,0.2314235552138982,1.1136963534577984,2,200
229,0.17390286777493527,1.0817900719466034,2,27
230,0.46537859922163766,0.9395043154557546,2,12,0.02624079755284728,0.7582158872059414,2,26
231,0.33026941064040555,0.8967145202975524,2,76,0.04788482462630166,0.7132530907789866,2,94,0.3356843760074171,0.9090615321289409,2,116
232,0.07048909119097921,0.5973901636898518,2,16,0.1888946125561589,0.6632080475489298,2,28
233,0.1526493141483804,0.9242580831050873,2,20
234,0.2032488111266438,0.9309574663639069,2,42
235,0.21468622737617846,1.1324947440726125,2,117,0.022825708746062472,0.6059158993394751,2,155
236,0.22695082257856963,1.176061199261592,2,26
237,0.4325257077384252,0.9117893730440447,2,124
238,0.3478550293286853,0.8806663751602173,2,25
239,0.28461399077715044,1.3481205534934997,2,50,0.25954158912231623,1.0893457007408143,2,200
240,0.20554247012367757,1.0908786844123493,2,44,0.06462840794057727,1.0551430433988571,2,84,0.22219768325362985,1.034556820474822,2,200
241,0.2916348331853336,1.5041001684525435,2,51
242,0.2586974586489703,1.3966847692217146,2,70,0.07743295250814967,0.7940379324413481,2,112
243,0.23378084370255348,1.0303772372357987,2,34,0.01828234553439657,0.6851975960390908,2,48,0.38318608224239575,0.9064138531684875,2,52,0.012136294547143336,0.8822062929471334,2,67,0.11248727066877405,0.959040299705837,2,90,0.031141545865405428,0.9838032614101063,2,112,0.31433053816977524,1.1566579775376753,2,200
244,0.33660845465335165,0.7524455645680428,2,200
245,0.3494393184555425,1.3283554343950181,2,42,0.08991786319389876,1.2312351763248444,2,46,0.055952083699056084,0.8115939994653066,2,64,0.2965311761688916,1.5616472631692886,2,104,0.02436700809300247,0.7793190589657536,2,158,0.4571676583119516,1.659690255468542,2,180
246,0.37557534709106644,1.3710048198699951,2,3,0.021398924126063288,0.6390556372129,2,16,0.26817976902534857,1.4113547135801876,2,84,0.03999903859460015,1.3437531564546668,2,107,0.20963482339958578,1.3717672377824783,2,147,0.02797191799490584,0.9888716709046137,2,168,0.279992162976527,1.4062068350613117,2,200
247,0.2385256019078132,0.8723508378863335,2,200
248,0.3119490824070209,0.4849274481336276,2,12,0.026899125341704754,0.7445402990526228,2,79,0.1481276162575111,0.7330548167228699,2,84
249,0.28503169790439686,0.5866460101170974,2,110,0.04823833245297543,1.2338685106348108,2,137,0.3728499778087646,0.33975490114905615,2,181,0.038564475174945205,1.1086809101857638,2,200
250,0.20850864715234096,0.5597815754321905,2,26,0.03264909661763298,0.41453221440315247,2,41
251,0.26325788872994615,0.6986397391557694,2,200
252,0.2161900790345846,1.2753616832196712,2,32
253,0.2446436312669062,0.7329953119158745,2,200
254,0.3244169210068845,0.5033957108122403,2,61,0.05848762711681311,0.7277142806928985,2,110,0.29784853911216164,0.6682233181264665,2,200
255,0.3342352097962103,1.2395756443341572,2,42,0.02586702063754457,0.734686183432738,2,66,0.2905648435718229,1.2300952583996219,2,133,0.026058809528338986,0.8829444280037513,2,146,0.3037775222997841,1.2444849477873907,2,200
256,0.2798656493445016,1.226971672847867,2,64,0.029442225895385452,0.6650756597518921,2,79,0.37771613066541937,0.9868063688278198,2,84,0.031319640414603514,0.7042671740055084,2,98,0.21115148497395836,0.9875421126683553,2,101,0.028547693479177804,0.9562228660957486,2,152,0.31482648874345337,1.1537364323933919,2,200
257,0.4093525614684441,0.8899250871994916,2,17,0.04265246964629905,0.7857369439942496,2,38,0.24595348664298508,0.9592596420219967,2,66,0.02063313191628821,0.5689053054778807,2,97,0.0816373743899832,1.0415656944115956,2,127,0.034705733713971516,1.016733060280482,2,139,0.25842614201866826,0.9996350933523739,2,156,0.05355134770943792,0.6190364916216243,2,200
258,0.2762907369611737,1.2219363152980804,2,12,0.03503682135464555,0.8127166469891866,2,57,0.26816145809310943,1.00615694409325,2,78,0.04813210516065695,1.19186492562294,2,98,0.32887227619607184,1.3356205542882285,2,143
259,0.26070072037631525,0.7901762962341309,2,10,0.015454395048664919,0.5803649544715881,2,25,0.43073640028536136,0.859406088079725,2,39
260,0.2964530081454698,1.0638110556100544,2,190,0.033571663013533745,0.456012099981308,2,200
261,0.2745736820345447,1.301278977859311,2,41,0.025206802055456872,0.642240087900843,2,97,0.06138754803638533,1.0173897743225098,2,102,0.2450005634551658,1.3057030828631655,2,200
262,0.3764809690631985,1.3852186040444807,2,22,0.017712581126699878,0.3796820163726807,2,37,0.44720278636030925,1.2193484764832716,2,50,0.06525714182832212,0.7729429440064863,2,61,0.18657991863158685,1.010478505721459,2,74,0.03804472246829629,0.44837088137865067,2,86,0.37973709593620064,1.2481627464294434,2,94,0.023181055765494302,0.5097743386314029,2,115,0.270477428968504,1.00124632470748,2,200
263,0.2977807379226946,1.4266762852668762,2,20,0.05679298603351424,1.2870175590117772,2,44,0.23266712104592874,1.3427020123130398,2,63
264,0.22945528859560294,0.9462667075651032,2,56,0.07250878889552986,0.9655320167541503,2,66,0.03264949431467509,0.3943329120383543,2,83,0.27762549718357377,0.8852957043892298,2,200
265,0.3183944555911893,0.49594262629747393,2,200
266,0.19805913430146369,0.5826467147895268,2,28,0.025952743367399903,0.6005347702238295,2,37,0.2969485310097189,0.4108067165161001,2,66,0.019335019808126356,0.4938800474628806,2,98,0.32270515939557426,0.2703149508346211,2,109,0.03601032670633604,0.3797091543674469,2,119,0.21552997143372363,0.39282989025115966,2,144,0.031079397463786768,0.7659530884180313,2,183,0.08381434686089148,0.7120952816570506,2,200
267,0.5345402363772982,0.8201681226491928,2,8,0.05723303108507798,1.0452405586838722,2,40,0.22790360796602582,1.0445192416508993,2,70,0.07195742467660077,1.1004675328731537,2,82,0.33446992347704707,1.0571008640177109,2,167,0.03149703987635134,0.9091171446968528,2,184,0.23311456511787437,0.9593435898423195,2,200
268,0.20695267494904757,0.9877382516860962,2,38,0.02855007900406341,0.7050579915175567,2,75,0.23715016065415379,0.9462677354812622,2,200
269,0.19231388499375598,0.49346837773919106,2,8,0.05725852953088419,0.5111945037330899,2,22,0.19605934994414642,0.48123886519008213,2,31,0.02443796153789794,0.5570337763473169,2,98,0.5277533519187789,1.0930927693843842,2,102
270,0.290689867927553,1.0113051923421712,2,104,0.025403296913048795,0.6552167534828186,2,114,0.3173317982080533,1.0163300439368848,2,200
271,0.07522545508774527,0.5647294759750366,2,35,0.2863627814679576,0.5185892511497844,2,200
272,0.2988503352163844,1.2736896673838298,2,60
273,0.2659426811753781,1.584724709391594,2,8,0.015430324674983285,0.21135947888805753,2,29,0.29440318097530294,1.051462968190511,2,41
274,0.054919398817264604,0.6497054159641266,2,20,0.20183144654634527,0.6262524535781459,2,58,0.07801381783857854,0.43777114152908325,2,66,0.12500427374701034,0.4059937695662181,2,69,0.0118921079829232,0.29036273500498605,2,86,0.1456700040989387,0.3055364787578583,2,89,0.016364738492361013,0.1731601947987521,2,116,0.3062813844325579,1.0150845150152843,2,128,0.024983359356897973,0.2587669591108958,2,167,0.2793794576465544,0.9694439389488914,2,200
275,0.23500467676365452,1.555164693511106,2,187
