0,0.2414941444098906,0.9931743750205406,2,65,0.04623277356709368,1.0207442261955955,2,109,0.025448553768760197,0.7531136181205511,2,141,0.23907047397341666,1.0934127494692802,2,149,0.043630877362307155,1.012959966292748,2,162,0.3249318418538343,1.133153011924342,2,200
1,0.28327651813313176,1.005060484830071,2,85,0.0374307017283209,0.8321288498965177,2,96,0.21423544327264166,0.9324946306847237,2,133,0.034215595135246045,0.8573306618314801,2,166,0.3089005525804491,1.1847733539693497,2,200
2,0.2068731120347585,0.936461865901947,2,6,0.02267937146630281,0.9881122235594124,2,35,0.19132274161108181,0.8301449801240649,2,63,0.03755613588166184,0.8723724058696202,2,84,0.18684638457816136,0.8285240684006665,2,158,0.02332070799588958,0.9336478439244357,2,180,0.2522674069448389,0.827800452709198,2,185
3,0.3293835760544467,1.1964717938982208,2,29,0.03843325054589559,0.4779432207345963,2,39,0.33030133945540546,1.2337021990255876,2,61
4,0.23321683734422438,0.7834953972697258,2,200
5,0.2958836058623532,0.9459305531388029,2,109,0.04799909411036363,0.9537159278988838,2,125,0.3053664164232738,1.0297075353170697,2,163
6,0.02669674269456734,0.6208724592413221,2,28,0.2005480818379887,1.1744332752729718,2,47
7,0.3121247103870943,1.4373028129339218,2,16,0.016770958203164293,0.10063320646683376,2,34
8,0.28134370509954404,0.6575136650692333,2,55,0.027159333969435893,0.5177620568058707,2,66,0.21372788544163734,0.5182096166397209,2,133,0.0389087445544527,0.9068356404701868,2,181,0.4046321926823466,0.3490251402060191,2,184,0.022399402729652892,0.3646625094115734,2,200
9,0.27623741656836104,1.3217064773335176,2,119,0.052174937175228905,0.8134339032349763,2,200
10,0.3430549074990163,0.7469412992397945,2,60,0.027414991979835525,0.8439323008060455,2,106,0.2549818222967084,0.7735068798065186,2,109,0.051599729640977254,0.8079863727092743,2,119,0.2080178252930006,0.8858760727776421,2,128,0.2611221844773822,1.0307077914476395,2,200
11,0.1889692707161673,0.8863306042551994,2,200
12,0.2719462095129548,1.3861889320871104,2,23,0.02280377491152197,1.3195776641368866,2,31,0.3160329816151802,1.4018241310119628,2,81
13,0.10293680960764283,0.7113163471221924,2,17,0.023409223201522483,0.7921700109453762,2,51
14,0.2541339545031752,0.9359846873716875,2,88,0.05067907823725563,0.8509796527879578,2,144,0.26028485362777654,0.9922985211014748,2,200
15,0.2705195642630372,1.1579839380887837,2,52
16,0.3149834937410545,1.3508855595308191,2,51
17,0.38626647220132976,1.4619202874600887,2,64
18,0.34139640552434386,1.1246294075982612,2,57,0.06100035998995977,0.9760622924024408,2,101,0.3164496836334554,1.134156538982584,2,200
19,0.02673680859531286,0.7926704058280358,2,26,0.2962972310024341,0.9687414281070232,2,58,0.026871815158001727,0.9121411177847121,2,94,0.26730575528815864,0.9791110477277211,2,150,0.030892754315464985,1.0943287909030914,2,174,0.32763123898760343,0.21839001136166708,2,181,0.03936919244598163,0.23159038706829674,2,200
20,0.03309596640592884,0.6584508419036865,2,21,0.2409918208396671,1.1794489095996878,2,200
21,0.1954574069373861,1.2461609542369843,2,12,0.10444867083024552,0.6948143045107523,2,24,0.044013396376240466,0.6710204429793776,2,81,0.1394856403176922,0.4672012697247898,2,98,0.2915514169745792,1.2204176468007706,2,200
22,0.25442265388981217,0.8143838310241699,2,200
23,0.198523678624069,0.9248829062779744,2,75,0.03951827654889648,0.7213608348180377,2,138,0.2495357086891476,0.9686748633782069,2,162,0.031051151586242973,0.9853876484067816,2,200
24,0.2078416008980251,1.6403540486381167,2,21
25,0.28245930151388204,1.418865061941601,2,105
26,0.26508990833327567,1.427502397763527,2,59,0.03775259665258132,0.8802313186504223,2,86,0.1974357172016243,1.431927186878104,2,162,0.08409190142910111,1.335178405046463,2,166,0.04677188126823052,0.9182748724432552,2,200
27,0.3466690053876405,1.6762037721086056,2,94,0.0301626157329298,0.6887336979652273,2,152,0.3020348874788027,1.536771021783352,2,200
28,0.29480259201491943,1.1506294906139374,2,4,0.013130952880354329,0.42518493391218637,2,25,0.3264657917701107,1.2187422023100012,2,42,0.013545032134416012,0.6540422411192031,2,63
29,0.269558547270337,1.544829547405243,2,30,0.029780234662384615,1.0344819589094683,2,41,0.4325163109859185,1.5546956520814161,2,67,0.022317908633767956,0.16964310687035322,2,83
30,0.1657378486801453,0.9296009352332667,2,19,0.03708136646670983,0.716112521978525,2,32,0.24547805213557847,0.9467902159498583,2,156,0.028848704297801585,1.0356606496007819,2,175,0.07111481770788443,1.0388606262207032,2,200
31,0.10936843903776289,1.05129040990557,2,14,0.30160558472667504,1.208600965200686,2,65,0.022447556753454216,0.6845472351364468,2,88,0.1819068936270987,1.120776613553365,2,97,0.017153853480839552,0.4728040953477224,2,127,0.3242004592019712,1.4074584126472474,2,157,0.011469990420377048,0.528964818427057,2,190
32,0.28745201387768293,0.9240923381370046,2,138,0.045243270577866125,0.33611824306157917,2,151,0.21870648621980512,0.4876688838005066,2,166,0.24241015729374796,0.7942457146504346,2,200
33,0.2623275313712347,0.9197447862890031,2,180,0.021771146332339692,0.8136719514926275,2,192,0.43036047143594064,0.9201117753982544,2,200
34,0.41867699889550614,0.5939951058891084,2,36,0.18729014638363928,0.6437590139252799,2,71,0.06082840884767867,0.7232269598887517,2,84,0.3000684133927077,0.6680677756667137,2,92,0.028498873010628187,0.858221732907825,2,110,0.3022919949995095,0.6199082359671593,2,118,0.02983788787510366,0.9386580270879409,2,135,0.33063559774491075,0.5119887819656959,2,200
35,0.2979613208295477,1.1396162062883377,2,64
36,0.2762755253574949,0.9082216024398804,2,3,0.030642784168073825,0.8976089766151026,2,41,0.24356807434699843,0.8407319188117981,2,47,0.044670705725040435,0.9055989637970925,2,87,0.3301233331335726,0.986586183309555,2,95,0.05352521141220612,1.0119784325361252,2,103,0.3398507278441816,0.9825338257683648,2,130,0.026824753639519066,0.9264087304472923,2,178,0.4169589258263343,1.059731580994346,2,200
37,0.3403601077480467,0.5631592859552331,2,146,0.03553632842652143,0.6732045829296112,2,156,0.2727057548320538,0.5717836993081229,2,191
38,0.20707239082715995,0.9053086901819983,2,43,0.061921066436811945,0.9521655440330505,2,49,0.3150982391262348,0.9168175396166349,2,106,0.07583180541977029,0.9665012309948603,2,130,0.270186687323624,0.9733561532838004,2,200
39,0.06616459955000563,0.8831564017704555,2,14,0.26388978515901984,0.9344430247942607,2,149,0.03878103156955564,0.6316102338688714,2,191,0.37621133955733677,0.8388584123717414,2,200
40,0.3153900492642059,0.1490261501499585,2,28,0.03819138300510269,0.9056282016966078,2,73,0.2907546945581889,0.5515278840628196,2,200
41,0.39637071517560757,1.722900358835856,2,15,0.00880919363396737,1.4760571420192719,2,19,0.156835651561287,1.4977355003356934,2,22
42,0.275230593760147,1.2472455285844348,2,105,0.012750156820344432,0.5099194380972121,2,123,0.22216334100364693,1.1677640413309072,2,200
43,0.28952181477009536,1.088965002228232,2,17,0.03306720334645502,1.0151033297829006,2,40,0.3489140078219874,0.9333707349640983,2,75,0.027526302662570775,0.6448828117413954,2,97,0.311184399511053,1.037695860862732,2,107,0.016758244452652237,0.3675166795651118,2,137,0.3695415942175595,1.4267054852985201,2,200
44,0.29043164992677073,0.851269123951594,2,30,0.019607474857083803,0.2929105321566264,2,45,0.20653379693230012,0.9466949893582252,2,200
45,0.2820386934673149,0.6080446107046945,2,35,0.03226016369588666,0.79395779207641,2,86,0.24173080036573869,0.6813812382677769,2,133,0.08349321399412316,0.7689618143168363,2,144,0.28205752799666195,0.6940791588841062,2,177,0.02835631258487841,1.0057407447269984,2,191,0.2138468778207168,0.6059159106678433,2,200
46,0.2065100483825371,1.0946121939988893,2,107,0.060042272112922145,0.9116845925649008,2,125,0.14143740540578895,1.0049911645742564,2,138
47,0.0393529447470519,0.8475529829661052,2,15,0.15176545046490741,0.9479601303736369,2,30,0.2539226508836085,1.374324842375152,2,79,0.06183433664456216,0.5131769933198628,2,98,0.3642103624169054,1.4069471552565291,2,135
48,0.14866563910343972,1.0842988561181461,2,17,0.027769463445534277,1.249263276224551,2,40,0.22436799927483406,1.2528013388315837,2,64,0.04343865519033231,1.241133580605189,2,76,0.22155221562246166,1.2671203745736017,2,193,0.05753801090417194,1.2898593630109514,2,200
49,0.21325204006763043,1.1161225021333623,2,133,0.055889544778679294,1.0225074602210003,2,156,0.10956990748211266,1.0458724073001318,2,170,0.17060297030590213,1.3812698046366374,2,200
50,0.08539039753321818,1.4060762865202767,2,14,0.3339382714207933,1.4452233758378537,2,108
51,0.028825187818906414,0.7357920144285475,2,70,0.28361021882995685,1.3268027995762073,2,89,0.03372273002297279,1.220774781703949,2,99,0.3795973536617995,1.3064381037608233,2,200
52,0.2882405124026051,0.9496545720808577,2,101,0.028929641954766293,1.0144224426963113,2,156,0.37125747051387,1.1360596918290662,2,187,0.04203729034504478,0.3667473770104922,2,200
53,0.25445068457517117,1.555978008856376,2,96,0.18491334304664644,1.4334599077701569,2,116,0.15423665544812815,1.255117917502368,2,170,0.0732837000687068,0.8678938349088033,2,200
54,0.31706791600787354,0.8841354026589342,2,93,0.08568717582990507,0.9897185266017914,2,109,0.33935636333399305,0.8235587058486519,2,200
55,0.25419558567053047,0.9068827739732708,2,167,0.015849444775136293,0.10831632081306342,2,200
56,0.1731546902126571,1.4519154383586004,2,13,0.06068205954233374,1.4317250111523796,2,30,0.4042736486715641,1.3143961906433106,2,35
57,0.29007499483310556,0.7384598164847402,2,33,0.02395834700947273,0.56265205219388,2,73,0.24443326183110164,0.5779231637716293,2,77,0.04855783580563342,0.670225678864172,2,136,0.22756351739886374,0.8176958560943604,2,147,0.2401490370357418,1.0587076443546224,2,200
58,0.31120368042686386,0.9035933587862097,2,69,0.05302467087544421,0.949512759844462,2,93,0.2428766644304311,0.8686784163850253,2,154,0.017833356133435455,0.3201197999028059,2,180,0.049420017839304275,0.7165404662489891,2,200
59,0.3542027056285829,1.469969669977824,2,6,0.02230139589941242,0.26344345274724457,2,25,0.21376285314378862,1.4286457363764444,2,100
60,0.25688461815115693,0.5394762025773525,2,200
61,0.38165238870268325,1.1015221293155963,2,78
62,0.27951932238881577,1.2498668630917866,2,18,0.04475171401670467,0.3298439786714666,2,35,0.24143624695262342,0.6199278384447098,2,47
63,0.10157387241542372,0.8779336717393663,2,45,0.18990870824705094,0.8093319877501457,2,200
64,0.05550086246096323,0.8648765666144235,2,70,0.13470183285908896,0.8196051645278931,2,95,0.23784293999827802,0.7387950380643209,2,200
65,0.2624001885209548,0.6674722006650475,2,123,0.032214887356535354,0.694507788604414,2,194,0.19013894187919583,0.6390296121438345,2,200
66,0.17655479090223478,0.680742921307683,2,64,0.03618548382122266,0.9680369257926941,2,79,0.2784724551786547,0.6703413724899292,2,88,0.03246709087071749,0.7814984917640686,2,110,0.27199883827997906,0.6900055855512619,2,114,0.05767891251753052,0.759526384287867,2,143,0.10602379984013444,0.7283420017787389,2,178,0.03776642531944859,0.8236322673884305,2,200
67,0.3126535505787156,1.4600243255243464,2,118
68,0.340184860357639,0.8911929501427545,2,90,0.01721575170280024,0.24344685450196266,2,110,0.3537380715292468,0.8779642829528221,2,175,0.024475988254098018,1.2325369878248735,2,186,0.3703172322907388,0.8727422399180276,2,200
69,0.3552921045222975,1.139158913722405,2,26,0.025383058271302005,0.6746733749614042,2,43,0.27226001614672596,1.2487428171047266,2,112
70,0.24852543408447622,0.7653732697168986,2,15,0.039032428654427145,0.9437189759040365,2,64,0.3248193278419198,0.7373506757948134,2,82,0.10966005667694913,0.7050803216064677,2,116,0.02634546434291771,0.7329127218412317,2,139,0.3175583085278892,0.9744057792132018,2,200
71,0.32611553818420913,1.2420021705329418,2,32,0.07806580330326646,0.8936892996231715,2,44,0.2714900270340275,1.2029236785827144,2,75,0.07737425936386033,1.0810988247394562,2,79,0.04316008881790354,0.847505071405637,2,138,0.2067394130963629,1.3110235333442688,2,200
72,0.04070667043944084,0.8976322800394089,2,63,0.3622265690941109,0.5416311540386893,2,74,0.0444346685910835,0.6715180269429382,2,145,0.2520458253915869,0.5557883289727298,2,200
73,0.3525991940876889,1.3278673553466798,2,25,0.09366701466483601,0.6315789648464748,2,39,0.26036520347901154,1.2050526862343152,2,87,0.045383688943362525,0.6254970312118531,2,102,0.24269800325109467,1.0961275974909463,2,117,0.034060437957520895,1.0907542085647584,2,142,0.286080850421313,1.1874224344889324,2,145,0.04745919788640307,1.0003788868586223,2,148,0.029900395571625677,0.6066622018814087,2,163,0.4020200963754674,1.2501592152827494,2,200
74,0.3569460154106232,0.8782585221178392,2,170,0.030638855171008703,1.1309689005215964,2,200
75,0.28195074512586654,1.377349942417468,2,59,0.01944016033127012,0.12978426940166032,2,85,0.28043396053050723,1.4025453837021538,2,200
76,0.20704310744230658,0.9777618970189775,2,70,0.03936825415042152,0.8516191325404427,2,136,0.3223006436137343,0.9878953123092651,2,186,0.029764910190288558,0.6956528921922048,2,192,0.027971485653795924,0.36439680866897106,2,200
77,0.22029262939157568,0.9320565836770194,2,70
78,0.06945309298354696,1.0454043723918773,2,27,0.27494464344939795,1.383581519126892,2,85
79,0.2739822326150415,0.8888872842634877,2,31,0.023679094531950166,0.9279702504475912,2,37,0.21126704724834927,0.8458094426563808,2,51,0.04291921766396942,0.8781638627356672,2,98,0.19734159698224635,0.8954093713652004,2,142,0.03237720488736313,0.9663886324717448,2,194,0.20542315688151025,1.1608402132987976,2,200
80,0.2709143398406891,0.9763555645942688,2,200
81,0.3034961128465099,0.8568246653003078,2,31
82,0.23870461044296093,0.8823895085425604,2,21,0.031163326639177192,0.963553956576756,2,35,0.2542686082027355,0.9824509742932442,2,152
83,0.2820140782526113,1.0484435671851748,2,21,0.032706317887263726,0.7242786305792192,2,55,0.14410366272942673,0.8983147946687845,2,81
84,0.21488381271243456,0.9699902608990669,2,16,0.020216806931918276,1.0813091766266596,2,37,0.1710655359273298,1.1109669208526611,2,42
85,0.3000316846362581,1.5815601986508037,2,86,0.02128015864446336,0.80608872608705,2,141,0.34695267456530154,1.6367660246643365,2,192
86,0.3336589408755151,1.0344618495021547,2,56,0.08206950398614672,1.0155953301323786,2,74,0.045080344258830264,0.5191232860088348,2,98,0.09358694972962525,0.8049035170185033,2,165,0.22388669040229453,0.7815874351395501,2,174,0.03805937028593067,0.7053311375471262,2,200
87,0.24315819477153688,1.126198104449681,2,63,0.026658569976974182,0.35358934799830116,2,78
88,0.07732856836069689,0.5625536717750408,2,27,0.28388522315218473,1.038012176059013,2,113,0.02577772612766956,0.4640102620635714,2,127,0.1965078224859912,0.5529672304789225,2,130,0.01777717718074067,0.3224705571478063,2,185,0.28366634954031106,1.171044119199117,2,200
89,0.43759857207092234,1.5152646717817888,2,23
90,0.3146004745091641,0.9402750250118882,2,67,0.01980588268402069,0.26357992756657483,2,108,0.21185332437970958,1.0176916037287032,2,143,0.015569092433819457,0.12317151982675899,2,165,0.27322815986329796,0.9038670965603419,2,200
91,0.24530946740699505,0.3600164376199245,2,200
92,0.37411405672668036,1.1335231574376423,2,150,0.02692441957889065,0.8691620031992594,2,159,0.34194957250441643,1.1697091939972668,2,200
93,0.1613035865336726,1.2398034524917603,2,25
94,0.29634444426155115,1.081866074252773,2,74,0.05346953647598715,0.7071099519729614,2,104,0.2626675083596263,1.0503440976142884,2,134,0.03671912703260708,0.34968408743540447,2,149,0.25318095482137676,1.218653629807865,2,200
95,0.17598610029969478,1.2016858637332917,2,20,0.029352850521675196,0.3195328080937976,2,41,0.1983877052441709,1.1427037023728894,2,72
96,0.2887922952454681,0.7685174365576944,2,152,0.08292298288359441,0.5655965059995651,2,156,0.050116958087238685,0.3005711054801941,2,181,0.30947129002241736,0.9876295579107184,2,200
97,0.33082696262288525,0.8481110571181938,2,73,0.034491279826056105,0.5216634227679326,2,86,0.27026075909934166,0.849940315150378,2,200
98,0.2628470765365306,1.0078200652681548,2,145,0.0421682002615234,0.6376016239325205,2,163,0.08184598313726106,0.6218210925927034,2,200
99,0.19372290977715562,0.7049317721164587,2,33,0.026669432745651714,0.5599921498543177,2,72,0.3317262336327943,0.9006362543441355,2,200
100,0.2769990789979965,0.4085137544572353,2,200
101,0.3109599597075136,0.8328903138637542,2,200
102,0.27073169693676635,0.7030736207962036,2,6,0.043410234146355905,0.7913488703114646,2,20,0.25895498032586356,0.7827712774276734,2,35,0.04573538735330417,0.8396412347434857,2,144,0.20861751750090754,0.9860150774319967,2,174,0.021758536643623847,0.8667079448699951,2,189,0.1253505029685468,0.6978381872177124,2,200
103,0.36005842971838636,0.9331663063594273,2,35,0.03740716657959885,0.5288496891657511,2,65,0.27385960402074205,0.9736578790914445,2,149,0.033362975374260605,0.4988093399084531,2,162,0.3155051613889544,0.9770069692445837,2,185,0.026027098375280226,1.0244855403900146,2,200
104,0.33878155372737934,1.3625794053077698,2,20
105,0.1505971804002462,0.5893844718282873,2,22,0.027906020378389122,0.4865670485155923,2,57,0.21792347872107523,0.7835684219996134,2,60,0.026202581171206715,0.5195523003737131,2,93,0.17205495928425998,0.7610270790755749,2,109,0.0501293351573609,0.8561867939101325,2,118,0.28006747457960623,0.7708132608634669,2,200
106,0.26849924267937586,1.1062922044233843,2,11,0.03051029659042602,0.8038145534453853,2,42,0.331619473425898,1.2802023432471537,2,97,0.13591177087118975,0.7821477651596069,2,100,0.043189420538894484,0.6212135255336761,2,116,0.33795554331156646,1.2579090297222137,2,132,0.07738091022628277,1.2055503924687703,2,141,0.29827609800367266,1.283051399861352,2,200
107,0.29258961911043146,0.2358211576193571,2,200
108,0.35493229025798373,0.9672930813752688,2,78,0.027915899179897594,0.5352245469888052,2,99,0.3198757998329308,1.0715078711509705,2,125
109,0.2984799690054956,1.1187326246500016,2,200
110,0.3241255274182658,0.9437810855409119,2,163,0.36158860596965353,1.2352599292188078,2,200
111,0.2000907341581834,0.9081010523438454,2,200
112,0.2832821415803692,0.9278262257575989,2,34,0.07766407982234258,1.001032304763794,2,44,0.23313545860699478,0.9431432673805639,2,82,0.09953776074637831,1.001709250303415,2,95,0.32694486391329436,0.8878220495852557,2,139,0.03311010003260099,0.9015410244464874,2,147,0.23766443232574216,0.6450511033718402,2,160,0.04108879060064674,0.8837097868323326,2,200
113,0.2455854684018567,1.0040591057244834,2,154,0.021818238721453876,0.2653875621380629,2,181,0.18778955522573063,1.0227850079536438,2,185,0.03750212442342374,1.0360611041386922,2,200
114,0.3385415907355642,0.8659200168944694,2,37,0.028988608337771185,0.4257623056570689,2,64
115,0.3374885181020498,0.38527743447394597,2,21
116,0.34646339310706303,1.4019860703012217,2,23,0.026816660400869476,0.24947252358709063,2,58,0.31951508126028316,1.4372205080524567,2,120,0.02291594859220218,0.7454286885261535,2,145,0.045863056910483195,1.2821068286895752,2,150,0.36458763598003097,1.5300089883804322,2,200
117,0.33713635531248615,0.7054116622525819,2,98,0.012842397860796089,0.8724402586619059,2,119,0.07678639305431573,0.817217600756678,2,148,0.2720089521394605,0.7224902797203797,2,200
118,0.239922463027926,0.6610581183975394,2,44,0.02916509495257309,0.4755277664711078,2,92,0.29814540739347195,0.63719685210122,2,101,0.07576680136605389,0.7894952730699019,2,112,0.2568330478332726,0.8215811618349769,2,200
119,0.22942091140968762,0.17527426448133257,2,36,0.027581524323199495,0.3259706291659125,2,65,0.2767780147677917,0.40635069851522093,2,200
120,0.37694705221660196,0.8409032427658469,2,59,0.02336504413853081,0.26118094832808886,2,86,0.25922561754736945,0.7987509903154875,2,200
121,0.41023980851402975,0.7132299025853475,2,30,0.017678699923474026,0.5864202311405768,2,56,0.2792987525208929,0.7004947976933585,2,200
122,0.3973107296151461,0.9389423131942749,2,23
123,0.2693436845408214,1.1777928737493661,2,65
124,0.3727043233593789,0.9532383958498637,2,30,0.02333336455694521,0.46191391110420227,2,55,0.303879478847961,0.9565422042752757,2,187,0.04451523850828287,0.26407674642709583,2,200
125,0.2695102396587074,0.7630330852840258,2,115,0.16392133357765462,0.5099986355219569,2,143,0.038536252359288294,0.5783749360304612,2,182,0.1365154914767609,0.6264028035932117,2,200
126,0.18180046760418747,1.1855892500978835,2,47,0.3363519091881539,1.1590977200755366,2,74
127,0.25389085158921865,1.113756815592448,2,3,0.031138850244764198,1.4979374517094006,2,14,0.2812017831737763,0.9812912154983688,2,105
128,0.2920165198228427,1.1804434472116931,2,29
129,0.02535372665630146,0.8009471847460821,2,26,0.4356417414142717,0.9919610647928148,2,47,0.04092339554407106,0.8479874177676875,2,170,0.266922908054138,1.0297810832659404,2,200
130,0.3284770538096248,1.6643880128860473,2,30,0.03692209306025292,0.5770702610413233,2,54,0.2698388740341845,1.2960869421561558,2,78,0.030194912207260657,0.5161956792527979,2,89,0.36085929702942604,1.5468330383300781,2,105
131,0.2637226793032658,0.9715240410396031,2,35,0.05743866547853897,1.2135479657546333,2,58,0.3322664093287945,1.0110591466610248,2,71
132,0.23879803279456394,0.699051208194645,2,87,0.06013304083946349,0.48706942796707153,2,103,0.22457612159295287,0.7867822898061652,2,122
133,0.33489848930538124,0.8087838590145111,2,36
134,0.1033509633585652,0.8691066974087766,2,19,0.25819024497393217,0.9170225143432618,2,39
135,0.2711065340437293,0.7350535194079081,2,72,0.053836522508610776,0.38383653660615286,2,102,0.2383821478232742,0.5647408304115137,2,126,0.08065402982065574,0.6684296445266621,2,200
136,0.375761110115085,1.1553870646849922,2,23,0.034119271832036877,0.9669570624828339,2,33,0.37543485321537007,1.190252314011256,2,57,0.054997072743209155,1.1435343704440377,2,101,0.2932967334246737,1.1749938790862624,2,138,0.038693690573668525,1.1164891958236693,2,148,0.36328704284704155,1.1675497510216453,2,170,0.041248712588410466,0.8153623884374445,2,192,0.42972640299071335,1.0275327116250992,2,200
137,0.2695611999248849,0.5212288645306075,2,173,0.09614064621543197,1.1761093934377034,2,179,0.027078267303372514,1.1261528730392456,2,189,0.11613140938303002,0.6226183501156893,2,200
138,0.22930979186258776,1.0243436273406534,2,102
139,0.0489596831880278,0.5551328063011169,2,28
140,0.2611005322030312,0.5699887705630944,2,61,0.25517352884590533,0.3654366354147593,2,91,0.015230000100385293,0.1726246538915132,2,110,0.22725664075456836,0.6735424041748047,2,170,0.033884014607238576,0.6966770775616169,2,186,0.48395527416242834,0.571970637355532,2,200
141,0.04842006719478802,0.8284429578945555,2,29,0.262609010951646,0.6057225147883097,2,74
142,0.21779411575052396,1.4441035985946655,2,21
143,0.3188913465571854,0.5058275794095182,2,188
144,0.35633523565929415,1.1085407336552937,2,78,0.02761291452277831,0.5084027193094555,2,97,0.298960168825564,0.8255440635340554,2,111
145,0.015333885142955988,0.601645057851618,2,11,0.37495223829016394,1.565924306710561,2,17,0.02735718221723745,0.22530244886875153,2,32,0.3511686732611123,0.9740203704152789,2,200
146,0.06118923932527493,0.875872247494184,2,26,0.23064425374482703,0.9372387302332911,2,200
147,0.26870765733052737,1.527264912923177,2,3,0.030034188134301695,1.0398696396085951,2,48,0.31403586562637237,1.419066401688676,2,200
148,0.23799096825447374,1.0737757885709722,2,188
149,0.4052511466437962,0.7868831336498261,2,20,0.03301628513641918,0.43673958629369736,2,32,0.3592397088469815,0.41688784740187906,2,87,0.022581062031335548,1.0160754859447478,2,97,0.2722186843999881,0.8950831393400828,2,127
150,0.24098582415220368,0.9417714131505865,2,19,0.046654489258339704,0.48272050065653666,2,33
151,0.32994185415805144,0.8363810181617737,2,38,0.03148950468972941,0.6057221521349514,2,89,0.3191360462342483,0.8700954596201579,2,104,0.024011964872073542,0.17988851588023336,2,123,0.22860968367882895,1.135721319913864,2,143,0.019638060998833702,0.4998405516147614,2,153,0.41255055130261736,0.7637498432939703,2,164
152,0.38129940626343256,0.6769093185663223,2,20,0.018901921796521223,0.9365298897027969,2,28,0.24679447444206534,0.6509510278701782,2,35
153,0.29030489569879053,1.0481622815132141,2,14,0.04716957326220024,1.0793049097061158,2,19,0.2827974258470758,1.0904279334769065,2,200
154,0.33080361996402063,1.108964922514604,2,193,0.12571746761196606,1.1741392782756261,2,200
155,0.04774872780523463,1.1689407314573015,2,14,0.3551391951364829,0.7950194980583939,2,167,0.014827793862418207,0.2012570139133569,2,200
156,0.2358624134205539,0.889864238670894,2,35,0.06738367522310343,0.6939787772985605,2,61,0.1831461970145841,0.7408374966961322,2,162,0.0326136649183507,0.7798992337719086,2,193,0.08808495196001505,0.6910724810191563,2,200
157,0.27236130847417767,1.3063646490509446,2,37
158,0.2985900416782135,1.276108831167221,2,40
159,0.26751594844988075,1.3675382176065833,2,123
160,0.25592860188121913,1.0525306812440507,2,99,0.013262803667013198,0.6840795338153839,2,109,0.16518365311038058,1.06033456325531,2,118,0.03327998830131649,0.6377920620143414,2,134,0.32728364691967476,0.9594051223812681,2,200
161,0.2444225622155502,0.714467297819324,2,133,0.03258367913607267,0.842340966633388,2,168,0.2740594625403459,0.45056471321731806,2,200
162,0.34292343757842725,0.7548923250287771,2,32,0.026208287181617315,0.8781502076557705,2,39,0.2559450784363846,0.767076733865236,2,58,0.02786308453020935,0.8605257901880476,2,94,0.2251038934383697,0.7600861083377491,2,105,0.07013807279902358,0.7999852085113526,2,180,0.03643927590398982,0.690561643242836,2,200
163,0.1988021547980902,1.4192017962535222,2,24
164,0.25486324828032825,0.8603252371152242,2,147,0.044743736588238076,0.7096479591333641,2,200
165,0.03586064391585297,0.3770684920824491,2,13,0.3172537345612418,1.0416796938939528,2,57,0.02907962360081029,1.1027983824412029,2,66,0.32241848120971617,1.0395096458237747,2,182,0.03162962740596149,0.6602255751689275,2,200
166,0.18019341415605794,0.8416657969355583,2,8,0.026155593604166968,0.4351418813069661,2,20,0.2275114465269504,0.543815917438931,2,29
167,0.21063867525667837,1.6535927359061906,2,79
168,0.6768910545022954,0.98542320728302,2,4,0.028592778314388684,0.8394274305213582,2,26,0.34722838297155056,0.9152927061785823,2,72,0.01776136927068922,0.9291945695877075,2,83,0.05049456966145663,0.9675927378914573,2,94,0.2910857886617301,0.7902628863757512,2,200
169,0.32584673130400665,0.7862204625162967,2,172,0.0599584048404292,0.9167310169764927,2,200
170,0.32622276309358594,1.6367240416265167,2,113,0.0401456369829107,0.7358596854739718,2,140,0.287890046679258,1.6041529280074098,2,187,0.03845256313717852,1.3187044308735774,2,200
171,0.2034905895297342,0.8332563755304917,2,46,0.03961195557534759,0.7788723264421735,2,116,0.2336150292989851,0.7052320241928101,2,122
172,0.3208464831292573,0.934821288464433,2,59,0.027552881969506095,0.18835097551345825,2,78,0.3086549046146952,1.015921461276519,2,117,0.02826730441326921,0.32611596711138463,2,164,0.24472886440335412,0.995370348294576,2,200
173,0.5001289415935868,0.9958095550537109,2,6,0.03984355522797004,0.6302879452705383,2,43,0.27072008658456065,1.0085837581883306,2,66,0.08524769563275271,0.9255926514665286,2,186,0.427529124481747,1.1667345762252808,2,200
174,0.3365091647028814,1.2229489088058472,2,149,0.06796314265823729,1.316010093077635,2,188,0.37256955613393644,1.415384163459142,2,200
175,0.36252852410332326,0.8944291746294176,2,37,0.01858742550548298,0.8308970310858318,2,65,0.33534161131291007,0.8866245746612549,2,120,0.019085668945379927,0.8320482562888752,2,142,0.10350665078986693,0.9369914597935147,2,151,0.3550706632235646,0.9311979814451568,2,200
176,0.34243971338493057,0.7578167120615641,2,3,0.07651840978678022,0.8860286611777085,2,16,0.2560817706270353,0.7207593498406587,2,70
177,0.29922081675190204,0.8969413807263246,2,74,0.04677219140452853,0.8798311154047648,2,80
178,0.3336443925796511,0.9965956521360841,2,73,0.046064542203482474,1.0413568967427962,2,112,0.2441236425246083,0.9456771727531187,2,143
179,0.2690865492046726,1.0458322517249896,2,92,0.0622536150742944,0.9337098002433777,2,111,0.16675317554666377,0.9572167179801248,2,122,0.034865061525810606,1.120377187927564,2,146,0.027056268759850257,0.7266435654213032,2,194,0.21883701510630318,0.7188003857930502,2,200
180,0.435369943512367,1.6600716829299926,2,10,0.03700912789966635,0.827474527499255,2,27,0.29060172474060775,1.0591389151180493,2,44
181,0.3014462372400945,1.1218522671730287,2,31,0.035830349239097656,0.8515043705701828,2,63,0.22462272042779885,1.0491246434877504,2,169,0.04644712358256805,0.5209495263795058,2,193,0.17098588742390283,0.6773597172328404,2,200
182,0.3503617014427589,1.293215422667274,2,129,0.037456267901864015,0.18800066640743843,2,142,0.3932336863377942,1.3344309473859852,2,200
183,0.03594406641181427,0.44214426843743576,2,19,0.5086976564096919,0.5436264753341675,2,24,0.013914418230295466,0.37197917067643366,2,57
184,0.2847877083743866,0.9180675191538674,2,28,0.017058484207735963,0.3963775073780733,2,45,0.28124571233488543,1.164269751152106,2,158
185,0.25307227540425736,1.041611072692004,2,44,0.03248972136977142,0.5738704318869604,2,117,0.30141309526196347,1.0444001886579726,2,144,0.024263444724432287,0.1315035278146917,2,177,0.14761097125882763,0.5181785499056181,2,189,0.029996133003080214,0.4160966520959681,2,200
186,0.24061096430315848,0.6528153489617741,2,85,0.07915336408011481,0.7665847584053322,2,112,0.2167819294485113,0.7223094200546091,2,200
187,0.22845091586331848,1.4178379872073865,2,146,0.053653904700677574,0.6822134703397751,2,170,0.24268421703481985,1.4403739372889202,2,200
188,0.28131577954328474,0.8413077354431152,2,70,0.05202377963967233,1.04197956533993,2,104,0.22684833084932166,0.9955589890480041,2,114,0.02601695706454508,1.062663479991581,2,160,0.2626325166921188,0.9800445522580828,2,174
189,0.2168600727678641,0.2783991485834122,2,20,0.018169286715050307,0.4468244403600693,2,30,0.3513728048814238,1.184158019721508,2,62
190,0.2748501811193944,1.0859738953259526,2,98,0.04149125761010045,0.9181795398394267,2,113
191,0.1446657426062532,0.7930506865183512,2,3,0.035024308093590285,0.846449707729229,2,72,0.3086819051314077,1.36631441116333,2,78
192,0.24723787803122288,0.6717606524024347,2,99,0.07610020968455598,0.9212981995783354,2,118
193,0.22653638334715118,0.6894660715399117,2,29,0.02914164641706101,0.6087970008020815,2,52,0.24630729621723518,0.8327654947837194,2,64,0.07503756819491342,0.877279645866818,2,73,0.024421449914053796,0.9439765725816999,2,101,0.323532653157904,0.7099016649382455,2,115,0.025947514265532334,0.6393702488679153,2,141,0.22427745179027433,0.990995446840922,2,144,0.184472388018046,1.2489537077565347,2,175
194,0.2565501119695049,0.7080277318046206,2,21,0.048505136418543184,0.7724328794900108,2,55,0.42175554071171456,1.1199826002120972,2,61,0.0393777823020022,1.1719743694577898,2,68,0.3308847065954947,1.1086275428533554,2,100
195,0.22292341489213235,1.1734566887219746,2,12,0.012270399038302137,0.316491212695837,2,28,0.27320654756758767,1.2122274792712668,2,74,0.039507644921482635,0.5735810836156209,2,89
196,0.29926221624803545,0.3218981112539768,2,200
197,0.1712116931614019,1.04337473710378,2,3,0.026520780346741515,1.052835710670637,2,49,0.1863851152344478,1.3016153052942643,2,200
198,0.33253792180666564,0.8253483176231384,2,3,0.04219967822854697,0.21822636667639017,2,19,0.3061903570829435,0.921056606822251,2,200
199,0.2631834764805026,1.1385272238232673,2,109,0.02598002274116948,0.8072274738834018,2,151,0.3270589858593453,1.1568136654402081,2,170
200,0.20710022455198637,0.8581504012857165,2,28,0.015575382277115335,0.30168043515261483,2,45,0.27207801315925834,0.8350774213379505,2,96,0.023005378946421833,0.7158985224637118,2,151,0.3193610477739036,0.9228381186115499,2,200
201,0.29946544804433817,0.7221371531486511,2,6,0.027435291154385526,0.8430309709575441,2,42,0.30297502660554054,0.4794644930145957,2,64,0.062165442351268106,0.7005839049816132,2,86,0.32354394431427197,0.7416032417533324,2,183,0.04324718939253916,0.899811076266425,2,197,0.19603545997925778,0.9438048203786215,2,200
202,0.24989261681611052,0.8761290601417844,2,177,0.04676294433582489,0.6658225016934531,2,191,0.5465400091288561,0.9283656345473396,2,200
203,0.42658913075022326,1.0955817699432373,2,39,0.05727825074640058,0.7660605758428574,2,59,0.28931102933820746,0.9787619531154632,2,69,0.3685874834189443,1.2971139152844746,2,111,0.032584755748513536,0.6447884386844849,2,200
204,0.3873346852932724,0.9756080355193164,2,148,0.06378878104989737,0.6483260373274485,2,178,0.3331274937268563,0.9624662345105951,2,200
205,0.3115734071725457,0.77686224160371,2,135,0.06412378514067359,0.6987542748451233,2,145,0.3585902446543081,0.7097842991352081,2,157,0.05367203600905615,0.7996770938237509,2,175,0.276654315413323,0.7933478164672851,2,200
206,0.14555376790612792,1.0603373610243505,2,49
207,0.17733633172873564,0.8053597609202067,2,30,0.03480579606572064,0.6796261535750495,2,57
208,0.256751190196723,1.3961538321831648,2,34
209,0.32549747423476694,0.2300913541018963,2,200
210,0.35726571860921646,0.6983400285243988,2,12,0.03084140017875717,0.7694044245613946,2,21,0.37636505812346904,0.8134363185275685,2,43,0.04732690472183025,0.8349375415731359,2,70,0.3385965055152502,0.7658204903969398,2,200
211,0.2881711136063347,0.874797404743731,2,64,0.08724396039044595,0.883619507153829,2,79,0.32714735199737305,0.8419464772397821,2,90,0.04162568137851088,0.4868191514375075,2,143,0.2533304077468133,0.6473393440246582,2,148,0.04408917091050052,0.7833724841475487,2,156,0.15572079477318443,0.7804634511470795,2,176,0.02824260890748747,0.9219733192807152,2,197,0.3311231217932177,0.7736367980639139,2,200
212,0.34230345955756114,1.3737348176184154,2,42,0.05435257735144612,0.8557955026626587,2,70,0.25403592855403495,1.529434463252192,2,162,0.02846713930130853,0.6423707315998692,2,193,0.5067874665438187,1.0075372854868572,2,199
213,0.369503509144923,0.9629839796286362,2,26,0.021836614169266785,0.47920033806248713,2,45,0.3220639194953613,0.894346853994554,2,200
214,0.2445566040089259,1.0993694108107994,2,29,0.038663843186785174,0.6805256193592435,2,71,0.24792115832164896,1.0864976071572119,2,200
215,0.2987678804702157,0.622461085319519,2,200
216,0.23388754180413696,0.9741895225312974,2,90,0.05755644045250018,0.7104318141937256,2,111,0.23235875166097075,0.7821441654408916,2,200
217,0.30566867189531305,0.8975170334180196,2,15,0.06087567940758174,0.5751320432339396,2,43,0.24995651894796234,0.8235906222064024,2,200
218,0.21905907580946593,0.5302206074319235,2,82,0.04532319210279088,0.5837691404602744,2,137,0.27249268420685974,0.46432529195495276,2,160,0.027790612487567885,0.9556881326895493,2,186,0.1148936697577534,0.5469496377876827,2,200
219,0.2890945293310024,0.7604380636601835,2,37
220,0.15832456522346997,0.730732262134552,2,3,0.03397613397662153,0.7330563779060657,2,29,0.17987379700197975,0.9597477742603847,2,36
221,0.28167542502926257,0.7887842962818761,2,31,0.0412272424441036,0.8549085673358705,2,67,0.046459468379487986,0.1150766656254277,2,100,0.10630864545858744,0.885022329933503,2,134,0.35083663883979843,0.8554503728042949,2,200
222,0.04597108218520921,0.641407100777877,2,19,0.2920792096736244,1.285821167464109,2,116,0.04499709175872847,0.7086090410456938,2,150,0.2432259483134024,1.298801565170288,2,200
223,0.13866324291681276,1.3192518377304077,2,25
224,0.02204858365030984,0.8533934319720549,2,17,0.25400051538193186,1.1128730565782576,2,143,0.011760907122011936,0.162137909304528,2,164,0.18098977331124325,1.3245074484083388,2,200
225,0.02588357523784977,0.2989331979085417,2,68,0.18318386358868974,1.17645858724912,2,80,0.061480905810456725,1.142291138569514,2,92,0.26625557877261824,1.1676989473678447,2,200
226,0.23833647480410183,1.0666200110786839,2,19,0.01875744578076139,0.7408350507418314,2,31,0.3088525871283247,0.9632702112197876,2,36,0.02406245588077518,0.8827943170070648,2,86,0.2938906075112172,1.0034192131276716,2,200
227,0.20966242473627328,1.0336684247721797,2,69,0.05139389563780359,1.0875064341918281,2,92,0.2693326183983313,1.0948012607643403,2,175,0.0383510274327007,0.6787542104721069,2,200
228,0.26279012120504003,1.0859981698374594,2,31
229,0.4680097900867394,1.0343692458194236,2,23
230,0.30139814615466737,1.3815258812904359,2,200
231,0.2569139031590043,1.7550395667552947,2,20,0.025891101751713348,0.9479543988297625,2,61,0.3289671599328849,1.6269612216949463,2,111,0.0627211394470729,0.8150642939976284,2,132
232,0.27571102029721944,1.4333281053437128,2,18,0.05550317194370989,0.8241758152495983,2,61,0.24546079443436092,1.5195523280363816,2,126
233,0.37188805874707315,1.1464660167694092,2,24,0.027162014600410567,0.5167883542867807,2,37
234,0.42785790397070617,1.7137121280034384,2,15,0.01870976452755467,0.6633490305393934,2,47,0.2524278008549739,1.7351168394088745,2,197
235,0.3747059860742052,0.8423783426935022,2,22,0.028838700171430635,0.8033228140128287,2,98,0.29973555732567214,1.436797076580571,2,200
236,0.32719309346072367,1.639178568124771,2,20,0.008157878241234822,0.47108318550246103,2,41,0.05423160439488701,0.5620421171188354,2,45,0.011106222345779503,0.2526265423406254,2,56,0.3540346577710309,1.6137560904026031,2,104,0.024802383645394475,1.5434901581870184,2,113,0.30160130135365143,1.6008722357366276,2,200
237,0.06329489664531068,1.000512068088238,2,26,0.1407006387416948,0.9464410435069691,2,48,0.03929014334588482,1.0091381506486372,2,59,0.231592379704106,0.9860817667315988,2,127,0.026755795494591804,0.5980965266489002,2,200
238,0.328365694441129,0.35530982179156806,2,59,0.014046410249538772,0.37094017321413214,2,81,0.27069491965215225,0.4268062627977795,2,117,0.016440019806790437,0.4964204251766205,2,132,0.32978824144033075,0.6638932923475901,2,138,0.03385154656059803,0.5835722664992015,2,153,0.01126590564202911,0.876253604888916,2,163,0.25492699209789604,0.5049560488881292,2,200
239,0.3192299929121999,0.9592165907875436,2,183,0.010915000837334096,0.24786760526544907,2,200
240,0.42426227460418375,1.0137615601221721,2,6,0.02938473125493463,0.6733853252310502,2,25,0.31827095438833203,1.2488051270538907,2,78,0.029972517965436082,1.4001822471618652,2,95,0.371401450486654,1.236412434016957,2,129
241,0.27063968622526313,0.6338001257843442,2,18,0.02344987259478559,0.828472993590615,2,29,0.1985565330669865,0.8931101597845554,2,45,0.02271276852439429,0.9031852197647094,2,70,0.04982710163557165,0.9364722371101379,2,92,0.19551465573385865,0.9132251491149267,2,200
242,0.22931195668478033,0.6746746924188401,2,45,0.06540839284304845,0.7041732811927796,2,70,0.2542887767452102,0.6824934367950146,2,200
243,0.1610379471126228,0.8542919158935547,2,67
244,0.3003443563435731,0.7530602126905362,2,73
245,0.3008112026543783,0.940816006064415,2,200
246,0.1935017426879984,0.5224711845318476,2,24,0.04033200475171636,0.7039286455800456,2,86,0.19317118839328215,0.7080306965008116,2,200
247,0.10713104425843668,1.0084790858355435,2,22,0.02718118554136622,0.962462095113901,2,61,0.2674007153292678,1.1519593458909254,2,74,0.051144050377932716,1.042902041364599,2,101,0.331859359054405,1.137696987450725,2,200
248,0.021062358577590794,0.35889405713361855,2,68,0.23316494339340493,0.6029945526159171,2,200
249,0.27172554264612375,1.0005071037694027,2,19,0.021705016205704322,0.6287701176969629,2,57,0.3065674823150909,0.9760126991474882,2,104,0.0260364301699396,1.0198441743850708,2,113,0.2549666896549039,0.9668713259971005,2,200
250,0.24033491984012637,0.6149214023351669,2,50,0.017480645444888566,0.44590899799809314,2,83,0.2523408082638008,0.8052749225626821,2,175,0.027348263921669915,0.7479089796543121,2,183,0.31970035627396787,0.7560074224191553,2,200
251,0.25692605272958463,1.0290325028555733,2,21,0.04027971298481435,0.7904306090459591,2,103,0.3167747194568382,1.216709852218628,2,132,0.03491572484246618,0.8343944652327175,2,161,0.3424819238580136,1.3472129717851296,2,200
252,0.31649100166172384,0.3091381884909965,2,37,0.03535346557186369,0.5174730014801026,2,62,0.04346426615143836,0.8789483617853235,2,89,0.2889933646704128,0.2763517418945277,2,143,0.06886180751278134,0.3987044027218452,2,156,0.2375016429962616,0.2813409336588599,2,200
253,0.3163647369839382,1.086114534309932,2,7,0.025042128684000946,0.6064820620748732,2,16,0.342162975583987,1.2244172488173393,2,89,0.023280504147747745,0.7581781546274821,2,98,0.46213753939274343,1.1010283380746841,2,110,0.024459231290992717,0.5210192221052506,2,127,0.3020095125789288,0.7910187840461731,2,130,0.019629221246281452,0.4239904687360481,2,184,0.3570990978823128,1.2579230666160583,2,200
254,0.36391421156232007,1.1624113569657009,2,24,0.07082058788356094,0.7127544896470176,2,60,0.028163333396677166,1.2959694103761152,2,71,0.3329464247276129,1.2125980414233162,2,174
255,0.2617078848693304,0.7692174849839046,2,116,0.021515551340461497,0.9127051565382216,2,125,0.2898021165414696,0.849142158573324,2,169,0.03220336388391561,0.8975715160369873,2,174,0.23139825539986125,0.8835598344986255,2,200
256,0.0403670512215155,0.7958660162985325,2,64,0.22352300308695822,0.6380457282066345,2,74,0.047105897851191916,0.7460231312683651,2,144,0.2836981650761389,0.6389690531151635,2,200
257,0.2448494383075467,1.1364227871637087,2,74
258,0.27695802529050256,1.2068484463590257,2,94
259,0.28987803445419447,1.1932682640412275,2,17,0.016003841291428608,0.21157176179044387,2,34,0.1795726535897341,1.014805342211868,2,67,0.03257699851636555,0.9589255054791769,2,76,0.09630161126083349,1.0261763731638591,2,103,0.028556127282380966,0.7668491420538529,2,126,0.2321365798048414,0.9825052420298258,2,141,0.030025066230019846,0.41045232575673324,2,167,0.3631225128771227,1.4707131096811006,2,200
260,0.39582268178151975,0.8662374317646027,2,24,0.04970404814792472,0.6934088185429573,2,64,0.25662104921537554,0.9931017966831431,2,200
261,0.27290632466365816,1.150535694190434,2,14,0.02283052290846959,0.45811437708990915,2,35,0.2131490669663068,1.1645777008750222,2,46,0.01634272310976189,0.484513641645511,2,70,0.19815358116680662,1.3291756560405095,2,94,0.018986972676771935,0.7016918758551279,2,148,0.20947573891286086,1.4954436736948349,2,182,0.03568164504513112,0.48903199368053013,2,200
262,0.31025770876798714,0.9856405400094532,2,42,0.04365324473473279,1.0590248891285488,2,112,0.30072673378656944,1.2071445394646039,2,200
263,0.2347709916210356,1.1196289485500706,2,124
264,0.22659376193465858,1.0048131971824459,2,41
265,0.2424798136990036,1.0702957560939172,2,155,0.01840308260025139,0.5145342797040939,2,165,0.2528057868906447,0.9013163225991385,2,200
266,0.22713420030338402,1.1430858265269885,2,11,0.039145334526170285,0.9861328413611964,2,30,0.1495893863842783,0.992899733431199,2,47,0.0204118702105299,0.8402394461631775,2,72,0.17388214638357002,1.0363681893194876,2,103,0.30261706786339404,1.0003743356036157,2,200
267,0.30575880616644147,0.47919000022941166,2,18,0.020795104003522528,0.9573471546173096,2,29,0.24069449283475305,0.600435905986362,2,47,0.027207161142542277,0.7757398194736904,2,92,0.21908470780899297,1.2171441316604614,2,103
268,0.24952512216453132,0.5839796289801598,2,8,0.03473248073885218,0.7100537990530332,2,56
269,0.4189607603404368,1.0547325213750203,2,3,0.029927985495175287,0.7615911856530204,2,66,0.28872261943976724,1.008298113490596,2,132,0.03696373351754549,0.5849014408886433,2,148,0.2643691423553079,0.9767768062078036,2,200
270,0.24618118518803925,0.9567565282185873,2,60,0.06688341380139182,0.7523586249351502,2,85,0.24802639380647365,0.8568929521933846,2,200
271,0.2628773787088667,0.9521834850311279,2,11,0.06847305564398719,1.0249294144766672,2,46,0.03245405472753174,0.9315897065859574,2,72,0.23961402987991232,1.1171746289730071,2,172,0.0381943892788259,0.5056655151503426,2,200
272,0.19548930838447248,0.8325737182812024,2,93,0.022999214734191916,0.2245006561279297,2,123,0.20811081229575024,0.34554143746693927,2,132,0.01688935811713912,0.19873142076863182,2,141,0.19603574696443782,0.25401197622219723,2,147,0.05352051280293394,0.41436076267012234,2,176,0.22507366583299507,0.6862102415826585,2,185,0.07933230477307529,0.4202325920263926,2,200
273,0.2538985772227366,0.673747053069453,2,31
274,0.025413453273342382,0.7396467759691435,2,29,0.23278288609862907,0.5758801251649857,2,35
275,0.22738395827739008,0.6002092987298966,2,20,0.08419967843730408,0.6745727012554804,2,32,0.23900271288490652,0.6846747618345987,2,200
276,0.36629632410638696,0.6858920065256265,2,26,0.024847649013102054,0.6374659263170682,2,39,0.12486203505038088,0.6919174671173096,2,59,0.026407583316716526,0.7389334201812744,2,84,0.16546163276636666,0.8137729116108107,2,130,0.027726880478072265,0.9267365336418152,2,178,0.34205803426889586,0.8259165693413127,2,200
277,0.42441201822472,0.8966849724451701,2,15,0.037984471792432695,0.6205454645333467,2,42,0.3269792483503303,1.0043555170297622,2,162,0.028715318585686496,0.6240168386384061,2,181,0.2806214395234443,0.930652568214818,2,200
278,0.32017397268456316,0.7050431668758392,2,6,0.029546439129308547,0.6756765345732371,2,18,0.24432376520104346,0.7103082132339478,2,68,0.04561146431389029,0.8612954749001397,2,77,0.2846602186798132,0.7358043193817139,2,85,0.04252455098354948,0.7769108835388633,2,102,0.027834059229697897,1.1338731214917939,2,131,0.25933304379143124,0.561504065990448,2,134
279,0.2812102506919605,1.7256381210771579,2,103
280,0.4295926063193089,0.7426902481487819,2,28,0.05209130824855544,0.623897542556127,2,40,0.24009770375171896,0.8310118615627289,2,88,0.06418876971612797,0.7794159284004798,2,101,0.2677651624839533,0.889251849230598,2,118,0.0411189480945308,0.9693954348564148,2,148,0.23183266899503144,0.7560085092599576,2,200
281,0.29058410140974966,1.1380063923922452,2,110,0.07196561051778935,1.1564148008823394,2,130,0.23070800899502888,1.05890462909426,2,200
282,0.30154359219620763,1.3814043747751337,2,76
283,0.21646072665916144,0.3272698151654211,2,174,0.030584079971039926,0.4470882759644435,2,200
284,0.03957981703793709,0.686555615067482,2,20
285,0.4959532997236829,0.7088630795478821,2,3,0.017204884965785542,0.2020058214664459,2,23,0.16706388868075742,0.7900008261203766,2,61
286,0.2929551175342413,1.2827116355063424,2,126,0.029771769009614667,1.080161452293396,2,136,0.32475925524601834,1.1933707316716513,2,166,0.27804304057479895,0.8277761129771962,2,200
287,0.29391121749500354,0.7390545812146417,2,116,0.05740425803353516,0.6653403456394489,2,142,0.27509583139668387,0.6320261307831468,2,200
288,0.26708417465537204,1.07688148021698,2,15,0.031180646426832714,0.9680435440757058,2,92,0.3177227579855407,1.1190940859642895,2,180,0.02172788727557415,0.7766558436247019,2,193,0.3346440303503234,0.988619157246181,2,200
289,0.34089995000940293,1.661510476044246,2,28,0.012446383088059816,0.3636600019840094,2,54,0.36928585768952205,1.7563109596570332,2,60
290,0.2133412423960166,1.2487016552024417,2,36
291,0.35232858067014144,1.6514676753864732,2,43
292,0.30460345246638876,0.6797335209517643,2,29
293,0.25306811270697743,1.0674190461635589,2,20
294,0.3232569172253155,0.7124171175739982,2,22
295,0.20719848638578386,0.9299596796978961,2,91
296,0.23625099006594677,1.121636815071106,2,200
297,0.24907681400997672,1.052639827495668,2,41,0.06872651149330099,0.8399549782276153,2,51,0.2841062635651598,1.0444822391407602,2,200
298,0.23538654118201746,0.6243001421292623,2,6,0.02861718797857037,0.6319632805310763,2,19,0.15804867243173926,0.9405709703763326,2,34,0.05539396134304035,0.7997563919389105,2,200
299,0.3056518053116533,1.008182218200282,2,38,0.018085541303500496,0.46535709287439075,2,66,0.03658001639330112,0.8373929262161255,2,74,0.2606238187796804,0.9170926323643437,2,101,0.01681799767780722,0.20611403172924406,2,122,0.17477454250125513,0.7118318200111389,2,132,0.08219623017921077,0.6151634007692337,2,160,0.04216757157351859,0.5932189486920834,2,192,0.23366891510744406,1.2581933736801147,2,200
300,0.29829262664616213,0.7202377560592833,2,168,0.020361121588864863,0.6291520496209463,2,186,0.09570207018059065,0.6641881934234074,2,200
301,0.2835421152672498,1.128659081973618,2,139,0.06016856340662003,0.9986244837443033,2,151,0.33496537897597395,1.088065580888228,2,162,0.022610804828170156,1.0842885469135486,2,181,0.33244096208774804,1.3732937950836985,2,200
302,0.28116890116080856,0.9675497648850927,2,53,0.049993569991115136,0.7174517451188503,2,92,0.2191274488330837,1.0472622765435113,2,137
303,0.02077679468069196,0.7915508854083526,2,39
304,0.21157492892620616,1.123726685643196,2,200
305,0.22616826499142595,0.9576943674021297,2,72,0.26896168401134346,1.1696876020573859,2,139,0.015507983636808019,0.9556936820348104,2,148,0.29693845667887186,1.2091704446535845,2,200
306,0.2836982835253069,0.7060255548357963,2,200
307,0.22858114038778826,1.51738659195278,2,23
308,0.2682638685248711,0.5087800073623657,2,200
309,0.36980313834251693,0.9583351855636925,2,93,0.017497444475229825,0.6994158998131752,2,101,0.3303523605870358,0.8647725094448436,2,145,0.01940941762041132,0.1007283954851089,2,176,0.14186632562569323,0.12292537838220596,2,188,0.04211308979232335,0.16032524406909943,2,200
310,0.31122464133876826,1.0550699674166166,2,65,0.04151611281917185,0.9670101677378019,2,89,0.37738058752440073,0.9515397310256958,2,94,0.039216468292289246,0.8170556917525175,2,151,0.3244039109238431,1.0102008734979937,2,182
311,0.34123942551135794,0.9028347358107567,2,8,0.033224489001521036,0.9138613863730095,2,79,0.2789084597247123,0.6866537818783208,2,117,0.01567480002357436,0.5080649276574453,2,132,0.25725871041936405,0.7165082775884204,2,168,0.05720694353081503,0.7156561772028606,2,183,0.15609582354272405,0.6899860501289368,2,192
312,0.3748903901715164,0.4488863469316409,2,52,0.04412417763228006,0.6712423170485148,2,93,0.26343249699803717,0.5101403006326373,2,200
313,0.28957451421016434,0.8463379934666648,2,126,0.0909195371028199,0.9318210536783392,2,148,0.2972622491537549,0.8535255468808688,2,200
314,0.19416495137688383,1.249715793132782,2,10,0.0575063037533928,1.0639968788301624,2,47,0.2848680197119348,1.188325713078181,2,59,0.04961326331807535,1.1750812012216318,2,82,0.25453158239414697,1.2769712021476345,2,120
315,0.2602052561999644,1.1848051656376233,2,33
316,0.22956409882912215,1.3662347833315531,2,60,0.031299402657509044,0.49536430463194847,2,84,0.3187469797103011,1.4644319057464599,2,114,0.02166727318752224,0.5942197582300972,2,131,0.31430639897415125,1.3572791607483574,2,200
317,0.23669134532382025,0.4997328263382579,2,86,0.05237183714301394,1.0093169340065546,2,128,0.2913389332167041,0.6267800082763036,2,200
318,0.26144958994332157,0.6976933191331585,2,178,0.45229215999319167,0.6578681441870603,2,200
319,0.23145767258292227,0.30609495241007356,2,139,0.11698344191992577,0.6391626733999985,2,152,0.050274196170030774,0.39609531184722635,2,181,0.1778598617185457,0.2731992876843402,2,200
320,0.3648565521575495,1.2432658111347872,2,51,0.01508060855047366,0.5152780298263796,2,82,0.19802689159109182,1.3964255551497142,2,94,0.05585824986261526,0.6637354177587172,2,111,0.32834217134862514,1.4781164328257244,2,129,0.03837881139069828,0.4917111833890279,2,144,0.24967127680667028,1.4450020683663232,2,200
321,0.05342526326146267,0.5695290145548907,2,22,0.4317788971403187,1.2686369121074677,2,38
322,0.33896905865173266,0.991923205314144,2,93
323,0.228927897228251,0.7751719812129406,2,47,0.027760070634527116,0.6832312090056283,2,82,0.2579284549788582,0.9008559506872426,2,105,0.06518226154470409,0.5828258749449028,2,158,0.21692115450563854,0.9051800114767892,2,200
324,0.21142990254466537,0.6583779281377793,2,200
