0,0.26290170661308065,1.2880465962670067,2,55,0.03921990213247731,1.0968868356002004,2,74,0.3318018291884089,1.2630833983421326,2,164,0.02885286389347578,0.6534402081460664,2,197,0.4754023175129632,0.8399545947710673,2,200
1,0.1799537983958811,0.743231917421023,2,72,0.02774113873894842,0.5419344864785671,2,96,0.2637901595886538,0.7397725274165471,2,156,0.030487419526892698,0.31309897559029715,2,170,0.3660027569754324,0.5755860050519307,2,200
2,0.28541473900697056,1.1157427849592987,2,135
3,0.2592678926907337,1.220403927949167,2,124,0.058796336837772294,1.1980900904711556,2,158,0.294182642527092,1.0024637409618922,2,200
4,0.2886583039039473,1.3442102282234791,2,178,0.03918271811456353,0.35219971950237566,2,191
5,0.2667222863172898,0.9525403713478762,2,136,0.04908337525108227,0.7205323775609335,2,148,0.29241947221771175,0.8376822074254354,2,154,0.02563295363891868,0.3938642314502171,2,168,0.25847857867402496,0.916246522217989,2,200
6,0.29554569359745464,1.2230690717697144,2,6,0.024724011069066798,0.2944274405215649,2,53,0.15972404445564373,0.714411062853677,2,60,0.023057611532466812,0.24708538163792004,2,71,0.20023563715984766,0.9908749824389815,2,135,0.017754443237836794,0.6974488588479849,2,174,0.2465252965194203,0.7568057690347944,2,181,0.020480350715799917,0.3339444069485915,2,200
7,0.28247753713754675,0.433677570920595,2,71,0.03180294137729003,0.5424245297908783,2,88,0.21935339012926444,0.46383562913307774,2,101,0.02292503421512197,0.49709782004356384,2,122,0.22887897384922576,0.555227362192594,2,200
8,0.24103724670087406,1.300123430312948,2,47,0.06750761428431849,1.1694201389948526,2,62,0.20205116399832648,1.2781941006260533,2,93,0.03961465434960991,1.1343992551167805,2,117,0.18235525480816872,1.2504691919648503,2,200
9,0.18825924156663684,0.6414842024827615,2,117,0.024084246770458655,0.5927712406430926,2,131,0.186967573998779,0.5791850608328114,2,200
10,0.27914719890772816,0.9738719349815732,2,21
11,0.26131388637557973,0.7785896084926747,2,27
12,0.25281509557592224,0.7010188017572675,2,35
13,0.27323815489074654,0.8297634062014128,2,19,0.04662696487968629,0.5490362793207169,2,31,0.3488972595720401,0.7714044545826159,2,50
14,0.021616455174722434,0.28117869600005774,2,23
15,0.2871757250036991,0.860022874588662,2,47,0.07920581410807484,0.6201034052805467,2,69,0.32357634538275454,0.9466896739624838,2,200
16,0.2802610087203941,0.8734981830303485,2,13,0.026873920344485772,0.41138907864287094,2,50,0.06919598588731057,0.789179680524049,2,77,0.02693616865065417,0.5808528094064622,2,98,0.22051561467473274,1.1848696768283844,2,116,0.02220853130256884,0.39410710696018103,2,149,0.12664559062453168,0.8861882323804109,2,172,0.2542438719881716,0.8911757724625724,2,200
17,0.25706575337767956,0.5469170847960881,2,175,0.05657441009289706,0.7030783796310425,2,200
18,0.20161731913271835,1.0204921662807465,2,36
19,0.24670461505618646,1.0158889591693878,2,12,0.052651578639139336,1.017617126305898,2,24,0.22516013376290528,1.1187254894863476,2,46,0.018991607503652978,0.2953214459121227,2,70,0.1369434961894271,1.113971009850502,2,78,0.046894328187767155,0.9258800961754539,2,89,0.03001044196325991,0.1367297997077306,2,104,0.22430700244523702,1.0665724674860637,2,200
20,0.2675088129678682,1.188402260222086,2,41
21,0.29412544148066055,1.224404730115618,2,70,0.03564641536597349,0.6599460355937481,2,86,0.256957193140912,1.200348714564709,2,133
22,0.016240250367297003,0.1178752205989979,2,27,0.24925152378112278,1.2988993587165043,2,114,0.01814318130336212,0.1929843547669324,2,125,0.29291919485935175,1.400723900113787,2,146,0.017847299821798134,0.31531024475892383,2,158,0.24814680209468828,1.3703972512278064,2,187
23,0.28227690431901,1.6062919646501541,2,32
24,0.03846946368742188,0.7329798991029913,2,44
25,0.30362826053144126,1.6582935293515524,2,30
26,0.3142764354394545,0.7202542722225189,2,146,0.04365212374021053,0.7882520235501803,2,159,0.2898706924992343,0.6707138273774124,2,200
27,0.48066872855417664,0.346888688703378,2,12,0.3984100710954488,0.6497587909301122,2,24,0.030590043413034788,1.00008534722858,2,42,0.3236257313460391,0.7949672689040502,2,78,0.05988825410564491,0.8637707687559582,2,120,0.27078231347705545,0.6089563831686974,2,200
28,0.3443560372167436,0.7519858797391256,2,15,0.03400847700754249,0.824651375412941,2,35,0.474801565277138,0.9941271940867106,2,38,0.06991354453243331,1.0021971709587996,2,72,0.2644260455694436,1.0600647320970893,2,200
29,0.3004004849744365,1.2124712160139373,2,132,0.02114282079108301,0.6056906791596577,2,190,0.1976998038666725,1.2726531028747559,2,200
30,0.28270075365778685,0.6894719309585039,2,43,0.038375780850245546,0.7811314857230997,2,96,0.3321356910414587,0.7188099578574851,2,150,0.057997801138179206,0.7242299053404067,2,168,0.38080694837252355,0.7071350943297148,2,200
31,0.30525761398540624,1.7883160745396334,2,17,0.03769182754681519,0.8242553234100342,2,47,0.3245034763813978,1.632939487695694,2,95
32,0.3060462957909163,1.7421595096588134,2,30
33,0.23083660032593606,0.9517482370138168,2,200
34,0.28162324453972104,0.7634642870529839,2,115,0.019982697465864754,0.2673094315188272,2,129,0.28627766548343675,0.82843402299014,2,140,0.01965908919124905,0.24275680970061908,2,162,0.1444083327175753,0.2697725806917463,2,169,0.011704523753127897,0.31897485504547757,2,193,0.378127361739656,0.5725859233311245,2,200
35,0.18594563227510694,1.3308272123336793,2,5,0.028241896466211308,0.44734963960945606,2,21,0.26320521608490893,1.0869472517686731,2,55,0.01647453628632556,0.7488270848989487,2,71,0.3642688687354511,0.9938552589977488,2,88,0.018517093678918836,0.4448166489601135,2,105,0.33645731000082274,1.0180140774825523,2,134,0.03608154857043229,0.9177509896895465,2,151,0.25952183585104643,0.9874789860783791,2,200
36,0.27381225828147937,1.2516138330707705,2,123
37,0.04850008585342526,0.6221173753341039,2,12,0.3457249443015828,0.974681881757883,2,90,0.01598402925360134,0.38657142009053913,2,111,0.25527364125699326,1.0391810725006876,2,190,0.05596538092570635,0.33356974869966505,2,200
38,0.31733716073579676,0.9239001274108887,2,6,0.028435903915957978,0.6694650706790742,2,27,0.3590327733162108,0.43533640503883364,2,32,0.027140056727627013,0.5560932732545413,2,45
39,0.03506479175555604,0.827988827670062,2,27
40,0.25292958640095586,0.42267197534441947,2,200
41,0.28858836996931675,0.6803347600996494,2,200
42,0.17993453019264544,0.6739048160411216,2,74,0.3759584459898435,0.6943241243179028,2,100,0.04828845359290825,0.734674973147256,2,114,0.26523095214340214,0.8180477255350583,2,191,0.05989499865732334,0.7645928462346395,2,200
43,0.2123072361192367,1.174893750747045,2,60,0.037003798295493245,0.44242429435253144,2,70,0.1848675153565964,1.1086038536495633,2,115,0.018889765802422322,0.37769217954741585,2,124,0.23600666388995212,1.097071349620819,2,200
44,0.28864010087308856,1.1514745354652405,2,8,0.024845741605490725,0.5423788585160908,2,27,0.23938155335040134,1.1490608159233542,2,112,0.02648257342596707,0.5055903597519948,2,138,0.28244199941604736,1.1949509244698744,2,164,0.019165123377734742,0.37355345487594604,2,177,0.4253829384806252,1.3323632627725601,2,185,0.06337854852194034,0.9543575197458267,2,189,0.03963354966572717,0.3172294809059663,2,200
45,0.28875206677561904,0.8574287682771683,2,20
46,0.3052227229127623,0.8356346819135878,2,45
47,0.20435299363297738,1.2147824744383493,2,60,0.3153553759767077,1.1930791659014566,2,200
48,0.2419216595373503,1.0446203595399857,2,200
49,0.24151744032005495,1.3070488962633857,2,29,0.025812444890015284,0.8138026297092438,2,59,0.28460403819801644,1.3450512886047363,2,88,0.03550065809986091,0.7386391162872314,2,110,0.2886021227159928,1.4468842939454682,2,159
50,0.2200968524242859,0.9517121768516043,2,46,0.025792965597320396,0.19653811395168305,2,71,0.13153466437235906,0.9229497114817301,2,89,0.03507908413388138,0.4304645497065324,2,102,0.19019613644628422,0.9873620935848781,2,172,0.07767223711779313,0.8022887323583875,2,200
51,0.3127441819401566,1.0437319589697795,2,23,0.03160147800267233,0.9797148417968017,2,127,0.29297871845724444,0.9880960059888435,2,160,0.02444899499685551,0.8038988737832933,2,181,0.34638498404885754,0.7532207683513039,2,200
52,0.37803185488778346,0.9552666459764753,2,21,0.06275895708487952,1.051612994887612,2,32,0.25990108617454477,1.0223253880228316,2,46,0.2596463351249268,0.5042395547032357,2,86,0.2925075431384689,1.1304549636511967,2,115,0.027843927183779402,0.7228542963663737,2,142,0.3390329100028429,1.1687717129444253,2,200
53,0.02208452823121435,0.6567692621187731,2,22,0.26201777819976363,0.7072901269968819,2,90
54,0.21830254387578088,1.6546382506688435,2,6,0.02062775902375967,0.23438540455840884,2,48,0.2383229414158976,1.6220479553396052,2,114,0.05042698816074556,0.9970716748918805,2,135,0.22168587521787442,1.1384773966742725,2,176,0.023906550039842288,0.5509155516823133,2,200
55,0.2273274926349708,0.9723122756422302,2,162,0.05649213376868071,0.2681547775864601,2,178,0.4742814295344154,1.0626676201820373,2,198
56,0.41278499033121463,0.8126014471054077,2,11,0.04663239571888454,0.5097445249557495,2,29,0.3192713096900727,0.8620556794421773,2,100,0.03607023535757235,0.6721879803104165,2,181,0.239106929100557,0.8479161701704326,2,200
57,0.27972091573058083,1.3016809225082397,2,12,0.021576606594738954,0.6544955730438232,2,27,0.4103162867386913,1.0649099111557008,2,42
58,0.32993052721775307,0.8742563627204116,2,147,0.029676733107566536,0.9320549201965332,2,172,0.178864964480275,0.9254095618213926,2,200
59,0.3459871266035645,0.7620312395691872,2,200
60,0.2865450799054075,0.8117459395657415,2,115,0.01281740429991933,0.282723782317979,2,129,0.3380077712888925,0.8017402902245522,2,169,0.013154069363449166,0.0913473542617715,2,192,1.2568642279517974,0.9946503192186356,2,200
61,0.178771855310863,1.3610974142823038,2,79,0.03968727852083437,0.8322930539526591,2,120,0.19184361405684763,1.2899998024106025,2,200
62,0.2808887613427488,0.7241335792974992,2,55,0.043389916859344624,0.5618219785392284,2,71,0.3307019053821289,0.6746034324169159,2,77,0.03138804224538052,0.588724897021339,2,119,0.28491806515810514,0.7657316709742134,2,200
63,0.3566284794057716,0.9050196418395409,2,65,0.030469969420156003,0.5162380871019865,2,84,0.3431725260774393,0.7947482271836355,2,136,0.03583186827518028,0.4017576848467191,2,184,0.141402815372249,0.7600189484655857,2,200
64,0.37308050150251715,1.0634380870395237,2,90,0.04587097249529198,1.0625634858241448,2,142,0.42897957905411516,1.2204759511454353,2,200
65,0.2887763333602186,0.9441393348905776,2,27,0.07338065756383902,0.9825273752212524,2,38,0.16942045513263768,0.9873718711046072,2,64,0.0323232722367816,0.9500195948701156,2,102,0.3437639711762803,1.0287867447604304,2,148,0.08440550444186903,1.0946581363677979,2,156,0.024477354876412047,0.7268274832855571,2,200
66,0.31057471360922745,0.8370333768072582,2,105,0.024427553462333017,0.9202135229110717,2,130,0.25227263497859836,0.8275174260139465,2,135,0.027015376659908094,0.9100355931690761,2,142,0.3312589391127513,0.7599176558954962,2,200
67,0.2607089111423028,1.127459748515061,2,112,0.020120164366021133,0.49183231840531033,2,124,0.2583155553449734,1.1469344859029733,2,175,0.04223040653874639,0.7699084949493408,2,200
68,0.2942733107103543,0.5919925731420517,2,200
69,0.2376129964827252,1.3303897426678584,2,26,0.04461469517562874,0.8082251834869385,2,51,0.2520924601532423,1.3120783984661102,2,71,0.02369106649675187,0.7394183909191805,2,88,0.3158624225997889,1.084648569424947,2,103,0.0396880139216951,1.0806120187044144,2,143,0.3002510098667438,1.2699002159966364,2,197
70,0.2359056743354933,1.0941905871681545,2,23,0.01975685306138889,0.14021607860922813,2,43,0.48667462250838117,0.9177261292934418,2,47,0.01912451701320844,0.1021722782225836,2,89,0.2349829615350511,0.9900252373663934,2,180,0.06006425250856137,0.3860295355319977,2,200
71,0.0810759649166038,0.559292893409729,2,25
72,0.3947546233637864,0.9824335465625841,2,98,0.06188011832636032,0.6148488223552704,2,114,0.26740656084165515,0.9797065425337407,2,171,0.03198050416118144,0.5430537685751915,2,195,1.6938477921277375,0.9910303354263306,2,200
73,0.31490392516293303,1.1559417706269484,2,26,0.060026572707359,0.9813627871600065,2,48,0.30441169541502394,1.2914257274483734,2,101,0.09514030234526807,1.1093478500843048,2,109,0.36196297634836033,1.2990897958928889,2,164
74,0.2940829614581764,0.7342051972945531,2,60
75,0.06067791370724153,0.603421455079859,2,22
76,0.2858712078482285,0.854559305014911,2,111
77,0.32645022027684917,0.7484952775032624,2,184,0.020748405897323116,0.21111717354506254,2,200
78,0.33608928229650714,1.3882077991962434,2,20,0.008405901524233057,0.42444541340782527,2,41,0.1528089066553782,1.2589479150140988,2,109,0.26560819115620155,1.3264715317841416,2,200
79,0.32948570301667235,1.124034985711303,2,79,0.017325014727901468,0.5345245078206062,2,87,0.27713253034098506,1.1125712220261736,2,128
80,0.3590155582588337,1.350677333094857,2,22,0.043611007079673525,0.8362669602588371,2,76,0.281914458235735,1.4247534807692184,2,123
81,0.2560548762815751,0.6710628461837769,2,200
82,0.32479666038334265,1.4573675804138184,2,125
83,0.23052753905309728,1.6701762676239014,2,25
84,0.31154052739577937,1.14493495485057,2,23,0.03914510907276959,0.9835266089171506,2,112,0.27828249853692244,1.1078389286994934,2,200
85,0.2822695261866858,0.6933501675724983,2,200
86,0.322415882363914,0.9357349457948104,2,46
87,0.3009546791646553,0.7320504771338568,2,90,0.1767041592626101,0.5007356802622477,2,96,0.03993043226788826,0.335209065249988,2,124,0.3335460640557674,0.78412747539972,2,200
88,0.3079606027780194,0.8624636821448803,2,160
89,0.20805673384471404,1.3343130505603293,2,23,0.02748264363811519,0.23387807086110116,2,43,0.2361222431607771,1.3228894621133804,2,51,0.01842647433580172,0.12969670843246373,2,94,0.19884519558733638,1.2183916540640705,2,200
90,0.19438764011031665,1.3720396757125854,2,4,0.04366785733220308,0.42396924035115674,2,26,0.2814963555884804,1.4929195709631478,2,97,0.033836875400761315,0.8145887851715088,2,143,0.22460436046891222,1.4765890286518977,2,156,0.026240977109580847,0.4100178067500775,2,169,0.26037832554469587,1.5191083300498225,2,200
91,0.2402098653704629,1.2016242905096575,2,22,0.05918275462838975,0.6649840623140335,2,30,0.22484093232133703,1.1226303907150919,2,77,0.03304188463521472,0.3365258293019401,2,95,0.10118613227147637,0.39937829030187505,2,114,0.30792346035309026,1.1983587874306574,2,132,0.03610311448341213,0.6353861093521118,2,147,0.25198323289359875,1.1157454085350036,2,172,0.18563096991356162,0.5727640560695103,2,200
92,0.3234351033713473,1.5568171125739367,2,134,0.06790532236497442,1.3350226879119873,2,138,0.027366049587208677,0.638721517721812,2,153,0.2786405311066443,1.5750732827693859,2,200
93,0.2649987965307533,1.1212873140970865,2,120,0.02337907216223308,0.9465360403060913,2,125,0.023698843053388673,0.86386688798666,2,133,0.1605868976337267,0.8934040913979212,2,145,0.02394433739780038,0.6250346264531536,2,176,0.28539744469052775,1.2802543292442958,2,200
94,0.2600745199825312,0.8830450901930983,2,88,0.019774495206790532,0.613474800306208,2,105,0.26736808960196196,0.9105937640841414,2,187,0.03131681381088187,0.7113522153634292,2,200
95,0.20911851332436343,1.076891230389396,2,187,0.03335083576600655,0.44687477671183073,2,200
96,0.2412329456888648,1.1734844984077826,2,82,0.022558091794714883,0.7068326217787606,2,96,0.3050064705141113,1.2108392995946549,2,113,0.016806567198838294,0.5241065144538879,2,138,0.26713047653498445,1.082487133241469,2,200
97,0.032021695492034964,0.52581927355598,2,17,0.25653930701748345,1.0051082684323678,2,170
98,0.2955543974403548,0.735255230997884,2,86,0.03831859897560447,0.7715289428316313,2,115,0.33540196813003664,0.7484810822150286,2,200
99,0.21751264162082232,0.4748615205287933,2,5,0.04575279608609997,0.7492096483707428,2,15,0.1623076030861225,0.6792822515263277,2,83,0.02194696656581559,0.6190485448548289,2,116,0.2531401411271693,0.8573753398198348,2,142,0.019405443379268066,0.695917440785302,2,169,0.13792335549110804,0.8411885153862738,2,200
100,0.14155022882911175,1.0659291476619488,2,49,0.4052170970379943,1.1778985365577366,2,72,0.029614244072629595,0.3685100701722232,2,94,0.07800738855709488,0.45859884553485447,2,103,0.31383675893243795,1.203586088448036,2,185,0.03702847825233751,1.062652476131916,2,193,0.3254084055558035,1.1988205398832048,2,200
101,0.30667427596728924,1.424343259517963,2,65,0.02485652968424873,0.695357350508372,2,95,0.3731819491656258,1.41626631296598,2,108,0.020971168270391718,0.5760542023926973,2,124,0.3645283477588755,1.4024117369400828,2,200
102,0.23310638440953638,1.2639765690784066,2,49,0.04907644918620897,0.8980451491143968,2,67,0.3000684706176772,1.2878469339636869,2,110,0.031642771069132956,0.7272382706403733,2,130,0.12367441592139737,1.0005105204052396,2,148,0.021801198702789078,0.8142631774147352,2,172,0.31034482752724074,1.3074644420828139,2,200
103,0.2928439829664393,0.7084763695796331,2,24,0.03334477958745531,0.31637852925520676,2,37,0.3614628180511723,0.9619210727753178,2,68,0.028687988856474285,0.7573994919657707,2,100,0.24821472905329464,1.0050751864910126,2,128,0.03961631502370366,0.5261356675106547,2,151,0.3323372363688403,0.8766650557518005,2,200
104,0.2665454429786346,1.5771003592581976,2,42,0.030240521100173598,1.105418480359591,2,68,0.24935646854495463,1.5332922195566112,2,126
105,0.2909832374063755,0.7536713352203369,2,125,0.048226751884725735,0.9316100939627616,2,156,0.20342390310764585,0.7926174957643856,2,200
106,0.2759945723340532,1.135469177622854,2,81,0.18552642041709763,0.9728267133235932,2,101,0.06127603636549475,0.8487998274239626,2,123,0.19365016588804765,0.7851665530885968,2,130,0.04406738488634514,0.8966834896377155,2,186,0.21839998056748078,0.8819727344172341,2,200
107,0.22260779245856183,1.015128613215441,2,171,0.14665926887929018,0.9619622627894083,2,174,0.1175920619002062,0.6495599540380331,2,200
108,0.23465371475737892,0.8815272755401079,2,86,0.08209784687019049,0.9024728404151069,2,104,0.2778652765819282,0.8630033540725708,2,129,0.06326638829832894,0.8178585208952427,2,193,0.17852767303266787,0.8373740145138332,2,200
109,0.3137879569108363,1.2621251553979538,2,131,0.04586259843596729,1.1556577852794103,2,152,0.2577812023858753,0.9144657254219055,2,184,0.044174056642133024,0.8048854433000088,2,200
110,0.39028418862302083,0.761440683813656,2,17,0.02988990829323589,0.8797536350431896,2,80,0.26201325376146944,0.9503303116018121,2,179,0.03545823825270289,0.31741483190229963,2,193,0.4189384864612581,0.79725410257067,2,200
111,0.3373585290255136,1.0926772103165134,2,33
112,0.07799294557319524,0.6485211236609353,2,36,0.29960104387454095,0.633936420083046,2,48,0.015067483056614997,0.7463649265144182,2,94,0.3181107039609788,0.6545777581632137,2,126,0.022421195445675845,0.6391491095225016,2,138,0.32565389068083334,0.7363993210612603,2,191
113,0.2472908117653085,0.9257522364457448,2,60,0.09833977422654615,0.6804735163847605,2,72,0.28753940196362693,1.0319507549393852,2,125
114,0.3399435096787747,0.9856345759028882,2,113,0.042379817181616104,1.049679120381673,2,119,0.3439511376363447,1.0134056724351028,2,148,0.01788269920297078,0.24978013585011163,2,160,0.2571232446868871,0.5849877625703812,2,180,0.03926219416503987,0.6614539712667465,2,200
115,0.29771988940425886,1.3033536275227864,2,48,0.07001606825227427,0.559177166223526,2,68,0.29004993491058045,1.3228564820391067,2,115,0.020158993670207067,0.8508357893336903,2,126,0.3306355981977474,1.243413773742882,2,200
116,0.3527292615541471,0.7703032824728224,2,9,0.0458923605735592,0.7787715259351229,2,47,0.15884548960538486,0.5387406686941782,2,62,0.021948466912842142,0.5223760788257306,2,75,0.4069430379155015,0.48428825040658313,2,87,0.03866065978762431,0.5335220495859782,2,111,0.29661126080474776,1.0591014369150227,2,200
117,0.2955122168885284,1.1444918739384617,2,145
118,0.18883647434564882,0.6816471690932909,2,24
119,0.25882864702641106,0.9929555982351304,2,200
120,0.206525451467788,0.7193364704910078,2,38,0.04475204279226962,0.8212267543588366,2,52,0.13307092535348303,0.7470925890881083,2,98,0.030088742079147177,0.8083378686146303,2,142,0.0615944074387424,0.8466467251037729,2,200
121,0.25927849994394675,0.7454145193099976,2,200
122,0.058449865915634364,0.7514676993543451,2,33,0.2752238324587903,1.1968178067888533,2,131,0.03772551805967306,0.4560960610707601,2,176,0.23152881118913127,1.255784769852956,2,200
123,0.33383353075708594,1.2904602825641631,2,20
124,0.03500514980841391,0.6837682694196701,2,40,0.297103550080855,0.7399857044219971,2,43
125,0.3490487785873069,1.0775336912700109,2,35,0.03346934745117686,0.36389938913858855,2,48,0.313270432318437,1.056896482195173,2,55
126,0.3319225919983151,0.7794725328683854,2,200
127,0.2778490376890633,1.1408238085833462,2,11,0.045149224052793056,1.1127192346673263,2,68,0.2564762009827276,0.9937814037005107,2,128,0.05186415092269508,1.1978187656402588,2,153,0.30904835513891604,0.8823500143157111,2,180,0.02397652870361043,0.49871707409620286,2,200
128,0.3066887971676673,1.0599273443222046,2,8,0.025476056330498792,0.40069851667984674,2,31,0.32181582097714323,0.7073907231438089,2,200
129,0.3108125033617637,1.2131281793117523,2,200
130,0.3166845285692315,1.215560085845716,2,66,0.026781145339371554,0.411983649520313,2,83,0.3194321990766926,1.1124961376190186,2,87,0.068999429725308,1.1347038745880127,2,99,0.2207230980750671,1.1355790421366692,2,163,0.05507825194547415,0.5981404689642099,2,176
131,0.3480602360323208,0.9845202255249024,2,25,0.027169137872027977,0.39743548812288226,2,58
132,0.3659105919832669,1.1432000419367914,2,115
133,0.2768338996511278,0.4393407535903594,2,68,0.024853893017211876,0.5890737970670065,2,74,0.32795670848507874,0.4179751290215386,2,119,0.02699510672899497,0.645094245672226,2,164,0.24912288953631073,0.5133041325542662,2,200
134,0.23793931624413686,0.8046961535107006,2,11,0.03364344537387623,0.42006369070573285,2,22,0.2306062751607096,1.0063594299204208,2,56,0.1523484961895631,0.4382124719294635,2,78,0.22566234174975663,1.0168049043538618,2,176,0.058861777944903014,0.9046025251348814,2,200
135,0.30488089148892933,1.4257101390672766,2,92,0.026799820972450147,0.7760133501645681,2,129,0.24014722441103828,1.426828579902649,2,154
136,0.07815256298583892,1.1825415221127598,2,11,0.23158724779906054,1.201997594833374,2,36
137,0.32964902318227113,1.7986538388110973,2,54
138,0.2997860650398415,1.0757033137174754,2,104,0.031722832666921774,0.8381210178942293,2,141,0.37848487881805004,1.1272120112079684,2,200
139,0.2490657543226199,1.1964510184962576,2,41
140,0.3371911270680061,0.503275821366942,2,83,0.18196360817069376,0.5294574110404305,2,106,0.0338990597085007,0.524472312347309,2,143,0.3867684506650892,0.43398715058962506,2,146,0.057019575948468265,0.5633513828118643,2,164,0.3920692929764315,0.4057237080165318,2,178,0.052697705524852756,0.8713798712600361,2,200
141,0.14762691716079954,1.2497500242858097,2,58
142,0.3242642250607361,1.5267519851525624,2,12,0.030610389186923985,0.3485771467288335,2,30,0.27722217390232645,1.178133338689804,2,42
143,0.2072880960357982,0.5019466151297093,2,200
144,0.3104744234542711,1.2350659324572637,2,26,0.06672656053559599,1.222577206293742,2,41,0.3705653285079121,1.3449941873550415,2,44,0.02886390845193838,0.5755387973040342,2,108
145,0.2464030500192668,1.2847739120699324,2,53
146,0.18076601810297863,1.1196707685788472,2,78,0.057863010380455215,0.9775889582104154,2,87
147,0.23458999473138606,0.7691903315632549,2,151,0.04426588544683423,0.8630223539140489,2,160,0.21793433875520532,0.8017900813193548,2,181,0.1013359441494696,1.0895573120368154,2,200
148,0.21263041450738232,0.7117700979516313,2,37,0.048879246582579194,0.8461912369728088,2,62,0.23992540419380814,0.9718853290690932,2,105,0.04809201360884033,1.1767986297607422,2,115,0.3637814542678434,0.9027634061151936,2,177,0.02686595994371311,1.0256268978118896,2,193,0.3201673390501273,1.2723785979407174,2,200
149,0.33206090525439347,0.6658561865488688,2,15,0.052692636783396904,0.8160372674465179,2,35,0.22297569525176664,0.7047020643949509,2,39,0.02349089550374902,0.8549304381012917,2,47,0.27053539027782825,0.7461110215920669,2,99,0.046436922411370186,0.8573431449907797,2,153,0.2176913916906216,0.764170358578364,2,171,0.039695380078824914,0.7429078221321106,2,178,0.2269310518756035,0.7609438300132751,2,200
150,0.3260248405322143,0.8786518610440768,2,65
151,0.2706058770881638,0.8442523804577914,2,11,0.02549721428853763,0.659428083896637,2,21,0.25236412483671306,0.9162174689358679,2,79,0.03676299222896181,0.902023184299469,2,94,0.2914687808552596,0.9009545832066923,2,131,0.027334281555477128,0.6647693594296773,2,176,0.18768111100983892,0.9368598063786825,2,185,0.5136855614446038,0.9306673685709635,2,200
152,0.2617362561315521,1.411976733951704,2,141,0.0120135306843118,0.6220507536615644,2,162,0.33131289183189555,1.5423659243081744,2,200
153,0.2238112803558372,0.6310264427086403,2,29
154,0.21775179761956195,1.1551884838512965,2,42
155,0.3077834513144486,0.6930789351463318,2,47,0.062026567879296245,1.0594400614500046,2,63,0.18702699068372045,1.056320920586586,2,79,0.026571154863863196,1.1175137519836427,2,94,0.26482403019945094,0.8483340740203857,2,100,0.026227308345704334,0.7386406484772178,2,117,0.28958751411278405,0.535321831703186,2,125,0.05965366553745617,0.5930132791399956,2,133,0.25096170126244627,0.49504152437051135,2,139,0.024505951440653116,0.5756575916264508,2,176,0.2884768979716226,0.9761326909065247,2,200
156,0.0739713763089138,0.9143937706947327,2,10,0.2589543265737715,0.9248425035100234,2,200
157,0.21315367343665262,1.0942161859467971,2,43,0.03184401525050142,1.080213983853658,2,52,0.11572588374968039,1.0548740327358246,2,72,0.22046545066952256,1.1351882246407596,2,116
158,0.26981314638262377,1.121905817435338,2,26
159,0.354370248879946,0.7251540971429724,2,76
160,0.31573697104495474,0.6769812186559041,2,30
161,0.24429037453486052,0.8205468127360711,2,52,0.024123861862270522,0.23736141249537468,2,68
162,0.39979022704091893,1.4978077190893668,2,27,0.013363944868521865,1.4277959316968918,2,35,0.36040388185141947,1.53340822795652,2,88,0.01755070618202226,1.3955286383628844,2,98,0.2954712939926825,1.5446662902832031,2,184
163,0.3758750462117767,1.0641411145528157,2,12,0.02162956947529387,0.13771195922579085,2,40,0.24656539826768917,1.2027122497558593,2,45
164,0.3237261128193029,0.31344866286963224,2,64,0.04638581246557516,0.5005189523100853,2,84,0.2828537332463176,0.4017661782828244,2,117
165,0.29401086581624397,0.4301977771811369,2,82
166,0.12502692310313437,0.6401613225539525,2,60,0.021640205992438658,0.6014337627326741,2,94,0.2605401936118125,1.0390061795711518,2,114,0.029762340089646067,1.014475224948511,2,155,0.24812079065343068,1.0880800008773803,2,200
167,0.2913724813486051,0.49383784681558607,2,20,0.019756335179873585,0.20422397695836567,2,41,0.22131805735618926,0.7521974927974198,2,200
168,0.05169021213705388,0.8078497582011752,2,36,0.2728287770549139,0.7358636692529772,2,200
169,0.2695173479467461,1.2647560295305753,2,95,0.03882672850822818,1.2309521039326985,2,107,0.29324664680534834,1.327777525957893,2,141
170,0.024703094123809003,0.31014990700142725,2,14,0.04713214379379397,1.465165838599205,2,22,0.24810270826394942,1.740411639213562,2,25,0.04647880711964835,1.4993868757177282,2,52
171,0.26408139763052657,1.1033347249031067,2,112,0.26002215537581586,0.8189466238021851,2,132,0.019873187561505183,0.6791537523269653,2,147,0.2566309454640273,1.2455467660472077,2,200
172,0.23450636358054064,1.2269742973148823,2,32,0.05281076480777026,1.135157667673551,2,45,0.2763217720936022,1.187932852241728,2,117,0.17896061085624632,1.2116084822586604,2,173,0.02150221041288168,0.38034070892767474,2,184
173,0.35193141848219894,1.1089923466954912,2,14,0.028862072775141714,0.722514427843548,2,35,0.35491143813090636,0.9880311687787374,2,41,0.3750462196669983,1.2434384723504384,2,89
174,0.415572210494951,0.927547407561335,2,58
175,0.2589569124769046,1.1959821498394012,2,200
176,0.23750730070156897,1.4185495670025166,2,65,0.025447946879045693,0.5351781040430069,2,95,0.27631682045929606,1.251893663406372,2,110,0.0476472432762882,0.5662429445498699,2,147,0.14158024690216095,0.6118452416525947,2,156,0.2618771491202317,1.447483555837111,2,200
177,0.2428031712603042,0.9551895033568144,2,160,0.03382724580267372,0.775720393115824,2,182,0.25779996886718415,1.469312310218811,2,200
178,0.25453903467703637,0.4859741199016571,2,200
179,0.28260792124435363,1.5030879793745098,2,33
180,0.24588633256305617,1.4112521559000015,2,24
181,0.23744754981254107,1.1051354209582012,2,30,0.015747497342038775,0.7972515424092611,2,45,0.2721958736912659,1.1235179424285888,2,80
182,0.22487080292562853,0.9133677541554629,2,91
183,0.35571857537820917,1.6114827632904052,2,45
184,0.3750490313973111,1.4197965487837791,2,16,0.034410829762641114,0.9277720550696055,2,64,0.1913533287727427,1.204304795007448,2,101
185,0.319394992298731,0.8460634769620122,2,37,0.04176584870399482,0.8565639349130484,2,50,0.382069799686802,1.0112085593374152,2,69,0.026871102151035015,0.8434417446454366,2,87,0.27900436643478776,1.1811012887954713,2,112
186,0.2801082320177163,0.8123252178138157,2,106,0.07060838372619903,0.7136010706424714,2,116,0.19583593983307496,0.8289056079728263,2,130,0.06374806802303853,0.913360004623731,2,154,0.21920523992965804,0.7713240683078766,2,164,0.06007712941806168,1.0472281266903054,2,193,0.2308332855772693,0.69419036592756,2,200
187,0.3129507148067133,1.189738999713551,2,22,0.03607587526011961,0.921689971899375,2,61,0.24162396450772006,1.173130669377067,2,105
188,0.3337872705747501,0.10798467865473108,2,158,0.013110276887461974,0.4544290093814625,2,175,0.48086554680716237,0.06161519944667816,2,200
189,0.315612255048239,0.8397197788808404,2,82,0.03424246618041881,0.65031631787618,2,97,0.3227016357594698,0.8281179563357279,2,149,0.04849315446551744,0.9794371161195967,2,167,0.10906418162378931,0.9370766679445902,2,200
190,0.29478633485418654,1.1239867752248591,2,11,0.0520772436546969,1.0887123039274504,2,77,0.2667658744869072,1.2251888969080236,2,200
191,0.28115935000203646,1.277392544746399,2,200
192,0.34334411760143674,0.6285340113842741,2,47,0.04915067793214777,0.7904951518232172,2,58,0.2831340500088829,0.7324169072466837,2,200
193,0.3733336809166325,1.5133632612228394,2,200
194,0.283960651826314,1.0028328834435878,2,39,0.06533660803104228,0.765979836816373,2,62,0.24434340813745659,1.0101697196131167,2,177,0.020129179246184858,0.30813903444343144,2,195,0.24559460262596827,0.6420530617237091,2,200
195,0.23893742490813974,1.3306924620190181,2,37,0.02684914491939782,1.122637014389038,2,62,0.13954065769749946,1.1284294724464417,2,68,0.023640426522733925,0.9003836455799284,2,89,0.12783522913465686,1.0964333369181707,2,102,0.03685203438763932,1.0924714350700377,2,152,0.19279111435598167,1.2458753995597363,2,184,0.027018675142201395,0.7096525579690933,2,200
196,0.3021182475939395,1.096269091963768,2,40,0.04101222922796191,1.013051652908325,2,60,0.20197573994061754,1.1043884214365258,2,113
197,0.3039485166740696,1.1780454255640507,2,64,0.01889250764524952,0.7733418806032701,2,108,0.20312429352983286,0.7716505924860636,2,111
198,0.2823747423658508,1.1677412408590317,2,200
199,0.232663762300107,1.2217384374141693,2,200
200,0.30972340953328675,0.6387579960207785,2,93,0.03583982195717304,0.8411419913172722,2,117,0.32019059455087406,0.717984457273741,2,154,0.0377647020825077,0.4915298819541931,2,171,0.3855364849915778,0.6368552096958818,2,200
201,0.3502778853079318,1.207887982067309,2,133,0.015767902319184617,0.2790380779065584,2,152,0.46635860231420595,0.8886751085519791,2,156,0.019351995425528994,0.3490300587245396,2,191,0.34557132589942785,1.2832420137193468,2,200
202,0.30896038186353947,0.5408206362878123,2,155
203,0.3972813752287846,1.3214380264282226,2,10,0.016542528608401483,0.730018138885498,2,20,0.3394307741274579,1.2364216622688788,2,159,0.016937876333830447,0.34044313430786133,2,171,0.44484507938209816,0.9546233415603638,2,181,0.021088836823280277,1.4398715496063232,2,192,0.4533931957599043,1.2580917030572891,2,200
204,0.2253674918105172,1.1186687019136217,2,72,0.07861642595637207,1.0213620563348134,2,84,0.22742495974711247,1.1552068438640861,2,127,0.02494767451354338,1.1402658407504742,2,140,0.2067282927020186,1.1749833842118582,2,200
205,0.3558864451278435,1.0573273805471568,2,13,0.06935332929565272,1.4067444984729474,2,26
206,0.03355983663309201,0.6944506367047628,2,6,0.2325499353326946,1.049109581269716,2,44,0.03368862505947615,0.7674930768628274,2,75,0.07813992433311065,0.7457398119426909,2,96,0.2076360129581344,0.7751604226919321,2,109,0.03143904068311718,0.7402937564444034,2,156,0.25139678378034436,1.0445227514613757,2,200
207,0.2647856337383081,1.0951080401738484,2,15,0.04255692943779507,0.41184018055597943,2,27,0.2888887631341053,1.1511339989284541,2,176,0.03460513509089543,0.3559639983707004,2,194,0.20032944089896332,0.9197346270084381,2,200
208,0.3078887922444389,0.3526990801095963,2,110,0.026963638435379054,0.4805332613842828,2,138,0.29501381135529264,0.48172907531261444,2,200
209,0.280790954613688,1.079239218982298,2,67,0.013340258588275882,0.27947009541094303,2,83,0.3215202558731805,0.5449576590742383,2,90,0.03661687538965142,0.2221560599282384,2,106,0.15588622085724282,1.1894333972172304,2,150,0.02090811451846428,0.58730066874448,2,167,0.0957832871067185,0.9337942979552529,2,200
210,0.24234718944630798,0.7866828967224467,2,110,0.023229147575791954,0.6412135660648346,2,124,0.3128934150318893,0.7983877837657929,2,134,0.028873824822640684,0.8991430997848511,2,154,0.016825689375867554,0.3608688250184059,2,174,0.04514318033284025,0.5032371695225055,2,200
211,0.21041205898737306,0.5234706848859787,2,28,0.027931512713738355,0.5712866958449868,2,45,0.19586392376745787,0.6867575230020465,2,144,0.020596930967636675,0.440733952849519,2,195,0.10163530655601309,0.893668818473816,2,200
212,0.3268972051261588,1.4790235687704647,2,17,0.03778720818985242,0.7798826859547542,2,82,0.34096601092305096,1.4168699603331716,2,101,0.024933813604778227,0.702620523131412,2,147,0.4740424795939833,1.5515721440315247,2,153,0.019151804020351677,0.5709444027055394,2,175,0.31366577086012665,1.3909639716148376,2,183,0.033214679725915554,0.7582487674320445,2,200
213,0.03394267292324165,0.5940183891969568,2,17,0.3230372247707029,0.8470172882080078,2,25,0.058710562924635175,0.7983058094978333,2,46,0.24500197833128015,0.7725887987520788,2,200
214,0.2553722346013558,1.11827447907678,2,29,0.3626919538766233,1.6455719769001007,2,45
215,0.31021345378768206,1.0224309932617914,2,63,0.020240302842132445,0.4989780230181558,2,70
216,0.16245752331397614,1.4572181976758516,2,13,0.23344994348111878,0.8454354359553411,2,26,0.04154942357361626,1.1072331070899963,2,38
217,0.38339631038805877,0.9808716451128324,2,48,0.030807684215693673,0.5781258046627045,2,60,0.2832676654721644,0.9949606206681993,2,105
218,0.3683888742921813,1.099043639500936,2,30,0.056656913919481584,0.650111334664481,2,44
219,0.2252490606887143,0.7638019639253616,2,200
220,0.3279375454167975,1.1705631312727929,2,200
221,0.2526866255337256,0.6906199270125591,2,132,0.056177663574808516,0.776363351765801,2,149
222,0.40365697712274584,0.8991395115852356,2,5,0.06578232528413153,0.8853308724032508,2,23
223,0.2439221770074394,0.9306620301269903,2,123,0.07548457800287754,0.5336686770121256,2,135,0.26085350555794307,0.9207272997269264,2,200
224,0.3451390557565501,1.2026468449168735,2,18,0.06228551766416101,1.1816712856292724,2,23,0.028221801280137283,0.6494821111361185,2,38,0.29401276865967435,1.3079343443719027,2,145,0.04735218423383202,1.118639588356018,2,148,0.021063942885301324,0.7951047247455966,2,179,0.23645393330408565,1.3824545599165416,2,200
225,0.38195777904580736,1.3455796678860983,2,90
226,0.33481895791092253,0.8496304471045732,2,32,0.04112783245595885,0.6474762002627055,2,47,0.3138925237964317,0.8633093883009518,2,132,0.04411538936443204,1.176163083031064,2,153,0.38786036567999044,0.8199728740022537,2,200
227,0.22189479177614507,0.7564118953718655,2,69,0.04037117643251895,0.6328979581594467,2,85,0.14772456351900537,0.7229996384943232,2,153,0.22986048854583666,0.4979721574073142,2,200
228,0.24053381682505862,0.46860016054577297,2,27
229,0.05100214101884724,0.6351720072604992,2,27,0.025856663373723207,0.7850719365206632,2,49,0.11897914532942964,0.5548978249231974,2,52,0.1417489277553071,0.14493037146680496,2,69
230,0.2091303458712766,0.5612711998132559,2,13,0.044722088992264694,0.6979202910473472,2,32
231,0.23598178118401825,0.6804711180073875,2,28
232,0.2230764585238852,0.8089243227785284,2,110,0.019531370140697574,0.7833589558248166,2,137,0.14609158819554266,0.848874398640224,2,144,0.023738236164400604,0.8053511338574546,2,200
233,0.04619010329978099,1.089409863948822,2,20,0.15952096123304957,0.6009410685963101,2,29,0.026201323383561164,0.9548176612172808,2,50
234,0.040417972935349517,0.6938442008362876,2,36
235,0.3311846840059452,0.8427735567092896,2,28
236,0.23390262901221992,1.3323832557314919,2,105
237,0.23198632716402223,1.169647306692405,2,61
238,0.2945621528206861,0.5958929317338126,2,21
239,0.3197402411518158,0.871157169342041,2,13,0.037668259558858566,0.49291069167000906,2,20,0.3566463705249614,0.9256879971785978,2,64
240,0.33210067251903297,1.1215979725122451,2,80,0.03702163652700789,0.2859784051775932,2,100,0.23818222850264317,1.0426809281110763,2,200
241,0.2538822268541242,0.7029355370998382,2,200
242,0.262886227316049,1.1245172080539523,2,21,0.022041701914184253,0.8918089926242828,2,41,0.16665428834787743,1.010475304391649,2,50
243,0.21792323581144402,0.5897366774082183,2,200
244,0.05097603655395256,0.786701581694863,2,11,0.20547984498194205,0.9185023792584737,2,86,0.040772184811550795,0.2542505198717117,2,111,0.2552714880196953,0.6718129714330038,2,117,0.0536012566486632,0.8321251218969171,2,128,0.30177376488082075,0.8508850617541207,2,200
245,0.24482798576401152,1.4277211761920252,2,107,0.02542926128293307,1.4026589658525255,2,116,0.2662326639903356,1.4590918194679987,2,200
246,0.3473851960268503,0.9645457037563981,2,145,0.011722865792026945,1.096889546939305,2,152,0.2416100242150954,1.0044035911560059,2,164,0.029550617945858275,0.49292168859392405,2,196,0.6073639683223729,0.6970814019441605,2,200
247,0.39464033353267525,1.813978374004364,2,18,0.05860246029985621,1.7395890421337552,2,45,0.44409724774424736,1.7512860235415006,2,64
248,0.3484560906357277,1.0331878881705434,2,38,0.04551355348221152,1.0770705086844308,2,45,0.32522525454806067,1.0852803230285644,2,50
249,0.2122572668333338,0.7980349565545718,2,120,0.05395266993159731,1.1620724843098567,2,133,0.2744983611455883,0.8051562323126682,2,176,0.023512066584405328,0.7429571400086085,2,200
250,0.26010014781903323,1.4082962423563004,2,8,0.009698058492941293,0.2500525493370859,2,27,0.2787469117835722,1.196347922779793,2,70,0.26394594964662654,0.4173148554914138,2,87
251,0.25253730834923444,0.8425882804221001,2,69,0.02658535872821374,0.5149101126701274,2,116,0.21521845381294624,0.8430254207924008,2,180,0.033507774061080464,1.0005306482315064,2,200
252,0.03622711894367522,0.9163862575184215,2,55,0.3348381238149376,1.0475243951963342,2,78,0.1269081015619425,0.8035927062684839,2,100,0.01729707770194252,0.7812347379890648,2,137,0.2740714277257482,1.1149437427520752,2,140,0.02726070025708796,0.5296919682333546,2,171,0.12622783170273885,0.5440661708513895,2,183,0.26948384492671956,1.39958472435291,2,196,0.8703067330845959,1.3749635219573975,2,200
253,0.2020369764938742,0.6629690268765325,2,23
254,0.34597376552043596,0.9654054688656424,2,127,0.11186329946840452,0.9717470526695251,2,137,0.03321045456238783,0.3714593816548586,2,153,0.29485377677898317,0.9684753874514965,2,200
255,0.27524977359171693,0.9629958434538408,2,11,0.08256674993439095,0.9855002433061599,2,51,0.2891223487837425,1.0075818467140198,2,101,0.02413658153569055,0.7655857086181641,2,121,0.1156494501788122,1.0069993734359741,2,138,0.303714570032488,1.0645207282035583,2,200
256,0.34005846561130376,1.3376222884654998,2,200
257,0.31110232494708034,1.0933245998620986,2,200
258,0.2581387206922859,0.9598073494434357,2,200
259,0.32127481099746935,1.0589939568002344,2,177,0.26268709193581924,0.5179408425870149,2,200
260,0.3412955312814932,1.5405222878736609,2,34
261,0.3396055964381256,0.5557492044236925,2,9,0.05086553407997095,0.7528169468829506,2,28,0.27279433001658465,0.737237582887922,2,63,0.02275245741130799,0.5437703338953165,2,76,0.25041848074748596,0.6785910779779608,2,87,0.02712851805097025,0.4274747371673584,2,107,0.2380089323909798,0.7773289893354688,2,149,0.4230694921137515,0.5135679630672231,2,200
262,0.025299127212133274,0.5779040475254473,2,46,0.12286908121579795,0.4187796115875244,2,49
263,0.2605732823848072,0.302779679497083,2,6,0.01648756583395068,0.1422913504971398,2,24,0.18398639373034698,0.38627398014068604,2,27
264,0.40737139777313675,0.9819123268127441,2,15,0.048357257193188695,1.341768867439694,2,33,0.226977074275253,1.5518046140670776,2,38
265,0.22042243616888277,1.098971664905548,2,12,0.027469803955381195,0.9060985947197134,2,100,0.2432743355041556,1.052186779677868,2,116,0.020093293213297805,0.37289556860923767,2,147,0.07330534270723639,1.0981815136395967,2,173,0.18590234337538902,1.059857311072173,2,200
266,0.29385379497788694,0.8314545035362244,2,5,0.018636613760577164,0.8131943074139681,2,16,0.34712799441230446,0.8939406558086997,2,35,0.02967608734419907,0.960713267326355,2,43,0.2520391714501901,0.9220672648722731,2,170,0.07961774765533769,0.7630619704723358,2,174,0.09114866902528118,0.576101574760217,2,200
267,0.18967074055162325,0.4187428876757622,2,4,0.026363413271990977,0.9930192337316626,2,21,0.1391449851429133,1.0562660561667547,2,30
268,0.2866856945205908,0.8404348216950893,2,80,0.033091031774878564,0.6291016622593528,2,99,0.24454027835855213,0.9805870565501127,2,154,0.008132153876255693,0.8053860664367676,2,162,0.30255869395893487,0.8971456195178785,2,200
269,0.18706906765211362,0.6248322377602259,2,24,0.04808511819415049,0.6184351965785027,2,40,0.23575375264410559,0.6261734690517187,2,200
270,0.22058134310451755,1.1345724515747606,2,57,0.32343950243447667,1.1061409761855652,2,200
271,0.28787851641113665,0.3561153602600098,2,200
272,0.36842392254851547,1.476942489642908,2,101,0.025182809224395687,0.6928324547864623,2,160,0.3397746352888019,1.5036305056677923,2,178,0.04930706244689573,1.113974360624949,2,193,0.16478727139235613,1.3746311664581299,2,200
273,0.5421381667263802,0.5194909870624542,2,3,0.03017609756291745,0.9657023420520857,2,54,0.17607686474649703,0.7849447131156921,2,58,0.2867710632067114,0.28707522973418237,2,78,0.22474027079492806,0.9195192533154641,2,109,0.019649365582890155,0.45651707500219346,2,129,0.09509028239034484,0.5506283789873123,2,137,0.01467232665563794,0.2541734850720355,2,156,0.35372085309409224,0.5254434088865916,2,171,0.027864503718445767,0.3829534494064071,2,193,0.17028386807200102,0.5113583505153656,2,200
274,0.23896260027251431,1.3724464665759692,2,22
275,0.021677947738644114,1.1667942319597517,2,21,0.2732527166178772,1.4232306686314669,2,131
276,0.2867945632524909,1.2605612687766552,2,64,0.23142500467865634,0.6406891454349865,2,86,0.03891224480994748,1.005391184772764,2,114,0.3732060259987322,1.380332659843356,2,200
277,0.3215525779176391,1.2335276817207905,2,67,0.016340386586833486,0.3576802285388112,2,83,0.32395842082319515,1.3036454926189194,2,200
278,0.27175530537595805,1.0647053718566895,2,13,0.026334727399560845,0.8736696243286133,2,44,0.30875606654982224,0.8254889200504562,2,177
279,0.35949959576890705,1.104730164849913,2,77
280,0.2187258664803678,1.0126595046069171,2,37
