0,0.24458858095253513,0.9167383730411529,2,20
1,0.03710830215195083,0.8678080118619479,2,13,0.30366570629605305,1.6894282088723294,2,99
2,0.31637209540125105,1.1657055841909874,2,74,0.056412515594750356,0.9545797130891255,2,102,0.3569007752561375,1.2109118773012746,2,200
3,0.27750308401133117,1.0606275697549183,2,72,0.025695977037075095,1.1106168004599484,2,116,0.27708396624536924,0.8617371448448726,2,200
4,0.2774586222222103,0.7882545508375955,2,109,0.031606537635564085,0.755921207594149,2,175,0.32258911688653136,0.8245317578315735,2,200
5,0.30046785436233303,0.9498142202695211,2,144
6,0.29266702567158476,1.4185051411952612,2,106,0.024159712618528843,0.7061884525147352,2,150,0.2932504902830415,1.4727601194381714,2,200
7,0.24545438736606912,0.5937539452598208,2,21,0.04022164399970993,0.5861785191076773,2,75
8,0.3007283600164142,0.491170942162474,2,48
9,0.32448661680715524,1.3614965438842774,2,65
10,0.20540561331094778,0.9282343586285909,2,33,0.029750579287801237,0.7575613517652858,2,121
11,0.3133638563221083,0.9485746423403422,2,96
12,0.2633513855127223,1.5395277895425494,2,76
13,0.3033071836875118,1.2950880544526235,2,70,0.06745205104351794,0.7759562319722669,2,99,0.027769188282804384,0.6424029221137365,2,159,0.2471190820173924,1.2128402140082382,2,200
14,0.3145186823740336,1.3526688746043614,2,140,0.06702642498927532,0.9456841256104264,2,191,0.1984840946136199,1.1898233360714383,2,200
15,0.3332790886406817,0.7118253608544668,2,12,0.08999988090564398,0.8807459241814084,2,30,0.03641392562484451,0.5041146462871915,2,51,0.2298043889975785,0.8464523069810548,2,200
16,0.25118879139060646,0.9440056985616684,2,200
17,0.3666858476640045,0.6287500533190641,2,11,0.06933264703350661,0.9821306864420573,2,26,0.2413181812768724,0.9782813906669616,2,56,0.039306732093889796,0.882625443093917,2,73,0.2346680774880333,0.970341209707589,2,131,0.04416199233721022,0.9834202064408196,2,149,0.21474375499640677,0.956587655203683,2,163,0.039607289633506376,0.8761145408089096,2,200
18,0.3309210277553764,0.657622231886937,2,13,0.07132662644644487,0.7704728486992064,2,97,0.3367062634156042,0.6044611377992491,2,166,0.09012501672951417,0.8956855149830089,2,200
19,0.28878690959789793,0.7990038410613411,2,152,0.030040367425754427,0.516474574804306,2,164,0.3444533467904217,0.7542799115180969,2,200
20,0.3358384918307952,0.8337671619653702,2,200
21,0.2090002656581792,0.6751815676689148,2,29
22,0.24130064624560008,0.9133160705678165,2,128,0.023995740217325624,0.49323588380446803,2,141,0.3307970239567467,0.9438547988732656,2,165,0.019549339666693186,0.3250745162367821,2,187,0.26885148309943807,0.9724088907241821,2,200
23,0.21198406689342159,0.5266995131969452,2,30,0.02215911552979131,0.5843652486801147,2,51,0.23085267904031798,1.026948861959504,2,92
24,0.3229515395810901,0.9940592348575592,2,20
25,0.21104631168221585,0.48646552647863117,2,7,0.03512863097704568,0.6165686696767807,2,67,0.32029525024872096,0.6351880258984036,2,112,0.04754060022445308,0.7155909027372088,2,147,0.021945117653770958,0.6983406657264346,2,168,0.07471616625072407,0.6660401839762926,2,200
26,0.2542191311082691,0.706345409154892,2,20,0.09215182120302227,0.7249952405691147,2,48,0.2711917894792632,0.7105200035791648,2,200
27,0.2858145385238189,1.0186988167903002,2,68,0.06727259618608127,0.9641009266259241,2,129,0.2563436047970341,0.7704384767490885,2,175,0.021707305988743326,0.7287685708566145,2,186,0.21743352649213268,0.7403094811098916,2,200
28,0.2712883654098332,0.8266990590602794,2,47,0.03745928194258397,1.41104257106781,2,55,0.2468342323685257,0.8473390325119621,2,131
29,0.30605326751924566,0.7896398617462679,2,44,0.054943611644094545,0.854934323579073,2,60,0.2507974728707893,0.8944724377463845,2,111
30,0.26161505987982275,1.3922195688883463,2,75,0.036296837692619655,0.7099889659169895,2,142,0.23433343828257894,1.3463884057669804,2,200
31,0.25313747214164256,0.9824499893188476,2,50,0.049592505839718797,0.749209197362264,2,65,0.2085435329396867,0.9906971754851165,2,200
32,0.242688865645667,0.9887682676315308,2,15,0.028644376623479996,0.6497968435287476,2,40,0.28924763306626106,1.0726419854164124,2,90
33,0.30263095607434054,1.374477156886348,2,27,0.10394212447245593,1.1890826505773209,2,44,0.2800550193102055,1.3570821629120753,2,200
34,0.33284172925271116,0.9853007266154656,2,52,0.06437688525023263,0.8830840541766241,2,78,0.2165866975047024,0.9504675205264773,2,134,0.39229077362881043,0.9792978926138445,2,200
35,0.019052618517858378,0.6636092625558376,2,16,0.17776403600683038,0.5045032302538554,2,25
36,0.22706348872694004,1.1594425780432565,2,14,0.1057291443173288,0.7436614831288656,2,17,0.021537808498546265,0.39154912891059085,2,46,0.0602956802243899,0.957164581769552,2,124,0.09161206561587565,1.3118523250926624,2,135,0.2626196242490182,1.318089584203867,2,200
37,0.3279142138121509,1.5959961957791273,2,68
38,0.3418593816026906,0.8984374566511675,2,22,0.025482895379568448,0.5233991489960597,2,35,0.3400124317448929,0.9846558552235365,2,67,0.05491713312154075,0.6713006794452667,2,83,0.024697681289576806,0.5852086544036865,2,102,0.380882449285764,1.1511940492524042,2,156,0.017102836866028082,0.5239262096583843,2,164,0.33365101124922936,1.1908559799194336,2,200
39,0.3691870890717651,1.263117941943082,2,22,0.06045164080832884,1.2332271337509155,2,33,0.21039491788408865,1.2790114950990963,2,200
40,0.2698158277512116,1.0098430097551274,2,133,0.023360338557964867,0.5623021318632013,2,150,0.22318000708223654,1.0162295651435853,2,200
41,0.35719489400081245,1.703990414738655,2,40,0.17204265613079486,1.5391863743464151,2,55,0.10418185360283298,1.0209411127226693,2,69,0.23950718180002328,1.5943000386742985,2,103,0.09684720327687346,0.6841900646686554,2,109,0.02485852425600881,0.6911118449643254,2,173,0.3407312496534905,1.562573269561485,2,200
42,0.44536927579540797,1.5763367021956094,2,82,0.17944520035388856,1.2762866721433752,2,116,0.03359319212616153,1.0064917456719182,2,147,0.40132981669037876,1.4642674540573697,2,200
43,0.2558611168465535,1.680481127138888,2,89,0.0363625499016467,1.336858344078064,2,99,0.3010826294303058,1.6301112619798575,2,166
44,0.26960350006649514,1.2139684056567255,2,107,0.020726910007063823,0.6884752703564507,2,135,0.2692688253678832,0.5683696610586983,2,142,0.02839313321445013,0.4877089787932003,2,159,0.3021301404284032,1.2438862440062732,2,200
45,0.2490064375907474,0.6423201447725296,2,200
46,0.24629640290342864,1.1197437124867593,2,62
47,0.3129188032828149,1.3809869959950447,2,64,0.044513518424264716,0.9443343440691631,2,79,0.31805135186473155,1.4178772171338399,2,91
48,0.31495771705178943,0.6278845344060733,2,162,0.043842861174065675,0.6759798049926757,2,182,0.23959128160613652,0.6708750989702013,2,200
49,0.3215361262153002,0.684986392656962,2,24,0.024694000623018825,0.40099693699316546,2,46,0.1799325551538733,0.7128690708251226,2,67,0.07100493685097316,0.7509807655888219,2,98,0.28866915787750097,0.7247305149617402,2,167,0.02901259094767477,0.8602528463710438,2,200
50,0.2674771597207196,0.7698264212221713,2,185,0.020129888823447763,0.6308008313179017,2,200
51,0.21642826781767924,0.8974294597687928,2,46,0.05471041651028476,0.5405534779032072,2,58,0.2054701718436125,0.8625180987087456,2,132,0.039173300684503524,0.7116351800087171,2,171,0.2569678355986675,0.6606515288352967,2,176,0.049045361111843454,0.6784817799925804,2,200
52,0.25983047189621294,0.9615440142154693,2,200
53,0.24174009607812727,0.8870707609436729,2,55,0.03256560540266875,1.0002194881439208,2,80,0.24508029896751435,0.9315492024024328,2,200
54,0.2454248710409309,1.2397480337587121,2,73,0.04666175744728273,1.0706125855445863,2,103,0.18577110821289394,1.0551646550496419,2,112,0.041181607743762484,1.0748717444283622,2,133,0.20797077039814404,1.2128185033798218,2,140,0.31952181849605815,1.4263032178084056,2,200
55,0.17956198560345737,0.5682783441884177,2,35,0.0458906698636634,0.4129287765494415,2,91,0.2781869850627965,0.997312355041504,2,96,0.053798145489612204,0.6789167798482455,2,122,0.07648297655180013,0.9724056627601385,2,154,0.272294445106467,1.0664715637331423,2,200
56,0.25426439214634755,0.33150837384164333,2,16,0.04411609300179149,0.43536868194739026,2,28,0.3240549192484266,0.5954886618114653,2,49
57,0.24240743236933474,1.5283752060853517,2,104
58,0.28462101531994594,1.1856959328359487,2,98,0.07434259661429576,0.6473508296590863,2,131,0.42533441520709736,0.6267376281321049,2,147,0.13340400060694008,0.8244468224676031,2,166,0.32926705199539963,0.8464683837750379,2,200
59,0.25607518432990384,1.3489000782554532,2,81,0.02356652274299898,0.4485993146896362,2,96,0.1674969499689337,1.3304357926050823,2,111,0.353366517751534,1.3337019661725578,2,170,0.02059107204810734,0.5359572348269549,2,192,0.4701126212637583,1.409289374947548,2,200
60,0.24158153104479166,0.747737284217562,2,14,0.0340059849473674,0.7692951693826792,2,63,0.27514502643181443,0.8031728659103166,2,130,0.05006890786203687,0.8309780728249323,2,151,0.29111798270507266,0.8447744724701862,2,200
61,0.2838148140343551,0.5458802978197733,2,33,0.05856236197281541,0.5848516404628754,2,43,0.267567333262614,0.5857896956668538,2,200
62,0.08982767284709112,0.7251976511695168,2,11,0.29222563331646273,0.6469251104763576,2,46,0.030215023784134105,0.5957831144332886,2,57,0.2529114155555565,0.6602946611551138,2,122,0.08203433136680557,0.680935263633728,2,147,0.22717613006708273,0.6956836311322339,2,200
63,0.31573900930302273,0.8343081322312355,2,200
64,0.18075403476592194,0.9176016027487598,2,103,0.058383045478022776,0.87460857629776,2,135,0.021759014049940226,0.6660704395987771,2,146,0.17864554818680178,0.9118222548411443,2,159
65,0.23913478267378097,1.2297298073768617,2,10,0.020706721865638728,0.8137091040611267,2,35,0.24025198691017083,0.9064526924720178,2,74,0.04658289908806526,0.9218710866467706,2,103,0.024438554202342994,0.9143484511545726,2,131,0.24914221702284603,0.7672530531883239,2,136,0.037849844977531334,0.6386580923024345,2,153,0.20617986121545173,0.6479757683617728,2,195
66,0.4707355387746033,0.23898552730679512,2,12,0.02012737777638672,0.7313601064682007,2,37,0.293044408082387,0.3753858357667923,2,159,0.0230339650156638,0.7385188241799673,2,165,0.21461509786055538,0.4801405171553294,2,171,0.03316670132458732,0.4308664367116731,2,200
67,0.36438119668034036,0.7998452305793762,2,5,0.02092027564929585,0.4373040563530392,2,23,0.20847740003502865,0.9469741812119117,2,36,0.019674150621883477,0.1305536851286888,2,62,0.2608951256917377,0.7516616423924763,2,152,0.04014585992549616,0.5263795033097267,2,160,0.26254490446536577,0.7432441012612705,2,189,0.025368857351770937,0.5069255232810974,2,200
68,0.3532506764403339,1.1466809873995574,2,23
69,0.35194864674473253,1.154334698120753,2,60,0.02547527435264836,0.5727456907431284,2,84,0.06629939659928871,0.7532629092534383,2,99,0.29482777017339185,1.0466434955596924,2,125,0.0219832487742909,0.6747521125909054,2,158,0.37185184490589945,1.2600213839457586,2,171
70,0.24741890142177095,0.9083144664764404,2,16,0.08262515400616587,0.9317732098254752,2,63,0.030889346227074604,0.8713298399340023,2,107,0.3125812501677603,0.8921987689458407,2,133
71,0.31437049620184565,0.8552144914865494,2,20,0.012122734550527557,0.9598521441221237,2,28,0.38659432800786736,0.7820079028606415,2,38
72,0.36917259648799233,0.2691477339601878,2,132,0.017944092343750054,0.4904247638252046,2,150,0.308726381957425,0.40806319534778596,2,200
73,0.3208190046629334,0.33823465804258984,2,12,0.021210760914279665,0.8757648038864135,2,37,0.3067244739926722,0.8113625502783405,2,158,0.029921710998229767,0.6630907768294925,2,200
74,0.06455869221104446,1.0794060230255127,2,28,0.42598352889718766,0.8132534176111221,2,56,0.07501995195846028,0.938701175508045,2,77,0.2572398219857715,0.8213312605331684,2,106,0.029906843499657155,0.9292198151958232,2,155,0.2856038493765815,0.8911209278636508,2,200
75,0.29809876039485744,0.6991829569910614,2,142,0.09025199576470812,0.5460378895787632,2,176,0.3660546389678158,0.7421156167984009,2,200
76,0.259214121818907,1.2021817594398687,2,162,0.023206264348710957,0.6265045960744222,2,177,0.3068097350510607,1.1373550218084585,2,200
77,0.2392238442833863,1.0484744310379028,2,3,0.01775834987434437,1.1060395411082677,2,10,0.33839520330847467,0.8824421402655149,2,48,0.024004365328280482,0.35769478538457083,2,65,0.36425008485263477,0.8137866020202636,2,200
78,0.2783301128697628,1.0640152522495814,2,7,0.029369486184655853,0.98593755705016,2,35,0.26648054397802295,1.38424466538617,2,162,0.024566603085455788,0.49302760550850316,2,200
79,0.23369221099552848,0.9500457195135263,2,130,0.051405413977064926,0.9095542203812372,2,151,0.26186148866432973,0.9245626306047245,2,200
80,0.2729707325076763,1.1144679557709467,2,42,0.03290389497901523,0.6960698277392285,2,89,0.49394048151619596,1.145881942340306,2,117,0.034344321384144665,1.1137812483695246,2,148,0.3239597576148635,1.4356739132300667,2,194,0.07544479798027211,1.3790911237398784,2,200
81,0.2995822052604335,0.5150299585527844,2,36,0.07197361001951019,0.6079385112971067,2,68,0.231548035214346,0.5224773734807968,2,90,0.0337215114798228,0.7239421345293522,2,122,0.259530309069384,0.4150896011254726,2,200
82,0.11124358085006573,0.6395112954907947,2,36,0.29296144430209814,0.7048626716931661,2,111,0.05281678002819594,0.7598660398613323,2,133,0.1826966641233087,0.6928959300643519,2,152,0.029415592316245368,0.3822121928845133,2,180,0.31823098958598345,0.919228059053421,2,200
83,0.3838754135749265,1.0996623631635327,2,163,0.06971399661379993,0.7874710533929907,2,186,0.2586640309427099,0.8779120870998928,2,200
84,0.2968501782187192,1.037613911628723,2,200
85,0.2567133936752944,1.5730168056488036,2,200
86,0.23832896675875548,0.7336655527353286,2,20
87,0.2904874578268886,0.6813794924662664,2,143
88,0.31789516247927546,0.7160058104991913,2,200
89,0.4294253497573775,1.5003576450741167,2,97,0.016442210923910263,0.24493682296837077,2,114,0.27183906044924905,1.5153561908947795,2,190,0.017152389183286005,1.4256988286972045,2,195,0.3854598400245145,1.4401969194412232,2,200
90,0.04500618788288377,0.5956556931618722,2,31,0.26759677121741515,0.705564808100462,2,47
91,0.2369564558966165,1.2456730557423012,2,51
92,0.12176316978670082,0.9057476571628026,2,35
93,0.18789202610767894,1.221577727433407,2,33,0.04943928502828598,0.46444970098408783,2,44
94,0.2789981355630715,0.8900907437006632,2,54
95,0.28551214730083707,1.4160873393217723,2,36
96,0.3243190790383475,1.4114578331218046,2,34
97,0.0733600920484417,0.9513471969242754,2,29,0.24779011949356147,0.8644217158618727,2,200
98,0.2906089747444321,0.7176987354954084,2,48
99,0.33513389709264657,0.6443599440834739,2,55,0.02732872749488751,0.8140711921911973,2,68,0.41967673214665296,0.9347365140914917,2,103,0.03862028201583839,0.6466507486913396,2,190,0.2662105105092753,0.4749451637268066,2,200
100,0.2941236824861588,0.783116545677185,2,200
101,0.019158939671727677,0.9639673999377659,2,7,0.2737538021705371,0.8797519437728389,2,38,0.02617239342400276,0.7107591576435986,2,72,0.30458614582831567,0.8988482088458781,2,121,0.03480066122728357,0.984859299659729,2,136,0.268934361117645,0.8322432199493051,2,200
102,0.3255527441250457,1.3292725414037705,2,200
103,0.3687130959441311,0.792749651840755,2,7,0.10831188508936797,0.7219068472643932,2,90,0.019506478010221748,0.7021398733962666,2,112,0.18376012377833645,0.7507799523217338,2,119,0.02697961309561963,0.7854580283164978,2,128,0.40106669357643354,1.0148168435463538,2,154,0.017770937737131686,1.1631924867630006,2,164,0.2243146176838462,1.1596705118815105,2,167,0.036205905910782175,0.8025004267692566,2,183,0.27776177012635034,1.3607481788186466,2,200
104,0.2482775844909952,1.320323738646,2,47
105,0.13691799405030783,0.763202354311943,2,24,0.2943096412818,0.7864156198501587,2,74,0.08086529029995541,0.8234217862288157,2,80,0.3371223096562266,0.7888311247030894,2,200
106,0.3327258663154413,0.8305083639185193,2,142,0.06786867807195993,0.7038346529006958,2,146,0.04911799798351486,0.2661489446957906,2,167,0.32565162663787445,0.8615817608255328,2,200
107,0.5420972674965103,1.64239963889122,2,20
108,0.2113672488049485,1.0911783060785067,2,59
109,0.3575209358160423,1.344570020834605,2,12,0.03227458359118046,0.9789779605688872,2,66,0.2908165714168197,1.0191912860483736,2,140,0.03883226065803125,0.6892979705333709,2,190,0.1845840626689101,0.6351588249206543,2,200
110,0.3036637360687684,0.8121504282951355,2,25,0.09843885780349604,0.7329122192329831,2,43,0.022347162747783315,0.90786940852801,2,55,0.3616382247876313,0.7083466400702795,2,67,0.040851763721699394,0.7683009341651318,2,118,0.268280431118207,0.7727442154517541,2,131,0.017357633824428207,0.7444697221120199,2,140,0.3102676190778066,0.7797097973525524,2,156,0.020035658864616047,0.7071661750475565,2,165,0.29531384489737217,0.809852113042559,2,200
111,0.021031657525918648,0.39520927913048687,2,17,0.2283542381587485,0.9493348916371663,2,32,0.03579174391874803,0.8076198403797452,2,95,0.33038380408486684,0.9400542974472046,2,101,0.01729255832328049,0.5833896398544312,2,110,0.3384852192176234,1.272430970118596,2,136
112,0.24493333379905308,0.7119633612178621,2,168,0.023829113643006314,0.783241460720698,2,180,0.23597766271660553,0.9503587245941162,2,200
113,0.3713591408877061,0.4300355851650238,2,5,0.01953945404301449,0.31528255518744974,2,22,0.16495907916721977,0.6454068507466998,2,36,0.017246035982328708,0.2760279986720819,2,62,0.27222559121530604,0.7863558325502608,2,152,0.030878609112498758,0.8366018459200859,2,160,0.23730055631785774,0.7790827766060829,2,200
114,0.32157987679270766,1.2648580360133745,2,171
115,0.29676601009380876,0.7973689376553402,2,79,0.15023094255090566,0.8357518874108791,2,95,0.023629539456790683,0.8092868800820976,2,124,0.20840086898228402,0.6994447310765585,2,133,0.02275703856816462,0.8642574071884155,2,138,0.2896410064820026,0.7526333389743682,2,200
116,0.17775909564579914,0.8065452741252052,2,18,0.015529684341397315,0.22796744108200073,2,35,0.05525188178838009,0.34385766705562326,2,93,0.06326895645764583,0.7957687153190863,2,154,0.32628916069796055,0.5669798637213914,2,200
117,0.23324492849969578,0.8275665419716989,2,62,0.029204164052455097,0.5634394079446793,2,82,0.26922210757123993,0.8858773642677372,2,200
118,0.24258551283586885,1.0032984573732724,2,88,0.05187181970054492,0.7431470376473887,2,115,0.21729416740199106,1.0642999410629272,2,200
119,0.02704109426873586,0.3504899740219116,2,22,0.2857438803889938,1.5300259287677593,2,89
120,0.25552042244140155,0.9468155182324923,2,26
121,0.3620620151393968,1.3559562965880994,2,43,0.19068279667792948,0.6276973485946655,2,53,0.051798578898128826,0.49603337049484253,2,62,0.5024083017034441,1.3111868401368458,2,74,0.017653726906520822,0.3460681661963463,2,86,0.3282202561454013,1.3015435614236972,2,168,0.01585252612437914,0.43231924546175987,2,197,0.21575801142610018,0.542413999636968,2,200
122,0.3584615328598169,1.5418230199044751,2,62,0.018096866683769443,0.5110592712958654,2,92,0.3637209027214823,1.6178163591637669,2,175
123,0.29176452355146726,1.04698347654499,2,61,0.02180652208929795,0.42316508136297526,2,80,0.21275590335834216,0.6869068443775177,2,84,0.22713351100533985,1.0617506514335502,2,200
124,0.2901927031163066,0.7104753747030541,2,108,0.12510734616343963,0.759464558688077,2,163,0.026092450622741178,1.0701137716705735,2,200
125,0.340070482035629,1.1747037917375565,2,8,0.02846700575060507,0.42846794095304275,2,26,0.15790561802561098,0.9958210786183676,2,38,0.3501509128007139,1.0422359704971313,2,144
126,0.3674430235309551,0.5755849285051227,2,32,0.022959450049636777,0.14699855760524147,2,51,0.37212016183026914,0.1913888239198261,2,60,0.03066622479767072,0.40501774350802106,2,78,0.19200153608405146,0.5707963943481446,2,83,0.020605424349987682,0.35567061230540276,2,99,0.155446920720983,0.5368474920590719,2,102,0.03437385715889546,0.5550492129155568,2,144,0.540028801578867,0.2557103882233302,2,150,0.02791860567624826,0.4145825041664971,2,159,0.30884385172607476,0.3456844305846749,2,200
127,0.2765120700905997,1.0520664212679622,2,99,0.020593587514861688,0.3960109857412485,2,112,0.2896220617094576,1.088974344459447,2,200
128,0.3332600438547871,1.0774354139963787,2,48,0.03379176724060004,0.4573788361416923,2,66,0.26031919964889966,1.0911893862666506,2,99,0.07113547315595974,0.8678017497062683,2,124,0.25528434161313546,1.0386609027260227,2,200
129,0.11133403232586424,0.47948945845876423,2,7,0.029280524350424286,0.4478264482957976,2,35,0.49564345349107924,1.1004713773727417,2,38,0.048406637174908715,0.6490869488981035,2,56,0.28827031159579714,0.48239305218060813,2,71,0.036079660855208785,0.9174722316472427,2,117,0.2781320087285906,0.9284769141155741,2,140,0.04281881743890782,0.8571141037074003,2,151,0.11368811279294178,1.0383949012172466,2,200
130,0.12072391625648213,0.8382256746292114,2,25,0.049992338347170866,0.9967462015151978,2,50,0.22255581137072594,1.318023717403412,2,160,0.025625282746702272,1.042852677147964,2,189,0.2100945927557056,1.4464440454136243,2,200
131,0.3570813332266488,1.2781194945176442,2,36,0.018580733322131948,0.624806198808882,2,45,0.24964189689268348,1.2654159307479858,2,70,0.022165819796727104,0.752340579405427,2,102,0.26444945838555806,1.3574880719184876,2,112,0.030083762812775104,0.7713750541210175,2,132,0.06645136254412362,1.2312076432364327,2,139,0.23422400452306685,1.332945315564265,2,200
132,0.02068172953883295,0.5584851047571968,2,17,0.31810331728981545,0.5709329290049416,2,31,0.07270005776980534,0.9529809997631953,2,44,0.01932642371354265,0.6647866561132318,2,78
133,0.2765919139803474,0.8440481966192072,2,44
134,0.5102120176092356,1.69146349353175,2,62,0.02388305709826933,0.7701043674239406,2,116,0.37712893817105986,0.6801998913288116,2,124,0.01825484497644641,0.8503051077326139,2,172,0.42626213324841444,1.6269349429918372,2,195
135,0.1551151631448383,0.8806309223175048,2,15,0.02832851578368948,0.8300387087193403,2,59,0.17939762451668026,0.4678396224975586,2,64
136,0.34716104865605396,0.28708139757315315,2,30
137,0.21677793711390952,1.3350818306207657,2,32,0.044318177990673856,0.3203766621076144,2,45,0.2162951502376165,1.2484540155955723,2,80,0.19251307622527156,0.5439422662769046,2,94,0.01158095059865996,0.28447692773558875,2,105,0.27794254258419704,1.2186962405840556,2,135,0.01853409530721313,0.139085109784918,2,188,0.039320889816700656,0.16321920603513718,2,200
138,0.02398882013891471,0.7235871434211731,2,15,0.344061427958672,1.0498165637254715,2,23
139,0.40746461853808197,0.905829288742759,2,11,0.015349837108434381,0.526222030321757,2,23,0.33429694431635715,1.2445700939963846,2,91,0.05247476017196252,0.916954812904199,2,115,0.2939929437524629,1.2946099716074326,2,200
140,0.028026396097180335,0.3238821560921876,2,23,0.2505578912599997,1.22194684876336,2,32,0.035942086421799066,0.1644510535093454,2,45,0.2604007565322247,1.1311244169871013,2,63,0.028386889032669248,0.6650102642866281,2,102,0.23436946246631302,1.2574689059841389,2,200
141,0.06770505731426918,0.976977182759179,2,18,0.22179936095676483,0.9059483331182728,2,41,0.01832913727138467,0.6372364248548236,2,55,0.2635717241290366,0.8706565722823143,2,71
142,0.2990895943256328,1.516752035021782,2,200
143,0.30185792598409883,0.6458841654658317,2,200
144,0.27380079505255256,1.078184338594904,2,151,0.021702620100454803,0.7270422279834747,2,163,0.21279400576105456,0.9577545743239554,2,182,0.052758301727297834,0.7472794734769397,2,200
145,0.2588487149417101,1.3695140988440127,2,148,0.043971631008431177,0.5892894268035889,2,162
146,0.2908040092223397,1.7156975931591458,2,153,0.026756839054041116,0.928113362618855,2,181
147,0.3368541506966567,1.0714931137421553,2,34,0.0802804250358769,0.6211029546601432,2,139,0.2959828916320349,1.1849499081001906,2,200
148,0.31391535059529296,1.3015649008750916,2,200
149,0.3682206439012347,1.279821346676539,2,63
150,0.30573601694443636,0.7076208829879761,2,5,0.07184980596278481,0.6959108818661083,2,16,0.29928498141190985,0.7138553111070998,2,194,0.07878794592209089,0.7819564541180929,2,200
151,0.04730276533165245,0.6764827601371273,2,31,0.25106641659316,0.6923642098903656,2,41
152,0.2557474548244812,1.4537702988887178,2,138
153,0.10761136647110224,0.735285256590162,2,14,0.043008436839046614,0.7591046885568269,2,63,0.2219288137430707,0.7353522578875223,2,90,0.017493422845226668,0.7754065903221689,2,131,0.25139399738034085,0.770480549853781,2,200
154,0.25692493257517796,0.7758412903547287,2,200
155,0.26120435920682356,0.8921525991625257,2,36,0.02763724549417145,0.23581033200025558,2,54,0.40032366299577227,0.9188990278376473,2,90,0.06030111440181905,0.6566830649971962,2,98,0.02524654430782559,0.29630757472477853,2,162,0.29854057492393304,0.9265525639057159,2,200
156,0.2783591250235618,0.6576525078100317,2,34,0.06402275040688282,0.6141922901838254,2,73,0.1586662058776916,0.565909230709076,2,93,0.056122633408945945,0.6399602781642567,2,115,0.24700944601424843,0.5521703436970711,2,123,0.08935387522062245,0.6250613191548515,2,140,0.26207348411542547,0.734293645620346,2,200
157,0.25027038995847173,0.36354663919627184,2,123,0.04686369788951093,0.5253603657086691,2,141,0.16646625412128907,0.36630316806394,2,184,0.03722919635939523,0.49112897738814354,2,200
158,0.2965472803545799,0.8443243063631511,2,42,0.02859493660896669,0.9139535767691476,2,49,0.28469519676181176,0.8720025210980548,2,200
159,0.38009066987233336,1.2021835574620887,2,79,0.07014751809166199,0.902579148610433,2,106,0.5563372977089718,1.25460418065389,2,121
160,0.22675612301373527,1.1454605845844044,2,17,0.02264508690493671,0.4332546086022348,2,50,0.42748295304809697,1.0582331617673237,2,53,0.05609279907114747,0.8980209093827468,2,79,0.265350552666902,1.119502191083977,2,162,0.0231953062283449,0.4912001577115828,2,193,0.15595237049940683,1.0211468424115862,2,200
161,0.24017509371018567,1.0077247106245835,2,137
162,0.3616079995819696,1.800806294788014,2,11,0.025418661011222463,0.22415167322525612,2,24,0.30425413957925945,1.8148296108612647,2,154
163,0.257378649839721,1.186630212208804,2,68,0.019245774966242635,0.48220559358596804,2,93,0.35353053374358373,1.2031277886060912,2,200
164,0.2552653598009663,0.5948060579964372,2,122,0.03183235320925867,0.703136533498764,2,140,0.2191298665285161,0.6471137755057391,2,191,0.062476971284029376,0.6540039512846205,2,200
165,0.2795410152358698,0.7631731110811234,2,200
166,0.30472288059405833,0.8096684549342502,2,176,0.06702268983784411,0.4091513256231944,2,200
167,0.26890846022635007,1.5435600431486107,2,87,0.02419596571696049,0.637165457737155,2,128,0.22494904166098392,1.5891088623749583,2,147,0.03410362469537609,1.5905702859163284,2,155,0.3139513957193517,1.5456071456273397,2,200
168,0.15882102052625022,1.6623684167861938,2,13,0.34967462524255755,1.523418353362517,2,57,0.06603886296685374,1.461475595831871,2,73,0.2711615683309648,1.5740445057551067,2,103,0.03396264307489014,0.7961488229887826,2,173,0.4312703752328292,1.416206920588458,2,200
169,0.3563640515296119,1.1421461653709413,2,200
170,0.16029892683379587,0.7816882573422932,2,42,0.2987542927312538,0.7544248077688338,2,200
171,0.32648814193016795,0.8167241386004856,2,7,0.04880437294748014,0.509144523564507,2,24,0.34313196623820563,0.663289334286343,2,200
172,0.34539207069318595,1.5273141556007916,2,43
173,0.26668370514004525,1.2863851703446487,2,29
174,0.1185225289345651,1.1837573945522308,2,50,0.20222430596929994,1.4526980757713317,2,80,0.028238041615370687,0.5172609525757867,2,117,0.41664558742300767,1.6844312250614166,2,121
175,0.21174561054298363,1.2726125196174338,2,135,0.05193418727281168,0.9229729253312816,2,158,0.37117031050828303,1.1478098101086087,2,167
176,0.24457459024054579,1.0399904208523887,2,56,0.04238756474876074,1.0838209757438073,2,69,0.28319995146172583,1.0311888268119411,2,107,0.019076261965561142,0.7486997200892522,2,120,0.3491958769180818,0.9695896194094703,2,162,0.17505406788463024,0.9969862208646887,2,179
177,0.24559061314828473,0.6675319120287895,2,200
178,0.2860329764149735,1.0040896773338317,2,200
179,0.3092190595414524,1.56334472918997,2,49,0.019086506357928978,0.5323508977890015,2,63,0.2823148572660237,1.6336283741227116,2,146,0.02594211610775561,1.4719601273536682,2,152,0.2680841005271608,1.5768537720044453,2,200
180,0.37512356583136475,1.5516942809609806,2,34
181,0.47165277575298825,1.7422141619582674,2,67
182,0.256257599193125,0.4398533894121647,2,200
183,0.3242979223700403,0.5258217475243977,2,28,0.029498884090709138,0.8561071049083363,2,39,0.17008895175245703,0.5879588524500529,2,45,0.022737696795898994,0.9213872969150543,2,55,0.30169119204750144,0.49490533196009123,2,68,0.021759969690382183,0.8135737087577581,2,100,0.6551187686524544,0.4240431884924571,2,103,0.033165824535238184,0.46657620271046957,2,118,0.3357689649115826,0.3958032160270505,2,200
184,0.04328952334023215,0.7954491376876831,2,58,0.26612296638453126,0.7675788253545761,2,62,0.025514058727825962,0.8252679407596588,2,98,0.28957268984193607,0.9767380952835083,2,116
185,0.3682894298605462,0.7503344203219001,2,81,0.055123578850596086,0.9654749380914789,2,100,0.3693649483388822,0.6600566995143891,2,200
186,0.17900418970600515,0.9676278432210287,2,24
187,0.24893234812634954,1.062536262486079,2,73
188,0.30490175902551797,0.26273540407419205,2,162,0.030820107566627078,0.5630376115441322,2,178,0.2766098173872188,0.732640415430069,2,200
189,0.05691912476414165,0.8700818961316888,2,11,0.5612108291952426,0.9419606753758022,2,18,0.020416563947878927,0.8107813555618812,2,47,0.06459056756562866,0.7917023318655351,2,81,0.025667464950518307,0.8549389498574393,2,109,0.24414234447939479,0.6916634321212769,2,114,0.024798673978338796,0.7959068309177052,2,125,0.23939543225617782,0.7294581333796183,2,128,0.028114339137494206,0.7847938652221973,2,154,0.1979022638305825,0.8933459169724408,2,171,0.028703193527037,0.7689492702484131,2,191,0.6358439785223876,0.9999596807691786,2,200
190,0.2609303134249024,1.47033189949782,2,46
191,0.19811219349704307,0.7323991623189714,2,18,0.019616019778264167,0.295654239023433,2,35,0.24900353357557878,0.9339251554373539,2,68,0.04027640128282455,0.4924389143784841,2,83,0.1726118936023577,0.7790467739105225,2,107,0.03224485992110791,0.7226118878884749,2,129,0.2556251078683523,0.6666123055397196,2,176,0.026282570619289024,0.46663200042464514,2,187,0.3463804241337046,0.7714123588341933,2,200
192,0.2609692120514863,0.8389327913995773,2,126,0.07199891255657657,0.8345859859670911,2,140,0.23405578209019964,0.8634928514560064,2,152,0.052813051355639073,0.8056101413334117,2,169,0.2287175116658017,0.9321760208375992,2,200
193,0.22994181085182452,1.1111495059728622,2,200
194,0.3149716676361506,1.183138973572675,2,68,0.022212607645841296,0.7228248381614685,2,93,0.25852773667033024,1.1762559904116336,2,200
195,0.28371288260401917,0.9378747141361237,2,200
196,0.3011525491416316,1.1185574116914168,2,46,0.020693486566189485,0.3822253392292903,2,59,0.2793715647046516,1.0172733730740018,2,140
197,0.1698749057676005,0.7667267686128616,2,200
198,0.41124521671263936,1.5004580935766532,2,43,0.0294624359617158,1.0483505795983707,2,60,0.2645325753347559,1.4150053015295065,2,166
199,0.4366208654891986,0.8007837317206643,2,22
200,0.25723158791097417,1.312112033367157,2,18,0.02230964119988935,0.32062247739388394,2,31,0.1972614209426653,1.3429885460780218,2,44
201,0.27340859786481403,1.194655863544609,2,79
202,0.4058430203671958,0.8561383504420519,2,32,0.024201982267184733,0.2459190409434469,2,51,0.4464031224486787,0.8466172637166204,2,88,0.07948252478215075,0.40189610307033247,2,101,0.005838003075210957,0.3577718049287796,2,111,0.40012889252920275,0.8236038514545986,2,125,0.021034685371635626,0.27332507544442225,2,144,0.30942252704756024,0.8195702036221822,2,150,0.017872762158396806,0.3791603114869859,2,159,0.2687626743659148,0.7727001874070418,2,178,0.02216333471282447,0.576809362931685,2,200
203,0.2695688072912766,0.18409096880962975,2,19,0.023843468950597357,0.6530143511600983,2,58,0.0643799925754772,0.7036363119664399,2,81,0.025712017715667095,0.6877715495916513,2,107,0.22662604436327552,0.5850282907485962,2,114,0.046750160501155436,0.7015460912997906,2,153,0.3891476868287082,0.30344825106508594,2,170,0.02415112828026746,0.4692828555901845,2,188,0.21288281360564873,1.3025219937165577,2,200
204,0.2882315501085048,0.7663101199623588,2,143,0.06430225104864595,1.1322228057043893,2,150,0.4174839951434385,0.748620355129242,2,200
205,0.2994366308192929,1.581834718082728,2,89,0.018530468205822905,0.5317100775869269,2,184,0.3260380201539876,1.5592520982027054,2,200
206,0.2809393254492917,0.5711003558055775,2,37,0.08931125550143625,0.607251389606579,2,74,0.2762209646763952,0.5611796940074247,2,125
207,0.2959652402145226,0.38212153536302074,2,27
208,0.3140602142337681,0.5739222101950914,2,89,0.030210842386030886,0.7755370974540711,2,99,0.3519579693684038,0.5803924649953842,2,111,0.03155297472684008,0.9157414774099986,2,141,0.1859368651716355,1.0383511609950309,2,200
209,0.34608665952115425,1.199488826096058,2,32
210,0.2766984880669505,0.9067341913195217,2,34
211,0.2770867767627697,1.0371480926554253,2,47,0.05336526779068739,1.1422001015056262,2,58,0.29173244369213286,1.0958941876888275,2,62,0.024186785962607385,0.7806726594765981,2,80,0.19945179076024064,1.013889921704928,2,200
212,0.22762813152798905,1.3350566097947418,2,122,0.02424733712399245,0.8631513277689616,2,137,0.3034851626959934,1.2610589871330866,2,200
213,0.2836996254422423,0.9333103088771596,2,102,0.041499352230981654,0.7559542434556143,2,137,0.2768567181637211,0.8835103767258781,2,200
214,0.30936414095088255,0.7869391043980917,2,6,0.022359644087367014,0.6961963194258073,2,40,0.25544211097038805,1.2297044225037097,2,200
215,0.24958784377012863,0.9357120584039127,2,170,0.033046212837260815,0.20555132695219733,2,192,0.33336869025500265,1.1778040528297424,2,200
216,0.04964117126599116,0.8337325703713202,2,31,0.2802993274855691,0.7979277536159254,2,162,0.01988593864116149,0.3018806360421642,2,193,0.3144800551458774,0.9514566149030413,2,200
217,0.3735601006437471,1.5688409353124684,2,58
218,0.37283117733200144,0.9824687583105904,2,7,0.028353632774547714,0.6487722992897034,2,28,0.32219939854941765,1.0251658585938541,2,50,0.03332769429344301,0.7311642169952393,2,63,0.3071209400087684,1.0013863467253172,2,141,0.029627157022654154,0.8269419391949971,2,171,0.3001341813959886,0.8925281557543524,2,200
219,0.32778521142618183,0.8481675184435314,2,180,0.04207125923339319,0.3592353448271751,2,200
220,0.20338826272143343,0.54888134598732,2,5,0.03293385136122041,0.7530277438702122,2,67,0.22933069032558476,0.3494148824525916,2,90,0.02567375645321593,0.7292300224304199,2,125,0.06754942918902197,0.858470537445762,2,136,0.356533440484322,0.28958962694741786,2,200
221,0.2673937723865693,0.8137801374707904,2,7,0.05648667879019242,0.9351157120295933,2,14,0.2889902608731291,0.8515085440415603,2,40,0.036686469740632784,0.8167982794800583,2,89,0.2872658346334177,0.9230332995114261,2,162,0.01962824187018647,0.7468311990562239,2,200
222,0.27067674232250133,1.0033515095710754,2,78,0.053785492874046145,0.6650172878395427,2,100,0.2306273491082927,1.0288720320571552,2,122,0.04470167456588152,0.3875528966125689,2,141,0.27542847593039776,0.6524923046429952,2,144
223,0.4625443631274224,0.9977466208594186,2,7,0.02836520088305265,0.6958550144644344,2,24,0.33415042478743007,1.0312961626052857,2,74,0.021475378412457523,0.2775439963890956,2,87,0.31054583805490404,1.0459467541854994,2,200
224,0.31352134550056154,1.2006364631652833,2,200
225,0.34245511366337644,0.7645649635791778,2,200
226,0.023662934735243068,0.5131262898445129,2,10,0.18157419372073283,0.8544018136130439,2,19,0.04398924608582522,0.47175730061980914,2,72
227,0.2629547510200668,1.18581765294075,2,20
228,0.3836252838207782,1.01319264570872,2,15,0.1093072573530169,1.0805451744481136,2,34,0.028374021782386696,0.6059032479921976,2,49,0.2853241215127835,0.9926566985937265,2,88,0.020326154281260653,0.449476058163294,2,129,0.21808540447603592,1.0541378171355635,2,156
229,0.2495335468269635,0.7634297278192308,2,9,0.022090067088044226,0.49203166663646697,2,19,0.1565021737663418,0.8025338505253647,2,52,0.03662544872194722,0.7588628649711608,2,72,0.16181231328183301,0.7354836742083232,2,87,0.013047369273785681,0.7382578783565097,2,105,0.11408460297745604,0.8229457338651022,2,108,0.01492278209012402,0.7762850046157836,2,128,0.17460234530867927,0.9378591094698224,2,142,0.015960863727239066,0.8889241922985424,2,164,0.2421400686469799,1.0924855603112116,2,200
230,0.24298058431058228,0.9595526394744714,2,144,0.0485481863031647,0.9299588680267334,2,154,0.2390824714448977,1.1285417931420463,2,161,0.043174882182315924,0.6811261097590129,2,176,0.31562205666345816,0.9953528046607971,2,200
231,0.18195727875188653,0.9911126792430878,2,12,0.03326452082575382,0.5995487408204512,2,23,0.29514489865106197,1.123726437886556,2,98,0.024532630928057866,0.17878294456750154,2,114,0.3188696996045354,1.134639768600464,2,164,0.034346067898033426,0.7258646960059801,2,188,0.2255082876303413,1.0453970630963643,2,200
232,0.2026678544893252,0.33516791293807063,2,141,0.046803059523827316,0.4888198295464882,2,167,0.18452997439422228,0.39973047285368946,2,200
233,0.26835965168517045,0.9251409769058228,2,38,0.03290099822155256,0.8807055173498212,2,71,0.24810701737497054,0.9292727247361214,2,102,0.0430354118637872,0.6787705912694826,2,193,0.28692101636384904,0.6391253130776542,2,200
234,0.26790910026521436,1.2674187580744425,2,75,0.02638474976696839,0.9010875537281945,2,117,0.26462593971178405,1.1506870878594262,2,173,0.014690688925801486,0.9140666789478726,2,182,0.2741116294755742,1.1365941365559895,2,200
235,0.33847822116038845,1.4049755231193874,2,23
236,0.30578027716886674,1.0288449996396114,2,38,0.04170181278786584,0.6892973482608795,2,66,0.17634381919709835,0.9181145628293356,2,69,0.20793524839531793,1.2596591194470723,2,99,0.035069825108784855,0.33416636075292316,2,113,0.3112335112475506,1.1120842385292053,2,138,0.02611857910296311,0.6501389819642772,2,161,0.06991292095856794,0.745180198779473,2,200
237,0.32060070666972773,0.6467687429920319,2,31
238,0.34122532019073193,1.2428753226995468,2,32
239,0.3079624471138291,1.250151855604989,2,77,0.059072702259821086,0.9733866850535074,2,92,0.3001330739528939,1.2870341777801513,2,122,0.15881652237063257,0.9092554003000259,2,126,0.03879437951198268,0.5573958059151968,2,138,0.23447053440875593,1.1170094827810924,2,168,0.01845428856181144,0.6750562191009521,2,180,0.3622841285742292,1.3366298989245766,2,199
240,0.20116337815384466,0.6947925408681234,2,30,0.05118257914108524,0.9726131343841553,2,55,0.3529276971560915,0.616360624631246,2,61,0.03244258514251644,0.5422314490590777,2,89,0.2558814597064127,0.5333097892649034,2,106,0.04619923339420282,0.5941201001405716,2,130,0.23526621215984267,0.5158180395762125,2,133,0.024031896990609414,0.4324590138026646,2,147,0.28332348439974553,0.6961846544462091,2,181,0.04369601730548552,0.568089935514662,2,190,0.37231979103822604,0.510515233874321,2,200
241,0.4459402187702335,0.8600637373470125,2,21,0.02021593571029351,0.39141771623066496,2,35,0.3027721309658238,0.9827512284119924,2,65,0.04870796006623279,0.7539118747962149,2,103,0.31367042301722886,0.890104195789287,2,179,0.03142006010550603,0.8658972041947501,2,200
242,0.333440427345394,1.31355591442274,2,23
243,0.24992242490132296,0.6047098330549292,2,148,0.013088605179898823,0.7197137908502058,2,159
244,0.17450640943802523,0.8568784130944146,2,45,0.05755080038524707,0.9683391736901324,2,114,0.2631442091540467,0.8633642514546712,2,174,0.15044669135448593,1.0741201776724596,2,200
245,0.09397165592232057,0.8217545824173169,2,39,0.22521584553404128,0.7917554789448377,2,200
246,0.22030525536818996,0.4947367809712887,2,40,0.06587811300749939,0.6867295151407068,2,84,0.23098221937373942,0.4379322947682561,2,121,0.047825650580997484,0.42607277631759644,2,141,0.19980223865352467,0.5738602152892521,2,148,0.03777466677944798,0.5917494342877314,2,161,0.31661783063246246,0.9917226552963256,2,166,0.02589808378345678,0.5813342881202698,2,191
247,0.267356275486349,1.0886153075538698,2,122,0.23587245546973037,0.907352420591539,2,153,0.024471213533022482,0.7546345224747291,2,179,0.2945765182721046,0.7974442782856169,2,200
248,0.27345874044765556,1.0678530434767406,2,12,0.03329234596127207,1.0840017186834456,2,59,0.2285242356804897,1.374741604551673,2,123,0.08599905987807611,1.2588019528478946,2,176
249,0.3412136992840116,1.2588633290979245,2,151,0.04660267282816495,1.2499111890792847,2,161,0.3388670875877117,1.244714963130462,2,200
250,0.24570394118503516,1.3485721814167964,2,154
251,0.3109670169600072,1.357644498348236,2,20
252,0.27377672203648223,0.45242851972579956,2,17,0.01805973228741945,0.34294148948457504,2,62,0.24671935944292359,0.8996209438358035,2,90,0.02169562921072513,0.37295330078043837,2,184,0.1404829640719117,0.9409997761249542,2,200
253,0.21382398436765077,0.9298498354576252,2,108,0.040855092603413926,0.9416543019784464,2,145,0.2166852768199023,0.8141766353086992,2,200
254,0.32714488570484346,0.8114517274892555,2,53
255,0.3231437315817041,0.9491028233810708,2,135,0.025542780803412653,0.7303997311327193,2,171,0.3143256084576865,0.5769387185573578,2,175,0.05357572393432144,0.6105427861213684,2,200
256,0.3069766692197337,1.2425008535385131,2,25
257,0.3177197365351925,0.8522938585281372,2,50,0.023511234501932987,0.2615024534792736,2,79,0.3872921397888511,0.9478216171264648,2,82
258,0.2128563202759407,0.9166329126609,2,133
259,0.28174197988739785,0.5974962008305085,2,156,0.053260312859676556,0.7169352918863297,2,164,0.3144136865813408,0.590245341261228,2,200
260,0.33195895882673426,1.6049868237404596,2,42
261,0.2666402856807909,1.6464851363649908,2,106,0.03506774060077939,0.8804852458146902,2,158,0.26483272963348053,1.5271006533593843,2,191,0.03352528297049062,1.4143617550532024,2,200
262,0.2810222834512246,1.125855675858,2,184
263,0.06497779313943146,0.7735340697009389,2,41,0.2648841127046291,1.2819724480311077,2,200
264,0.23066507812709428,0.6884016675107619,2,17,0.01981444312113373,0.24618362812768846,2,59,0.25268940137893814,0.8133431859050236,2,200
265,0.024434930245556815,0.8301451007525126,2,21,0.2507687426060885,0.781193260560956,2,135,0.02220914576372025,0.16582077235545753,2,188,0.050975576397254065,0.23667698974410692,2,200
266,0.2999093143969833,1.4318916631299397,2,43
267,0.3997743709623409,0.9846877837792422,2,39,0.11931712929368264,0.5719641869266828,2,63,0.01935708256116813,0.2544146044687791,2,85,0.315720033726292,0.8215704498083695,2,200
268,0.2968894052386124,0.9918293356895447,2,28,0.040835689565003795,0.8450238275527954,2,78,0.14522655700577528,0.868941392749548,2,94,0.26980130853662476,1.2478008810079322,2,200
269,0.3130998059886526,0.9079685014922444,2,82,0.03264691806816141,0.7047377049922943,2,92,0.2846121285045949,0.8735074703122528,2,163,0.019014715662724686,0.28686250204389746,2,185,0.2489362614929373,0.5264434417088827,2,188,0.30615854976306844,0.8684596965710322,2,200
270,0.23022994361910698,0.4488498339286217,2,52,0.06503004387936305,0.4943176172673702,2,68,0.3414144576211705,0.34378254288121274,2,163,0.015111407459608938,0.6327569536540819,2,186,0.24598682760585086,0.5715273874146598,2,200
271,0.27119942291200383,1.1489982880078828,2,52,0.04627836073713291,0.6044887900352478,2,68,0.3107291377229609,1.1540682095747727,2,133,0.05663227867181178,1.0320298671722412,2,136,0.03737280598505674,0.7091249549711073,2,173,0.26475799625534246,0.8913151688045926,2,182,0.27038746274893477,1.1516838603549533,2,200
272,0.020961183133964396,0.36504708424858423,2,23,0.24908915676630275,1.075641181319952,2,55,0.030586849238830833,0.3102519102394581,2,63
273,0.3449885292210605,0.9495726782083511,2,200
274,0.1876139408651579,1.0779176652431488,2,24,0.037378737938966136,0.3078613926966985,2,48,0.31680483882728205,0.9767762902710173,2,84,0.028480134818736725,0.6351716220378876,2,104,0.276788579215104,1.0468380376696587,2,200
275,0.2491127987021795,0.921254745551518,2,56,0.02047831525658345,0.8531796865993075,2,65,0.305567506463021,0.9253231154547797,2,83,0.021290578508257763,0.3052666038274765,2,118,0.23763426288413805,0.9220723907152811,2,139
276,0.3289102337492558,0.2931589975953102,2,20
277,0.2642668281755355,0.8648222543691334,2,38
278,0.19113585722147794,1.4984419544537861,2,12,0.038094838621391854,1.212370495001475,2,24,0.25056158089753094,1.500128396459528,2,98,0.0318720808798876,1.0699550238522617,2,131,0.23860593381045067,1.47270121090654,2,200
279,0.23926683646701458,0.5522562066713969,2,15,0.04725894179447971,0.7424840927124023,2,26,0.2349927634202507,0.5468175113201141,2,36,0.04285175381249887,0.7730222506956621,2,58,0.2717275430377471,0.4814273351803422,2,90,0.03666472951902448,0.7890120688825846,2,122,0.30775407007641015,0.39922388738546616,2,200
280,0.2574319864118459,1.3926453786109811,2,67,0.02025404542325805,0.8570077993251659,2,121,0.3086876120994718,0.9958231598138809,2,129,0.023194492197960975,0.8594309001598718,2,182,0.045696510292952165,1.046007467640771,2,200
281,0.25773767388561525,1.6444527498663288,2,73
282,0.2869872198917582,0.9804593974351883,2,200
283,0.31184530067570443,1.1735904557364327,2,28,0.040635984603724765,0.8718147504329682,2,78,0.2502470036419514,0.8766441822052002,2,98,0.029006485013252602,0.865982178846995,2,113,0.2557168105455831,0.8438547551631927,2,119
