0,0.2596314407416177,1.773378799457361,2,101
1,0.2604328071308342,0.8247136155764262,2,60,0.03764741588565903,0.5444242134690285,2,72,0.17430478480624703,0.6157062411308288,2,77,0.027003280419392622,0.37580971978604794,2,93,0.3082178370947145,0.44552741199731827,2,117,0.024718472641824446,0.7022354315828394,2,144,0.2809845003736142,0.8761106766760349,2,160,0.022752777022511505,0.36401731911159696,2,181,0.20284747680981385,0.8195987500642475,2,200
2,0.31202715523621755,0.5968751509984335,2,6,0.03322871079406328,0.7195745259523392,2,30,0.32816581640200354,1.258239096403122,2,70,0.027591436485370983,1.1281361480553944,2,82,0.02757800741376628,1.0017987092336018,2,85,0.2323645605060856,0.6951879533854398,2,96,0.022340674772011425,0.7059541285037995,2,106,0.29474264521450094,0.801481392648485,2,115,0.034418860227910665,0.8160970324561709,2,136,0.3614817698152915,1.0136049408465624,2,200
3,0.08366353020628271,0.5172963525567736,2,7,0.022250431885820446,0.6636779850988246,2,74,0.19941173426446043,0.7462132175763448,2,77
4,0.28022050582453006,0.17847851380705834,2,200
5,0.3925004383111756,1.466394019126892,2,5,0.021453859354226355,0.3557223109971909,2,26,0.30109957885486255,1.0722491255512945,2,53,0.031369723048381606,0.2823386210948229,2,69,0.24681824044712444,0.9925694357265126,2,80,0.026116575335854098,0.16773134966691336,2,110,0.034613189910540604,1.1422598659992218,2,128,0.09691291159491822,1.0760409491402763,2,149,0.2561002257518867,1.1116307109009986,2,200
6,0.19576688328854772,0.8164967324422754,2,46,0.01457955351880777,0.847036341826121,2,55,0.281842096615443,0.7091911785742816,2,89,0.017953830333466276,0.6231683316365094,2,160,0.25846833019818444,0.8441247060894966,2,200
7,0.39078293626512783,0.9209539610892534,2,32
8,0.3233740659914703,1.1174750706044638,2,41
9,0.3075957499162085,0.6776939460209438,2,49,0.025115966225647813,0.22504658848047257,2,69,0.2118786313558159,0.8034927427768708,2,79,0.02016734141900186,0.34017002179815964,2,116,0.09491764840270896,0.6156674524148306,2,125,0.29496236395302117,0.7049595216910044,2,161,0.024065356748177787,0.30872904856999717,2,176,0.24125221979973174,0.8157733480135599,2,200
10,0.2929438184333123,0.5557803355512165,2,42,0.06209252885628199,0.6320291783498682,2,88,0.3119877586260337,0.15210980824802234,2,111,0.06742818445187689,0.751290711072775,2,137,0.036167231359775315,0.9852249515908105,2,193,0.5345340758984787,0.6790645548275539,2,200
11,0.31396553169040087,0.8020666255507358,2,86,0.03262852787786851,0.4434838742017746,2,114,0.33499004355619566,0.8525902219983035,2,200
12,0.3092558762927996,1.1568207021743533,2,63,0.062241556506865914,0.9338089795339675,2,84,0.3663379181565751,1.0631587751980485,2,200
13,0.26604349327069876,1.5426145747855857,2,27,0.021396727377073804,0.6492907702922821,2,47,0.24895586929325875,1.5108989821539984,2,92,0.022192375700149848,0.639382008711497,2,122,0.026298970930729155,1.1651875734329225,2,127,0.26304266223845313,1.4919281355265914,2,185,0.05948981047154533,0.7690514206886292,2,200
14,0.30117780714635767,1.289301271361064,2,123,0.03898757498765111,0.9041100889444351,2,175,0.29832734119368454,1.2139767932891845,2,200
15,0.2824949404180586,1.0559535901757735,2,79
16,0.29946822744916574,0.7609967713554701,2,24
17,0.3138596795265564,0.4400575516315607,2,26
18,0.2128618031995415,1.6166573603947958,2,30,0.01047217751581158,0.34066121838986874,2,46,0.17489893899222347,0.7669054418802261,2,50,0.02225087344759554,0.3732701050383704,2,64,0.36225045053546784,1.602155176076022,2,75,0.11145257852681074,1.4735709205269814,2,91,0.03054957900356579,1.3429759293794632,2,99,0.2720779836104852,1.6007012591070058,2,197
19,0.3399024704417283,1.15103323770606,2,115,0.021408217355452185,0.38312936100092804,2,126,0.2863949752571053,1.125227153301239,2,192,0.04944122457782883,0.9104063436388969,2,200
20,0.24022346760734792,0.5928457749300989,2,29,0.05788900651452666,0.7154545838182623,2,106,0.15431551434732896,0.586801928281784,2,116,0.022964060607466807,0.7034560792586383,2,133,0.29922590853487024,0.6810139132969415,2,200
21,0.3799499863222193,1.4142294417728076,2,22
22,0.24037127540495717,1.2209771341747708,2,9,0.019428211968367227,0.510341910805021,2,44
23,0.3018344445412641,1.2964185725810915,2,43
24,0.17213611130862824,0.5066019935267312,2,7,0.03031280782715881,0.719118422932095,2,25,0.2692344443411871,0.4674424402415752,2,65,0.045777189418169995,0.5329855650663375,2,95,0.24522791513814507,0.40474995970726013,2,119,0.023467677833499824,0.602831951209477,2,168,0.24205653162761,0.46561090648174286,2,190,0.027469991243651338,0.48712268471717834,2,200
25,0.058978458144848256,1.2209006547927856,2,9,0.23080682550844886,1.238030650538783,2,164,0.016668774360440498,0.504745660459294,2,181,0.26179333133428206,1.2427115565852116,2,200
26,0.2985369058995944,0.9068441194295883,2,200
27,0.20168628224996984,0.39445948711148016,2,27,0.027309273111138992,0.4226791152828618,2,46,0.1849095363275412,0.6252606742911868,2,64,0.027571926005739326,0.9212328717112541,2,80,0.20395649704625524,0.6026414488752683,2,200
28,0.28218991524424775,1.569770284165117,2,133,0.06078999017762695,1.6103925023760115,2,140,0.2837967689863569,1.5538936336835225,2,200
29,0.3054727708495541,1.4010291248559952,2,24,0.11003161921830311,1.335565193494161,2,39,0.3526664510888126,1.3454034328460693,2,69,0.026839246223212092,0.5182010757200646,2,102,0.3299724490641321,1.4613970980352284,2,200
30,0.27987678461182947,1.1616928225996865,2,173,0.05757255439537071,0.8136665379559552,2,200
31,0.1907923236296869,1.4915214892356627,2,31,0.4248929873766463,1.4735436848231724,2,66
32,0.04515887715785101,0.5316228196024895,2,8,0.3609791738277248,0.8030791151814345,2,49,0.023474102115214106,0.465622026295889,2,70,0.16773956725368083,0.5920566585328844,2,88,0.3480645689716293,0.8351490041042896,2,135,0.024848592126587698,0.353443853164974,2,154,0.5236102598465201,1.0794785976409913,2,159,0.0261507137669713,0.36442195843247804,2,176,0.2997201026632211,0.7320646122097969,2,200
33,0.12223537421047252,0.8565852642059326,2,3,0.01730744597112038,1.0157747125625611,2,28,0.05365616851405759,1.0250677922192741,2,62,0.24407076915122342,1.0500371293588118,2,84,0.02842954504046316,0.9324381100504022,2,103,0.3177108237869612,0.9143978533921419,2,130,0.07264993767517665,0.8606376051902771,2,138,0.22762894919324492,0.9537635369178576,2,177,0.04863936512922028,0.7407595981722292,2,200
34,0.27850049360807694,0.6822535552476582,2,38,0.01844369470777744,0.11233919639797772,2,72,0.2611537460175703,0.21339927911758422,2,77,0.032142097577401926,0.09618441218679602,2,88,0.3300593007784791,0.5244152851221038,2,129,0.014582883987795345,0.17287473036692694,2,142,0.2307101180931172,0.6812180916468302,2,157,0.036257627547172246,0.5726092457771301,2,164,0.22337417677864202,0.4054389364189572,2,173,0.0335307366521128,0.4315708974997203,2,200
35,0.2318091103335286,1.0142163587420174,2,89,0.34238697954947506,0.9511165837852322,2,187,0.02230353805631501,0.25802820118573994,2,200
36,0.030038077438820542,1.1579319563778965,2,11,0.3672859715319896,1.0204452276229858,2,26,0.02854399393228389,0.5917976597944895,2,68,0.23973156599708081,1.0177648862202961,2,200
37,0.23739163135300362,0.33404164242494794,2,191,0.27724569341109956,1.0657900042004056,2,200
38,0.34142561737158716,1.627090437071664,2,49,0.025570256128730165,0.6233241221179133,2,72
39,0.3350403110405102,1.0820109200477601,2,200
40,0.3297885577857689,0.8756750110656984,2,31
41,0.27004439097765776,0.9378728049524715,2,178,0.11207244182105419,0.9496470743959601,2,200
42,0.3047028123095705,0.8939401199077738,2,29,0.01962519848529768,0.28361477216948633,2,52,0.34086511418854054,0.9310354848165769,2,200
43,0.12852385843897962,0.6825884282588959,2,9,0.028021517732633165,0.6146888477461678,2,23,0.24365849400458867,0.5431656195567205,2,114,0.025571613460148468,0.612902262210846,2,139,0.24754569039857846,0.5654752050127302,2,174,0.020099043483226133,0.7784441336989403,2,182,0.3061671625420578,0.5802652637163798,2,191,0.0520897314635329,0.44155582123332554,2,200
44,0.2724106286807286,0.8276724627614022,2,200
45,0.20797147781473166,0.861733675301075,2,200
46,0.4502129877873102,0.501514844596386,2,4,0.052368552215667385,0.8043046914614164,2,56,0.18641170068332585,0.8780635622414675,2,78,0.02951551329822962,0.6673654859716242,2,100,0.28113038443881816,0.9116534639377983,2,149,0.028764690879072664,0.7793400128682454,2,194,0.2355349674455748,0.8913704752922058,2,200
47,0.26067205874657823,0.5164944757032031,2,131,0.03505466994152254,0.6690825124581655,2,137,0.24377395849780867,0.4905684088788381,2,178,0.034908856748648576,0.5043477510864084,2,200
48,0.030612569243502655,0.5984886629240853,2,14,0.47378660864773553,0.6063003778457642,2,19,0.08551681027273797,0.6930009447611295,2,32,0.21680859820133005,0.6668149336026266,2,84,0.07614651015458292,0.7354384528266059,2,120,0.18188541979082645,0.7549397990107536,2,200
49,0.03052121254525486,0.9595488210519155,2,24
50,0.3055449885276433,1.0545033731243827,2,44
51,0.2689789581554545,1.6129750524248396,2,28
52,0.34612110926010264,0.588827125404192,2,23
53,0.24764233944229525,1.2393367551267147,2,160,0.023182970791702857,0.2886279345977874,2,181,0.29013071091211906,1.1639134608782256,2,194,0.08887497337571931,1.263429343700409,2,200
54,0.43465287633988337,1.8308032870292663,2,60
55,0.3004325747091444,0.6806165245530519,2,193,0.07282838030716181,0.755027311188834,2,200
56,0.03522042692271244,0.7731492231632101,2,29
57,0.29231984951372975,1.24402781112774,2,37
58,0.23642672458593023,1.087791574852807,2,28,0.03074022483252516,0.3959077402301457,2,51,0.2985084273644423,1.2058370161376544,2,200
59,0.2278947823649746,0.7603182991345724,2,45,0.024295955010789634,0.5554905380958166,2,84,0.39256130961139285,0.7091407775878906,2,97,0.024914937381794622,0.5127107545733451,2,117,0.3384441969452266,0.9428411823947255,2,158,0.032376452918200474,0.6921303825719016,2,200
60,0.26297384576790456,1.2144410526752472,2,200
61,0.2901465351046647,1.298240717974576,2,110,0.029205008518010556,0.7312282494136265,2,152,0.7918256773027275,1.5849132140477498,2,155,0.03646432309854943,0.7444319501519203,2,179,0.47787602520824984,1.4594740583783103,2,200
62,0.28495751702816113,0.7729000151157379,2,48,0.16686230964060494,0.9082334654671805,2,83,0.03768618668266789,0.962206665958677,2,97,0.34202149200037385,0.79736887216568,2,107,0.040069641897471406,0.789104562997818,2,117,0.28356008398933985,0.7284791780941522,2,184,0.027981362110487143,0.7953218221664429,2,200
63,0.29506365742691604,1.0605959359163082,2,161,0.03060589642340352,0.995311352941725,2,197,0.21755091386608372,1.0766040086746216,2,200
64,0.1219652022956328,0.4291197508573532,2,8,0.17988044026729996,1.2264435994539329,2,147,0.022583653709803902,0.5695845771510646,2,200
65,0.3218544029605164,1.3388211083412171,2,200
66,0.29507104646592563,0.5836753802640098,2,98,0.0232346038798428,1.1881051659584045,2,116,0.22246321764304497,0.7728978225163051,2,130,0.023885189296939904,0.8592520819769965,2,157,0.3212003415432163,0.5798833866914114,2,175,0.03500613072380338,0.629625374620611,2,197,0.1515428794649929,0.7053132653236389,2,200
67,0.3398727415394414,1.1647148272570442,2,34,0.05519173886337526,0.8424589597817623,2,67,0.3751302548302008,1.145902761391231,2,123,0.051413041019923694,0.7513696683777703,2,132,0.3598315702811895,1.0734351803274715,2,200
68,0.023039119901990927,0.5881639255417718,2,9,0.3108099150012487,1.2315787226948518,2,160,0.023634935387965728,0.7467322837222706,2,171,0.1814469103523999,1.0329311962785392,2,200
69,0.3342480205351488,1.5121612085236444,2,36
70,0.025565989021970808,0.7714019359611883,2,41,0.08792568104504157,0.7280292851584298,2,48,0.01848770849778636,0.785241590392205,2,79
71,0.14930241354391363,0.8704044057263268,2,18,0.05141882113272763,0.6210516691207886,2,24,0.027838155577832646,0.3205013759434223,2,48,0.2768627899313251,1.6828705838748388,2,62,0.02616135191921572,0.49765825271606445,2,91,0.1939917883087736,1.5494706477593938,2,200
72,0.26051257076237266,1.6453639483451843,2,50,0.022996053729868546,1.1103098955419328,2,68
73,0.27995105101565404,0.576446442604065,2,200
74,0.25253024817479613,0.9775732624180177,2,136,0.058368433713987714,1.0733435673591418,2,175,0.25089428779334666,1.1171166753768922,2,200
75,0.06554383825083959,0.38487183054288227,2,18,0.08175226714212544,1.0158544778823853,2,30,0.2782417556512973,0.794462629626779,2,200
76,0.30802883959290217,1.1353321211678642,2,35,0.02875033121569621,0.5797016561031342,2,45,0.2505378581401342,1.3156630921719679,2,112,0.038685882625051744,0.5532515911679519,2,131,0.30617475763910373,1.214224670614515,2,187,0.04550520096613142,0.46816720412327695,2,200
77,0.3416782371067105,1.065026330947876,2,30,0.025514070777467902,0.723302005926768,2,105,0.23659142093566757,0.9333972720538869,2,122,0.027326102822484308,0.8348148192678179,2,157,0.25835690033691233,0.89261267047662,2,183,0.045987323956201524,0.857435405254364,2,200
78,0.284373765886173,0.958859244259921,2,55,0.03848728993761793,0.376993128657341,2,75,0.2420146873650116,0.5249172709882259,2,83,0.020443716592623264,0.308632173708507,2,104,0.43158619048092844,0.905422668246662,2,138,0.03169328194675414,0.7264891036095158,2,200
79,0.2516629012898586,0.9318696444525438,2,136,0.025691231645991443,0.867331039905548,2,146,0.30938091648772575,0.9470527768135071,2,200
80,0.37331762792167933,0.5658160277775356,2,21
81,0.2465872067475855,1.0369501846382416,2,83
82,0.39844732998053156,1.0992618470356381,2,29,0.017310308871718316,0.3989359140396118,2,52,0.3357121424261915,1.0127850770950317,2,57,0.05546056825977889,0.8473454515139262,2,66,0.3892828981806206,1.1542295988868265,2,100,0.03983814041084022,0.9097968959808349,2,125,0.35258585997694214,1.0687089403470358,2,200
83,0.2959026158372902,0.6192208099365234,2,200
84,0.2682781626059374,0.5094531178474426,2,35,0.06684006437701474,0.6443062514066696,2,55,0.3352074195829072,0.6767300933094348,2,114,0.057549081389648704,0.7111697594324747,2,120,0.3401139547806179,0.5503953993320465,2,132,0.04777548583652351,0.5900041721761227,2,148,0.26600476169697473,0.7731828941748693,2,200
85,0.3184814425119815,1.2398976257869176,2,7,0.031561987042772875,0.7206895152727762,2,28,0.5331414473181446,1.3935566544532776,2,38,0.026864602088317924,0.6172500920295715,2,63,0.33460476048473387,1.4382114171981812,2,68,0.04785868330083535,0.981715610394111,2,81,0.32764382377801254,1.3010991703380237,2,158,0.025780784787362634,0.42214549652167727,2,186,0.3423471643362677,1.493412801197597,2,200
86,0.3213225650418043,0.5220695647237065,2,182,0.015904677001438428,0.7042680647638109,2,191,0.21775427360658006,0.46387656529744464,2,200
87,0.3388579393161789,0.7996853100402015,2,56,0.050955534923303986,0.6600650208336967,2,63,0.32250099492466594,0.8185732865755537,2,176,0.03820087983837021,0.4724518631895383,2,200
88,0.24687545178601703,1.1057919025421143,2,30
89,0.274032690282982,1.0754792406445457,2,21
90,0.26764267838443917,0.7781486809253693,2,4,0.015247340416835314,1.045091254370553,2,32,0.3336111601782418,0.9057194150629497,2,74,0.044053059676710395,0.7691701228419939,2,98,0.25420005848966426,0.645291656255722,2,104,0.025991479668192395,0.8015540075302124,2,129,0.31185127409716584,0.9474658949274413,2,200
91,0.2978050020650251,0.8511389493942261,2,3,0.04145784902832289,0.8376779125796424,2,21
92,0.30527856176103274,0.7627061740918593,2,22
93,0.3280989356703145,0.7906597952047983,2,66,0.022915027978774902,0.7433019924163818,2,91,0.2421807485913475,0.6253979603449503,2,94,0.052599059036702145,0.7118622245995895,2,117,0.193066241140308,0.8290757910314813,2,200
94,0.2971244217611217,1.0472017795267239,2,71,0.028481966778231244,0.6442013482252756,2,83,0.31124437683943973,1.0373031937557717,2,106,0.01769502415581057,0.9162020550833808,2,115,0.21837919976335043,1.0589174032211304,2,123,0.024009178842848134,1.0297351970392115,2,157,0.2615364778485104,1.0647338074307109,2,200
95,0.35554576671415167,0.4772421022256215,2,3,0.057686697855037605,0.8410227219263713,2,18,0.25371948086963253,0.15250692069530486,2,43,0.017542259902535228,0.19053641305519983,2,56,0.2503406871363361,0.29202976191447955,2,115,0.054155773395205484,0.4337908856330379,2,146,0.2898219005091335,0.22712416726130027,2,200
96,0.27738442813498143,0.7841694849729538,2,100,0.027686198292801747,0.7909011925969806,2,121,0.256813511268096,0.7283942179802136,2,160,0.015302817492168452,0.7090393304824829,2,172,0.2595372910764386,0.7031575185911996,2,200
97,0.39789958264479525,0.2980202894125666,2,14,0.022426406486324765,0.5366838184686807,2,27,0.2599151643410365,0.5896163582801819,2,33,0.0330338614872361,0.7658018171787262,2,41,0.20689212928918682,0.6761016433343947,2,200
98,0.19449960392076573,0.24430279022660747,2,58,0.05381180539360632,0.3382472881249019,2,93,0.3443448703960843,0.27233866788446903,2,117,0.019015651571892948,0.47809433134702534,2,143,0.29661892492945474,0.1273933194185558,2,200
99,0.3067121108144723,0.4045966601371765,2,200
100,0.2480904162302824,0.6867353200912476,2,5,0.030209828683645603,0.5833188427819146,2,14,0.2221058467807918,0.8453034903944993,2,55,0.03715643639291822,0.9481642603874206,2,85,0.25232215356228355,0.8996001647578346,2,139,0.025124307319135578,0.9255073717955885,2,197,0.38988656489862406,0.958646555741628,2,200
101,0.3183066368998364,0.8893163887893453,2,34
102,0.2813141487002434,0.684202829493752,2,79
103,0.3489400871665785,0.8359255393346151,2,18,0.029335866403461662,0.10881033819168806,2,50,0.057427021523442055,0.88803861357949,2,61,0.032213926691930864,0.29326105598480473,2,92,0.3417095510458893,1.083175189090225,2,145,0.039881075631360306,0.8841598544801984,2,152,0.021988555080061933,0.13214104094853005,2,200
104,0.2869913174699198,0.28742073347856256,2,116,0.03166151364872297,0.4382210584978263,2,140,0.33960464069416973,0.11648826276262601,2,200
105,0.3235254035416807,0.7704884873496162,2,126
106,0.13115227962701617,0.2485892096391091,2,13,0.2749157651038295,0.7153222435399106,2,51
107,0.2742852910269087,0.9764045651366071,2,82,0.1371825567051495,0.9117745629378727,2,110,0.06656788594342841,0.948259596313749,2,138,0.27132761669612454,0.8978729467642935,2,157,0.0438920002244711,0.9335266443399283,2,170
108,0.24308000451909875,1.174303005139033,2,12,0.03698078426257848,1.1046724054548476,2,21,0.12333066832259204,1.0221304266076339,2,40,0.27215370042947445,1.1287957947505147,2,116,0.02472458414470775,0.7220712946011469,2,142,0.033860654772215705,1.1359148422876995,2,145,0.2693582540928982,1.4867568969726563,2,165
109,0.02455331462016246,0.7729620588453192,2,38,0.28097224807323545,1.508012477840696,2,66,0.05340521641255329,1.3604481545361606,2,77,0.2949090432711474,1.446321222741725,2,136,0.06042709450605737,1.215154494558062,2,157,0.2872729033018895,1.4491616263985634,2,173,0.029614186514212607,0.5320387664768431,2,191,0.4199963704298869,1.2359512249628704,2,200
110,0.02661619267480633,0.6914426936553075,2,78,0.3152205250663027,1.0042005892722838,2,109,0.05524053822199041,0.9704621483882269,2,145,0.18672622821551313,1.075950626893477,2,200
111,0.28253628140872283,1.3130034309322551,2,118,0.020732697476319367,0.43084200421969093,2,133,0.3162691884540797,1.5269981142300277,2,200
112,0.2415299657065568,1.0214509551341717,2,52,0.04037214547641775,0.9457506218621897,2,95,0.4052180177200989,1.024172027905782,2,137,0.21989637487047575,1.0467018759439861,2,200
113,0.27610935710223905,1.3365407284725919,2,89,0.06389880128745269,1.3134991765022277,2,99,0.3020642226461235,1.3114672257350042,2,164,0.027800513826061704,0.49957556277513504,2,180,0.25442913845264403,1.2471636593341828,2,200
114,0.22382786779511715,1.2048111474304868,2,114,0.036424917938630834,0.9146550514481284,2,125,0.23349048731670852,1.1644904311498006,2,200
115,0.2798937552900598,1.5446826752863432,2,76,0.1609636783109215,0.911190322467259,2,90,0.026927696149142418,0.637357543344083,2,113,0.5480644701535082,1.4667452275753021,2,129
116,0.1797736764262234,0.6035407950480779,2,60,0.052679854175386724,0.6812062859535217,2,71,0.22155278997542371,0.5705636888742447,2,83,0.06086170182572709,0.6262317597866058,2,91,0.01800347197883371,0.6042781348029772,2,115,0.4264690963846691,0.4656938463449478,2,135,0.027800238091224765,0.6074563392571041,2,149,0.36503435753855185,0.8755388657251993,2,155,0.019529856216046422,0.5644742909230684,2,193,0.19045057808079843,0.40991408058575224,2,200
117,0.35168452450838117,0.7720241940021515,2,50,0.014945177463238283,0.8540908545255661,2,58,0.2525052837805812,0.7549162677356175,2,65,0.027479588842319432,0.6531671767051404,2,91,0.0749000083288632,0.7799344108654902,2,117,0.28765920470617384,0.9174212747149997,2,135
118,0.2616996454366067,0.28391673593294053,2,21
119,0.2694515294397902,1.3724161783854167,2,60
120,0.2289804214279405,0.35342000886797903,2,200
121,0.3200318839750471,1.3799509708998634,2,61,0.016342860918456686,0.5972311241286141,2,89,0.29183781955228566,1.502467165122161,2,200
122,0.25999411052824406,1.0460657046900854,2,72,0.043512478337021904,0.9242895841598511,2,82,0.22594510148888236,1.0690148174762726,2,106,0.026278441163189708,0.44050560726059806,2,115,0.23513509643313946,0.8965324217622931,2,126,0.058010360337199175,0.1560856346040964,2,142,0.28015754569459345,1.0100320002128338,2,200
123,0.24930575732604582,1.5197453266009688,2,128,0.036629035915872486,1.0033485333124796,2,143,0.26381677663028513,1.4536389182595646,2,177,0.04284430209021017,0.5932413722787585,2,191,0.2422051169939033,1.4392011960347493,2,200
124,0.3437302715060526,0.7682710144577957,2,41,0.06612207016986917,0.782778880812905,2,52,0.2933245073608313,0.7470530612128121,2,66,0.03142855020248683,0.8445396522680918,2,72,0.3043608591912191,0.7399495641390482,2,75,0.031101578016390297,0.8463693889124053,2,131
125,0.24998245511950115,0.7839172227042062,2,77,0.0372744070363401,0.7456555167833964,2,92,0.2841747977306412,0.9412578247314276,2,135,0.01899292410441242,0.6169595891429532,2,166,0.3102026218616096,0.860770066579183,2,193,0.08334584654580933,0.924149785723005,2,200
126,0.22000741208568506,1.1622382854593212,2,29,0.030568901392850845,0.8742007613182068,2,40,0.32095764948636,1.1983939094976945,2,150,0.04660003984038281,0.7401320710778236,2,182,0.24211032927047094,1.3475872609350417,2,200
127,0.33132979429768966,0.7880421351445349,2,76,0.03144646063620524,0.8775495128198103,2,87,0.2978477087160422,0.8391236821107105,2,200
128,0.3658235574050148,0.8981576304023082,2,104,0.13878120679427888,0.9488010840900873,2,163
129,0.3570845319690197,1.0900124352553795,2,29,0.03968111727474562,1.05359026518735,2,106,0.27064406820686804,1.1183573007583618,2,110,0.44961714069420455,1.312105087672963,2,161,0.022584383306041723,0.2626809338728587,2,176,0.24921729210675114,1.2548691083987553,2,200
130,0.3243459008186907,0.9592012747740134,2,156,0.022152395693070884,0.5715981423854828,2,176,0.19059184547106892,1.1864494919776916,2,186,0.026611370771555093,0.5581137750829969,2,200
131,0.3512239263834548,0.9105471056699753,2,200
132,0.23190765448229603,1.3672621154237068,2,174,0.07886957208020239,1.274777577473567,2,187,0.2623152060983952,1.3891971569794874,2,200
133,0.06507965742006573,0.49540368318557737,2,10,0.2729782599254356,0.8068287184363917,2,29
134,0.2140858841339333,0.7968042724662356,2,18,0.02941705515907486,0.7389768822626634,2,40,0.09045831020945683,0.7072595707301436,2,69
135,0.3298220084047203,0.6628856791390313,2,9,0.029556418134679307,0.9664349929959166,2,60
136,0.34121992896474757,1.0570071458816528,2,30,0.036920368596530626,0.9280857655562853,2,106,0.2807874130680775,1.1414847434321536,2,185,0.02646031392321246,1.0972358067830403,2,200
137,0.04441201148568788,0.21195774301886558,2,20,0.0667412238983459,0.7855419814586639,2,24,0.24290817393998715,0.9536695874163083,2,136,0.06535180185982081,1.0265962668827602,2,171,0.2072868645419841,1.0189585192450161,2,200
138,0.33032958027132303,0.9958875582630473,2,133
139,0.3119559756832522,1.0999056594125156,2,58
140,0.33064808940041057,1.6778871044516563,2,64
141,0.3938546189116867,1.6755636036396027,2,24
142,0.31295615651168474,0.580093833208084,2,200
143,0.23884266437352444,0.9995043414831162,2,200
144,0.295374236979736,1.6576316920659875,2,93,0.044541919364568985,0.46311706943171366,2,107,0.14482291764981417,0.7354651093482971,2,113,0.3241872789644065,1.6376632910508375,2,152
145,0.014993748068108591,0.809505001494759,2,38,0.34555224909792465,1.3651943445205688,2,53,0.08717605320947872,1.3294392973184586,2,61,0.3440710894915067,1.2406932853517079,2,82
146,0.2788552132892599,1.3267064153818795,2,181,0.030435841810775056,0.4928106649925834,2,200
147,0.16717407094089462,1.1501255806754618,2,34,0.08188914866106217,0.4121718381841977,2,46,0.36697854570198,1.1968463829585485,2,53,0.01992580493652495,0.5546905835469563,2,68,0.2704079722708462,1.1611750230193139,2,148
148,0.225252719884199,0.4279603287577629,2,4,0.02042932214370938,0.5212715016860588,2,55,0.28088524561193057,0.5071038557932928,2,68,0.02074118086330107,0.6086410915150362,2,102,0.32685190922677,0.511550281729017,2,200
149,0.16377627444135506,1.0716013123349446,2,41,0.02354441044397949,0.8716789629994607,2,90,0.2084155387921654,0.9065088033676147,2,100,0.021046624503646607,0.5946787324818698,2,111,0.3042986559081141,1.231074333190918,2,173,0.01076893055204941,0.5410220001054846,2,196,0.08600423600437222,0.5256694033741951,2,200
150,0.3300492256072464,0.9925815860430399,2,6,0.04978445374548919,0.597971754915574,2,23,0.230959152086016,0.9925862337226299,2,90,0.02425165891020584,1.0043900894082112,2,113,0.24163841436402086,0.9634514830329202,2,135,0.02514429244900701,0.9410734678569593,2,154,0.1358856091966664,0.9438008546829224,2,159,0.025602337605583763,0.9573330469429493,2,175,0.30810650267026535,0.9087502551078797,2,200
151,0.2663044145383641,1.1187604808807372,2,200
152,0.06480592911822432,0.6441551887470743,2,23,0.24175755871971727,0.7927169011811078,2,200
153,0.24466600561493032,1.049766324230076,2,97,0.37337915368012575,1.0478132386361398,2,128,0.02077123344709754,0.4892841449805668,2,142,0.31373422732950046,1.105642421492215,2,200
154,0.26581021043656655,1.0420218420028686,2,200
155,0.27326887705426406,1.026121973991394,2,37
156,0.16183883093860876,0.5544008562962214,2,6,0.02720494910391198,0.5843941955005422,2,23,0.3007935016448649,0.5951163371404012,2,35,0.04352036633061632,0.6756826926160742,2,62,0.27647699237585316,0.43877834117128733,2,146,0.04978045185337069,0.7777947919709342,2,181,0.28878771715180124,0.6470305574567694,2,200
157,0.24536045512340715,0.7372492121325599,2,18,0.016711188317463592,0.7983305156230927,2,48,0.2624365600446556,0.794981883152535,2,200
158,0.3576090997434198,0.7786660262942314,2,200
159,0.23941557593391782,1.0061706950865597,2,83
160,0.33275653494516383,0.5547919080175202,2,145,0.02242924294000196,0.7172856416021075,2,152,0.018975292250760382,0.18494564858642784,2,189,0.32662695938246833,0.8775718157941644,2,200
161,0.3282294304536629,1.4915623320473566,2,45
162,0.31052771458519585,0.9247387433951756,2,53,0.13038362462240605,0.955268144607544,2,57,0.0707334520689103,0.6489509206551772,2,83,0.022845372231522207,0.5886841088533401,2,123,0.3047975647965879,1.5205915858005654,2,181
163,0.29458033672771633,0.7234356840451558,2,60,0.043343355431540616,0.8376587141643871,2,93,0.3083121624518093,0.806201651096344,2,118
164,0.2700975969642514,1.0291047766804695,2,48
165,0.2755697297253222,1.3799522786304868,2,29,0.028997138611000294,0.6031579086857457,2,60
166,0.29898484889216964,0.8777725260432173,2,41
167,0.2096530519183384,0.8093108733495077,2,9,0.01937181895829801,0.24508264660835266,2,23,0.22830978992405132,1.3178361742584794,2,50,0.01746909585832816,0.6909114509820938,2,70,0.22100910893820602,1.3394129071384668,2,134
168,0.33532275980360216,1.151461320263999,2,14,0.01557212011953309,0.2267106386522452,2,38,0.29902958076142205,1.0550369267560997,2,87,0.02372861518139083,0.5678917169570923,2,114,0.27064904366957665,1.1084594920624133,2,200
169,0.04011130822760176,0.6898039494241986,2,14,0.3261258415981702,1.2308130392006464,2,42,0.0412767212104537,0.7914341253538927,2,90,0.30544324284411295,0.9707996315426297,2,99,0.03947517547040691,0.7620204474244799,2,113,0.19095859761528616,0.9735655647584762,2,200
170,0.2527370330495523,1.1588667442924099,2,57,0.06205170372141393,0.7172542351942796,2,83,0.02165490795334508,0.6591351506037589,2,122,0.17502528274722282,1.4798093625477382,2,157
171,0.24464484863612626,1.2674812204401258,2,142,0.019412120064910467,0.37956487975622477,2,161,0.26773238183796316,1.3297812755291278,2,200
172,0.2815858365931305,0.960235611480825,2,68,0.0670792323173957,0.9854793618707096,2,85,0.17929423875604125,0.959507038195928,2,97,0.033904630302673676,1.0200658374362521,2,106,0.19130520110333904,0.9515451192855835,2,115,0.031164203620532106,1.121928298473358,2,135,0.2806181877281323,0.7764089263402498,2,200
173,0.2737891368186733,1.200108679930369,2,150,0.023893552787965115,0.4781372441964991,2,167,0.29997823563538506,1.2554386167815237,2,200
174,0.25110285982167113,0.4369757741689682,2,20
175,0.21787221179946517,1.2580621695518495,2,200
176,0.32662126813013864,1.1155211448669433,2,40,0.0642342494994114,0.7392293919216503,2,51
177,0.26058462405515703,0.44687762757142385,2,30,0.03260133194961237,0.4271305137210422,2,39,0.369687284824377,1.1255748896371751,2,60
178,0.2933378749906068,0.7613854550179981,2,42,0.11533344926009823,1.0333983339369297,2,58
179,0.2114504799736904,1.4433490643425593,2,63,0.03473033512622698,1.3993993699550629,2,71,0.2317575415598493,1.3840820344289144,2,146,0.025743689995542565,1.0655105511347454,2,158,0.16896271458778603,1.4749917433812068,2,184
180,0.24764081251091158,0.16158507578074932,2,200
181,0.3302848332756334,1.1289681687074549,2,17,0.019084099825634752,0.16348310808340707,2,50,0.26538115002695156,0.925997406244278,2,54,0.017994605978021595,0.4212488972622415,2,77,0.043426983578149655,0.33288094927282896,2,94,0.26529429836887475,1.2795456956934046,2,121,0.026261281629753684,0.35553900003433225,2,156,0.23829018333780877,1.346341175692422,2,170,0.07149150447340281,0.6201936721801757,2,175,0.020244208308824906,0.47097179532051087,2,200
182,0.3421260024917141,0.5060517235148337,2,124
183,0.2240733380381375,0.8489218902587891,2,25
184,0.08706706536863323,0.7315071821212769,2,22,0.43093652171073316,0.42630083560943605,2,27
185,0.319576598133845,0.9930356207646822,2,76,0.02499579408297996,0.745291979983449,2,108,0.1213966338876405,0.819994310537974,2,123,0.028169444102819494,0.8396152406930923,2,143,0.36422147426048596,1.0428630176343416,2,200
186,0.10173995306880973,1.4904498020807901,2,15,0.035643991933192114,0.40791642665863037,2,25,0.4484140515182917,1.6787513608024234,2,109
187,0.4003716571739447,1.6701246156142309,2,52
188,0.043245481260172754,0.6370326737562816,2,30,0.16891154322114646,0.7537651757399241,2,42,0.04921014213174025,0.6443832914034525,2,54,0.3400596910448273,0.7227815985679626,2,60,0.06121646435128754,0.7713150872903711,2,77,0.19433830318930914,0.7277518425668988,2,91,0.011065225307247841,0.6213956689834594,2,116,0.24640343715807655,0.7648567274997109,2,135,0.026040798775099627,0.3762530045849936,2,149,0.2298343459480569,0.6589260697364807,2,155,0.021185670781956854,0.28774640630734594,2,193,1.0503828718954336,0.9268782820020404,2,200
189,0.15789525097644247,1.227041244506836,2,20,0.03162444843721557,1.093865117430687,2,60,0.3496417959971861,1.2235010521752494,2,81
190,0.2583586588207879,0.8614398044347763,2,200
191,0.3057375965345622,1.136205721784521,2,27
192,0.23353076990065885,1.2759531395775932,2,98
193,0.18341757687957708,0.997589362519128,2,28,0.036490016350206815,0.8248185311044965,2,63,0.19269306184553517,1.0108083791106286,2,200
194,0.28764965183778907,1.1015453815460206,2,35,0.07962166366691935,0.4044213791688283,2,50,0.32051604993501037,1.0239890141690031,2,144
195,0.2448972908496786,1.2159815549850463,2,15,0.03464709417974372,0.4877392267808318,2,47
196,0.5057964788846564,0.8468239506085714,2,3,0.055070511306841576,0.8019050028589036,2,30,0.24112438949045117,0.652506161481142,2,46,0.06945727883733961,0.829819704592228,2,86,0.03114848591694383,0.8803655675479344,2,114,0.21230974443513198,0.617897880077362,2,124,0.046907975388604334,0.7840928552966369,2,200
197,0.2635505600268973,0.5248011535406113,2,200
198,0.25443880855765977,1.0748442127591087,2,21
199,0.04832756787709801,0.8136810234614781,2,14,0.21992066764999674,0.7120831421443394,2,49
200,0.14005988218831003,0.8174983362356821,2,24
201,0.33212574027658354,1.224008063475291,2,42,0.022120088710798787,0.46551883762533014,2,108,0.1956532372797628,1.0342376828193665,2,112,0.020022458726535117,0.4897969431347317,2,130,0.3544615035274448,1.041511078675588,2,142,0.01583325080236969,0.5092769029893374,2,180,0.2162411035236121,1.1302125990390777,2,200
202,0.4196824618892995,0.3881685000083168,2,197
203,0.372240470570061,0.760523578950337,2,56,0.03708557850406963,1.3013926168967938,2,85,0.3026521914170028,0.7874335694313049,2,110,0.045522746070495,0.8263411409146076,2,147,0.32405380366307684,0.7739435513064546,2,200
204,0.24264398105618376,0.5100707580914369,2,74,0.03477150050569936,0.38918888568878174,2,88,0.19526975569015279,0.607700982054726,2,149,0.0190112383875684,0.6174794919788837,2,165,0.26941496582193597,0.6086962648800441,2,200
205,0.26758042577808133,1.1083069364229838,2,30
206,0.2742624068723382,0.37980754574139913,2,75,0.05101916417255495,0.6941969274206364,2,122,0.2938538673648877,0.4759258192319136,2,200
207,0.048025175468842614,0.7693224002917608,2,36
208,0.3092032286590345,1.3589514354606727,2,77
209,0.23351713576595218,0.8188720169614573,2,61,0.07350656315490278,0.8781011223793029,2,71,0.28530694503944165,0.8746691415476244,2,200
210,0.3348737839590345,1.1517471299655195,2,69,0.058087092782742406,0.6861899985986597,2,86,0.30311356023535274,1.0489071680788409,2,200
211,0.2876132735433876,0.8803213691711426,2,25,0.06450539078606801,0.8662791848182678,2,39,0.30859856015009846,0.8964548521682996,2,158,0.022748043725418724,0.6035258322954178,2,186,0.3308429099462191,0.9120977478367942,2,200
212,0.2948871570417539,0.8333056636831977,2,88,0.03412308063369719,0.7895483848376151,2,127,0.2655063643905796,1.0362358530362448,2,157,0.06351260845280061,0.9561595306840054,2,200
213,0.34401117235142575,0.9163160935044289,2,40,0.07941879604153468,0.5700690874031612,2,54,0.26379758388958485,0.8884622991085053,2,84,0.05501488543912608,0.8540394817079816,2,105,0.29341522460397895,0.9331514317056407,2,128,0.034286866050617336,0.456600022315979,2,143,0.3194328826415179,0.9651914207558883,2,200
214,0.24173121189322672,1.0922170259334423,2,27
215,0.20798452533957767,1.0668967910434888,2,23
216,0.22503858555692016,0.6970662593841552,2,5,0.013264901806073617,0.8030349482660708,2,28,0.1898162092084531,1.1266446875971416,2,114,0.03704888505838534,0.9542385850633893,2,121
217,0.3537861272373597,1.1895273582388957,2,192,0.06266837945740775,0.8555804789066315,2,200
218,0.3514272470506889,1.4926898347006903,2,36,0.02001804290809432,0.8088754018147787,2,45,0.3047072406458409,1.5263441660824943,2,62
219,0.3096457515105278,0.9845797157287598,2,25,0.03293324183502768,0.5377627001252285,2,68,0.2903079100571983,0.9885526019515414,2,200
220,0.2646491279488238,1.207237730528179,2,95,0.01655091761531883,0.9808223322033882,2,127,0.26217714498358824,1.2444627562614337,2,200
221,0.34170785302333245,1.3585816848376566,2,121,0.06811320249871683,0.8564898786800248,2,177
222,0.27589660779245545,0.9513044108947118,2,48,0.045896728284398794,0.8104687348008156,2,88,0.20442703552137648,0.853843541248985,2,111,0.05797341593261849,0.9008172849814097,2,159,0.032569116479947584,0.9114351401457915,2,196,0.2358830623225869,0.9172104150056839,2,200
223,0.26165522507298405,0.45439444214105607,2,200
224,0.6172058400653694,1.0760080615679424,2,6,0.02936334093591781,0.8974634541405572,2,51,0.2717084256647095,1.0273554875300481,2,77,0.04112999375961995,0.969313555293613,2,86,0.3713297585739739,1.0499831349761397,2,113,0.039930894959644185,1.0086152383259364,2,120,0.4847826104657195,0.9426372528076172,2,125,0.03130560461400275,0.9909163920775704,2,148,0.2977995383433538,1.0903718998798957,2,200
225,0.2652293780651226,1.0692053724218298,2,54,0.02004503539533801,0.22626890242099762,2,72,0.1967566248080436,0.7038015254906246,2,79,0.030096358820845402,0.1408815401792526,2,104,0.22497105819441257,1.167034543793777,2,191
226,0.3704359566211887,0.9495216359390072,2,163,0.0530094620433987,0.9080709517002106,2,183,0.14534954655790683,0.8902504163629869,2,200
227,0.2894903725129725,0.9166222831606865,2,200
228,0.23658256535196953,1.1890935622728789,2,52,0.051374748590202426,1.1948362469673157,2,62,0.25293217584999245,1.0867428562857888,2,150,0.04455475130731624,0.8661356925964355,2,160,0.1568691758275129,0.9036288559436798,2,170,0.03292608447430974,0.9421948653001052,2,183,0.1866360583405404,1.236489267910228,2,200
229,0.31351130012070844,1.1335540404395452,2,189,0.1432439471081727,1.0770591714165427,2,200
230,0.3083065697171307,0.975913405418396,2,82,0.017094970212934636,0.45552327267585263,2,113,0.18629868494066507,0.9474772612253824,2,116,0.025112228924322647,0.49358584249720855,2,133,0.3003871390745178,1.0017224938370461,2,176,0.019731152901573328,0.3680771394916203,2,199
231,0.22724031712742002,1.2500956654548645,2,6,0.024690990803659014,0.8852497679846627,2,34,0.057408964467824994,1.055965879384209,2,51,0.20567093557976596,1.3958016986014858,2,200
232,0.2993796913388919,1.0790025084107011,2,27,0.13082522444318717,0.9704309701919556,2,40,0.024983318282841477,0.6513729673443418,2,106,0.24261087580764623,1.0445400006843335,2,139,0.05550655505234393,0.8570587237675985,2,142,0.0202620205266324,0.5925860324421445,2,179,0.23221894917789832,1.0712934618904477,2,200
233,0.3171670187543687,1.192864254117012,2,200
234,0.09150616876354963,0.813732019492558,2,7,0.023283903922720943,0.48469950755437213,2,55,0.2402876491539393,0.9811887741088867,2,67,0.030960320083629728,0.8992436851773943,2,102,0.22063789942265494,0.9934118475232806,2,200
235,0.22941752071337276,0.7944062694789856,2,127,0.023500851740329856,0.9928165979501677,2,168,0.26919627167468924,0.65407072078614,2,189,0.028565246483525476,0.5715327100320295,2,200
236,0.407540037363469,1.0388519684473674,2,15,0.050273252661273124,0.9692540491620699,2,63,0.143803689185052,0.9611117839813232,2,75,0.04756188517041895,0.6893873581519494,2,88,0.33468278891256814,0.9849511647628526,2,147,0.049287919449299424,0.8962309284413115,2,194,0.2678892765588964,0.6030512352784475,2,200
237,0.25826447596603735,1.0880648961737136,2,121,0.016922979112235764,0.8305737614631653,2,151,0.05915958682351666,0.8130510091781616,2,156,0.2297378101496963,1.290297062957988,2,190,0.027463277493790884,0.20325369536876678,2,200
238,0.17772006037312799,0.35687595009803774,2,5,0.020512263308226867,0.5468956340443004,2,27,0.17265476052885245,1.1808789571126301,2,36,0.025037172726644623,0.6778762297970908,2,50,0.3238177032292499,0.790966438908949,2,191,0.08460393743498466,0.5790856679280599,2,200
239,0.2797091250592332,0.8307271659374237,2,50,0.0323048136948351,0.7521851716770066,2,86,0.24944462216539687,0.6891048508777953,2,200
240,0.261591244647632,1.5483587299074446,2,98
241,0.10531389454489894,1.2595823258161545,2,16,0.23510317261936473,1.2983815570672352,2,40,0.04337541463551363,1.0359672416340222,2,51,0.20907271377733452,1.1205291748046875,2,66,0.04249403057104323,0.9365623792012533,2,99,0.2790631863043179,1.3805413856062778,2,142,0.041255526640414694,0.6810329524246422,2,179,0.4307367212026287,1.5049916704495747,2,185
242,0.09683091049901599,1.131809578222387,2,17,0.40419440985831767,1.3792513728141784,2,47,0.02420574760787704,0.589407280087471,2,83,0.36587918439838124,1.4681215174496174,2,115,0.3353564194948731,0.6924027431578863,2,136,0.2277724268887929,1.2300395170847576,2,139,0.05269207792980557,1.1804954078462389,2,157,0.326057944369822,1.2240232759051852,2,175,0.020852475264830698,0.6603776955604553,2,200
243,0.3202996973274906,0.07450106292963028,2,40,0.017057269174602686,0.24973671357421315,2,74,0.15696179137492236,0.46500935157140094,2,77,0.012395352947634518,0.2712816211084525,2,89,0.3015262517724405,0.12961671203374864,2,129,0.01675986011999257,0.3061443567276001,2,142,0.22637639275252835,0.13592704236507416,2,157,0.030997168254809387,0.8424191226561865,2,169,0.30467325068922535,0.09468016845564689,2,200
244,0.3051068371649852,0.7744860981785974,2,43,0.03025881367992437,0.32955590529101236,2,57,0.2375571855251706,0.818309944251488,2,115,0.05630598376644723,0.8619513656153823,2,148,0.21727035690793062,0.7364532362956268,2,200
245,0.24570671305129144,0.8099977705213759,2,45,0.023492895483080055,0.8528984265449719,2,84,0.3464425840657012,0.6566431408836728,2,147,0.014279889895446346,0.6465400592336115,2,200
246,0.29626313471145227,0.7065728368697228,2,77,0.03968443705623961,0.9458688139915467,2,87,0.26911583338050044,0.6697864731152853,2,90,0.033150614066497004,0.8470112600842038,2,127,0.41984476651580527,0.7439955406718783,2,154,0.052730177417438545,0.8647201695749837,2,185,0.23651302909827118,0.7365658442179362,2,200
247,0.30668725086526066,0.8275745283616217,2,76,0.021248542220329392,1.060701660811901,2,108,0.31747971949655657,0.7416262924671173,2,114,0.04337448611915449,0.8971716473842489,2,143,0.2752381262367067,0.8913775274628087,2,200
248,0.19157208899453304,1.0791123278154051,2,183,0.031597703039461376,0.8143087660565096,2,200
249,0.1940955382561603,1.0646656850973766,2,84,0.025441648785753595,0.8187188047629136,2,97,0.09119121041085897,0.9221845716238022,2,105,0.015455540662041488,0.5182315018028021,2,121,0.2586445481060323,1.0544051204408917,2,156,0.033465346051488,0.3425758883357048,2,176,0.07681399618516345,0.7522427712877592,2,200
250,0.32301030047994456,0.8320347377657891,2,200
251,0.3020773505465646,0.3996211507835904,2,74
252,0.30458422542533015,0.5133489707241887,2,23
253,0.17888015858229436,0.4868422359228134,2,20
254,0.31384282044710443,1.4897234999403661,2,49,0.02740379331047669,0.38201851695775985,2,69,0.4129053425871912,1.3446736931800842,2,79,0.020653771904952996,0.43867410405686025,2,117,0.2447304137367967,1.385551428794861,2,152,0.028127166726330078,0.7353891178413674,2,179,0.29857283597373946,1.3696575221561251,2,200
255,0.3461855326223556,1.0208430681072298,2,61
256,0.2935476998986422,0.914879910778581,2,114,0.04751802975402828,1.0271519819895427,2,120,0.24397340797691894,0.6932220856348673,2,123,0.03304511375015876,0.5235238337516784,2,148,0.24926798351986124,1.0159222758733308,2,200
257,0.32308877584656925,0.882345802841648,2,124
258,0.22760390900107777,0.8260931280943064,2,39,0.023530045719620262,0.9398356527090073,2,47,0.26597086920814633,0.8557545490886854,2,70
259,0.39398777846819005,1.2932744026184082,2,29,0.02497228809530881,0.8668133101680062,2,51,0.3271785814347598,0.9730021432042122,2,67,0.02570819818405534,0.8086793998877208,2,97,0.43520599488486733,1.5172373997537714,2,116,0.12776014053114101,1.4424778870173862,2,151,0.044399188995080614,1.002554049094518,2,163
260,0.21785031860229126,1.2593381588275616,2,13,0.023244717624716617,0.7329698397267249,2,44,0.19695891856215175,0.9962374199839199,2,78
261,0.043679324251630805,0.6935605883598328,2,35
262,0.15464862929710946,0.7912441492080688,2,3,0.025871672887527904,0.42766308426856997,2,28
263,0.26908928169045154,1.0903630763292314,2,40,0.030785213224444757,0.9936157315969467,2,56
264,0.2556307121952121,1.0808938723621946,2,66,0.029578331708859457,0.6286805272102356,2,92,0.23458240519406542,1.198587282594428,2,175,0.06726729548351827,0.7417943072319031,2,200
265,0.041745291241039595,0.8942455305502965,2,26,0.23253814761221367,0.8165075123310089,2,36,0.026846569902562224,0.8068401850759983,2,52,0.2430232648458656,0.7219610545370314,2,79,0.029748265623534283,0.5924199918905894,2,100,0.2584393045935273,0.870747273065606,2,149,0.028675267844284803,0.7121911724408467,2,194,0.25190848877763267,0.7177956402301788,2,200
266,0.22121175485674024,0.6708107193311056,2,3,0.042311290029411606,0.9653803857706361,2,62,0.4383149119467526,0.875056729430244,2,83,0.032769261848477504,0.9521428660342568,2,102,0.1712582290901468,0.9095339852830638,2,125,0.03549146943917938,0.9778636783361435,2,165,0.3504942844357037,0.8213433814900262,2,193,0.08822562009307247,0.8439850892339434,2,200
267,0.29100320568960364,1.1367659313338143,2,14,0.016920237864797467,0.22405722116430601,2,38,0.30151819974625826,1.195454739235543,2,112,0.03716707836710173,0.5536356623782668,2,155,0.25734680768466034,1.2423901293012831,2,200
268,0.2893348603686628,1.065238507270813,2,125
269,0.23038123738718208,1.1595135733138684,2,43
270,0.28613388691123104,1.0816060930001932,2,61,0.04144845611252797,0.7084859543376498,2,70,0.24964899841303678,1.0985785852307859,2,116,0.026032716617966422,0.8938779110709826,2,140,0.279738322403242,1.1517224272092184,2,200
271,0.041354005724155325,0.6857639220025804,2,27,0.20718758544120022,1.2121307906650363,2,69,0.0644063247044698,1.037953835267287,2,82,0.034403585333800106,0.7787136359092517,2,121,0.2791106612112479,1.2715156591391261,2,200
272,0.31254948400021637,0.941346433655969,2,58
273,0.37657841637790823,1.3581560070698078,2,52
274,0.03664574324708815,0.7034817678587777,2,21,0.17015680280781156,0.6411191433668136,2,41,0.04467980622803355,0.7102382274774405,2,54,0.2607230538973181,0.7000800371170044,2,69,0.01721681248399013,0.8009525952917157,2,102,0.23440770683631135,0.7658949096997579,2,114,0.029927472914713073,0.6574102902412414,2,139,0.18472478688093685,0.9062260289986929,2,151,0.028807154121765068,0.4913188584826209,2,173,0.15937613394955044,0.9848161273532443,2,191,0.046664509433626766,0.6837056477864584,2,200
275,0.06936301545395566,0.8965934978591071,2,9,0.32985724897581475,0.6063809371911563,2,61,0.04382303115289421,0.7502615683114351,2,128,0.29381691896328715,0.5110286370747619,2,200
276,0.18041976031066204,1.009482013327735,2,70,0.015324818228434756,1.176964563481948,2,87,0.34912812234415425,1.1278851663365084,2,104,0.023713155577659153,0.8102518578370412,2,134,0.293004249743772,1.197883008104382,2,200
277,0.058382352987412685,0.7217497359151426,2,23,0.33273132133282174,1.070639352798462,2,48,0.042696856827954016,0.4376871923605601,2,63,0.264379129118371,1.1016620653016227,2,119,0.03214002610478395,0.6394858335455259,2,167,0.22752887533901045,0.6315074310158239,2,200
278,0.3525484195302778,0.989209901369535,2,65
279,0.29970987804393595,1.0477231919765473,2,20
280,0.04852339064008081,0.4072279996342129,2,9,0.2930168474835756,0.6010156276082634,2,142,0.02329844809344656,0.22905137507539047,2,161,0.2105723360256889,0.71516431753452,2,200
281,0.33037747967905146,1.038029007613659,2,16,0.02610000329522934,0.4270886743769926,2,33,0.3056364409161162,1.0361639554040474,2,90,0.02015141223833421,0.18982460175422913,2,137,0.022893614248676045,0.8176308940438664,2,154,0.2745838632234159,1.0173536435417507,2,200
282,0.3774395893843158,1.2574700287410192,2,7,0.024571992951140067,0.8952603954821825,2,39,0.22040385765779866,1.4007952387739973,2,121
283,0.04847941375968133,0.5395515590906144,2,20,0.21434235385944106,0.4227901778437875,2,31,0.05006238833115891,0.5000908741584191,2,44,0.27822677211778984,0.47186174616217613,2,52,0.07727761813416864,0.6064924729424853,2,138,0.2969767640689829,0.5365721061825752,2,142,0.03985720666978628,0.7054425673238163,2,200
284,0.35051424346587373,0.41335232670490557,2,26
285,0.33899208270371356,1.1093331028203495,2,61,0.020390246277524757,0.7323693253777244,2,72,0.36151399111084703,1.1422554384107175,2,164,0.031944637292097317,0.9968697947840537,2,195,0.24712639569579534,0.7461155176162719,2,200
286,0.04960118172918932,0.9919486045837402,2,21,0.23512293391039227,0.9206178746526203,2,84,0.030091134622442388,0.8884285539388657,2,100,0.1716039145395626,0.912239154179891,2,103,0.019435289148128976,0.9726080263362211,2,120,0.3102306884591155,1.0586351417913669,2,161,0.04461711022365371,0.8233365431810037,2,200
287,0.2729134994774885,1.307466032712356,2,46,0.03206524132387433,0.46491963476748077,2,83,0.2583810873789193,1.3383060126077562,2,146,0.049613287594219575,1.2583448621961806,2,155,0.28331637131464127,1.379634518093533,2,200
288,0.05161208884940399,0.25546767860651015,2,20,0.37628754968506206,0.928038402037187,2,31
289,0.2919259942243502,0.8523219336162914,2,11,0.017342358815622343,0.7358240745961666,2,27,0.24757926241488484,1.3362714642459907,2,130,0.029840785297422217,0.761977019574907,2,175,0.3178188809631286,1.3832842016220093,2,200
290,0.22947266416396953,1.1719487869378291,2,66,0.042909885175295086,1.1670634999419705,2,99,0.2891387433584134,1.0523936972022057,2,115,0.024851084834281435,1.0714189139279453,2,126,0.23360581930170476,1.1614718834559123,2,192,0.024864492892791107,0.8854797556996346,2,200
291,0.231296815198522,1.2793785319095705,2,164,0.0397475510450473,1.2394085191190243,2,196,0.16499871241985625,1.307763159275055,2,200
