1,10.28245468472286,0.4638854637267483,2,157
2,14.213304536614219,0.37833705937320533,2,110
3,11.608365301636416,0.45781097777187824,2,200
4,12.313933590953457,1.2964495913735752,2,29
5,16.1713680876481,0.342845869915826,2,21
6,11.64855461414923,0.7714579105377197,2,6,0.00022447517870225272,1.3001287920134408,2,20
7,0.20469488303984415,0.7455190592501537,2,83
8,3.515213276544479,1.1751811616441123,2,117
9,236.47704884452875,1.8304461426768743,2,141
10,7.21084537537833,0.6018817607433565,2,62
11,2.1414918573946147,1.6048361599445342,2,20
12,20.148046433007995,1.3361196875572205,2,10,0.00029844256473941853,1.281987202167511,2,20
13,3.561695459379114,0.7390154153108597,2,4,4.311564300264199e-05,1.2060371115803719,2,20
14,11.248803649107288,0.4975475823879242,2,25
15,25.128804343209907,0.7603550979069301,2,7,0.00015390632373904728,1.1089270665095403,2,20
16,0.2512892487223168,1.8153927326202393,2,11,0.00011764796058927428,1.394441458914015,2,20
17,0.8462147333734816,0.6727896682594133,2,69
18,36.79595639267158,0.7188876253366471,2,50
19,3.8274093834609766,1.6542750759558245,2,44,12.96947337900211,0.2223332743996229,2,200
20,9.07592368587796,0.5948677947444301,2,31
21,19.34076205190523,0.2568592203240241,2,31
22,22.20917693476574,1.2425579229990642,2,6,0.00010153009139061635,1.225464518581118,2,20
23,12.06140055692859,1.4904596030712127,2,20
24,9.552320346098298,1.0323538348745944,2,134
25,17.15785179819368,0.71839511852998,2,13,0.0001389521647897174,1.0112237930297852,2,20
26,0.7018408925186796,1.6549580931663512,2,20
27,8.152083094191367,0.8379204357570073,2,106
28,7.182166012418823,0.8268830925226212,2,24
29,33.65306056670262,0.38382185250520706,2,28
30,11.998078066075294,0.3665620446205139,2,5,0.00010283878559784716,1.135934329032898,2,20
31,42.99672708898137,0.6791718006134033,2,4,3.877985880116393e-05,1.0999635979533195,2,20
32,18.098106423813473,0.42480008602142333,2,10,0.00016028206698533463,1.1427506685256958,2,20
33,15.372806256459583,0.7195957366909299,2,28
34,13.797762169372946,0.6434191412785474,2,34
35,1.3096301285732095,0.96453857421875,2,3,3.991321259174261e-05,1.1352417819640215,2,20
36,16.809925017612823,0.6068055346608162,2,40
37,17.919231433840455,0.5107068225537261,2,73
38,9.048106831251749,0.7808800470339109,2,73
39,17.23546449642229,0.5664805435062794,2,89
40,17.23597689263205,0.5586912375275451,2,101
41,9.096652057545247,1.435044487317403,2,9,0.0001904618796860585,1.0908829732374712,2,20
42,7.239846662601643,0.5617164292931557,2,100
43,38.508826064208904,0.1495544734928343,2,90
44,13.827427434720704,1.100638508796692,2,3,7.278647857026419e-05,1.3024328315959257,2,20
45,11.281357263141398,1.1346923492171548,2,22
46,28.15706560999018,1.5268550574779511,2,20
47,22.90588010585909,0.6323086193629673,2,7,7.334218755524293e-05,1.326375961303711,2,20
48,23.111970590085853,1.0764110575501735,2,52
49,17.842192636074373,1.0357537424122845,2,54
50,13.244039977655072,1.5488352179527283,2,4,5.442548965356009e-05,1.1709464266896248,2,20
51,10.829254918079885,0.49116034984588625,2,25
52,82.42691215208704,0.920116662979126,2,3,9.613634765249183e-05,1.4279636705622953,2,20
53,13.60344337866957,1.114382963180542,2,25
54,22.501179730920448,0.717038556021087,2,49
55,15.672663956890982,0.5022311156446283,2,11,8.990010522836631e-05,1.2223863071865506,2,20
56,31.542597694829485,0.44396328233009164,2,43
57,16.71680860661787,1.5335564264437047,2,41
58,31.454551368088385,0.8461285680532455,2,4,0.00011668990222950958,1.1257116720080376,2,20
59,7.270055922783471,0.7754272550344468,2,20
60,13.72977146310579,0.48517170548439026,2,34
61,10.874777751386752,0.5351204052567482,2,32
62,13.342565651623605,0.9841210603713989,2,10,0.00047567393896719867,1.202130663394928,2,20
63,22.79539627449047,0.5791354658810989,2,23
64,11.56115874479566,0.5643981695175171,2,6,8.740801880718635e-05,1.2675257325172424,2,20
65,13.774209125338126,1.3582761526107787,2,5,3.0803379229017814e-05,1.1505396684010825,2,20
