1,10.025722465391679,0.6785778751620999,2,77
2,5.713840987341619,0.7058832880697752,2,57,364.96289830013757,0.09962817989900465,2,179,14.013536130256915,0.24431738257408142,2,200
3,0.05361003167551082,0.6637454172968864,2,200
4,9.077128916620863,0.609309995174408,2,25
5,14.623107425853268,0.10230208543630746,2,65,245.2011536345486,1.365774281097181,2,98
6,13.334344065938838,0.48099020411891324,2,31
7,8.71847126434177,1.4796673183317308,2,77
8,13.987003434341123,0.6222623139619827,2,24
9,1.3382858970519393,0.8656916246619276,2,93
10,11.872351502427087,0.9943125573071566,2,11,0.0003625914997109274,1.3145111269421048,2,20
11,21.43734523217215,0.787242125471433,2,60
12,5.401824997447462,0.7977623537830685,2,46
13,15.692770729796267,1.4176354885101319,2,25
14,5.148844189140983,0.8580674380064011,2,20
15,0.7572829210155622,1.595802436704221,2,23
16,12.602478495880742,1.3434340773206768,2,33
17,4.793280682004717,1.420052755446661,2,21
18,6.1892545658383895,0.7500694014132023,2,200
19,0.1078993556737944,1.7148563623428346,2,15,8.184472567266443,0.5154482084789024,2,166,490.1408487691682,1.8792037753497852,2,200
20,9.872065420215945,1.1168873310089111,2,9,0.00022777995796964957,1.3335081230510364,2,20
21,5.368928239805762,1.616606668992476,2,11,0.000535028730481615,1.0683432817459106,2,20
22,9.324239055147121,0.599867317734695,2,41
23,12.31648525145541,1.457648859024048,2,25
24,10.994252827531602,0.5698477044701576,2,20
25,8.220832665797168,1.0809127185858933,2,51
26,5.962842619018741,1.4895385765447848,2,41
27,4.059138941456366,1.1237685959786177,2,32
28,13.691625743403424,0.9689205487569174,2,9,9.875749873730482e-05,1.2816017215902156,2,20
29,4.294648582394646,1.6211018310466283,2,71
30,15.802032292994074,1.6322786978312902,2,7,4.4204441295731727e-05,1.102352967629066,2,20
31,9.197595758368301,1.3150252911868512,2,149
32,8.031138162482982,0.514623675880761,2,29
33,12.140453592672772,0.8304947257041931,2,15,0.0038299189450702953,1.533050012588501,2,20
34,8.355030307956559,0.8637209382463009,2,47
35,18.552944158460058,0.5059408366039235,2,93
36,21.030831473816356,1.2247542313167028,2,7,0.00019345897788329471,1.358356310771062,2,20
37,1.5054062336514233,1.2091800371805828,2,3,4.031477051528716e-05,1.2137170679429,2,20
38,18.90580764373054,0.6722546915213267,2,12,0.0001478609555425003,1.1574815511703491,2,20
39,0.05320509479678098,0.982424259185791,2,3,1.209832454057013e-05,1.0983822380795198,2,20
40,15.548427875201384,1.005855100910838,2,41
41,13.621770474162615,0.5192249108763302,2,85
42,11.775371479603317,1.281912508464995,2,21
43,1.4329002514283347,0.6780102989252876,2,51
44,9.220849548004603,1.234399395830491,2,34
45,5.453295644269655,0.5151842328218313,2,26
46,7.462588247943992,1.3987509323203045,2,46
47,10.24682408242781,0.800211618343989,2,42
48,18.844126394208455,0.5403598328431447,2,30
49,5.04085957246993e-05,1.1425171732902526,2,20
50,8.297713648849342,1.5287705540657044,2,20
51,11.138104356924453,0.8533772468566895,2,5,5.801074660966934e-05,1.2157832463582356,2,20
