1,7.3874875670525615,0.5520699493812792,2,33
2,15.415444221931107,1.0762221257794986,2,33,556.8201302349771,1.9185457825660706,3,113
3,2.870231916475595,1.4291633758051643,2,58
4,2.257801288070116,0.1737756060977136,2,93,27.123447117297967,1.084361583721347,2,134,618.8916235327022,1.938314833424308,3,200
5,9.150953840866888,0.7421798047266508,2,57,517.9991511684343,1.950519016810826,3,106,5.920214548654744,0.63747036755085,2,171
6,4.2530819327054425,1.2174615263938904,2,20
7,0.4779885398777725,1.1706802732539627,2,53,20.398849738692657,0.2493975872085208,2,200
8,6.2715209034189,0.9277055479478145,2,69
9,4.7121259623210054,0.746169912815094,2,5,3.3824843209439385e-05,0.8067105174064636,2,20
10,18.894777173263886,0.7669743437852178,2,84
11,55.406519915448776,1.3627454452216625,2,48
12,0.9279073850212428,1.837173649242946,2,42
13,13.69436782926122,0.687075807190523,2,41
14,2.6715891856059826,0.6670768936475118,2,30
15,3.3464257705584877,1.1149488659132094,2,84
16,16.9958132749099,0.6897773146629333,2,9,0.00017215815648116434,1.2219283472407947,2,20
17,13.695523588918663,0.7459279361159302,2,86
18,9.889683288959633,0.6374205648899078,2,16,0.007402114483798031,0.986349880695343,2,20
19,10.249911506763343,0.6682631149888039,2,40
20,15.704848567072577,0.6396387758709136,2,21,561.7334440571702,1.5299793068851744,2,56,10.517955612186489,0.8741902800069915,2,92,547.9204727952769,1.7271029633634232,2,160
21,2.0797063855717233,0.8617178201675415,2,3,3.937174110651531e-05,1.2005241618436926,2,20
22,12.094604917154555,0.7187651824951172,2,25
23,15.900597808487273,0.16474603648696626,2,14,0.000597471944550778,1.1572611729303997,2,20
24,15.638113143247127,1.0413709878921509,2,5,2.839470380942496e-05,1.1526089509328206,2,20
25,15.145784957321386,0.1523990026026061,2,33
26,1.6705938044716337,0.9152830839157104,2,3,3.166446148524476e-05,1.0915809273719788,2,20
27,5.464707424256428,1.414205688238144,2,20
28,1.5438404170674331,1.308755512714386,2,125
29,15.273408547376372,1.3204476796090603,2,48
30,1.5405139005175805,0.9969302217165629,2,3,4.7506369028106096e-05,1.1367215759613936,2,20
31,10.840357131641943,0.7387585891496151,2,109
32,0.00014395981237963346,1.3021699428558349,2,20
33,1.7490703825309049,1.7301726656140022,2,106
34,3.152609323926217,1.2427436986634897,2,86
35,10.712796155912216,0.847206175327301,2,101
36,13.324715436259314,0.05676164960159975,2,34
37,3.6567976471264534,0.6984045661014059,2,23
38,19.486023001718372,0.992701530456543,2,9,0.00020063237883566538,1.2251932946118442,2,20
39,20.44973299472638,1.0421641988138999,2,31
40,20.77075030266987,1.0449451562017202,2,24
41,0.08583345085681722,1.1858524481455486,2,3,1.8721067998158288e-05,1.2084090499316944,2,20
42,8.802145658394569,0.3672231480930791,2,33
43,2.427124688093032,1.2914964172147936,2,62
44,14.308519724851267,0.801894258369099,2,11,0.0001154164258927844,1.3505349556605022,2,20
45,16.89926900633927,0.7685173928737641,2,20
46,43.16102815408301,1.0673609177271526,2,3,0.00011678839340416375,1.4182290259529562,2,20
47,10.341549074290414,1.3732030732291085,2,7,9.259043458001972e-05,1.1763000855079064,2,20
48,0.3933029993263905,1.502406918725302,2,43
49,11.92012120448265,1.156342899799347,2,40
50,20.6253827362113,1.032684298662039,2,26
51,1.983077391482874,1.6782677815510676,2,39
52,1.527360388783345,1.3208012183507283,2,3,4.015879401687317e-05,1.1333441103205961,2,20
53,10.417846152951196,0.3976244181394577,2,6,0.00030650228062633884,1.0912064058440072,2,20
54,11.284675320555804,0.13127926639888599,2,23
