1,5.249248688738396,1.2059072494506835,2,5,0.00010272873960008023,1.0906673113505045,2,20
2,2.2325432433764676,0.7930171948212844,2,13,0.00025544191517727486,0.9774488125528608,2,20
3,5.296716968084147,0.20845430045146643,2,127
4,2.6473022785633233,0.56304473541677,2,200
5,11.394350958645289,0.8437126856297255,2,32
6,15.718377812786953,0.36783764362335203,2,10,0.00015674708235714272,1.151845920085907,2,20
7,0.8531171867357712,1.5783615059322782,2,45
8,0.2899616869362628,0.10594907132062045,2,22,228.44704852305904,1.6727283895015717,2,76,3.7983584708827345,0.6039306436266217,2,90
9,7.019907738648338,0.5540453049871656,2,45
10,3.15817774777239e-06,0.7173698425292969,2,20
11,3.325446039435966,1.2010966367191738,2,45
12,6.180707632305786,0.694951382306245,2,111
13,20.231754768570553,0.5109043668616902,2,110
14,7.597727289031707,1.2432550048828126,2,25
15,6.941894672511336,0.7601145356893539,2,4,0.00011811468772261018,1.0950102880597115,2,20
16,1.696435654815787,1.3088707625865936,2,20
17,37.79762200813362,1.7901066920974038,2,22,1460.5338229520323,1.8932244689376265,3,49,0.16586337315335029,0.07632249879510436,2,122,84.00115424241443,1.7977303266525269,2,200
18,1.7368574269349588,1.7927857476311762,2,37
19,132.00648783059572,1.9326692177699163,3,26,0.731586350956951,1.799313756135794,2,39,302.05298244172775,1.9159573966806585,3,105,6.846177532706589,1.5211847328370618,2,136,14.109312173068034,0.7214955936651677,2,200
20,9.27986729719893,0.37737158519550434,2,103
21,12.657210817629355,0.8780547563846295,2,52
22,3.5784789958896175,1.2702901363372803,2,31
23,8.259020514544996,0.4205419803443162,2,69
24,10.947831465796174,0.27299105476688695,2,37
25,7.606083967267853,1.4757121778451479,2,52
26,14.319042919333219,0.6282352951925192,2,67
27,0.9196370151254406,0.9097476634714339,2,108,101.93098970380674,1.3399873981873194,2,138,1.10418668952557,0.6356341462386282,2,157,301.60018503072587,1.8545384109020233,2,185
28,0.042518918495776825,1.5400564074516296,2,4,3.499358855207463e-05,1.1609704680740833,2,20
29,17.32658914908643,1.0279646825045348,2,40
30,4.171024233006264,1.0526198040871393,2,105
31,41.44230657773808,1.1507750749588013,2,3,7.954753814375729e-05,1.477173174128813,2,20
32,23.495241589102182,0.1676323535435039,2,163
33,4.35713676151322,1.3700603934434743,2,26
34,14.301788600575154,0.6428168691121615,2,13,0.0002375485111501391,1.0802411011287145,2,20
35,13.92802910374232,1.063957963671003,2,7,0.00010708902722689799,1.3509071881954486,2,20
36,2.3242054530209,0.7172733743985494,2,3,4.122988580667078e-05,1.140762209892273,2,20
37,2.671415206095116,1.5296014901045913,2,91
38,11.262444505005218,1.1613714673689433,2,56
39,20.695119729800883,1.2218710140883922,2,100,526.4462414458984,1.7837281479980007,2,133
40,4.46242228309906,0.6567156865741267,2,132
41,15.141029804420002,1.162234091758728,2,20
42,13.870846468929317,0.5992113510767619,2,15,0.0036716491800447707,1.3505462169647218,2,20
43,157.64395497621794,1.7778226840190399,2,39
44,5.46802040161262,1.2546342730522155,2,20
45,10.159510258082513,0.3781304905811946,2,12,0.0002779949463597707,1.0086821019649506,2,20
46,85.70056127460275,1.5785665804485105,2,106
47,31.491959621691432,0.8461731995946618,2,93
48,11.50198979730123,0.2155076599326627,2,29
49,13.770492836377636,0.9174800515174866,2,4,8.622050802624378e-05,0.975709542632103,2,20
50,6.710761047607817,0.9403111494105795,2,23
51,6.262666647516668,1.5672620773315429,2,5,5.909653963759869e-05,1.0619733889897665,2,20
52,11.600610072466724,0.7050542482307979,2,70
53,14.61999712577801,1.3003046671549479,2,15,0.00477065613955091,1.1335426807403564,2,20
54,19.231372806989622,0.8326884814551179,2,71
55,6.000927139417074,1.5041810522476833,2,24
56,9.796283428782209,1.1479148546854654,2,15,0.002120660688069778,1.5263697624206543,2,20
57,4.697669440395937,1.682840842467088,2,39
58,8.904649810968047,0.5158966955466148,2,39
59,15.420979537470835,0.43558136905942646,2,14,0.001309133301977789,1.004541943470637,2,20
60,15.329458114954244,1.5231114625930786,2,8,7.325991252937613e-05,1.3088554938634236,2,20
