1,4.982534379677474,1.3855757427215576,2,25
2,6.4056824488521755,1.3307825446128845,2,20
3,0.3775703118402435,0.8733717499673367,2,200
4,3.443218171807539,0.7342908725142478,2,40
5,6.665167600911157,0.9432169917751762,2,85
6,3.1584582847790816e-06,0.7171695530414581,2,20
7,4.577972098923132,0.9803552109262218,2,23
8,14.511048053331715,1.2489553220344312,2,33
9,3.1584582847790816e-06,0.7171695530414581,2,20
10,11.385149816035701,0.7473046431938807,2,24
11,1.250147978637459,0.7174138069152832,2,10,183.03694956119745,0.2704279146977325,2,77,8.372454839677987,1.0901770792176237,2,190
12,13.807696152621498,1.2121777415275574,2,10,0.0002674784038895535,1.0255346834659576,2,20
13,12.801886120374943,1.4942722009575886,2,23
14,8.133641352894958,1.3232321900290411,2,37
15,2.039546652875092,1.2266550283682973,2,76
16,46.24661345136487,0.12871910411525855,2,88,8.318249240213033,1.5624371290206909,2,113,0.5763630803319674,1.421402026306499,2,135
17,11.568228321590412,1.63931283083829,2,22
18,10.315539282611262,1.0786472365387485,2,117
19,16.904132790934373,1.4751714536121914,2,35
20,3.8214226494372343,0.967194810666536,2,95,30.319224357054363,0.723676566081711,2,174
21,8.641563618369792,1.0669978976249694,2,20
22,23.9250208019348,1.569482846693559,2,11,0.00041594799211867937,1.1899269819259644,2,20
23,6.9755877673378714,1.233150516786883,2,31
24,3.104942018802406,0.8424471710857592,2,95
25,6.516295515869736,0.9720153565545684,2,103
26,1.482357638540916,0.9644509156545004,2,3,0.00010424891731867078,1.089644144563114,2,20
27,19.56475357068767,0.7737035950024923,2,3,0.00013124052280685263,1.2660874408834122,2,20
28,15.87131544754106,0.4565008710888983,2,103
29,8.29043995101114,0.7871712623981008,2,57
30,5.539635823248541,1.1952484179426122,2,135
31,12.414649349954939,1.1615518564131202,2,41
32,33.71989255111481,0.8267782926559448,2,4,9.648111713825557e-05,1.163422979414463,2,20
33,7.64425638824449,0.8662593066692352,2,118
34,20.32476109880922,0.9333673417568207,2,4,8.587315339294042e-05,1.0976784601807594,2,20
35,14.585833762294625,1.2392110586166383,2,20
36,14.85583619337545,0.9946807899453618,2,111
37,6.640956306963126,0.41788773238658905,2,42
38,29.540148320541306,1.070997565984726,2,4,5.274745692698919e-05,0.8654820993542671,2,20
39,4.372257060731661,0.8542995563259831,2,81
40,7.203995382321631,1.1356435120105743,2,80
41,29.7270548853125,0.8196094675610462,2,48
42,11.110869530316881,1.6244934878106845,2,59
43,20.242242398027955,0.5113802423664168,2,51
44,1.7348554666368527,1.1055013425648212,2,32
45,10.941729807719145,1.2317612449328104,2,30
46,4.345587595674762,1.0474893836414112,2,34
47,22.94955425849188,1.0683209896087646,2,10,0.0002399490120309424,1.132276463508606,2,20
