1,0.22896281403076457,0.501328244805336,2,8,3.22333136065407e-05,1.1418640712896984,2,20
2,2.2700712268050767,0.6375834923237562,2,32,100.71920852704507,0.1314378883689642,2,200
3,0.13815496625526974,1.4116322676340738,2,30
4,1.8487448144485101,0.06198028554307654,2,188
5,11.987822371394332,0.5369439062161662,2,199
6,8.745252077529406,1.138016886878432,2,57
7,3.9773362629226234,1.6589543206824198,2,72
8,2.506866931401487,0.4808154100621188,2,54
9,1.7578267879075307,0.6036045497655869,2,200
10,8.168131437964268,1.6095029998708654,2,27
11,5.3746259822960605,1.2880611807107925,2,40
12,0.3219356488566562,1.4971125998148105,2,41,0.24827501971102964,0.36659806966781616,2,50,16.395476727571218,0.21258501450220743,2,200
13,1.9965104589944003,1.3349531238729304,2,11,0.00023104277365152087,1.0245169268714056,2,20
14,9.373216125077873,0.17338846139609815,2,200
15,3.2027650611376055,0.9541961086260808,2,77
16,9.471597285925393,0.6630781257330481,2,67
17,2.1367087677421397,0.680408349197902,2,89
18,6.695797007388482,1.0892570100981613,2,29
19,0.838447943196859,0.2163013199137317,2,36
20,4.5691873007188475,1.6956195286078046,2,129
21,50.648198795799956,0.6545838564634323,2,4,3.4506441892072526e-05,1.1287438571453094,2,20
22,18.349499917062243,1.166082630554835,2,66
23,10.291304273067297,0.5840647112239491,2,11,0.00038907981161359173,1.2005346748563979,2,20
24,7.504507819941643,1.1495657008269737,2,29
25,8.36914013577226,0.6563378423452377,2,20
26,23.319476361976427,0.9057913368398492,2,11,0.00029505355147275015,1.210361705885993,2,20
27,0.88288994490982,0.33962036623168235,2,97,12.874479061013705,0.8681907897645776,2,141
28,2.1676890603465626,0.22890083030831043,2,139
29,42.700708336509294,0.8281009793281555,2,4,0.0001350034177977804,1.0997237861156464,2,20
30,10.49534667460013,0.6508434065457048,2,29
31,20.36731217523598,1.5636396259069443,2,8,8.385143738795902e-05,1.031006579597791,2,20
32,14.483215595472588,0.867411634988255,2,36
33,11.79048217706001,0.796779819897243,2,56
34,10.4537608339246,0.5700485348701477,2,10,0.0001481293320975141,1.151694917678833,2,20
35,13.017096141657591,1.3375975149018424,2,14,0.00043191004204206517,1.3837279081344604,2,20
36,7.717004842744312,0.8920988142490387,2,4,4.058241838178893e-05,0.9389851614832878,2,20
37,40.43359160527965,0.4869568679067824,2,27
38,33.898138733429356,0.5960426807403565,2,5,5.817419814327662e-05,0.9703600605328878,2,20
39,21.428097751944854,1.284237305323283,2,6,3.9728612670314855e-05,1.1029970731054033,2,20
40,8.581498864707799,0.9544676991759754,2,61
41,9.848754952189045,0.4966402009129524,2,40
42,6.135246936490167,1.2665479864392961,2,7,0.00014344712980468642,1.2674298194738536,2,20
43,13.531603238136036,0.6930421631911705,2,29
44,3.7078826052519593,1.5423067257954524,2,26
