1,15.028326256895053,0.19727856094397386,2,103,193.7273709809596,0.15899708989969233,2,200
2,12.246149093678904,0.35888822740978665,2,45
3,3.15817774777239e-06,0.7173698425292969,2,20
4,18.161885796331877,0.558982408963717,2,13,0.0003063679638105861,1.2620726823806763,2,20
5,64.07853981684192,0.2882402378320694,2,75
6,7.831229539562734,0.4315215677022934,2,10,0.0002838235916122163,1.1269241094589233,2,20
7,24.687399880159433,0.7396200625225902,2,32
8,18.57430447227919,0.7664650731747693,2,101
9,36.188380927020816,1.0357216596603394,2,3,5.226572682603823e-05,1.3577471620896284,2,20
10,12.011142305727688,0.5650733939238957,2,35
11,10.725997907476279,0.5131956219673157,2,15,0.003136716664740956,1.3665399074554443,2,20
12,40.91913713711517,0.1155928869266063,2,64,0.6207522809365941,0.5149881524198195,2,81,94.99624866267877,0.17952914222949692,2,200
13,21.512826938458268,1.011615704274872,2,103
14,13.645767001847782,0.3898419403242615,2,53,176.9519091699255,1.0895596709516313,2,116
15,5.720685283714281,0.7960559842554299,2,37,258.6436466487373,0.1293682683647776,2,200
16,20.1986805889813,1.0112640277544658,2,75
17,22.423847135993558,0.37030738766317245,2,77,360.1164827043581,0.15044853347735326,2,199
18,16.569023440657812,0.6208660503228506,2,6,5.1816822552366944e-05,1.1227265766688757,2,20
19,0.46648630365640714,1.0167039235432942,2,60
20,7.67377448709323,0.6874344893123793,2,23
21,14.415125214443187,0.3424213987130385,2,13,0.00014421118056577147,1.0685699156352453,2,20
22,10.267058688922177,0.7812209640230451,2,21
23,16.66512124657037,0.37715610502553837,2,112
24,0.801232589051515,0.7308692336082458,2,3,4.245412402233427e-05,1.0898163949742037,2,20
25,2.4776057042153314,1.2751043128967285,2,25
26,8.345894359851455e-05,1.201220941543579,2,20
27,20.679589636873615,1.5014900234010484,2,9,0.00011290293829860038,1.1078651709990068,2,20
28,0.8136810350469855,1.3250822226206462,2,3,0.00010117627042774118,1.0932204302619486,2,20
29,8.311389205214736,1.4617625159375809,2,34
30,16.393355491249924,1.3015181322892506,2,12,0.0003005294485180671,1.1835769638419151,2,20
31,10.95530699124725,0.7917424422321897,2,33
32,6.426533452959569,0.9644598020957067,2,26
33,8.163457730312812,0.39545304405278175,2,29
34,50.54296630527166,1.1898432970046997,2,3,3.0292556071838038e-05,1.099599869812236,2,20
35,51.67191664633807,0.8893943180640539,2,27
36,7.704594512589887,0.5001209890300577,2,165
37,15.209193906591873,0.7160597542921702,2,6,7.803904834662877e-05,1.1172733562333244,2,20
38,8.906621209201141,0.7918909237934992,2,13,0.00010914818633484632,1.0638351781027657,2,20
39,2.5463070360158735,1.163270115852356,2,3,4.12784197498816e-05,1.1376072028103996,2,20
40,48.80442253823234,0.5703664016107033,2,29
41,4.083256561057315,0.5935113637736349,2,66
42,16.62686663732591,1.1584278345108032,2,7,0.00018359276701381038,1.1947734264227061,2,20
43,0.40284441608920735,1.543738530232356,2,13,79.88938629438364,0.3268480551870246,2,32
44,3.8894554774404066,1.0890300538804796,2,9,0.00019821936563563198,1.1544462875886397,2,20
45,9.706264053968198,0.7149781006397588,2,101
46,17.444415509745994,0.5919495948723384,2,14,0.0003826836663141562,1.2884654601414998,2,20
47,660.6975947190368,1.9742990471850868,3,87
48,8.987921408387958,0.37021792360714506,2,28
49,11.995222854587995,0.8789603312810262,2,3,0.00010885322347419146,1.2766794737647562,2,20
50,12.698057849666261,0.9918146000968086,2,9,0.00014723210413023933,1.5191363096237183,2,20
51,1.2711191356838258,1.3957912127176921,2,3,9.138948701452562e-05,1.1664427939583273,2,20
52,10.500473910348441,0.8828172892332077,2,20
53,20.581738597152064,0.7697719752788543,2,10,0.0003644415330301696,1.2079033970832824,2,20
54,18.902321954540316,0.792469248175621,2,4,0.00011995133681334945,1.120169222354889,2,20
55,0.00011204175811928045,1.185059157013893,2,20
56,0.9180309560328024,0.8329220414161682,2,3,7.866657212583367e-05,1.085613629397224,2,20
57,9.106200423190494,1.137332659959793,2,40
58,7.751536534871143,0.5478376090526581,2,20
59,14.264634858889305,0.42335123717784884,2,10,0.00034613505238227486,1.1516136169433593,2,20
60,17.4174989439753,1.4227005124092102,2,20
61,13.43665169806526,1.3360208489678123,2,22
62,10.871162951157865,0.14444942701430546,2,21
