1,0.9502779687196469,0.3857115522027016,2,20
2,11.867463528278996,0.21480288877282092,2,93,208.02530359687609,0.5298443624266872,2,174,8.421499815161342,0.8324083101290923,2,200
3,3.1037295462898724,1.3900460546666926,2,22
4,3.1552786442661596,0.3907859612975204,2,57,781.2547369033638,1.8967937183380128,3,82,1.646969090710954,1.1102016665497605,2,180,62.837585629015834,1.4360873028635979,2,200
5,2.814169409323641,0.9119371622800827,2,4,6.339008579056396e-05,1.272715300321579,2,20
6,12.721655778817691,0.6419258841661492,2,198
7,9.258747915134705,0.8169163255952299,2,64
8,8.78536716095062,0.6288503219886702,2,98
9,20.18150084514892,0.6131146495992487,2,33,0.2541899356307276,1.305920944895063,2,68,11.738934040625841,1.147343213143556,2,114
10,1.586455848491388,1.0957940031181683,2,22,55.21301859542184,0.34624222569888635,2,146,0.9222688890912202,1.032684650686052,2,200
11,7.958766350825554,0.9670102171514227,2,87
12,1.7656779597464116,0.896111398935318,2,4,0.0001329024298105962,1.172435075044632,2,20
13,9.966742934112428,0.8072563880080477,2,109,129.85710103225475,1.6154915912946066,2,184
14,9.536717539007123,0.9625133709474043,2,22
15,23.541946070678254,0.8270288109779358,2,5,0.0001121689495286219,0.978104825814565,2,20
16,12.405707922025897,1.0387709140777588,2,3,0.00011848084153522436,1.3081108822542078,2,20
17,2.912381969361051,1.190757393836975,2,14,0.0007314326893119604,1.3840766946474712,2,20
18,3.1285991719874184,1.3351043516939336,2,44
19,0.1250771511713069,1.9152891663617866,3,129
20,2.595901299044516,0.22932106331365193,2,199
21,3.694261962739817,0.428997684190882,2,94,72.84185653037036,0.4853055851077134,2,200
22,0.9094068338770847,0.1703826360128544,2,54
23,3.1304431043752037,0.9824387018497174,2,26
24,9.158089714967192,0.23239780232018115,2,51
25,51.84822661331972,0.9521649341498103,2,28,2.243331799382422,0.38877646018599354,2,200
26,9.542009721700753,0.6168696085611979,2,9,0.00010481367543227706,0.8916507688435641,2,20
27,11.594578343989378,0.48847687244415283,2,3,0.00015446910756373606,1.1722018788842594,2,20
28,18.842034400254782,0.6482511679331462,2,15,0.004047497633918727,1.2140350818634034,2,20
29,2.9590244519522515,1.1489782361097114,2,43
30,8.495166648692694,1.184862908862886,2,21
31,54.400376875337365,0.17060079217277546,2,186
32,15.899194095976199,0.9442010267836148,2,122
33,13.183677870484491,0.9832333302497864,2,25
34,18.86118789676065,0.7610211769739786,2,3,0.00011293485624397953,1.2031375590492697,2,20
35,1.7771007578865483,1.6934647673652286,2,21
36,8.403354643104759,0.8776255212724209,2,48
37,12.393403812301251,0.6545539448658625,2,24
38,0.9740184339615774,0.8145141452550888,2,8,0.00012645502795123834,1.1182388414939244,2,20
39,13.60882800927721,1.0513709713430965,2,102
40,0.3949410467313524,1.1275603141103472,2,140
41,31.261587744916042,0.9758193790912628,2,4,0.00013403047873315963,1.2089782282710075,2,20
42,8.948399437426103,0.9342959702014924,2,20
43,25.36530052597556,0.8173960447311401,2,4,0.00010843324352977155,1.1790602952241898,2,20
44,7.474872245387145,1.414323820008172,2,9,0.00024609443546129965,1.1157563437115063,2,20
45,18.697439307452907,0.7176499297653419,2,69
46,24.153047166858514,0.5085359410099362,2,69
47,6.4182556756053195,0.24438696046327724,2,58
48,6.580056751544575,0.6392203466645603,2,58
49,11.97380560843985,0.6687176823616028,2,7,8.786619778648678e-05,1.2223674242313092,2,20
50,5.861865833664629,1.034302774896013,2,47
51,12.143550923607492,0.6637560844421386,2,15,0.004635172821010263,1.085965061187744,2,20
52,4.859697390413066,1.3588267931571374,2,26
