1,0.5232114699419922,0.16536139369010924,2,25
2,1.8853946502306334,0.24647590229992106,2,119,137.81070972109595,1.443599318082516,2,145
3,3.0195257118492593,0.676713264396048,2,117
4,8.072392933755458,1.3636183778444926,2,30
5,8.568414697304764,0.62526442527771,2,175
6,1.54062363528299,1.4854786396026611,2,6,0.0001034293280449637,1.1877311979021346,2,20
7,0.6000094044263112,1.525379329919815,2,20
8,9.011573631540589,0.7881687670946121,2,20
9,8.605139558367911,0.5612678846408581,2,58
10,5.565361953518234,1.981506884098053,3,22
11,8.423112643913086,1.6435603499412537,2,28
12,27.516614570926535,0.9126152867757822,2,79
13,4.181255247389306,0.6553696596788036,2,72
14,0.0001416756454829091,1.2036442279815673,2,20
15,42.23709438922811,0.9555447330841651,2,26
16,5.930697875583943,1.0947492152725884,2,109
17,2.2606627441887763,1.270029142096236,2,37
18,6.818526538102943,1.5383800797992282,2,27
19,0.5046172202358404,0.4472386149259714,2,39
20,3.8704949234614032,0.553650539728903,2,31
21,28.4091354230176,0.8303830239290748,2,183
22,0.5231594839328352,0.2494846754349195,2,182
23,12.769953052264237,0.9818314214547476,2,24
24,7.144746494000153,1.745306756761339,2,27,7.353865951256091,0.13902126542396015,2,171
25,12.100009384114502,0.5738813072706745,2,113
26,1.218424774477793,1.0506030893325806,2,25
27,24.591631769379838,0.8555482824643453,2,15,0.0017426127057314827,1.351684856414795,2,20
28,9.369530518861247,0.49311022843058044,2,148
29,23.448382828319158,1.3144609928131104,2,3,0.0001375859882204268,1.2823027021744673,2,20
30,9.764804417690133,1.3265456013057544,2,23
31,12.922742327963402,0.4015739599863688,2,15,0.004089359868446944,1.043723201751709,2,20
32,6.294754924684358,0.7293406232543613,2,23
33,14.886175914814743,0.6582782321116504,2,34
34,10.082788802799767,1.0106413477453693,2,116
35,15.333776427017726,1.145174503326416,2,4,0.0001341969370311318,1.153351679444313,2,20
36,3.9140216576221736,0.24546430125122978,2,105
37,9.31075871493383,0.48896873990694684,2,21
38,8.52611134900774,1.235268201146807,2,21
39,10.371814710246687,1.4845026170506197,2,34
40,12.56976881226315,0.6815585106611252,2,20
41,53.19757901131568,0.8117822209993998,2,3,0.00013357517756653546,1.4616804754032808,2,20
42,7.828609333144545,0.5700601733782712,2,68
43,0.0001237773857558506,1.1948054313659668,2,20
44,56.22012715485253,0.4009524077177048,2,20
45,4.443907582123059,0.902555932601293,2,30
46,8.300564311875668,0.18651911474409558,2,21
47,13.65473810208881,0.9948940455913544,2,20
48,14.31568813285472,0.8201945126056671,2,24
49,0.6475164321026738,0.33897842929281036,2,29
50,15.766778855063073,0.15729427710175514,2,16,0.013485708948264024,0.6731118261814117,2,20
51,1.1890521850769165,1.1799906492233276,2,3,3.243880327464524e-05,1.1690809866961311,2,20
52,10.803182980458049,0.06592466169968247,2,32
53,0.057623876928141304,1.0301913221677144,2,3,9.58402081665661e-06,1.1798359366024243,2,20
54,16.61088576049158,1.4684983015060424,2,15,0.0027218777898391374,1.322326135635376,2,20
55,15.772885797558962,1.343109975690427,2,23
56,3.2345692079832236,0.9021752079327902,2,3,3.116504891746634e-05,1.1900705239352058,2,20
57,58.92045013428755,0.8827057282129923,2,3,2.5428950010389167e-05,1.3186641370548922,2,20
