1,4.3548788950666335,1.1129417154192924,2,200
2,23.673121460865943,0.620132842361927,2,200
3,6.284335867483838,1.2715652365433543,2,57
4,0.16838018061729787,0.25686357356607914,2,8,275.28455038385863,1.719553857014097,2,37,7.815564096441208,0.3107539117336273,2,72,0.1354335561096057,0.2606980621814728,2,107,9.579535335487853,0.4674617785054284,2,181
5,15.94562619623983,0.584592163074212,2,61
6,8.063937271496576,1.3743134562562151,2,41
7,5.442318567332979,0.21500399921621596,2,105,5.978217136090998,1.1697938007877229,2,199
8,9.57788132930546,0.9826942921703697,2,117
9,7.4262504357233095,0.710033134716313,2,41
10,61.44023260411476,1.8098505145027524,2,105,4.584327442951668,1.0336112568252964,2,200
11,14.005557272115169,1.1687006858678965,2,26,0.5137226647155563,0.2797289512374184,2,191
12,3.0998206296775477,0.5547621796528498,2,6,8.125558792927514e-05,1.2262657369886125,2,20
13,4.594690531402132,0.20729962850689257,2,189
14,0.637582456124124,0.12664706128485062,2,17,175.77368325783647,0.13246373563516337,2,200
15,10.713544440762815,0.8656956642866135,2,20
16,18.181063797684526,1.1749979064271256,2,37
17,29.412666814082616,0.42258216068148613,2,40
18,3.8958459609066005,0.7104577457904816,2,25
19,10.004619748267574,0.7341081870324684,2,66
20,14.352426320142397,1.2210010037277683,2,66,642.480550523878,0.1613634556531906,2,96,3.8697900662489157,0.7544083852941791,2,144,111.96422220587961,0.1742392269507894,2,197
21,13.879909649689715,1.4997218251228333,2,10,0.00038496475158336733,1.2309680938720704,2,20
22,10.096276797750084,0.8211288948853811,2,6,0.00012914234688040434,0.9712684069361005,2,20
23,5.215742899669458,1.1930764539821728,2,185
24,14.892179074276658,1.215737705429395,2,24
25,0.947570376620551,1.1544418732325237,2,3,4.272089321628908e-05,1.120966392404893,2,20
26,0.09815352202410199,1.0112946232159932,2,3,2.1412708506505412e-05,1.161062363316031,2,20
27,12.5718702921263,0.16401707717817124,2,73
28,9.253162156601759,0.43292228114314196,2,82
29,19.933549870768385,1.0842908223470051,2,6,0.0001412566436101615,1.2514450805527824,2,20
30,10.023807322781506,1.2992092881883894,2,7,0.00019135616200379645,1.4019366594461293,2,20
31,3.225553643095303,1.1874397767914666,2,90
32,13.384697864709878,1.6940086104653098,2,11,0.00065369815904927,1.3996666934755113,2,20
33,16.945717093632357,1.22932003225599,2,28
34,12.526850267748515,0.4961599249106187,2,26
35,4.876217709386074,0.9125264883041382,2,18,0.05829336074255582,1.3844625828629833,2,77,13.096599643400143,0.6482671533906182,2,120
36,6.617707307901758,1.4958075009859526,2,13,0.00023771025491808374,0.9890493750572205,2,20
37,0.1065491774331005,1.0651282866795857,2,3,1.8203699628628863e-05,1.197303221506231,2,20
38,24.792377458284356,0.992442536354065,2,5,3.3931600615651016e-05,1.3447585662206014,2,20
39,17.160210561025195,0.3444930022222954,2,57
40,1.5823578015745323,1.1365720881356134,2,90
41,0.048599884921992076,1.3233937919139862,2,4,4.101025021993006e-05,1.102826852351427,2,20
42,23.553994210134594,0.34641481770409477,2,9,6.79765601381347e-05,1.205425587567416,2,20
43,18.844141566926567,0.5017399489879608,2,10,0.00027486828445986647,1.04527747631073,2,20
44,16.472297722349666,1.34745392203331,2,8,9.241597261444158e-05,1.3111850917339325,2,20
45,13.920644127425238,1.4520882329633158,2,62
46,31.864502618241925,1.0331014394760132,2,3,5.2710748081292775e-05,1.2660312442218555,2,20
47,9.806984599590987,0.6131341173535302,2,21
48,5.975636274699454,0.7880137662092844,2,6,6.589049064975282e-05,1.3768611890929086,2,20
49,22.01607660914671,0.32041133642196656,2,10,0.00010604243076955352,1.2027487993240356,2,20
