1,22.73772890373584,0.39998597237798905,2,9,5.624741438574495e-05,1.3019772442904385,2,20
2,44.12299701675908,0.1375148298925367,2,58,12.40013083031196,1.5038829552821624,2,136
3,7.363827668401064,0.978124181429545,2,9,0.00012969920688367414,1.2328917980194092,2,20
4,0.7215809502993734,1.9453273916244507,3,25
5,2.052323761352818,1.2367787686261265,2,33
6,9.365442524449834,0.18130327620596257,2,53
7,0.05536606397339857,1.0309787499904632,2,200
8,6.420151657658544,0.6321127449148264,2,199
9,5.147872786198178,1.0939889426584597,2,135
10,10.628802496820166,1.7361413262508534,2,54
11,6.727893525961951,1.0482293073745335,2,34
12,9.966247285278003,0.6781108879273937,2,31
13,16.73071528621344,0.33753485697043406,2,154
14,5.85868825273987,0.8527787192616352,2,43,130.48871897384095,0.22574537795669627,2,96,5.667715189528927,1.0016931105351103,2,165
15,13.228801111978333,0.9882653951644897,2,51
16,0.04028509401600001,1.2472525835037231,2,3,1.0454984784189517e-05,1.2294547768200146,2,20
17,0.06192223851094775,1.3099276224772136,2,3,1.893006920664616e-05,1.2045190544689404,2,20
18,0.6002237997951061,0.835046127140522,2,200
19,1.2010710330642342,1.4803650873537,2,148,116.27712010565563,0.9786165666121703,2,200
20,5.582270903693547,0.680843519391837,2,54,223.13687838656443,1.7858800439091471,2,131,2.8341174517714944,0.6689744696897619,2,199
21,20.524261044942897,0.3468550995544151,2,54
22,10.59171985063779,1.026823850778433,2,26
23,1.8828929317149439,1.626343467018821,2,22
24,15.397116918706937,0.5539238310995556,2,21
25,29.601643296072037,1.3321584065755208,2,9,8.037069885039492e-05,0.7709355896169489,2,20
26,8.031828417224983,1.6715129017829895,2,8,0.000158782060020603,0.9963912864526113,2,20
27,15.592200446118627,0.40742014754902234,2,77
28,383.15255718176985,0.3627321493475377,2,119,9.764824364306092,0.2985398297158765,2,190
29,2.6214671004131143,1.242185393969218,2,3,3.909632987275827e-05,1.0894827982958626,2,20
30,12.074290455658403,1.3057002276182175,2,16,0.009488925100455686,1.1793509721755981,2,20
31,5.31829479023713,0.2975489263023649,2,7,0.0002562184225756444,1.189316717477945,2,20
32,7.634687622665722,1.2270702421665192,2,32,491.2626575316427,1.7479936665779836,2,106,13.659036517513972,1.2688895225524903,2,126
33,0.44989351109118764,1.050277863230024,2,21
34,1.0958396989167634,1.1270153224468231,2,4,3.069548145719233e-05,1.2574666291475296,2,20
35,8.346144342308893,1.622219491004944,2,25
36,52.980140627262905,1.4423414766788483,2,4,4.923648519486787e-05,1.2540181875228882,2,20
37,3.0082041273797837,0.9657717863718669,2,15,0.00040499572367097965,1.3490042448043824,2,20
38,19.04809318478992,1.5236322766258603,2,105
39,10.07259412519938,0.3145702939767104,2,13,0.00034216035456002174,1.0529179998806544,2,20
40,9.73285701346945,0.577329849654978,2,33
41,2.8295118919040894,1.4281456232070924,2,5,5.6670676353730866e-05,0.9911033511161804,2,20
42,7.055322359938706,0.176149171811563,2,27
43,13.853863549751866,0.7880099245480129,2,42
44,11.365163437345316,0.47886255701382957,2,75
45,13.586173715602696,1.2256984455244881,2,14,0.0006459693865670435,1.1632352471351624,2,20
46,11.722599058134955,0.2924970879979517,2,87
47,10.069245723149145,0.35178274194062764,2,118
48,0.5269131749723138,1.2944818241842861,2,116
49,41.019462200089535,0.6440443694591522,2,4,9.225834635498776e-05,1.0753172188997269,2,20
50,14.571217712658466,1.0965086335227603,2,21
51,17.386085612032026,0.5569551927702767,2,7,0.00013687375677250797,1.3944786695333629,2,20
52,7.405209566589209,1.3652154207229614,2,6,0.00012223549324141822,1.0663695974009377,2,20
53,14.896011541431024,0.943586313824975,2,89
54,29.945206804169686,0.6480097902375598,2,86
55,0.8265944843460705,1.5734731256961823,2,12,0.0008620987053366891,1.3303019851446152,2,20
56,11.263820161899902,0.24019162569727218,2,21
57,31.15585019538198,0.7985800301486795,2,44
58,38.674681153058145,1.0291513601938884,2,3,6.0797056710032646e-05,1.2097876071929932,2,20
59,12.044509183185358,0.5453976407647133,2,40
60,11.226322769185304,0.2893698492646217,2,50
61,9.555526545101925,0.5513164967298507,2,40
62,12.096793431974973,0.1320603689977101,2,35
63,18.335901065536504,0.19435434572158322,2,31
64,1.9080896649278236,1.1262704469263554,2,32
65,24.174177049521038,1.0501290559768677,2,8,7.333958777773757e-05,1.1343023876349132,2,20
66,17.001120848673203,0.5257342486154466,2,21
67,21.160101807937377,0.7835966374563135,2,23
68,6.278387552458933,0.43014925718307495,2,4,0.00014992878504681883,1.0168123245239258,2,20
69,3.0310155537249717,0.8110068241755167,2,3,3.729781519895062e-05,1.180337765637566,2,20
