1,2.398895409801945,1.0921454305648803,2,125,302.6384999727429,1.9410024394794387,3,174,3.9456842571651043,1.0965999548251812,2,200
2,2.0476652220380185,0.03799146246545169,2,98
3,23.132277672729042,1.0426470408482211,2,28,0.08505380892878092,0.08397598092148943,2,110,3.1499593298450366,0.1960945548755782,2,180,0.05539715701726947,0.21387137845158577,2,200
4,6.161955509051889,0.0490432755056634,2,83
5,14.835135884443345,0.64574878823362,2,181
6,22.57463569914432,1.2561930588313512,2,7,0.00010330598759108404,1.3915520172852736,2,20
7,8.420024391110047,0.7727252491094448,2,135
8,13.724167394496401,0.34995695309979574,2,14,0.0003351187273255372,1.0454639196395874,2,20
9,5.884060215822953,0.46618039160966873,2,20
10,0.2611465507003722,1.120110218341534,2,13,22.916531722925058,1.1680761955001138,2,35
11,46.791521026772394,0.3308429985806562,2,69
12,1.7160736882940935,0.9983891898935492,2,11,0.0002930002672324698,1.1103761196136475,2,20
13,6.467152243984257,0.07163364612139188,2,26,208.7334678605175,1.636066008891378,2,82,5.662146611970807,0.18940546293543953,2,199
14,1.9253948284762303,1.2239177171830777,2,54,284.1154394698729,1.476414456218481,2,134,15.102412277253043,0.6416659145443527,2,161
15,11.258815321559343,1.4667115917912237,2,27
16,6.570473364177505,1.3163642287254333,2,12,0.0005385652962569209,1.1173108965158463,2,20
17,4.098219038042916,1.1608764954975672,2,21
18,15.6171959523647,1.6322721087414285,2,23
19,40.35692610593191,0.7072432935237885,2,4,4.8397845778455136e-05,0.9773092567920685,2,20
20,8.459143200080067,1.4182597483907426,2,28
21,106.4513728097899,0.807221897809129,2,95,10.44728956729318,0.9018154026756824,2,166
22,20.257140275764694,0.5613870779673259,2,15,0.004140734855637478,1.7436731100082397,2,20
23,0.00014215530603384124,1.2496665954589843,2,20
24,6.98915053495611,1.0319019599658688,2,82
25,49.09034122055854,0.7620057463645935,2,3,4.0684347386629484e-05,1.3000237591126387,2,20
26,14.086490634564308,0.6350736116716104,2,129
27,17.166753815131223,0.746825096282092,2,22
28,33.02594302704951,0.8589801059828864,2,27
29,21.250850011684747,0.8749292279992785,2,14,0.00039814289091994186,1.0677836139996846,2,20
30,12.214323873424144,1.2915268492054295,2,37
31,11.318088390366047,1.4622249841690063,2,10,0.0003315801723510043,1.2788140773773193,2,20
32,3.547785656508572,0.3252072999322856,2,108
33,12.992653506709674,1.3601009249687195,2,4,0.0001094970384746869,1.15377976000309,2,20
34,14.618653718537434,0.43706961401871275,2,14,0.0002537810316912444,1.2659151355425518,2,20
35,3.845796799391217,1.383706590959004,2,91
36,8.986729442242229,0.9479369606290545,2,7,0.00012556769056413939,1.246823209982652,2,20
37,10.543802484447662,0.8338624702559577,2,72
38,35.312473121905136,0.81116783618927,2,3,0.00012863109985063607,1.1946211772806503,2,20
39,13.431476613076311,0.4075309501753913,2,9,0.00011484251669305077,1.3231175487691706,2,20
40,24.282980288973167,0.7611302932103475,2,3,4.0871964454479925e-05,1.2080591075560625,2,20
41,17.297994064504024,0.17073631641410647,2,21
42,2.6592377480600407,1.3675204458690824,2,21
43,8.399320388209151,1.6856463849544525,2,20
44,27.59234406529943,1.1248378306627274,2,8,0.0001495166134973424,1.2004136145114899,2,20
