1,0.10733276960207655,1.0158107299357653,2,32,2.4740167698426245,0.4450117222526494,2,66
2,0.38826733774604694,0.8830329357099928,2,121,0.032685476817637116,0.6134815235087212,2,168
3,0.2442328192509766,0.7360670417547226,2,36
4,0.9737275620328205,0.5854771917587832,2,38,45.97773440399753,0.025815431074595746,2,200
5,0.6388633394129513,0.8676368127698484,2,23
6,77.64733334394661,0.7314508309731117,2,130,0.7322541676519327,0.8024985138859068,2,200
7,0.2977215280075511,0.808149629695849,2,44
8,0.4512664197664848,1.188129155924826,2,66
9,0.42045695193523025,0.6234624453566291,2,44
10,3.1579809706140407e-06,0.7172623306512833,2,20
11,0.12139407949745583,1.0361665487289429,2,8,4.9604191384979745e-05,1.1358145574728649,2,20
12,0.4795712767121989,0.6991155594587326,2,200
13,0.03847535815641132,0.9297869946807623,2,40,2.45751681275985,0.23049559757897728,2,116,0.015399231445135001,0.9279606682913644,2,137,0.6780588549063669,0.41366320943075513,2,200
14,0.36109896955395737,1.4951264347348894,2,35,38.398481254010335,0.17594053682052727,2,200
15,14.748298069431048,0.17141760159761477,2,39,0.4129840757767273,1.2441555857658386,2,71
16,0.3535735148599127,0.7070900460607127,2,114,5.074410865401303,0.16429361285165298,2,200
17,0.23614398328016617,1.0647375464439393,2,10,9.929943192819715e-05,1.153023326396942,2,20
18,0.20553199521528118,1.1814683675765991,2,6,4.049702957921448e-05,0.8492282799312046,2,20
19,0.32977032661368766,1.1993963225134487,2,29
20,0.27463781952429955,0.7161531563264778,2,83
21,0.30424806941492616,0.6121805667877197,2,30
22,0.14798467703177243,1.130293543805781,2,97
23,0.8807114180578938,0.7136252041046436,2,52
24,0.2993975869795604,0.6566720845139756,2,98
25,0.3925056414511237,1.1628228617020142,2,78,56.72679334768858,1.1578339274144835,2,150,45.19252170976765,0.23227869612830027,2,157,0.1288998473613843,0.3404308224008197,2,178,50.74033907111322,0.09436256757804326,2,199
26,0.08575709104583962,1.010983508825302,2,130
27,0.35790234117683195,0.7100239101052285,2,200
28,0.264110777380417,0.5368891596794129,2,10,0.00010371983594641828,1.1268250584602355,2,20
29,0.2581796894937965,1.3411778785147757,2,106,0.02562841056539093,1.1784031987190247,2,186
30,1.5343057451013327,0.4545658901333809,2,12,0.014951297801550916,0.9107139864388634,2,46
31,0.8185597481091075,1.1114505092302958,2,15,0.0002496973979790219,0.9924366474151611,2,20
32,0.7914553218152829,0.6515560513910126,2,68,103.96574387068786,1.3909750619169436,2,200
33,0.2907039479915899,0.9692917011551938,2,177
34,0.23985021984638838,1.3442746791243554,2,200
35,0.26434532615889333,1.127724485632814,2,81
36,0.28364405156821215,0.9280862530757641,2,174
37,0.0001220561696118342,1.2384273886680603,2,20
38,0.2900696771360381,0.6834288090467453,2,44
39,6.822249122077258,0.20264333077505522,2,51,0.36352951675575196,0.8230236602709597,2,200
40,0.07025616038063529,0.6305369094014168,2,20
41,0.1147587806892286,0.9230843555182219,2,40,37.956492636773255,0.03558291716778532,2,87,0.4051495002149016,1.4231172778776713,2,115
42,0.3017246327774912,0.2838594743183681,2,84
43,0.551804016435984,0.90396637567934,2,106,0.002779347984981565,0.43383991718292236,2,123,1.1380453394865104,0.9591925309764014,2,141,0.019658345100095644,0.7914592658772188,2,192
44,1.5992918919967878,0.8710187395413717,2,15,0.0007488296162755243,0.555593378841877,2,27,0.49680127302524657,0.6342123344137862,2,64
45,0.4561169438880928,0.894214678555727,2,72
46,0.3690135241733424,0.9950138723457252,2,91
47,0.41981666425224484,0.7965595719203278,2,199
48,0.7534871719407303,0.6258931219577789,2,10,5.9067273781344535e-05,1.0430396258831025,2,20
49,0.30370885350696564,0.8741334698818348,2,27
50,0.30159482228153905,0.6094488102842022,2,74
51,0.27973347793632897,0.34578947275877,2,20
52,0.6177728084560269,0.3486652473608653,2,27,19.282762289428806,0.15248079921277063,2,133
53,0.07284945395350213,1.4222545226414998,2,6,5.779623382286211e-05,1.066085594041007,2,20
54,0.3616331570706568,1.059672824582275,2,98
55,0.5959190248774665,0.782709323870602,2,67,0.001181424603629336,1.2409320984567915,2,81
56,0.2034001195277499,1.1259853303432465,2,20
57,0.2850597978933213,1.2431982242398791,2,72,0.0002358265445866944,0.9437452733516694,2,82,9.211000487361948,0.23061627745628357,2,102,0.00013908639963862652,1.3372896909713745,2,111,0.03863974054804036,0.9117266615231832,2,126
58,0.15560035508493425,1.2439468502998352,2,20
59,0.2886316108220098,1.3046298814269732,2,53
60,0.007209985822812661,0.9329364849970891,2,13,12.111530514644164,0.07694990239678857,2,200
61,0.6984685426639614,0.5996956771655049,2,139
62,0.33646616826117964,1.143481315568436,2,86
63,1.4828428684248873,0.5456927470538927,2,69
64,5.501780739876505,0.48121141642332077,2,44,66.75529592719258,1.7731886882531016,2,82,4.583765859510357,0.12523250561207533,2,130,0.3493767728113751,0.39600544486727035,2,200
65,0.31003184957178337,0.5518770906889793,2,101,16.740088735278242,0.10960109276430947,2,136,0.3439676503531539,1.2301487830969005,2,188
66,0.34136399444627624,0.6465148851275444,2,200
67,0.4327046970409928,0.9553113198942609,2,72
68,4.407346746794983,0.27478457938849443,2,123,97.1996212511811,1.7573314328347482,2,154,44.7981439499433,0.07362895653299663,2,200
69,0.35447895723302514,0.9598933458328247,2,20
70,0.05067122193352217,1.222331268446786,2,7,3.4880900131890064e-05,1.1337681733644926,2,20
71,0.24231481339509936,0.8270007463601919,2,13,0.00020395537860382827,1.1120823451450892,2,20
72,0.21784624979473324,0.8329560319582622,2,15,0.00023415768160628522,1.1223145246505737,2,20
73,0.010439082779074143,0.5311636467774709,2,15,0.6568585960928846,1.1331712188928023,2,61
74,0.7129620645079504,0.9312826281502133,2,21
75,0.28176172960990653,0.8025253130042035,2,23
76,0.036587699189237134,1.6716794908046722,2,20
77,0.013341964544128272,1.221971201174187,2,33,0.5546815794788983,0.5728762158245411,2,86,11.06480013742621,0.1024958233941685,2,163,0.3339977236748894,0.6286507613129086,2,181
78,1.8989482630407621,0.4027020582878912,2,74,70.65987201609929,0.0462792639931043,2,104,1.4112586801364335,0.5859040575592142,2,199
79,0.012303045913008324,0.47958847135305405,2,24,1.1063495193438806,0.4597732039946544,2,103,42.44650927960073,0.6055203184639055,2,200
80,0.5113086442037627,0.8088778927922249,2,32
81,0.396995775229806,0.512253081603865,2,199
82,0.752632877685517,0.7154040511782843,2,131
83,0.23266425208249925,1.2139118194580079,2,15,0.00013052421490310649,1.1781795740127563,2,20
84,1.6191335114966878,0.3942017293402127,2,70
85,0.0030157343645310945,0.43609044204155606,2,12,0.5034748107870789,0.6441568238265587,2,177,30.70169985065892,0.11721984459006268,2,200
86,0.2584121436054981,0.9095450420424623,2,106
87,0.5596489572184195,0.8295410323143005,2,25
88,1.320103847901233,0.23153377759574664,2,101,40.42918035887928,0.01573241584830814,2,137,1.9666387773997975,0.3254424406895562,2,200
89,0.5683126158963903,1.3957007556192336,2,62
90,0.15022446944662585,1.5641707290302624,2,11,9.059804560103865e-05,1.320208470026652,2,20
91,0.46567384390261984,0.6728972792625427,2,25
92,0.7081150952167224,0.6708968489066415,2,23
93,0.11356480187602526,0.6238768526485988,2,7,2.7532723601120442e-05,1.0120521050233107,2,20
94,0.10725606355938895,1.0305383881526207,2,67,0.8728534818500774,0.48077030558335154,2,86,25.721927528034495,0.0651711205729341,2,199
95,0.42644277011019865,1.1356884002685548,2,20
96,0.2133394851136034,0.9714560817471511,2,139
97,0.5771101598651713,0.3605708898603916,2,200
98,0.2824152908701487,0.5295317106776767,2,27
99,0.18209912889387286,0.8829686859662228,2,188
100,3.026602203970632,0.33030749976634977,2,50,0.34173438955597624,0.4238876138130824,2,200
101,0.6170162152323074,0.6160893223318112,2,147
102,1.2265464149234606,0.7580617547035218,2,10,0.00018524984143870993,1.1992913603782653,2,20
103,0.6966542007975153,1.210848609606425,2,3,0.00010512919539023936,1.1944991244989283,2,20
104,0.369539425490927,0.8613811497177396,2,28
105,0.16714430552386092,0.6981706963645087,2,45,0.007484021057050601,1.2053040349206259,2,88,0.28077730337177365,0.9101984170930726,2,200
106,0.23993785074878632,0.7583360661159863,2,110,19.26960422341311,0.8843063799871339,2,200
107,0.2892206244370754,0.8470857395066156,2,45
108,0.3178863316240224,0.9215823622738443,2,82,3.379885481294454,0.19757570326328278,2,200
109,0.6274744528841018,1.0445582866668701,2,4,0.00011238881849979046,1.221048355102539,2,20
110,0.41825307260315786,0.929223536137949,2,57
111,0.0824075158044601,0.9057350976126535,2,35,1.8490098962228996,0.35312637729304175,2,70,48.900334641543076,0.18107407471308343,2,200
112,0.43291646052410226,1.0131721124431203,2,197
113,0.34697406798362784,0.8937347397208214,2,120
114,0.02917581615820409,1.1028955443700155,2,75,45.75093757977527,1.7079440913200379,2,200
115,0.43507230582988865,1.5957992553710938,2,10,140.11062052819068,1.921467900276184,3,200
116,0.31719750775890293,1.37183811267217,2,27
117,0.38474321732078615,1.0384811890125274,2,200
118,0.22705179701218176,1.2020236492156982,2,20
119,0.18087863978818297,0.9122616529464722,2,20
120,0.6793617785454684,0.9795984859174153,2,53
121,0.30340807655240704,1.1128866570336478,2,35
122,0.26852431500971313,0.8660793361209688,2,63
123,0.969973036200003,0.8306245487183332,2,64
124,0.11350922688194509,0.6251261866092682,2,75
125,0.586472272477863,0.8745944595943063,2,59
126,0.11124262421185405,0.690808608631293,2,30,17.140235265305087,0.553636012357824,2,200
127,0.10989406386744402,1.3603122574942452,2,7,3.3592296009908364e-05,1.1641083588966956,2,20
128,0.33460827863046405,0.9283338967830904,2,62,0.010007982172494259,0.8017160663237939,2,88,0.6551234934847519,0.7977179298261264,2,199
129,0.26100060527941243,0.9463393410046895,2,30,15.833969672529697,0.23529308984676997,2,60,193.4092661553531,1.7241672686168126,2,200
130,1.3554622576424111,0.45627749061330836,2,94,0.012604183510084894,0.58620905203204,2,125,0.3433060717846558,0.9528041868596464,2,162
131,0.26269545007159406,0.9601620103037635,2,43
132,61.3685532680833,0.052457143515348435,2,200
133,0.29103773808745403,0.19602478905157608,2,11,0.00010262632116811119,0.8865426447656419,2,20
134,0.30745872388658724,0.7093092936735886,2,13,0.0004848500372578081,1.0691066128867013,2,20
135,0.11039699656123922,1.094896125793457,2,20
136,0.17591807396725412,1.4154053807258606,2,10,5.038764450084666e-05,1.2501565217971802,2,20
137,0.3197154684083452,0.992713375525041,2,55
138,0.3829336640013862,1.2733344104554918,2,108
139,4.436005558352101,0.10720144758621851,2,60,125.32209447506601,0.09690428493278368,2,200
140,0.3477750565980167,0.5405584216117859,2,25
141,0.20609653472371595,1.5772101283073425,2,10,0.00010472111689897102,1.2307785272598266,2,20
142,0.3596982357491506,0.9282957752545674,2,60,24.033855266508343,0.036048972680244915,2,141,0.3708899208853996,1.0318973751391394,2,200
143,0.3577472941822578,0.8291414277306919,2,116
144,0.25511162269805787,1.0500917252032989,2,62,11.153521228118306,0.2820707852801969,2,186,0.21139352162975666,0.5098426708808312,2,199
145,4.734901390820972,0.5275667011737823,2,40,0.028453940038685278,0.6460220604271129,2,109
146,0.30005563405521457,0.8948518970073798,2,39
147,0.18491622097830854,1.4745219469070434,2,10,9.988594332585784e-05,1.2743155479431152,2,20
148,0.5573517909938577,0.9289810260136923,2,6,7.892745908273997e-05,1.1408092209271021,2,20
149,0.37099896682334116,1.0916779429725048,2,89,4.298506769913883,0.22413574199418765,2,200
150,0.16914869063160207,1.1030104841504778,2,84
151,1.4731762424401178,0.693633530821119,2,14,0.0009287197889690931,1.163681447505951,2,20
152,0.018757920980291866,1.081327592117199,2,69,1.5551556458879832,0.6009068707270282,2,153
153,0.8339430057085494,0.6378970982879401,2,200
154,15.828098146152199,0.13528844974935056,2,200
155,1.1699587095814457,0.7485131009745953,2,134
156,0.34686507228966773,1.1486565261273771,2,37
157,0.4793649022679363,1.2407190702178261,2,110
158,0.7255529593155857,0.6885892954365961,2,58
159,0.5939784695889602,0.8253026662803278,2,41,0.0020199677156072975,1.2132482017789568,2,55,7.842792589457286,0.23773393024658335,2,200
160,0.17499566191324514,0.9752357628034509,2,23
161,0.6477304487053746,1.0735378503799438,2,15,0.00031207085171875554,1.4598936796188355,2,20
162,0.2579923570434544,1.3031557083129883,2,15,0.00017908990966785326,1.2329383373260498,2,20
163,0.02561960253034674,1.4770517110824586,2,5,3.405504337829262e-05,1.0484634359677634,2,20
164,0.4969030441493301,1.051758954524994,2,25,75.74778766642149,0.2469145255429404,2,200
165,0.9968654856077034,0.9916213750839233,2,14,0.00018683046653236997,1.0199382901191711,2,20
166,0.4604856815980961,0.2675245088338852,2,50,28.309678430570116,0.03321276307106018,2,200
167,0.25754681432005067,0.9106980578952961,2,178
168,0.5285038490712346,0.8216980519619855,2,44
169,0.09260980144906443,1.405586262543996,2,6,5.9404697939457485e-05,1.0995670471872603,2,20
170,0.04343024055104139,0.6943117043246394,2,23,43.24504379002263,0.16987255181969896,2,200
171,0.3065067244131252,0.8477641661961873,2,15,0.00024447122509712487,1.0930896759033204,2,20
172,0.020461053459751365,0.660424475868543,2,60,31.442878770383743,0.06746016454602045,2,186,0.35622760289098376,1.2152403848511832,2,200
173,0.00015809471324916007,1.074683940410614,2,20
174,0.034617872193910916,1.5447827100753784,2,5,3.353456062095896e-05,1.0855193734169006,2,20
175,0.11140843915136206,0.5420324416072281,2,27
176,0.2990915300270552,1.1734379028019153,2,38,3.568635046887484,0.30444086368741663,2,125
