1,2.1755915023002395,0.05392512346594787,2,121,0.19770824690532687,1.2632548880727985,2,200
2,0.29482940645975264,0.8049960217233432,2,59,4.459171511936118,0.2040562905252926,2,185
3,0.21564720435128196,1.49828425320712,2,11,7.82625030693618e-05,1.1807908217112224,2,20
4,0.7499824733344449,0.6045454927380123,2,63,6.673187480777737,0.13091880769542094,2,152,0.0648282218829501,0.7642902325217923,2,200
5,1.1083953327777203,0.8850650331553291,2,34
6,0.2928686163634109,0.817274357738166,2,116
7,0.7486427231095913,0.8934347770716015,2,38,28.840969940615274,0.20584927175355994,2,130,0.01983650724331439,0.9760285786220005,2,137,19.799963248425552,0.37316059191075585,2,200
8,0.6580064210703515,0.9599133804440498,2,8,0.0001159260159344837,1.2415757775306702,2,20
9,1.8610880578579045,0.3955838225590877,2,78
10,1.1065950388958485,0.6804627088117011,2,162
11,0.3798653076817582,0.9352742892045242,2,91
12,0.1596928678574321,1.6982385118802388,2,12,8.022867097068349e-05,1.17159004509449,2,20
13,0.080182376050221,0.8491261851305913,2,99
14,0.3697425383588994,0.9049825187900971,2,116,3.0627763510006116,0.48069198713416145,2,200
15,0.3379528563765128,0.8497807948291302,2,200
16,0.3699607209084406,0.7340331558595624,2,57,14.492320325925574,0.07256634168691568,2,200
17,0.4719832742969852,0.8689528286064926,2,152,5.7639170661797134,0.3014836444829901,2,200
18,0.4211074712235457,0.9232596462423152,2,110,0.02134660448526178,0.9792476109429902,2,161,0.5119009195297439,1.0270987372649343,2,199
19,0.28661728218206606,1.2561703313071773,2,53,1.3071863573120477,0.2866323153327282,2,186
20,0.07283038368123229,1.1079260792051042,2,7,3.068946091160732e-05,1.0637519588837256,2,20
21,0.35208208694958193,0.8024535093988691,2,14,0.00042248357402917323,1.2408947944641113,2,20
22,1.3590983012077644,0.674506954968937,2,124,29.169020586764564,0.38963940210248293,2,200
23,0.5350936931346434,1.0834907607132236,2,151,0.0025920492726749533,1.2723659038543702,2,171,1.2310541643104373,0.44026137837048235,2,200
24,0.32791193836338534,1.1352526651669854,2,73
25,0.8943260331842067,0.6404705166816711,2,15,0.0002182565927149646,1.1938559055328368,2,20
26,0.2858793684164059,1.1150904078232615,2,38
27,0.4953587371187354,0.9401856569143442,2,26
28,0.51714994987439,0.9594016487781818,2,39
29,0.22519763343274002,1.3807998895645142,2,10,0.00014928378476717152,1.240833616256714,2,20
30,0.055448760671129665,1.431214622088841,2,7,2.541312389904463e-05,1.1318712005248437,2,20
31,0.2632849561308975,0.8613668419420719,2,32
32,0.3696814652696117,0.9456553070834188,2,99
33,0.6258444215518003,0.9892740798821239,2,159
34,0.26949748812788366,1.1397068500518799,2,23
35,0.40797450357763926,0.7757137628162608,2,34
36,0.24818688063475006,1.0781766176223755,2,11,9.975817480191567e-05,1.1135452323489718,2,20
37,0.49513777197929487,0.4406611756980419,2,200
38,0.30719106520484296,0.718918190151453,2,200
39,0.2646644639579451,0.480255044558469,2,17,15.587601701683736,0.14015986183856396,2,64,0.2322621866549337,0.641532562362651,2,112
40,0.058361776123412985,1.6093108256657918,2,6,2.9149772376167572e-05,1.0992025605269842,2,20
41,0.5342977492273976,0.7870697093755007,2,200
42,0.35591248237722845,1.2287569642066956,2,56
43,0.5138943671514645,1.0258812536696094,2,199
44,0.2935840509259051,0.8545045334359874,2,46
45,0.08884789516571792,0.8803083482384682,2,100,3.005817604215814,0.10629142274459204,2,160,62.92708579038765,0.10153538286685944,2,200
46,0.4861326176515348,0.5960550306737423,2,200
47,0.2661121872793236,1.0274703085422516,2,200
48,0.594460446569548,0.7522176187485456,2,200
49,0.3657529062629489,1.2125881540364232,2,87
50,0.5045892597434828,0.737528453145794,2,199
51,0.3008503965384092,1.1048871108463831,2,21
52,0.4664069743702648,0.4715296792781959,2,59,3.5473711002799764,0.22176299565113508,2,189
53,0.3207104570112953,1.1599821289380392,2,60,12.88505579637127,0.0950555790747915,2,200
54,0.27402844601169196,1.1061696844484339,2,199
55,0.37301229087657356,0.8709551085685862,2,116
56,0.3179103742302054,0.630135793577541,2,22
57,0.5100423885625085,1.266358311359699,2,13,0.000217415392073518,1.3057387386049544,2,20
58,0.20441491070214296,0.8159496085397129,2,29
59,0.5404184495824352,0.6843389937654137,2,80
60,0.10172709676249651,1.209143911089216,2,7,5.1488988408032584e-05,1.0590118078085093,2,20
61,0.08925362312835444,0.8131348669528962,2,20
62,0.7961712798359807,0.8137046424514156,2,118
63,0.19385672744117546,0.775838934458219,2,13,0.00022927034476282024,1.0761960233960832,2,20
64,0.35074434367004403,0.8709751104011016,2,147
65,0.46511807845461717,0.6547591213024024,2,165,0.0005258338025481038,0.9571724832057953,2,173,0.7489711004062519,0.5148998145703916,2,200
66,0.10479455554828768,1.1181124687194823,2,20
67,0.6659541260225789,1.2795457792282106,2,25
68,0.21335567517611376,0.6601474642753601,2,25
69,0.40822797587807075,0.7470909150747153,2,52
70,0.3831496467520141,0.756391429099716,2,119,6.11840103008628,0.31832124590873717,2,174,0.0663091546479393,1.0033398224757268,2,200
71,0.45759279357005717,0.7085525868460536,2,32,17.20902967181255,0.08797800751293407,2,117,1.7613735376771782,0.3772389441728592,2,200
72,0.22466035346401972,0.8303889239376242,2,44
73,0.3338643869758506,0.8048140376301135,2,118,4.397045308654732,0.27243454772524717,2,200
74,0.46285966353522595,0.8636200001835823,2,200
75,0.2964990062502708,0.9042641754150391,2,125
76,0.23741308414871878,1.0085843311888831,2,42,5.669843824954428,0.2970925795881054,2,200
77,0.21443489644392894,1.0096570683616988,2,142,14.166708379421367,0.13734517681101957,2,166,0.3514847960212347,1.1833609640598297,2,200
78,0.03753112827198669,0.9956873485020229,2,42,0.5373391704553928,0.12001102291620695,2,107
79,0.15304312229996642,1.154855317539639,2,9,9.435041173728367e-05,1.1141454740004106,2,20
80,0.21202074119586756,1.0588683217179542,2,51
81,0.5026321935515176,1.0214979983866215,2,32
82,0.1659900782823703,0.8700968708310809,2,7,4.5810568474557185e-05,1.0280470939782949,2,20
83,0.37044600654116644,1.1361413047327633,2,171
84,0.32255942128473875,0.8584783573945364,2,150
85,3.959478261848558,0.20654242005613116,2,45,0.2681317526932409,1.500253806722925,2,92
86,1.681986169532982,0.5017363839220292,2,101,72.00141151340102,0.182370801957754,2,127,0.4941111656766304,0.9859343371961428,2,173
87,0.2573151384438547,1.207002226696458,2,43
88,0.31651299486733475,0.925709151907971,2,38
89,0.355436223065572,1.0801779420352449,2,102
90,0.27310686872088064,0.34152054326100784,2,110,0.016851522053476377,1.360135452500705,2,168,1.5431388585653343,0.41704608919098973,2,200
91,0.0718534124935343,1.0338436365127563,2,7,5.197557628576981e-05,1.0597896117430468,2,20
92,0.11828537688005798,1.3462705790996552,2,20
93,0.2527535089176252,0.9395973912072838,2,109
94,0.264801611901592,0.9910398721694946,2,6,5.8324536112175906e-05,1.1101724420275008,2,20
95,0.15099135719151266,1.1609283503962726,2,82
96,0.4216962122418783,1.112843081355095,2,8,6.22579729578687e-05,1.157643049955368,2,20
97,1.9110759756322642,0.9092410568309867,2,115,0.05395300291725875,0.9849462151527405,2,145
98,0.08700325752452556,0.8502057731151581,2,20
99,0.0011616742108207698,0.4845238924026489,2,12,2.8073214184451065,0.4377104479706649,2,144
100,0.0396689099140806,0.5743895425246313,2,26,3.4843504212737946,0.22312456908924827,2,200
101,0.1620416458315617,0.8528894990682602,2,20
102,0.6216518455878336,0.5464158056037767,2,70,0.009569541523106469,1.0522038312185378,2,91,2.9150203744775043,0.2481715001406208,2,153,0.1400364415106165,0.30116165572024406,2,200
103,0.301989711865621,1.1322457091374831,2,110
104,0.18762087861602014,0.6325432478482998,2,199
105,0.2608825326539972,0.9586515963077545,2,20
106,0.3889935592695161,0.8760431955258051,2,12,0.0002435214182803947,1.0360733419656754,2,20
107,0.005390946282668034,0.791633505712856,2,22,0.6498120109088193,0.8836666084825993,2,54
108,0.004142281817155467,0.8566568869131582,2,27,2.750632627438557,0.2788582669141201,2,131,59.71217507878453,0.05595541885797528,2,200
109,2.9576472288778364,0.14461813933956316,2,156,0.014870857066330621,0.20764813678605215,2,163,19.468706979416545,0.2099216975070335,2,200
110,0.15391409626614422,1.2745673775672912,2,20
111,0.3755837754642558,0.7462294900670965,2,47
112,0.46642213583035663,0.8193006348094822,2,81
113,2.2349185217719287,0.6886715999671391,2,35,0.02542044487545624,0.4992715274465495,2,64,38.63201576106414,0.4625417053699493,2,69
114,0.4279443041911457,0.713815265148878,2,200
115,0.06083549217671746,0.6559897363185883,2,95,13.399392627611824,0.7377822067056383,2,200
116,0.07284128871921132,1.506637625834521,2,34,8.040950388719503,0.2345142829520949,2,92,0.13076866428146175,0.9812051911766713,2,144
117,0.04004813164591004,0.8394819498062134,2,41,5.990506851353542,0.27271045641329306,2,200
118,0.4815904507278348,0.830574552449145,2,129
119,0.35368546620363495,0.6627226326810686,2,38
120,4.4793593327816446,0.43073729098888863,2,114,0.0005150002750782979,1.239607810974121,2,135
121,11.322469815162728,0.22473622524916237,2,67,0.15114907251192564,0.5777743451735553,2,152
122,0.6500634323867421,0.2688804444670677,2,200
123,0.2997203097095374,1.0724180494035993,2,35
124,0.1722547132013466,1.3224292906319224,2,82
125,0.4929615216643645,0.9471433013677597,2,94,3.322241157978621,0.2939976993596779,2,200
126,0.08113161262385912,1.094672441482544,2,36,2.0029317674846983,0.22656367074062184,2,200
127,0.39807796456642014,1.4032100466164676,2,44
128,1.402399455323325,1.0577827394008636,2,12,0.0015338142793505393,0.2973801663943699,2,26,3.719499218693127,0.9166405871510506,2,50
129,0.2762463733533344,1.2025226398750588,2,54,0.4731740493379195,0.6393150389194489,2,58,17.49771923426328,0.15467352052809488,2,200
130,0.7240047962689513,0.7719103026210814,2,133,0.08785549294338829,1.2759658124909472,2,200
131,0.23218438669091548,1.178591638803482,2,28
132,0.3798926128823008,0.9948509773787331,2,34
133,0.14217228005309246,1.0647447109222412,2,49
134,0.4134266828145741,0.44033991642020365,2,108
135,0.8815465951658722,0.8014601583664234,2,65
136,0.5117104978728139,0.46942178606987,2,200
137,0.41481294768585064,1.2355719114285568,2,172
138,0.018667438645622435,0.9525954228527141,2,53,0.704894894435723,0.838259167458913,2,199
139,0.1059055232001784,0.8298068805000721,2,78,7.456231828420315,0.12386882463928128,2,200
140,0.3090321622844683,0.8157587692593083,2,33,19.866622249224385,0.14515407778778855,2,131,0.00017054230432929436,1.2842282553513844,2,143,5.114754906409628,0.17723453692767932,2,189,0.004953081747219861,0.7378050684928894,2,196,59.976641851432134,0.6290933191776276,2,200
141,3.594377856021214,1.5029062430063884,2,3,0.00012268625232408952,0.739371371269226,2,13,0.04451474988045432,0.845678119948416,2,46
142,0.05165888099976648,0.9874876480476529,2,51,3.3746767513019833,0.290520761331374,2,139
143,1.8420498646951857,0.4084309756010771,2,200
144,0.6326111156712348,0.9799151399731636,2,200
145,4.380505815079386,0.2012515401138979,2,136,0.12458983071306798,0.8217506604269147,2,200
146,0.27025593993167213,0.6939605623483658,2,20
147,0.44811074117971894,0.8400240920636118,2,147
148,2.663308949455451,0.20685977990529975,2,49,21.895835629724946,0.10415924384893961,2,200
149,0.5570034533353895,0.9992828451353928,2,29
150,0.6407927808537369,0.8813475886980693,2,15,0.0005944790349358378,1.5610806941986084,2,20
151,0.12177673204753882,1.1521679490804673,2,20
152,0.14192389260724297,0.972638563811779,2,80,1.2225917768959107,0.7105878865132567,2,141
153,0.30619287513183635,0.9973039859905839,2,64
154,0.06899400357935895,0.9835498690605163,2,20
155,0.08403317910056235,1.272230064868927,2,10,8.678799090080112e-05,1.1159607529640199,2,20
156,0.31810366499491477,0.930247596332005,2,7,7.901107098943934e-05,1.1927325908954327,2,20
157,0.2897246586346465,1.0287535479574492,2,33
158,0.0792655926893286,0.7751585038808676,2,52
159,0.2354994615256852,0.895443591933984,2,52
160,0.4032256321859796,0.7734887248008095,2,199
161,0.44972226834297196,0.9593207103510698,2,48,8.270425886051205,0.17535493160156826,2,200
162,0.19133162956835073,0.4151517336015348,2,135
163,0.6934523314740768,1.2108563232421874,2,25
164,0.015021275522947013,0.7408321605701196,2,76,0.9477804821823568,0.5561974531895405,2,113,0.0228112703806729,0.6680045309993956,2,149,7.764982022005994,0.12051731523345499,2,200
165,0.11678162990242305,0.6748903306393788,2,58,4.095041315691977,0.19443590110036688,2,200
166,0.11816325419349595,1.500168466567993,2,5,5.5482896605369026e-05,1.0943097790082297,2,20
167,0.11089238615849131,1.5160869757334392,2,6,3.1603844726611396e-05,1.1153514385223389,2,20
168,0.6394072728060842,0.6676551092754711,2,110
169,0.3992635744551904,0.4086816042661667,2,30
170,0.22076388256986199,0.5386913622680464,2,38
171,0.6117693568347031,0.5625464751908223,2,146,7.8911679636864935,0.1965978032460919,2,200
172,0.5059693600659898,0.8958306152846932,2,181
173,0.5610983580060016,0.9768411258856455,2,30,0.020185241278192836,0.8182646036148071,2,64
174,0.8651367843923855,1.0860293033795478,2,39
175,0.5358472350272514,1.1081973039186919,2,13,0.0002265744410798697,1.041536808013916,2,20
176,6.511995964865156,0.5437922298908233,2,5,5.9910961270191255e-05,1.0760076284408568,2,20
177,0.6752113912981742,0.7357951523057672,2,151
178,5.513246133170841,0.1457217244262045,2,44
179,0.36904565752127844,0.8536493467787901,2,48
180,0.29147734424429445,0.2039534757111935,2,47
181,1.3220247884512262,0.11811383553715639,2,43,27.906959828644162,0.08105393257110742,2,200
182,0.29193527535939723,1.1455158370057332,2,97
183,0.3743889272028058,0.8167637037603479,2,38
184,0.292434973644515,1.358189203121044,2,27
185,0.0372388418132506,1.4036135971546173,2,4,2.2990180123602447e-05,1.1597545966506004,2,20
186,0.056371602585460055,1.5617757737636566,2,4,3.96730280459161e-05,1.1404316313564777,2,20
