1,0.47769500034489987,0.9910812225452689,2,86
2,0.23496645017842488,0.6304663858479924,2,36
3,0.6268930404766716,0.6928414136889469,2,166,0.027524292060635343,1.1478089950978756,2,198
4,0.49395710348152994,1.1484262287616729,2,20
5,1.327231153104446,0.835772865348392,2,36
6,6.6447959593666095,0.21566226762883803,2,170,0.21822109638315415,1.0478821047421158,2,199
7,1.5476619456328993,0.7389353433170834,2,74,16.18774241996827,0.22977780843082862,2,153,0.22134989981630038,0.6947519239925203,2,174,29.589951885212255,0.10103284567594528,2,200
8,0.19355024709202984,1.1618847336087907,2,14,0.00010804197196850569,1.113087276617686,2,20
9,0.3245391472193355,1.049625683747805,2,65
10,2.3864747140804106,0.5894542519123324,2,62,0.2226816902985368,1.0427278159844755,2,161
11,2.397024024419767,0.4582609264623551,2,21,0.020025215229467954,0.9144391989707947,2,71,0.6487361245897211,0.6953200168849886,2,200
12,10.303195794662969,0.1895459346473217,2,200
13,0.8433129478452237,0.5439446902275086,2,100
14,0.487189999917947,0.6556691711963113,2,67
15,0.07580654072005648,0.7530963887873384,2,97
16,0.48404346419720756,0.9583355863889058,2,15,0.00013720249320726594,1.3385493755340576,2,20
17,0.23004638383357948,1.2256772756576537,2,10,9.035649825515698e-05,1.2464072227478027,2,20
18,0.3141243313658394,1.198198032705751,2,73,6.168828058179695,0.2169155350585622,2,200
19,0.8976541234876971,0.8507230842397326,2,21
20,2.2960035390860956,0.5706103103743358,2,88,0.28766336287511113,1.23242214428527,2,200
21,0.4288997013098015,0.5397340197388719,2,41,0.019724813260129596,0.9227987744591453,2,74,10.924064367866169,0.12574079522380122,2,128,0.6105223676573925,0.8343999070941277,2,181
22,0.19160321315391324,0.5136849220912412,2,106,9.114386851677676,0.1664994980426545,2,200
23,0.23521830397241228,0.9598235691294951,2,170,3.691030253255947,0.5292751491069794,2,200
24,0.18105515338191822,0.8282883422715324,2,7,3.083807437395017e-05,1.0163353085517883,2,20
25,1.7497346917299093,1.0107920467853546,2,8,0.00011891832348233173,1.000177651643753,2,20
26,0.2532982835606319,1.5091420673742526,2,41
27,0.1601489515577818,0.4630328379571438,2,8,4.421706661229911e-05,1.044620543718338,2,20
28,0.23165229299886736,0.6264081597328186,2,11,0.00015866350493761895,1.1783155070410833,2,20
29,0.1543681446555408,1.2430010735988617,2,8,5.477184099545245e-05,1.0798911948998768,2,20
30,0.2689976422631773,1.3861755770306254,2,86,0.3971696115466623,0.5442373227131995,2,200
31,0.02736109821908204,1.069287555558341,2,7,7.92585567562721,0.11865221729709043,2,79,0.04171015009736488,1.1465920692398435,2,121,4.374445835963443,0.13126598468309716,2,200
32,0.2940734423043749,1.3239385455846786,2,40
33,0.0968423286422469,1.466422125697136,2,8,2.98557044420585e-05,1.207790772120158,2,20
34,0.2909661532386955,1.2707277476787566,2,20
35,0.3203619647745784,0.8702826061669517,2,68
36,1.5433714857118015,0.2079978262962297,2,86
37,0.8028898628916765,0.9223326570712603,2,52
38,0.04884957358145955,0.4457547105848789,2,20
39,2.1543350218903674,0.9465271234512329,2,4,0.00012075932268393732,0.9952541962265968,2,20
40,0.13489401488829758,1.4419276373726981,2,7,5.9256027465482596e-05,1.1694719883111806,2,20
41,0.5291745994578472,1.2877735053339312,2,31
42,0.010784816926892022,0.47205117031147603,2,19,0.9802623189631512,0.5453425124744696,2,182
43,1.1015194099383279,0.4253361504524946,2,48,23.96915890780506,0.11316238069220592,2,200
44,0.30481549701377997,0.9146344120565214,2,76
45,2.590269770788226,0.31759651239563086,2,159,0.7274811777393466,1.2945394981198195,2,200
46,0.1131043190658297,1.2521728192982466,2,92
47,0.6332372472377884,0.9108511629429731,2,44,14.510676529298904,0.154321145457335,2,200
48,0.04266752823864427,1.2257468104362488,2,20
49,0.3693238305805171,0.8714536997809339,2,67
50,0.743022229384186,0.7802007730518069,2,182,0.025223824966039095,0.7481556170516543,2,200
51,1.6132271660764395,0.2396232294184821,2,56,20.724816159507878,0.13068625134312445,2,200
52,0.3772513408283949,1.0384635090827943,2,20
53,2.9596651959398987,0.4424840552342493,2,172
54,0.05272315885715824,0.6888801455497742,2,74,3.1539307412001705,0.34789522429780356,2,200
55,0.2991610638103448,0.605797372081063,2,66
56,0.22315125734683083,0.99204662755916,2,76,1.9447372388885444,0.4117648072283843,2,192
57,0.3444273765439514,0.7461401840736126,2,29
58,0.9017577158001648,0.48306197917728283,2,134,14.060481304209171,0.13633901422674005,2,200
59,0.3229385434460914,1.5316442445267078,2,43
60,0.2976191560914926,0.9680503888345843,2,199
61,0.32436214324089674,0.702064589659373,2,15,0.004140737520306639,0.8856332252422968,2,51,0.4144560068553172,0.6770811731165106,2,73
62,0.6438655711529535,0.5999562647499022,2,122,0.041438704392349444,0.7859338177761561,2,193
63,0.32802787477410716,0.7784522511065006,2,32
64,0.30443513576207387,1.0777434492483735,2,64
65,0.3172358707639133,0.9711587965488434,2,20
66,0.2853953661703764,0.9681197165147118,2,138
67,1.5992290956410804,0.19190780799835921,2,80,11.67321560864495,0.17532267346978186,2,200
68,0.2923132256522029,0.8244845188490235,2,101
69,0.48293658714221815,1.03761285368134,2,136
70,0.13530337577481472,1.1386429412024361,2,7,2.891188612525367e-05,1.1052945302082942,2,20
71,0.2781732219281662,1.041736654333166,2,37
72,0.25804358418904405,1.1703314169033154,2,37
73,0.2419497737472839,1.2302737525918268,2,165,5.5011955561616,0.4301538305623191,2,200
74,7.430228600368343,0.2367674421519041,2,200
75,0.001208958856179036,1.490417652659946,2,9,1.836662516260307,0.5090093428784228,2,56
76,0.7463600491542687,0.8133570758196024,2,26
77,1.4891935760815518,0.6160769994459013,2,137,0.04234642814056445,1.033354909883605,2,200
78,0.2667553571998478,1.272728806388551,2,69
79,0.2652537053057811,1.0406987220048904,2,8,9.97242444357991e-05,1.107306033372879,2,20
80,0.4015939493157466,0.608556425049901,2,200
81,0.18477779602069072,0.5370601312867527,2,29
82,0.8648090213939218,0.8483562095297708,2,90
83,0.4035579362195583,0.8129487738758325,2,200
84,0.21751115236073784,0.3824932359158993,2,20,4.372159019195727,0.22869048168261846,2,200
85,0.06995113252513484,0.8509634137153625,2,8,2.1458055016228695e-05,0.9720793664455414,2,20
86,0.3307254759805132,1.078849345865384,2,71,0.007564012556821715,1.22084547996521,2,96,0.5496421315390477,0.8227901421487331,2,200
87,0.633923588446469,0.7262759278066285,2,131
88,1.4333107602494872,0.5270666178729799,2,135,0.007934100044205764,1.1895116214398984,2,162,1.4021347648461304,0.6215401664376259,2,200
89,0.6480017833635409,1.0306556568462022,2,147,0.006164895898865158,0.8407412005795373,2,165,4.370222408585187,0.1291127119745527,2,200
90,0.06251855318787199,1.426878230912345,2,7,4.702334562290058e-05,1.1399423892681415,2,20
91,0.5431071331819596,0.8518134371510574,2,28
92,0.3732216902192106,0.6386923085559498,2,22
93,0.29960945361831065,1.0584749939541023,2,48,5.4748285204547695,0.19812072460588656,2,200
94,0.7320698173143444,0.6877847413221995,2,12,0.00016473049999649115,1.1200808584690094,2,20
95,0.2837138904962418,0.8581082620213379,2,199
96,0.4138692597560321,0.7602075859904289,2,200
97,0.000328983916967335,1.3483026146888732,2,20
98,0.09499760667331175,0.9592463612556458,2,20
99,0.44518148194544555,1.2455617870603288,2,7,6.621999042009553e-05,1.3478528352884145,2,20
100,1.5699192978168015,0.46539498908588517,2,104,20.73498272133433,0.11651754224052031,2,200
101,0.21358477219620498,0.9804668997375059,2,71
102,0.43416039143606394,0.961350349187851,2,100
103,0.13048985706586402,0.6729284382384756,2,46,7.572922448595437e-05,1.3262470852244983,2,57
104,0.05956904629258746,1.4574837148189546,2,20
105,0.02807514205294193,1.4939939498901367,2,5,3.247605626795563e-05,1.0648932258288066,2,20
106,0.2128640971925883,1.1581172791578003,2,59
107,0.35514177459581114,0.70865777598487,2,90
108,0.354324437577363,1.6318606813748677,2,30
109,0.3694813093341738,1.0522480394159044,2,28
110,0.4772039356094203,0.8237078250558288,2,81,3.9323054847740138,0.5210149528144242,2,158,70.23460476160963,0.11503983016421156,2,199
111,0.2751644743821984,0.9137211552262307,2,200
112,0.06319695227331824,1.1719926595687866,2,6,5.037839565172931e-05,1.0117290019989014,2,20
113,1.6858329200582527,0.3910682126060947,2,182
114,0.18571459580509028,0.9746475772424178,2,55
115,0.14832287172718162,0.9856590011505165,2,198
116,0.5698170035799094,0.9607409342475559,2,46
117,0.5191537472145797,0.6680100891325209,2,27
118,2.339912838696315,0.23593217759956547,2,81,18.980112606241278,0.11800786852836609,2,200
119,3.202974341103082,0.2702252373099327,2,200
120,0.2414703633818053,0.7750523066988179,2,51
121,0.5413619011859852,0.9030922531035909,2,114
122,0.6916317798579326,0.9214901558377526,2,44,0.020210776472787424,1.1387125810851222,2,90,2.8901981107357257,0.28697075911543585,2,200
123,0.7738752571834345,0.9479926159215528,2,43
124,0.47817934605854945,0.8954611373698618,2,127,0.007299747856091109,0.9220389808927264,2,155,0.749580318126752,1.059291580861265,2,199
125,0.16975640458848476,0.6472323330549093,2,52,2.322053440944551,0.21733580449142972,2,200
126,0.58188624930509,0.8278257371944802,2,107,0.06020171051518913,0.8969664448185971,2,164,6.2074846081560136,0.2620117374592357,2,200
127,0.2831516417118679,0.32942098886408705,2,47
128,0.8467668111737604,0.8785367025993764,2,64
129,0.2167751848623841,0.20386776384776054,2,184
130,0.47577970803980113,0.6698168489066038,2,44,0.004110428195078798,0.7981983692873091,2,86,0.9986492361410515,0.37937095329381415,2,155,18.70541573548304,0.135707355539004,2,200
131,0.35947991651976513,0.7109787172891877,2,154,3.9562875872123744,0.25740355447582575,2,200
132,5.313525712013782,0.22807237764527974,2,121,0.22355071593802156,0.4904223216485374,2,200
133,1.308658494433525,0.698624168159598,2,118,0.017659222588080663,0.2882164865732193,2,136,3.4261280886519025,0.4078880846500397,2,200
134,0.379595216518808,1.2599037066102028,2,40
135,0.21586137395368424,1.257367730140686,2,10,0.00010607997449416856,1.1635734796524049,2,20
136,4.81531238771702,0.20645579871951894,2,93,0.27834124511097535,1.1053707781292144,2,198
137,0.4389422283748305,0.6237387476672589,2,142,8.530376949998178,0.12943932491129842,2,200
138,1.3727701686028,1.0657962369468976,2,53,8.835200881307847,0.8044161200523376,2,58,26.930737844521584,0.09134428360512559,2,200
139,0.31865944688329323,0.9709040960487054,2,98,0.8537112235843037,0.43679922819137573,2,123,19.527826212927543,0.06507782154269033,2,200
140,0.6808410549222991,0.7292200406392415,2,15,0.0005198945617628209,1.1356402158737182,2,20
141,0.9897212978180393,0.47505910975753135,2,106,0.008116729516879098,0.6849578410387039,2,126,0.4822003525308105,0.6641543340193082,2,199
142,0.16410955883358966,1.0431410270929335,2,200
143,1.3214759174075028,0.2339877225458622,2,52
144,0.02513089812385744,1.3344035148620605,2,9,3.1488991982563076e-05,1.1827367544174194,2,20
145,0.36465576650924963,1.7724176467354618,2,67,0.565342123809836,0.728206870101747,2,130
146,0.17632019452737333,1.3741944392522176,2,15,0.0002295987879740775,1.3739519357681274,2,20
147,0.08805312193919668,1.1697295513646355,2,58
148,0.3053396387984731,1.2382758259773254,2,10,8.934439341162274e-05,1.1739810943603515,2,20
149,0.013364763772989452,0.798481716921455,2,38,4.023397171490718,0.22614200231505605,2,79
150,0.17184213875772147,0.9946542275803429,2,28
151,0.07465237671629911,1.247457504272461,2,6,2.5951707616501685e-05,1.222105962889535,2,20
152,2.4346690666380613,0.3376972909271717,2,200
153,4.514950550788535,0.36354102541520755,2,103
154,0.487249536032071,1.0849904100100198,2,30
155,0.29758362530294213,1.272829902799506,2,38
156,0.3486875112535475,1.3145340085029602,2,36
157,0.266680474334376,0.9940833510184774,2,49
158,3.442932057417354,0.31680503805478416,2,75,0.33664702375986144,0.9986160678863525,2,200
159,0.3112059096201993,0.9792329239063575,2,61,4.268277787621332,0.23011278231506763,2,199
160,1.7780855388251107,0.1949901945260634,2,83,0.02650332642133108,0.45408791303634644,2,96,9.674420126364165,0.08555939220465146,2,200
161,0.4855646626712299,0.7333980637292067,2,48
162,0.4562741385098987,0.982647180557251,2,12,0.0003128016893832735,1.1433716267347336,2,20
163,0.3244515639657312,0.9384809412807226,2,200
164,1.4208193643013207,0.11815440673151134,2,81,0.040912132447763254,0.656369989568537,2,114,1.1527067211260562,0.6996929026567019,2,179
165,0.0824536680206168,1.245589877328565,2,31,10.292690853143911,0.16850026079586575,2,66,0.3953623638822941,1.3074244128333197,2,138
166,0.30449243477898885,0.8947180292919172,2,141,65.25038555477781,0.0916524463891983,2,166,0.00869387316052907,0.41305611431598666,2,171,48.626553983321784,0.14003434982793084,2,200
167,0.35453475793649175,0.718545584877332,2,30,15.246422376561835,0.08810972604486678,2,75,0.2548395184799674,0.6685441910392709,2,111
168,1.3883256138658753,0.4937833249568939,2,22
169,0.5984954002784634,0.9268196548024813,2,24
170,14.807394127618961,0.35563200366284164,2,56,0.29415449971496405,1.1748150885105133,2,104
171,0.2154842925866069,0.8465303692777278,2,177
172,0.3768221891930467,1.0369435425026943,2,118
173,2.323378117051315,0.8590132551533836,2,14,0.00021629410446670662,1.1146897673606873,2,20
174,0.16735966869702346,0.9479277544730419,2,74,4.839856165226966,0.19924117360159616,2,181,0.11283189237137381,0.4274846597721702,2,200
175,4.19168368845529,0.25929349386378336,2,114,0.6705363021420537,0.7282687685517377,2,200
176,0.12159221915502402,1.008307933807373,2,21
177,0.2910043385656612,0.8293224993299265,2,61
178,0.4330760134268215,0.7982677036275466,2,120
179,0.9224350373384185,0.651924060029391,2,169
180,0.4533197668276024,0.9924093817101151,2,61
181,0.1886281723833724,1.0778706596138772,2,89
182,0.1507250529376329,0.9918951511383056,2,30
183,4.789950160992711,0.15282835563023886,2,36,0.3665237794837319,0.8823742488255868,2,140,0.009808781783896402,0.7986177961031596,2,155,4.685681240602786,0.25943270723025,2,200
184,0.3085944407553742,0.7415649551939179,2,182
185,0.10889113707454476,1.0086160898208618,2,7,5.123742538822311e-05,1.1140417960973887,2,20
186,3.1235681266079793,0.44100228854351575,2,180
187,0.3754426535040027,0.5312600519189883,2,199
188,0.8199444943039046,1.2027308940887451,2,23
189,0.048910147684728275,1.360758900642395,2,4,3.554346371836102e-05,1.1242708638310432,2,20
190,0.6365656595622742,0.6684730082358185,2,152,6.066183239915437,0.29330345146034076,2,198
191,0.06785099656786436,1.4962468147277832,2,4,4.312438536261578e-05,1.1163712963461876,2,20
192,6.588285575560333e-05,1.183224681019783,2,20
193,3.856207522805566e-05,0.8994093984365463,2,20
194,0.06494434644546802,1.5064955949783325,2,4,4.0226862725782995e-05,1.1190132275223732,2,20
195,0.06576896829715342,1.545362263917923,2,4,4.1466398311392575e-05,1.1398277208209038,2,20
196,0.3340096608178276,1.4686220950550504,2,54
