1,0.6839255320397623,0.8441091260489295,2,170
2,1.4102583406972924,0.6862161351101739,2,28
3,0.3521049181072533,0.7742365491924001,2,134,16.08798508018304,0.10753694921731949,2,200
4,0.2901626084895503,0.8766663644048903,2,45
5,1.8594065903921877,0.16885062493383884,2,16,11.308378602939262,1.5787660628557205,2,88,79.87887497806315,1.8645161326442445,2,200
6,0.32237456996045316,0.6417920639117559,2,24
7,1.216623868184104,1.1302861137823625,2,11,7.200675024677329e-05,1.2078425354427762,2,20
8,0.47074969442884623,0.8994397719701132,2,24
9,0.2535067573761371,0.851443866888682,2,9,9.226300435281464e-05,1.1039083979346536,2,20
10,5.104097547020055,1.4596179008483887,2,5,8.046270029450232e-05,1.2037201642990112,2,20
11,0.21663862310415644,0.8766465503722429,2,56,12.043895540968053,0.6409817710518837,2,98,211.90643038903272,1.8486150830399757,2,200
12,3.072980818532029,0.33775585042915757,2,139,32.9472933482673,0.6763488049389886,2,200
13,0.14788637696654858,0.9402299803423594,2,83
14,0.29537320439909664,1.0626187928848796,2,144,1.109024071590973,0.1487964689731598,2,152,8.17730319938936,0.16869433876127005,2,200
15,0.18842055001831925,0.5469289739926656,2,30,49.470093459151954,0.23122556038997458,2,189,0.05702553346761171,0.7098955349488691,2,200
16,1.1053163827237193,1.1338805317878724,2,10,0.00040805446192266665,1.218182671070099,2,20
17,0.11554117754996715,1.328456958134969,2,6,3.584639938503047e-05,1.211092701980046,2,20
18,0.20624536021797918,0.683403417468071,2,12,7.277134154896944e-05,1.094872236251831,2,20
19,0.5476855569737298,1.4539085796901159,2,14,0.00018613387502403617,1.3933515946070354,2,20
20,0.4761691954784718,0.9065677672624588,2,12,6.773318331025682e-05,1.2462024092674255,2,20
21,3.387907616690468,0.35514290630817413,2,130,0.03738572943702484,1.0200222824749194,2,149,1.425519011744523,0.39377734737069,2,200
22,0.01907870795371638,0.7463148820518267,2,101,15.494200195648396,0.0772301187472684,2,129,0.15124892575428223,0.9178354716768452,2,180
23,0.12009869474502295,1.3469825233731951,2,35
24,0.0752759062774922,0.6900550365447998,2,20
25,0.541973056853966,1.074331561724345,2,9,0.00015949506010644454,1.313380013812672,2,20
26,0.3081928765797989,0.44524185489863155,2,160,0.31479528866117684,1.8700405255607937,2,183
27,0.6191004506780685,0.5602643646490879,2,78,90.07983404412968,0.058188863465043365,2,200
28,0.2642365312427172,1.2273175216490222,2,62
29,0.9632654230476386,1.3092045307159423,2,5,7.940877351635876e-05,1.087824829419454,2,20
30,1.8834442486043381,0.3951070085167885,2,24
31,0.2472062439597838,0.8233133763074875,2,200
32,0.33419517830076473,0.910980224609375,2,39
33,0.8418055955668621,1.053506845777685,2,22
34,0.2649263098600284,1.3011246303032185,2,29,11.668023292134913,1.7315615762111753,2,115,80.58244220756302,1.8991142329047708,3,200
35,3.706094537261302,0.6616933057385106,2,31,0.11139119984309961,1.154305318711509,2,102
36,0.3947778013537628,0.8722116142511368,2,20
37,0.19353492420478197,1.6726400719748602,2,54
38,0.11512600658324171,0.9076239059026214,2,87
39,1.9510079399352684,0.20387755605307492,2,44
40,0.11237963231866434,1.0865462933267866,2,28,4.821915644931577,0.07000635895464155,2,109,48.86532242909507,0.06727033902655591,2,200
41,0.29756766994090234,1.6546402069238515,2,13,95.25661639970082,1.3430327932232793,2,116,0.011206794922672814,0.944770622253418,2,126
42,2.3456523112384415,0.3897219622887454,2,103,37.69015465662953,0.21222403340310936,2,186,0.21207624040219333,1.1106400660106115,2,200
43,3.735334440151972,0.2678128436448113,2,124
44,0.0704878190374184,0.774944823856155,2,48,3.476561182001885,0.35966744468263956,2,94,0.0293367335578397,0.6829987168312073,2,124,6.757214015883409,0.24129916206002236,2,144
45,0.2193064118287553,0.9258117892525413,2,11,0.00012319538826970278,1.120582938194275,2,20
46,0.16984662960140445,1.462703305742015,2,92,19.016096567439714,0.06798216700553894,2,166,18.881316513124162,1.3211653881213243,2,200
47,0.31658191927074053,0.9171258036295573,2,75
48,0.12946788802182319,1.434604028860728,2,6,4.170441536060995e-05,1.2012732454708643,2,20
49,0.40592229426802523,0.8194813278302475,2,199
50,0.30785941641923115,1.5383661270141602,2,5,111.58400707316825,1.791543980133839,2,200
51,1.7655759071221737,1.102264336177281,2,21
52,0.1384342739903452,0.888680711388588,2,60,2.202892762552116,0.36078952897239375,2,134
53,0.5586882502702664,0.6944640725851059,2,60,30.586437069272407,0.2437402868909495,2,200
54,0.3929840529515058,0.7003654909679313,2,153,0.005867174206515011,1.4123191792389442,2,182,1.048645047577579,0.27703582889893474,2,199
55,0.5803809113881617,1.0476179297377424,2,82,0.01727890086524537,0.676492048346478,2,105,1.7890485216934513,0.5134626340041769,2,199
56,0.3982339867140669,0.40140751749277115,2,32
57,0.67169238345553,0.6076777261495591,2,50,0.05275370414821114,1.0054507077629886,2,117,7.36746325575111,0.14159610933727687,2,162,0.05783599909746909,0.2729740765961734,2,173,33.61830428611167,0.0798580828640196,2,200
58,0.43389170458641074,0.6549362914359316,2,94,29.09043665000617,0.14318011026337463,2,200
59,0.285326289788358,0.7394900172948837,2,20
60,0.3195855738251072,1.3329110145568848,2,82
61,0.3156861052124338,0.8923277585279374,2,21
62,0.17415282211752162,0.7785302519798278,2,90
63,0.49319158800872226,0.29938833770297824,2,21
64,3.4579450458878007,1.125054945027636,2,124
65,0.3393492620862709,0.5827594481665512,2,58
66,0.34349296150916736,1.4648339092731475,2,20
67,3.4175808042326925,0.39099157365068554,2,126
68,0.2639799005503357,0.9001992685454232,2,7,6.24280549150028e-05,1.2051970867010264,2,20
69,0.17101867586344982,0.9411933481693268,2,20
70,0.1284995792549934,0.9301243356938632,2,53,12.39572852445817,0.0765809332635127,2,200
71,0.34153389213460655,0.8088060095906258,2,24
72,0.08134067837300646,0.7180237172205756,2,163,61.601584209323285,0.994584517704474,2,200
73,0.2473983502561918,1.2622710287570953,2,20
74,0.5615654353146283,0.2863343873571965,2,124,0.007824690106698106,0.5424815537978191,2,173,2.9650615317662576,0.15590990196775506,2,200
75,0.41100897890777444,1.1614098290399628,2,98
76,0.6061807813519142,0.8291294458435803,2,82
77,0.5191586429430558,0.8853548134240923,2,158
78,0.4273995568119094,0.7991419145420416,2,134,28.160533015942107,0.1445643330613772,2,200
79,0.2178307021117433,0.9085802991281856,2,44
80,0.7232814344820251,0.9383951425552368,2,22
81,0.570379446201138,0.9635206639766694,2,20
82,0.2710658759317302,1.0908780902624131,2,20
83,0.46456830312534436,1.241526632774167,2,41
84,0.26350021154237707,0.36640338943554807,2,26
85,0.25243003238728096,1.0977582059524678,2,108,0.0053512726730612775,0.7481024884011435,2,200
86,0.868066604847957,0.8679506257176399,2,24
87,0.09740089630425162,0.7080360476312966,2,58,2.4074902290165086,0.38760994623104733,2,106
88,0.2665292951423143,1.29744639661577,2,9,0.00010288793026339027,1.1481960361654109,2,20
89,0.21238356566921493,0.9712910345622472,2,70,40.399818020831276,0.14808986941352487,2,102,0.31032460168037945,1.275727771795713,2,180
90,0.3139680665023533,0.4824325968821844,2,30
91,0.7251509212051404,1.2697694301605225,2,25
92,0.27532518767685693,0.8030015405936118,2,117
93,0.3270913784857245,0.6477646479358921,2,77
94,1.234693813969076,0.5502149239182472,2,4,8.442668304117503e-05,1.0973129943013191,2,20
95,0.4506257154923051,0.9217957782221364,2,91
96,0.3308008428889431,0.8941697329282761,2,40
97,0.3590637307797355,0.8959444277897114,2,123
98,0.29941425446043946,1.2181597471237182,2,35,10.85159197421055,0.38307208075838267,2,88,11.90488590483318,1.4228039582570393,2,94,170.05299939208948,1.8217963148962777,2,200
99,1.6020130119766471,0.09164418215337007,2,46,18.11675350532967,0.80663280015768,2,132,81.39573291128377,1.8462045911480398,2,200
100,0.260545940893061,1.3121070331090117,2,146
101,0.4649968070964075,0.864765694195574,2,44
102,0.30820949612629506,0.6007654844568326,2,26,10.474568276189249,0.054395722115741056,2,60,100.80438129642684,1.530682244327631,2,149,0.012225995488235667,1.1128046035766601,2,154,191.43077542592047,1.7943455055356026,2,186,0.30703611872434394,0.5203234425612858,2,200
103,0.23559879827727281,0.912624679505825,2,8,5.1856976580816885e-05,1.0618561208248138,2,20
104,0.5274584005134383,1.1844702363014221,2,10,0.00015433405979116838,1.1142199635505676,2,20
105,1.033351648578205,0.38443163861619667,2,94,0.0008266036593233982,1.1777659853299458,2,100,0.269206576032198,0.9407269525527954,2,200
106,0.3054828975404573,1.3903985081649408,2,41
107,0.3169980539114401,0.9547760623693466,2,200
108,0.21436149145339164,1.292708396911621,2,9,9.369687729508e-05,1.1734261079268022,2,20
109,0.27445412196344615,0.49685402736067774,2,200
110,0.47515692534962883,0.9104511570930481,2,25
111,6.710956034609533,0.08474004708230495,2,200
112,0.5120956698601283,0.9742230489140465,2,21
113,0.12829826699103705,0.9072230798857552,2,7,4.036650485292544e-05,1.0339670914870043,2,20
114,0.2527019251554133,0.5432323813438416,2,26
115,0.213207192975598,1.0055172317693022,2,147,9.677826647493024,0.10736605300093596,2,200
116,0.06874331456703113,0.6083877752808964,2,17,18.398466322747563,0.18923269180541344,2,64,104.13505760803989,1.7807540707290173,2,160,53.06115256795553,0.3586491774767637,2,200
117,10.84638039399206,0.6745643805908529,2,76,0.2673204356769303,1.2248372336228688,2,148
118,2.037964005146113,0.6965493577368119,2,85
119,0.5108536888348033,1.076999523600594,2,61,90.5850565802731,1.8861577314873264,3,134,0.2646231287230646,0.917556224330779,2,196
120,1.177563732711887,0.5733828374724479,2,157,5.5238472130556746e-05,1.8102991030766413,2,170,1.0709232975559249,0.8962881039170658,2,187
121,0.1884134576886496,0.6897110939025879,2,10,4.873531480736797e-05,0.8726345896720886,2,20
122,0.4212078833480933,1.0917707858262238,2,27
123,0.6866611539729649,0.7610043206385204,2,70
124,0.2997981964872985,0.8271107067912817,2,200
125,2.5120069911230734,1.2830976009368897,2,5,4.3710693350722756e-05,1.1719091733296711,2,20
126,0.47017414954666026,0.8459794900283731,2,116,27.185639516614156,0.5727176671581609,2,200
127,0.8576775014395953,0.8874279169305679,2,62,32.56327262105492,1.7089433644128882,2,200
128,3.3320057138164243,0.32210493159705195,2,145
129,5.77461866501365,1.5167609549208776,2,149,79.70974915712428,1.9158258064120424,3,200
130,1.6343980962034765,0.6710487060146789,2,146,12.252405583719678,0.022908076092048927,2,200
131,0.4113821603022415,0.9269253240691291,2,45
132,0.3997383395472833,0.7149136220886759,2,137,12.602831782074102,0.19377797385377268,2,199
133,0.22145029966064966,1.244342279434204,2,15,0.0002631906994976025,1.1521445512771606,2,20
134,0.9516238776679029,1.1217809816201527,2,30
135,1.013958755432107,0.3980647669898139,2,45
136,4.505773294404793,0.6455546151846647,2,16,0.06452312041288034,0.794878835027868,2,49,21.995955871782744,0.0796924631129827,2,200
137,0.6597251496490213,0.9443087051312129,2,90
138,0.03980640256604442,0.43957200375470246,2,22,2.211371351327961,0.07604830936320776,2,125,31.034352671325266,0.03625789999961853,2,200
139,17.501259149560447,0.4121018559485674,2,200
140,1.122012822089393,0.7552963644266129,2,20
141,3.52744873968387,0.27856872919946907,2,80,0.022950650316118235,1.0410575678474026,2,99
142,0.11215469771666212,1.0854577389028337,2,72,70.0804889263536,1.7748368931934237,2,200
143,1.938977217190439,0.22935420150558153,2,108
144,0.3900288055972996,1.004573241390031,2,58
145,0.3180991236142456,0.8979096867144107,2,40
146,0.3411056707771676,0.5500495215257009,2,30,10.303681759962208,0.15944559079535464,2,77,0.4428376027504597,0.518031650879344,2,199
147,0.5527013147701861,0.9134433481652858,2,59
148,0.8295637543690388,0.7369997836649418,2,48
149,0.08336477490740551,1.1561152405209012,2,9,0.00011751938158228866,1.2877129533074119,2,20
150,0.017012973603021904,0.8235759578009908,2,129,0.5091587439577047,0.885013684630394,2,149
151,0.31881269065191964,0.7507750237429583,2,108
152,3.0010599823689885,0.7260238425089762,2,26,78.44559345938355,1.6983057087467563,2,88,0.0024841303685350018,1.2471007704734802,2,100,0.09463350314406531,0.4783018231391907,2,105,10.416497467104483,0.1493957903650072,2,114,0.011264735291115085,0.7555090914169947,2,174,0.3245717976341575,0.4563203832277885,2,200
153,3.5137480832131627,0.356359848442177,2,48,87.21162336894756,1.9400972374554337,3,77,0.09337653363630508,0.29022356669108074,2,92,33.24777348998424,1.127744007659586,2,130,0.9227260809721747,0.6657793343067169,2,200
154,0.2814239491634045,1.0720296561717988,2,20
155,0.3343122745319714,0.7314596883321213,2,118
156,1.3973058678759758,0.16935859452933072,2,80,23.658556490696984,0.23763181467851002,2,95,48.0014855011411,1.7636943170002528,2,200
157,2.195294450543167,0.5981441259916339,2,56,0.024282819208429333,0.4889976233243942,2,68,7.564440908977722,0.1405872901280721,2,152,33.01477448179208,1.5822299321492512,2,161,245.88180125680938,1.753445879006997,2,200
158,0.22380695056281055,0.6363091197880831,2,11,5.7171184991135385e-05,1.0587467087639704,2,20
159,0.19019296159200458,1.04466884666019,2,9,0.00010292692141011265,1.1242930564013394,2,20
160,0.41254851995053493,1.1609070751402113,2,45
161,0.384701712491997,1.7574392512992576,2,27,0.2676480603703477,0.36048264039887323,2,72
162,0.6195362728796491,0.9847204004015241,2,21
163,0.39481768767970293,0.19359720362858338,2,22,172.0567833980816,1.6754792617278154,2,200
164,0.23555781568913456,0.054934280908713905,2,59
165,0.012898293387413957,1.2181798328052869,2,11,1.2006108798553847,0.7015387897512743,2,67,0.013711126783330406,1.1176515629417019,2,86,45.12710391969192,0.7783588333771779,2,151,0.013792378827723018,1.1920951366424561,2,171,0.7136415779107428,0.7027604026453835,2,199
166,1.3650863384319867,0.7680814643700917,2,30
167,0.07270654996222714,0.9627186059951782,2,6,4.527203061147914e-05,0.9452248811721802,2,20
168,0.3410408382382975,0.4759913845704152,2,65,26.623845335481423,0.25476871839276066,2,200
169,6.944138939039973,1.2366502455302648,2,7,9.505591897805067e-05,1.355228644150954,2,20
170,2.4245986629193124,0.1999750557754721,2,28,0.0019612512920461228,1.2712897181510925,2,38
171,1.595491639812282,1.7505693950436332,2,44
172,0.09640464056141686,1.0333456158638001,2,10,53.95601373608652,0.6650176731979146,2,61,0.5834023662064753,0.7796828260316568,2,129
173,1.7096478468574678,0.5128951044753194,2,112
174,0.18432287215250462,1.4081075950102373,2,11,0.00013170770546789382,1.177435663011339,2,20
175,0.42813394139367833,0.37133312662442525,2,75,11.793205059229399,0.11920170390859564,2,122,0.23277820726551038,0.4497590080285684,2,200
176,0.6447764579230563,0.5436701881258111,2,95,41.723638054376266,0.03841539479437329,2,200
177,0.04776766991540507,0.8701359858879676,2,26,2.6569613941521992,0.42556685810549216,2,83
178,0.3050648631390442,1.3691277753922246,2,62,21.45278837048494,0.067884827653567,2,200
179,0.3608995107888205,1.043947520463363,2,46
180,0.33230055398852854,1.0666258202658758,2,27
181,0.2721911912408776,1.4228469133377075,2,42
