1,0.3731715782846168,1.4729014212886493,2,48
2,0.3858158793972854,1.2171491294196157,2,66
3,0.16383323907193537,1.054559384816445,2,149,10.241990164247863,0.1862080196539561,2,197
4,0.2993876436236945,0.9880401512672161,2,116,10.08804615997665,0.1548097665820803,2,200
5,1.9154411017555488,1.0386775732040405,2,3,3.307969640908544e-05,1.0813588044222664,2,20
6,0.3069397639814002,0.9464450989450727,2,28
7,0.3624819010958528,1.0938233814121765,2,81
8,2.23303919686883,0.31139802544900813,2,73
9,0.8245037116375818,0.990315113067627,2,25
10,0.8184329108981091,0.825880905293455,2,99
11,0.16445414217250556,0.9409200416670905,2,9,8.463379467844572e-05,1.0363462296399204,2,20
12,1.124565931547501,0.5085797653250073,2,138,0.035105073338325854,1.1251999062876548,2,200
13,0.15314143680161776,1.2354938387870789,2,10,5.210824855133115e-05,1.1710850238800048,2,20
14,0.3010848979357823,1.1993737669335198,2,97,2.1489508555806225,0.6469386882573656,2,200
15,0.07206601378054497,1.400978997349739,2,8,2.2917275902248782e-05,1.146124432484309,2,20
16,0.25975025227766624,0.6210135181248188,2,200
17,0.054501923140937436,1.4865035159247262,2,7,4.28512568763228e-05,1.0659665327805738,2,20
18,0.23771600869364207,1.1165270509973038,2,113
19,0.2349287315381488,0.6045969705931179,2,191
20,0.12367182105222914,0.9142613351345062,2,10,4.343644662494651e-05,1.0750040888786316,2,20
21,0.9208971495886953,0.9559855024922977,2,110,109.31037182430923,0.402076165784489,2,121,0.30712261068279084,1.221446381339544,2,200
22,0.15285494701526584,1.005312307589296,2,69
23,0.3358180981298797,0.6714908166696097,2,131,5.927277661563284,0.2459644269252169,2,200
24,0.4864495274548448,1.100812113646305,2,66
25,0.4516563062989246,1.1160347376550948,2,14,0.0004375969235223227,1.288354496161143,2,20
26,6.5042582115527106,0.2295881687104702,2,200
27,5.432876621039911,0.26373596446028036,2,103,0.07286050220320826,0.2901402454484593,2,114,35.32861410477077,0.04210594503939906,2,193,0.14743956704611944,0.5012349103178296,2,200
28,3.221828927845656,0.8079242184758186,2,8,0.0003376547708877068,1.0734019080797832,2,20
29,0.6046467062394992,0.6195630924332709,2,84,28.7088037981903,0.6005567254558686,2,115,0.7311821984980883,1.0010939268178718,2,158
30,1.0169731348569935,0.6938867801969701,2,55
31,0.4083802254581477,0.8510806285417997,2,13,0.0006551462607782351,1.1153934512819563,2,20
32,0.07320014592648028,1.0202457308769226,2,6,4.833580450442413e-05,0.9832577279635838,2,20
33,2.1337841629121264,0.9544928025554966,2,37
34,0.3181578917496887,0.9063835234353037,2,66
35,1.3228996850083306,0.3536996594071388,2,200
36,0.9627002740759979,0.6775396009708973,2,47
37,1.79454102891458,0.6572520517069718,2,29
38,0.448738808447469,1.0290842278059138,2,86
39,0.31718238393841003,0.8837336860597134,2,48
40,0.3835133176282405,0.8731680871272574,2,49,5.4924493129986205,0.19638752311468125,2,149,0.019055614320167776,0.6597519587067997,2,166,2.2991956523137436,0.33998330551035266,2,200
41,0.1719790147986089,1.439385461807251,2,5,3.397548860514839e-05,1.0903066555658976,2,20
42,0.5571921904656308,1.0435733301886196,2,29
43,0.9536438735685642,0.7016333114292662,2,177
44,0.2854360971686649,0.9652827191860118,2,141
45,0.33785991045133323,1.1017667730649312,2,120
46,0.28810051186699714,1.0197796435917126,2,51
47,0.3375510504952004,0.7395238314356123,2,35,10.509432104369035,0.16655627913547286,2,200
48,0.1128977185690314,1.0276156704799801,2,51,6.269729399756635,0.2748844853153935,2,186,0.06466372071627662,0.6375034579208919,2,200
49,0.8484509424294191,0.9521819847822189,2,50
50,0.26342228921300237,1.2392290938984265,2,11,7.527715229083656e-05,1.3222994936837091,2,20
51,0.452088532512442,1.3170708894729615,2,20
52,4.855984889972627,0.28725188241588123,2,139,0.4754092910936388,0.8863376987273576,2,200
53,1.2213205407090428,0.6005061949789524,2,200
54,0.533893061760275,0.6953696027780191,2,39
55,0.5805516024558163,0.5567489057069733,2,126
56,0.5013817900104108,1.185844482914094,2,31
57,5.213709598291978,0.34030970327910925,2,42,0.18915554418037422,1.0194927698799543,2,154,4.957581399322689,0.27644729549470154,2,200
58,0.24591881528993037,0.7321032930361597,2,190
59,0.27018759720208857,0.6966810429349859,2,47,5.710455413659712,0.20821624526790544,2,200
60,0.31656148627711955,1.0277326072937523,2,153
61,0.2271120409580322,1.4263694303376333,2,70,4.741074209722684,0.21826237090863287,2,134,0.43704899385065477,0.33868840680672574,2,199
62,0.2099815479437476,0.9555378512789806,2,96
63,0.10071854858159228,0.8777273654937744,2,25
64,4.761112562743416,0.17327184424179942,2,119,51.252009073364434,0.14329472570507615,2,200
65,0.09947294999015897,0.915491446852684,2,8,3.5223396401946164e-05,1.0422081152598064,2,20
66,0.19812034199711512,0.7185339538151758,2,57
67,0.28306382900430693,1.0196667155587529,2,83
68,0.37869569447267626,0.8785131108015776,2,32
69,1.2763947115267908,0.6992892343846578,2,126
70,0.30283536527529287,1.414145365357399,2,24
71,0.9707553828209055,0.4259889106684869,2,109,0.03363176181260531,0.9166201295391205,2,171,2.6851164978779978,0.18538852344299184,2,200
72,0.8708968958948351,0.5727040727755853,2,112
73,0.22879425364902933,1.027120615862593,2,79,0.4547088017999005,0.2699552575747172,2,85,15.143595255843373,0.10105108450288358,2,200
74,1.7002989281534333,0.4105487438765439,2,143
75,0.5291510768463977,0.979129008948803,2,48,0.03743428205296193,0.7442746513510403,2,121,5.934161033833438,0.8500778448992762,2,150,0.04261943497696672,0.989514564981266,2,199
76,0.709822203815358,1.2982654912131173,2,14,0.00034806117358857357,1.3524277607599895,2,20
77,0.18122741725704417,0.6796949555476507,2,12,5.1885604706134405e-05,1.095636025071144,2,20
78,0.29748338783400236,0.8847233355045319,2,50
79,0.026231047926627574,0.6798836671643786,2,36,2.444110624701573,0.3467636013153902,2,133,39.26379460351435,0.1638167631445509,2,199
80,0.4956940025013483,0.8096403777599335,2,4,4.1411415185120205e-05,1.2295621782541275,2,20
81,0.021235392542384265,1.1168288925419683,2,69,0.5568693994856817,0.85533421462582,2,100
82,2.676077079884928,0.5907428967325311,2,95,0.3224156628735281,1.0425379463604518,2,200
83,0.7415532692148494,0.30039712899136095,2,53
84,0.3035036060233385,0.8829284220933914,2,200
85,0.4824523018671458,0.8457905799150467,2,92
86,1.095940351310263,0.9896961599588394,2,24
87,0.18653141820563496,1.0585200369358063,2,90
88,0.7384351366172164,0.8097827711701393,2,50
89,0.2805095380216565,1.2350791262255774,2,36
90,0.8013588258359403,0.6525765986278139,2,29
91,0.3462214616407152,0.7306705182013304,2,92
92,0.7121426770085731,0.2572385657292146,2,26
93,0.35587953077747714,0.6362952395020244,2,107
94,6.148744297745545,0.19375387786163223,2,36,0.12120914701743497,0.972934806958223,2,75
95,1.336692883028053,0.5690168765623395,2,82,0.04638338127368983,0.9656304121017456,2,100,9.928495101247519,0.16018768832087515,2,200
96,0.33274857128880064,0.7331435700607061,2,199
97,0.3003936405053401,1.2000928180558341,2,35
98,0.25989653716651956,0.7625768557190895,2,8,5.4825951083984915e-05,1.2044223646322887,2,20
99,0.3660391840092187,0.9942253232002258,2,86,5.342099583139928,0.22885211906601896,2,199
100,1.3141101729892475,0.5388795261113148,2,53,0.016587760374085447,1.1131779582876908,2,129,0.26359413361262607,0.7769075512886048,2,199
101,0.30023191046935344,1.41196843624115,2,50
102,0.11597388063003247,1.0057867169380188,2,20
103,0.4498525853693064,0.5772776212011065,2,70,10.610480490587165,0.17677412272953405,2,111,0.2319463111783892,0.36185822670276346,2,176,17.5585599577812,0.11011244550995204,2,199
104,0.28200443950088727,1.401452620824178,2,12,0.0001232175790980807,1.3591204136610031,2,20
105,0.226507965598463,1.5565714891566786,2,86
106,2.8470306640491128,0.2958775999084596,2,31
107,0.3227869666041782,1.157578138510386,2,30
108,0.5095467740886365,0.832981695731481,2,6,6.244721893473234e-05,1.0477373003959656,2,20
109,0.2082906528247158,0.7338466488603336,2,134,73.78023602206359,0.1303849360522102,2,151,0.3762554287052204,0.5815602583544595,2,200
110,0.21886131260877797,0.8744943904322248,2,86
111,0.14428924524853468,0.6688025236129761,2,75,1.949756479298685,0.3029711115504465,2,199
112,0.059972552317111676,1.0038592219352722,2,6,3.2712266125062655e-05,0.9406576241765704,2,20
113,0.21413677369111886,1.0660964433963482,2,13,0.00023207442805815137,1.1743308476039342,2,20
114,0.31331709080454845,0.5741190425554912,2,75
115,0.297525551992578,1.1068758907772245,2,21
116,0.40016323913252727,0.7170499013020442,2,39,0.01884977350879774,1.0299248780523027,2,109,0.6040942879578609,0.9474048181013628,2,131,10.33222165734403,0.043583668876385345,2,200
117,0.26439758802431307,0.7563529998064041,2,20
118,0.6398164453923856,0.5010147499315667,2,165,0.015626678553460872,0.7590236391339983,2,200
119,0.06428145624988328,0.7791434466838837,2,20
120,0.19339982316605503,0.8228439559807649,2,37,18.186570680934427,0.2576811557715656,2,200
121,0.4128322625547133,0.5599809106319181,2,31,6.389584351282308,0.34341003908913514,2,200
122,0.5128008732699109,0.9618162167395732,2,129
123,0.04514435289874202,0.6274470055804533,2,17,16.1001070895684,0.20371936360994974,2,62,0.6706117182720157,0.39895025751928787,2,196
124,0.05586826082379563,1.3031211239950997,2,7,4.059184955669099e-05,1.0081307750481825,2,20
125,0.19910219704191592,1.3456097011055266,2,56
126,0.3266087022263577,1.1352838807635837,2,54
127,19.46484090696238,0.15948060095310213,2,200
128,0.23254257765246486,1.1166870502325206,2,13,0.00021982570841636554,1.0927554539271764,2,20
129,0.48552000730535083,1.0929954908788204,2,64
130,0.39987556032364574,0.8966019137121325,2,199
131,0.2707374684174194,1.05603036663749,2,55
132,0.5464402001228148,0.7092447072434961,2,178
133,0.3390675282504293,0.43219465094727355,2,154
134,0.9044935332143048,0.4664740413427353,2,109
135,0.31577157646478204,0.7633604904015859,2,18,0.0016084197220471925,0.7459325449807304,2,32,0.4781168262370678,1.0560404936472574,2,62
136,2.710008196831724,0.23137739698092144,2,90,0.331238902590038,0.9793403582139448,2,200
137,0.08766041434654008,1.5055539097104753,2,7,5.7146937775970665e-05,1.1748173511945283,2,20
138,0.21916356595270436,1.046185564994812,2,20
139,0.27142521567518607,0.4303402840590277,2,119,4.862770167772576,0.09488758132045652,2,200
140,0.6064697058602841,0.407655287720263,2,80,9.924099915689625,0.12104497029540244,2,169,0.032675980378914345,0.6756671744008218,2,200
141,2.2901488720133447e-05,1.2187563180923462,2,11,0.4353899825787586,0.46417765433971697,2,24
142,0.4529102898182792,0.5654970829188823,2,200
143,0.3603707069755402,0.7612965883158925,2,67
144,0.4521797641455782,0.754356077223113,2,33
145,0.02124097587401311,0.8735210585594178,2,25,1.013030414519323,0.41883332162134107,2,56
146,0.36808785060981547,0.8755107207596302,2,200
147,1.093871773467766,0.9204912145834158,2,101
148,0.09241530561480056,0.81114430490293,2,38,4.311524904118915,0.2526002307521536,2,132,0.0009428343687507489,0.460915824229067,2,154,6.235607752120696,0.17081387341022491,2,200
149,0.4348482626235394,1.0454917129348307,2,34
150,1.0043359732221084,0.5054609092783793,2,177
151,0.44960696860533994,1.2747771001997448,2,21,23.23149912752363,0.0830375093896434,2,127,0.002584288825786508,0.38494894759995596,2,134,35.523384884649076,0.041540279081373505,2,200
152,0.1453037638295347,0.7401272684335709,2,20
153,0.12555294213219542,1.0599916994571685,2,20
154,0.21797117937695193,1.0573708713054657,2,32
155,9.677943292059911,0.27435795035627153,2,135,0.02887144023252155,0.5088738871472223,2,170,2.9959558370686996,0.44965360313653946,2,200
156,0.16631838038921365,0.9239024160237148,2,29
157,0.3664961997853214,0.7401135187400015,2,38,0.0022259990054600246,0.6746137094113135,2,69,0.4952352293883308,0.810584936980848,2,123
158,0.44561827068892296,1.2306451920805306,2,29
159,0.322576289698352,0.9539777329519167,2,199
160,7.123967826465681,1.0184075832366943,2,3,0.00010907111908497316,1.3313081544988297,2,20
161,0.22991701308667528,0.9678512089689013,2,71,3.313371813129444,0.18632491410244256,2,199
162,2.012898456884766,0.22903285207955734,2,23
163,0.13664775359849832,1.1056871563196182,2,8,2.6834571540648533e-05,1.0885256628195445,2,20
164,0.4973073347166998,0.6537569868526641,2,157
165,0.24170183971172168,1.1260619547632005,2,45,3.0799597472905766,0.44694605585067504,2,200
166,0.05542853321885171,1.068160355091095,2,6,2.9611917057522204e-05,0.9965978520257133,2,20
167,4.210801051075836,0.22824112333357335,2,200
168,0.26125256573204125,0.958002493993656,2,74
169,0.10069036018910926,0.8450197696685791,2,20
170,0.27874176248267823,0.5050585224772944,2,33
171,0.28158766855127293,1.2982040122151375,2,96
172,2.540020675105654,0.35024674743413925,2,200
173,0.6583600392328802,0.8331921108812094,2,200
174,0.33768991817508914,1.0945629584483612,2,78,3.1970432266847024,0.8464654609560966,2,86,10.0516450451318,0.11847064439701822,2,199
175,0.5312995081930376,0.8486835379656907,2,148,6.790990794447457,0.3096465557240523,2,200
176,0.33277138173855875,1.1411332951651678,2,54
177,0.3399088161680355,1.0335695972505785,2,151,3.2961451380785887,0.3508166594772923,2,200
178,0.4491676660974307,1.0116904732343313,2,37,15.421155338095712,0.7569292414756048,2,100,0.059368219402813394,1.2538358463960535,2,117,2.9376654809302716,0.7383891506628557,2,150
179,6.5592221277407345,0.2611521569887797,2,75,0.2807884583572503,1.45015524529122,2,112
180,3.4523797205551183,0.47620380547020463,2,91,35.660730678084825,0.07825569904178654,2,200
181,3.701628340911346,0.23673771654388734,2,112
182,0.01788491954259252,0.7663974715396762,2,32,0.7063212627862976,0.6789843107479206,2,170
183,0.4623041584020008,1.0622232521281523,2,34
184,0.6061489400981596,0.6791549776991208,2,120
185,0.3531446404181698,1.3397178758274426,2,44,0.021446022232323187,0.8119239952113178,2,118
186,0.00010030751723123863,1.152139163017273,2,20
187,5.752548229930414,0.19764243883471336,2,62,0.03652174949264572,1.1434006593948187,2,105,4.743419797075176,0.21849730579476606,2,200
188,0.3184446953752229,0.4440913785941637,2,199
189,0.26943848776080503,0.6083777180084815,2,13,0.00020884169166270552,0.9298855577196393,2,20
190,1.3405625183298562,0.21741330966353417,2,200
191,0.26799851932461755,0.9423330702366085,2,109
192,0.5105558824206549,0.9293768520272055,2,172
193,0.48521679342821566,0.9302612874242995,2,9,9.300957584233828e-05,1.090465253049677,2,20
194,0.3680542955479397,0.41272324820359546,2,72
195,1.2641661709535281,0.6820395031700963,2,23
196,10.578535891705771,0.39726229432301646,2,39,0.2600421810498088,0.8609026210217536,2,118
197,0.44824920043432404,1.0040578242391347,2,200
198,0.18061693079575547,0.8704374763700697,2,9,9.965158246935133e-05,1.03646212274378,2,20
199,0.2863574053545961,0.9473203010857105,2,128,19.260557170365452,0.06069688954287105,2,200
200,0.2913703834322158,0.9364320995478794,2,116,1.755079371996022,0.28155552099148434,2,122,16.047066180684286,0.12346825519433388,2,200
201,0.3356427357104908,0.9823860015187945,2,28
