1,0.49464445513904015,1.3380827563149589,2,28
2,0.7825422197316046,0.666903637787875,2,102,24.926997459073554,0.455552444470172,2,200
3,1.9977686975645994,0.7966731477666784,2,27
4,0.5435476068899708,0.2578220397233963,2,20
5,0.25358408261648724,0.4859204471788623,2,44
6,0.36167564855601636,0.6237825887245044,2,57
7,0.4398630682530069,0.23973020620644092,2,200
8,0.17297768649055822,1.1206494569778442,2,5,7.557633543809089e-05,1.1503674904505412,2,20
9,5.714017961575107,0.13128145453002718,2,36,64.5502154492853,0.5109249767044495,2,152,0.2885592806864709,1.1673374866184436,2,171
10,0.3254158172422168,0.9238680937817989,2,131,14.413977853987602,0.1893400692421457,2,200
11,0.4071833454813803,0.7695497556374623,2,130
12,0.5531514022222651,1.2351469168296227,2,13,0.0003049934155809948,1.2327211243765694,2,20
13,0.4334288925892956,0.5747982123530054,2,83
14,0.04635374549583295,0.6736939296126365,2,20
15,0.2742815066370415,0.7325097104907036,2,200
16,0.8748953105863859,0.8145135311703933,2,38
17,9.5504561662537,0.14587835470835367,2,150
18,0.14637314185662398,0.976887334138155,2,64,11.377601914519518,0.1295091732240775,2,200
19,0.37223818503679706,1.086329071604191,2,188
20,0.28582867393552863,0.8336524096131325,2,200
21,0.40360776293404854,0.987471262046269,2,70,0.05549558527428998,0.44647863388061526,2,95,11.791693841509254,0.052785080103647145,2,200
22,0.3199753631642729,1.3917063199556792,2,13,0.00012480898975037873,0.826185975755964,2,20
23,0.11186155618830611,1.4506971418857575,2,20,13.481805858825004,0.11436684553821881,2,68,0.227789723673515,0.6554315686225891,2,113
24,0.3234941716936999,1.0092200507288394,2,69
25,0.19147355524219742,1.3348961682880627,2,34
26,0.3059894514990641,1.0454159667773277,2,161
27,0.10366918593591044,1.2491159737110138,2,20
28,0.4258157390268692,1.3054482698440553,2,20,42.80428238868338,1.6591530791644393,2,49
29,0.598588479646949,0.9152524257699649,2,60
30,0.04170846332978124,0.7395795160724271,2,62,3.7255507232168696,0.12094766540186745,2,104
31,0.3458423000127186,0.9490091532468796,2,20,18.835982997084358,0.11397624397423209,2,102,0.37235236792828236,1.3672707184501316,2,171
32,0.5766613743269584,0.8826393708586693,2,32
33,0.23959543158628197,1.0301770160072727,2,38
34,0.19362327515059105,0.7213329142994351,2,9,7.270771232646742e-05,1.0517294948751277,2,20
35,0.14825960510114483,0.4998934004041884,2,9,6.95180957939068e-05,0.953165964646773,2,20
36,0.23070657153465482,0.9623647123575211,2,140,4.174465949249797,0.2846157339711984,2,200
37,0.17708365002733306,0.5517945119312831,2,14,0.00021801524844175014,0.9284323453903198,2,20
38,0.2588895255529316,0.7635905359472547,2,14,0.0002143404996819479,1.1023234128952026,2,20
39,0.13211331607258317,1.13293094933033,2,8,4.668253648757914e-05,1.089820683002472,2,20
40,0.41113331213390114,0.9092917962129726,2,86
41,11.842674107122885,0.2002659096586995,2,82,0.4961671379092638,1.1078836307969204,2,125,0.010926067759974768,0.9451180120645943,2,184,4.073920588715803,0.37315929029136896,2,200
42,0.1503314308178924,0.7077371740135653,2,29,9.490071681508983,0.22361899263435794,2,91
43,0.7163852985632932,0.7570528808128403,2,83,0.028152315259799037,1.010684108734131,2,108,4.136813221725104,0.47969053112543547,2,173
44,0.21316461216161922,1.0443705320358276,2,8,5.561208815014091e-05,1.2435398002465565,2,20
45,0.26236521385173084,1.0255699753761292,2,80,0.023749600496758113,1.1426605528051204,2,146,0.9319620421599546,0.6532641300133296,2,181
46,0.39540257939397466,0.7252888144552707,2,200
47,0.4923480390505977,0.8674929522551023,2,130,0.00010203149738644716,1.1655129194259644,2,137
48,0.2504533443811287,0.7265025418380211,2,29,5.781883917702456,0.12848994588991355,2,200
49,0.9886093361784531,0.7160228049525847,2,130
50,0.14472964390609688,1.140649989247322,2,8,5.691653767959216e-05,1.2712436020374298,2,20
51,0.3550756252196042,1.0196809732734258,2,199
52,0.2665320206475246,1.0685705083315489,2,61
53,0.10266145615903284,1.5735952854156494,2,8,4.143752346470365e-05,1.1440735757350922,2,20
54,2.201003917031599,0.20487706082047158,2,53,25.204660144235323,0.06522785066341867,2,200
55,0.506539461135356,0.24326457045972347,2,40
56,0.06880010011467695,0.7600818976759911,2,40,1.6915998124410385,0.581786591770514,2,93,24.548327819758406,0.05564274117350578,2,133,0.6982709538723724,0.555956941931995,2,200
57,0.28585034992944564,1.211790824121283,2,129,0.7326881655035113,0.3890142191288083,2,172,11.242557913765612,0.25228430862937656,2,200
58,0.13142359849525995,1.0703558444976806,2,20
59,0.4487705359768909,1.4188149846517122,2,26
60,0.09917983677819092,0.9063563006264823,2,7,5.283019302346701e-05,1.0912967736904438,2,20
61,0.2845955038273862,1.189013910293579,2,20
62,0.19015010676368546,1.4573096871376037,2,10,0.00013690389849863074,1.2888592004776,2,20
63,0.6213446347133631,0.9494644560903873,2,53
64,0.35237755732846837,0.6540023148059845,2,30,15.527316249390184,0.1883335348437814,2,200
65,0.19028090416575097,0.9683997269832727,2,33
66,0.6531427072122483,0.9241513644540033,2,86
67,0.8406493167733479,0.9322462024129167,2,49
68,0.07299357731098886,1.1360434901255827,2,52,84.88586297026028,1.786665439605713,2,72,56.860898121435504,0.03935064666438848,2,200
69,0.33869366149271946,1.4967528689991345,2,11,7.895211984020186e-05,1.3130836619271173,2,20
70,6.427912684005818,0.2522355712635416,2,71,0.3218662826155199,0.9981273676073829,2,200
71,0.16447084767682094,1.1985719090416318,2,42
72,0.16907697429928625,0.9284224286675453,2,8,2.9407461686799493e-05,1.2669838964939117,2,20
73,0.5282824151944444,0.8393390274473599,2,28
74,0.01627807659501963,0.8871422385176023,2,24,57.2814122536916,0.03606244803152301,2,200
75,0.3988802812472413,0.46048052366389786,2,43
76,0.2123127057120401,0.25070582127029245,2,22,10.769527505033448,1.6630509969863025,2,66,0.04132587934890323,1.0962336593204074,2,102,0.8333879798870149,0.8604431215966686,2,191
77,0.32508577632224417,1.5437225954873222,2,14,0.00018574353479742926,1.2274609009424846,2,20
78,0.2888991871133335,0.9946336009923149,2,34
79,0.40871811388699414,0.558195754530884,2,42,77.59072661632712,0.7678929045796394,2,106,0.6012346910195866,1.0334664011994998,2,178
80,6.242203038291397,0.18335718044212887,2,70,0.4031291532051998,0.9147702224494875,2,199
81,0.42496516020227404,0.6252485851262822,2,162,7.18881743996143,0.26939657252085836,2,200
82,0.5246557604386528,0.7497031892600813,2,95,0.008593588268511216,0.9098784563676366,2,148,2.7917119311603438,0.30755728024702805,2,200
83,0.0453556415906486,1.3485310792922973,2,5,3.1736002100599224e-05,1.0914841532707213,2,20
84,0.412880343771689,0.7899702787399292,2,6,7.749888277638343e-05,1.0903438499995641,2,20
85,0.026773756561952508,0.8879660079556126,2,31,0.4394860074015477,0.9199536790450414,2,97
86,0.1224713750189533,1.0366847117741902,2,48,11.149351889800167,0.08848095989148867,2,200
87,0.0946903818599859,0.6864760612684583,2,63
88,0.613150741609925,1.1910007975318215,2,11,0.00018274669685683495,1.2185282972123888,2,20
89,0.3499047466275169,0.8167412877082825,2,14,0.0003895594891863941,1.0015701452891033,2,20
90,3.657851116325585,1.4103270089754494,2,93,45.44594786550345,1.7192161988608445,2,172,0.7132135822716967,1.0054852813482285,2,200
91,0.15478587398385923,1.2353145241737367,2,10,0.00012622625637356404,1.194420063495636,2,20
92,0.9108792633547163,1.0747259313409978,2,44
93,0.4460427858703659,0.824574121584495,2,24
94,8.256354322878552,0.0680563027660052,2,54,76.52059202427091,0.029323454793185405,2,200
95,0.29429256265159404,0.8462175528208414,2,117
96,0.19574873772936527,1.1402499533217887,2,23,35.78191311959446,0.21680456408384172,2,199
97,0.4339973864218798,0.3924654884771867,2,22
98,0.08496667380015815,0.9301514999190373,2,67
99,0.23176047218537157,1.5228325691488054,2,36,20.648415212386556,0.3926420728789597,2,200
100,0.04224263834629462,1.0897379500998392,2,90
101,0.980823886058519,0.8345889456344373,2,165
102,0.32799768877306756,0.3824039064347744,2,16,0.0002639104106194328,0.8844459984037611,2,25,1.528619705174881,0.20075616240501404,2,63,42.24421025089303,0.11153994500637054,2,115,0.21808665556711304,0.7765019365719387,2,122
103,0.14539106700208332,1.4603049953778584,2,6,3.7582679039476354e-05,1.1270514045442854,2,20
104,0.27134877812821806,1.1681029862827725,2,18,0.00012428359782091022,1.2562130838632584,2,26
105,0.6915628002307614,0.7965342172167518,2,121
106,0.18380337776300312,0.7587521927697318,2,35
107,1.1925513182556304,0.6439009137537287,2,87
108,0.4467603127321972,0.7532848978743834,2,34
109,0.030078776001505676,0.43734397490819293,2,12,5.992509964458575,0.15802113597209638,2,38
110,1.8711763420814456,0.45951201695089156,2,104
111,1.0460169996561695,0.9835189236875843,2,68
112,0.1164353810372814,0.7793169584539201,2,36
113,0.5901277987733309,0.7158252000808716,2,63
114,5.709770977723071,1.2172768375703267,2,35,0.012976139467240484,1.3493945258004325,2,42,152.6284061140157,1.8841138044490089,3,200
115,0.2622816851116307,1.0233686651502336,2,7,5.0954193441513066e-05,1.040466620371892,2,20
116,0.2389592420529591,0.7005300360756952,2,37
117,0.468205214232245,1.3535600803993844,2,74,2.628921059862023,0.07925542326349962,2,93,22.95137601784232,0.07136048167665428,2,200
118,0.8773872324868887,0.7828259551636526,2,107
119,0.41523741090463934,1.5458505557429405,2,62,1.0570299706740243,0.10462138482502528,2,69,10.080503060596211,0.26208184761543796,2,142,29.872099386256185,1.5600088322371768,2,199
120,0.2027992543637312,1.256678814237768,2,11,7.027278860289043e-05,1.175207601653205,2,20
121,0.0984738987361804,1.3175081729888916,2,5,2.8008135946789887e-05,1.0868887901306152,2,20
122,0.12098478552697627,1.0674367033202072,2,58,2.7545049092061076,1.0641655445098877,2,63,39.028099468540546,0.05480394322071632,2,200
123,0.2706155125905769,0.6512460607635088,2,121,11.229938083062054,1.1382289066722122,2,200
124,0.1306230873530045,1.3885714014371235,2,12,5.026707719757868e-05,1.2344274073839188,2,20
125,0.1757485786505919,0.8844051257012382,2,63
126,0.20611224180250332,0.8532570792340685,2,87,0.0007489912363858067,0.9862695824016224,2,98,0.4957702384704031,1.0905003743835642,2,177,58.7238383053872,1.7929060666457466,2,200
127,0.6908396836009535,1.1005368743624007,2,14,0.00027987494774291485,1.123854160308838,2,20
128,0.353142978582759,0.8818618978063265,2,24
129,1.0461424789354448,0.9119270075769985,2,17,8.459416116095536e-05,1.6252646327018738,2,27,0.2201418760721648,0.953682635959826,2,65
130,0.1236534886900825,0.9379563331604004,2,8,3.586716056736445e-05,1.0978751927614212,2,20
131,0.3025714921833522,0.987682655453682,2,12,0.0001625661184104785,1.4410935044288635,2,20
132,0.5989198096075085,0.7810513670742512,2,200
133,9.869516203039742,0.13956339027940856,2,161,0.4734508172247574,0.539532177723371,2,200
134,1.093159698742913,0.7136053895128185,2,58
135,0.5503225605810129,1.0831358013516765,2,59
136,3.5325379914486117,0.22403464298094472,2,31,0.056379584506517096,0.6799185493817697,2,109,1.62198690981247,0.32438903098756616,2,153,22.91140685472523,0.10927113002919137,2,200
137,0.4125553184343053,1.0632708072662354,2,37
138,8.854953846398862,0.732666357124553,2,85,0.3331797935312012,1.0614249817160673,2,171
139,0.24152033082147673,1.1128539102418082,2,14,0.0002551255636064971,1.2927430272102356,2,20
140,2.5593091163194472,0.3626566553769046,2,73
141,0.17800640330650475,1.0095482682054107,2,148,9.941400228760461,0.16402520869786924,2,200
142,0.35969217562633926,1.0858424365520478,2,20
143,2.225252048844679,0.19081846090990143,2,148,19.64382473514225,0.18822690844535828,2,200
144,0.2500925660419433,1.031812184856784,2,155
145,0.37444247773849365,0.9640518634215646,2,46
146,0.26182537681477686,0.5696552220666617,2,57,2.0641519095741896,0.23520906433715658,2,175,0.02165139450273408,0.9907459354400635,2,200
147,0.501718821666151,1.0733722710027926,2,41
148,0.5032714676236995,0.8772968740786536,2,59
149,0.5290144010733369,1.15208067212786,2,35,0.024617617133446484,1.033007209715636,2,81,2.977835076604145,0.379006236203407,2,157,159.08345651108164,1.065543223952138,2,200
150,0.32774940932235036,1.050139456260495,2,41
151,0.6168345706659423,0.1362331625819206,2,50,6.765764937520255,0.06514209797305445,2,81,29.58877756424741,1.5503666026251657,2,116,19.512708882871316,0.06946389909301486,2,200
152,6.724516334407775,0.05297955870628357,2,58,107.65804652276776,0.31144379488599133,2,200
153,0.430964074495031,1.0258176693549523,2,13,0.000506850938063022,1.193994402885437,2,20
154,0.05523115626984893,0.9719471514225007,2,20,57.863670465438524,1.839711138180324,2,62,0.35520670114840724,0.9193045572142735,2,169,34.36726696444324,1.190643288965883,2,198
155,0.3362244983969093,0.7473199839393297,2,114
156,0.1645321429580956,0.7507870170999976,2,68
157,0.37515032859030256,1.0215327428734822,2,23
158,0.4303174181647613,1.0564622584511252,2,85
159,3.978948472374533,0.2762283439792338,2,84,43.28978560158272,0.037674259651323844,2,200
160,0.254711447316437,1.0520556715864633,2,199
161,0.40877649017824713,1.0143925189971923,2,40,0.019170782555670028,1.0839731286872516,2,106,15.615357945083746,1.5125182637801537,2,132,62.60922594239774,0.09702652057304102,2,200
162,0.3528978387313842,0.8215902381473117,2,108
163,0.3340088936010101,1.1674957733887892,2,13,0.00013716975387037997,1.1466203927993774,2,20
164,0.36336348336781205,0.8795931476813096,2,39,66.0830190921157,0.7678532116346478,2,200
165,0.6619292575555507,0.761668855138123,2,160
166,0.679351688502225,0.5615138910194435,2,101
167,0.9879725881811836,0.8631562627851963,2,24
168,0.17450729908205842,0.6569221868463184,2,46,17.02472615545466,0.24161592822570305,2,200
169,0.2760213405336005,0.9473190730187431,2,134,11.870902769642054,0.23195007962710928,2,200
170,0.3231132341658706,1.2184938609600067,2,20
171,0.3785007155736961,1.29825240638521,2,135
172,0.20515423972893582,1.6017700970172881,2,10,6.548256803852446e-05,1.150896143913269,2,20
173,0.061999314118371764,0.7216426686004356,2,27,14.785722165145915,0.1460948706819461,2,53,0.12736623043031034,0.6299522678766932,2,81,4.116704181127393,0.1339935378617599,2,200
174,0.133445932666381,1.3861645062764485,2,9,6.27607674781193e-05,1.108739820393649,2,20
175,0.08182011687033082,1.3088030576705934,2,5,2.6024628039891818e-05,1.061993674437205,2,20
176,0.5351048915126791,0.7735228753089904,2,25
177,0.2657710659981615,0.867708146572113,2,86,0.009666861689130819,1.04352510289142,2,124,0.5834831095259639,1.0530019051262312,2,180,0.011430924851589365,1.272795507782384,2,199
178,0.4143820477238747,0.6467961407587176,2,122,14.447266535534363,0.2164784798334385,2,180,0.2009723427203182,0.4916425675153732,2,200
179,0.0001677672916318913,1.1316687613725662,2,20
180,0.04960230392627161,1.4459283649921417,2,4,3.966735621069756e-05,1.1319904327392578,2,20
181,0.00010093159587662888,1.0851003855466843,2,20
182,0.00015929760930588892,1.0943654835224152,2,20
183,0.12354473835219931,1.2527571070578791,2,62,21.633788556665934,0.05751993561663279,2,103
184,0.8115881432298355,1.0280789454926307,2,134
185,0.0015835322382674304,1.1911390754911635,2,9,0.6149343776894721,0.7119231646259626,2,69,38.87988434121591,0.12361005729153043,2,132
186,27.552766934947996,1.9043930222590764,3,24,0.3673899891638977,0.8416006352220263,2,59
