1,0.03820074177635438,1.3734018802642822,2,4,1.670213319007562e-05,1.1076466999948025,2,20
2,0.050858893222848055,1.2237777280253033,2,43,0.5617291635406418,0.9492310497720363,2,161
3,0.3421410311817344,0.8504639523369926,2,14,0.00013445290777127638,1.1928036212921143,2,20
4,3.180869070272232,0.4114162051869977,2,31,86.94186705785746,1.6110546362294247,2,200
5,0.2872568095615186,1.0299255975655146,2,28
6,1.44241576151182,0.6770886353084019,2,7,0.00014243633593967762,1.0495410515711858,2,20
7,1.108403865680044,0.24425328494264528,2,52,28.015564247204043,0.06798122037906905,2,200
8,0.05422675190637182,0.7709845102259091,2,56
9,0.2786347972510675,1.0446556021819762,2,199
10,0.40778421817257476,0.6748427287920525,2,76,47.726867577766626,0.41463533592851537,2,95,0.3539659574585421,1.0714495011738367,2,130,27.148673467561327,0.18540392071008682,2,162,0.21934721586636455,1.2831842522872121,2,200
11,0.3028704753114212,0.8836778527214414,2,105
12,0.2919596501182399,1.0326828143813394,2,44
13,0.2838839946474739,0.737315759062767,2,20
14,0.26090883033944995,0.9132530335336924,2,32
15,0.3163298366240283,0.5834109291434288,2,150,0.0024878938878723942,0.8788757771253586,2,158,6.1168264025459305,0.1851238895739828,2,200
16,0.2633941942913153,1.0325812548398972,2,28
17,0.021614825854780285,1.0717039359243292,2,38,1.0092740185535387,0.4536444575202708,2,136
18,0.3043767084271898,0.6948870946135786,2,72
19,0.13230867891516965,1.321529052474282,2,11,8.196549544398012e-05,1.14158124393887,2,20
20,0.25118696741698465,1.4313914875189464,2,24,13.807288189404671,0.29252524226903914,2,54,0.17804002596830473,0.6254807114601135,2,78
21,0.1997973096436891,1.6365643640359242,2,12,0.00021700492512177703,1.3261613547801971,2,20
22,0.524790134712285,0.7993834103856768,2,77
23,0.29306950308780316,0.3894103196534244,2,11,7.513708343776731e-05,1.0391087664498224,2,20
24,0.5744495784722077,0.2911256749269574,2,43,186.18643363499663,1.561702813093479,2,69,0.15621414283151677,0.9859812530187461,2,199
25,0.31711348675920237,1.0048581795258955,2,22
26,0.25171119026985916,0.7953112202031272,2,70,2.1722574140655672e-05,1.1968463957309723,2,92,0.022548666505087665,0.9418645203113556,2,114,5.830966012155211,0.1653634120905122,2,200
27,0.29819214475576794,0.8824419789844089,2,45
28,0.07996176845029591,0.8929412395789705,2,58
29,0.034075947628077724,1.3504960536956787,2,15,42.038166486454095,0.07649644943507942,2,200
30,0.4945878930465854,0.5686072802969387,2,28
31,0.35569820763654975,0.9190879821777344,2,10,7.61862106712653e-05,1.0709038197994232,2,20
32,0.3940877642064952,0.7421497176675236,2,51,3.1493237713463036,0.4790631019629088,2,200
33,0.4230032987283269,0.9964537597016284,2,38,7.826140238590899,0.17636458925258966,2,200
34,0.38779070533690785,1.1503396204539709,2,14,46.13158644548994,1.367891724767356,2,43,49.14103377981717,0.057231775522232055,2,143,2.986263152449773,0.12609583662267318,2,200
35,4.7468785115594745,0.11039082646369934,2,25,0.0037614213695849456,0.4477555922099522,2,39,0.45850052479141534,0.6134097835531941,2,174
36,1.7073808937549793,0.4266246811107353,2,27,0.012138976306396229,1.194573500421312,2,72,8.240756691076285,0.12152756046462845,2,163,0.45219196520281285,0.9717447918814581,2,200
37,1.1088794802417146,0.31673144189750446,2,85,129.15845414248406,0.08516974811968596,2,200
38,0.26106147795840073,0.7676628084592921,2,93
39,1.2499619225277285,0.7003123142303677,2,109
40,0.6589241064620369,0.5004422696573394,2,14,0.0006966259001779973,0.94530055920283,2,20
41,0.2172182051479488,1.0782219767570496,2,12,0.00014691963344237068,1.2055274695158005,2,20
42,0.7108874694711472,0.868856250308454,2,80,95.14126096164946,1.3406902792553106,2,200
43,0.270521622013861,0.9957947063446045,2,200
44,0.6013790359464302,0.6803566293838696,2,156
45,0.534916813277809,1.288190585374832,2,100,2.0961934454162234,0.3390732736637195,2,124,34.460240712272245,0.35103087961673735,2,199
46,5.2403272564434795,0.14090966220412934,2,56,0.2766810866649955,0.9876112277443344,2,130
47,0.10275882540454051,1.1244615650177001,2,25,2.1004841606783975,0.5559477302081445,2,93
48,0.44019839817397066,1.1532559254590202,2,34
49,0.5625189841682982,0.8681922611736116,2,84
50,0.2636053559645972,1.0489952894893007,2,137,6.415279851101717,0.13689457826198093,2,200
51,0.3141419028318184,0.715697843414634,2,67,29.73206910438665,0.09556309565117485,2,200
52,7.76998896992997,0.14404005974531173,2,200
53,0.23441612137280374,1.2881296849250794,2,50
54,0.20505981382007993,1.1726294159889221,2,10,9.394193508121283e-05,1.149239194393158,2,20
55,0.1694602803762564,1.0701330737634138,2,44
56,6.171084331920255,0.38610493861240885,2,146,0.27476100439859086,0.7379100024700165,2,170
57,0.15961285611870704,0.896166181564331,2,10,7.646779549067042e-05,1.0563177466392517,2,20
58,5.24530574759227,0.3355933138065868,2,54,64.81929234722337,0.267727628864091,2,199
59,0.2235871975260339,1.1674928585688273,2,45,0.01599416187882577,0.8371946746652776,2,100,0.37609369963596934,1.2066214573383331,2,200
60,0.022885171947394325,1.3173659774992201,2,9,5.1397593890591215e-05,1.2285958528518677,2,20
61,0.1913650211248653,0.9488133996725082,2,20
62,0.25376483409218,1.1303985173052007,2,33
63,1.6563608057421089,0.47445426397343987,2,117,64.46002603604242,0.4031645154737564,2,200
64,0.2922861070957773,0.4731723616520564,2,66
65,5.535251221042127,0.11518391245289852,2,95
66,0.8353439811693992,0.8205709531903267,2,8,0.0001265232468534051,1.1273069183031719,2,20
67,0.25360412281887473,0.6422162279486656,2,16,18.225019551610302,1.6081513149870768,2,52
68,0.25174822426790106,1.505422325891869,2,107
69,0.7654349414238998,1.0083423001425607,2,14,0.00025816630956540385,1.3034099539120991,2,20
70,0.19694676949065604,0.8482932916709355,2,14,0.00013517942514450196,1.1719662547111511,2,20
71,0.14228088244006992,1.2696654349565506,2,8,5.624382696210046e-05,1.147196074326833,2,20
72,0.45852212650499774,1.4702185136931283,2,21
73,2.8829422533114375,0.27859433666365035,2,151
74,0.30168531512440117,0.9070749716325239,2,11,55.18992610574579,0.5255345198370162,2,200
75,0.6702155996330298,0.9327106343375312,2,108,13.047991290946767,0.26146647593249445,2,200
76,0.6361613600596194,0.984054317841163,2,13,0.0003069850955236394,1.187271339552743,2,20
77,0.03903097302547418,1.0846575533642488,2,17,1.018391281743765,0.6133078867021728,2,187,0.013217342622808909,0.7616605529418359,2,200
78,0.02718687291135182,1.1477007224009588,2,13,1.5076168711241023,0.34225851678571034,2,56
79,0.049024022124099495,0.6332191283605537,2,49,23.603082112883286,0.04713642345193554,2,185,0.24782042894636497,1.1139350314935048,2,200
80,0.3062388052468781,1.2039407907970368,2,63
81,2.3378313145083465,0.16480960950255394,2,200
82,0.3085674001008496,0.6203236189626512,2,84
83,0.0684128845028182,1.002410414925328,2,135
84,0.45143423143997163,0.8589943784933823,2,130,0.0013429810282964381,1.0445599896567208,2,137,6.833887744154627,0.06967519956921774,2,200
85,0.29116390832665995,0.8604946902820042,2,56,17.540243381161677,1.0725049777464433,2,111,0.00884353751473278,0.4340239390730858,2,119,1.9391352315625174,0.12299943673941824,2,155,0.027473097237939618,1.2354287874130976,2,176,15.880059883652923,0.07914331369102001,2,200
86,0.2157300163576202,0.990557459667325,2,200
87,0.03444124896706171,0.6757221329543326,2,18,1.8704170295003126,0.08289043836552522,2,76,23.788820294501765,0.035649804664509635,2,188,0.15687152686362713,0.5887915131946405,2,200
88,0.430447128425393,0.7709092600592251,2,116
89,0.09223538157423337,0.865467606290527,2,115
90,0.17107017403938204,0.661745972186327,2,40,5.241096914856328,0.4432090821954393,2,137,118.11207147286552,0.5159186042017407,2,200
91,0.08168108828414847,1.1934095819791157,2,60,0.0023700739026497743,1.6054605175467098,2,77,7.147406017846797,0.1511866807937622,2,97,0.01579938861534565,0.9795182545979818,2,130,1.5343153390757123,0.19349357214840976,2,141
92,1.089083452324624,0.7597715045724597,2,112
93,0.5437722585978733,0.76170156960902,2,46
94,0.29619002420112145,0.6922081460555395,2,12,8.34156907616146e-05,1.2078038603067398,2,20
95,0.12222992697114489,0.4738525040447712,2,20
96,0.031330030074616204,1.3184311389923096,2,6,2.577537861307737e-05,1.0628629113946642,2,20
97,0.6497528967170211,0.9178747053125075,2,56,14.188158509456805,0.17594759329790022,2,138,86.91898858726216,1.5006486081307935,2,200
98,0.3457502254169046,0.706341098304148,2,81
99,0.12763353263560437,1.315748651822408,2,6,5.451704359618018e-05,1.1768289974757604,2,20
100,0.33295483522451996,0.6687839896905989,2,42,3.2019240022433957,0.42605348893358735,2,200
101,0.2853425527079099,1.522505519001983,2,43
102,8.572913675632895,0.2719306972096948,2,102
103,0.38372191585340054,1.1998044087969024,2,87
104,0.8488141319252888,0.8863969144339745,2,52
105,0.6666831278547163,1.0643646369377773,2,36,19.643200902607305,0.09103392907465348,2,135,0.4783207100728223,1.14857017993927,2,152
106,1.7054093860323847,0.49796098277524664,2,108
107,0.270730673680765,0.888055956363678,2,115,2.9375819190944332,0.14590727634289685,2,200
108,0.39357788932074284,0.6346437008607955,2,147
109,0.338190324991069,1.2356649807521276,2,35
110,0.600260253778375,1.2189681444849287,2,21
111,0.348594779185475,0.6937316262722015,2,75
112,0.2909875012290823,0.9710938836613746,2,146,18.810148823691254,1.660561468290246,2,169,0.24568494154695728,0.8320798104809176,2,200
113,0.47864477499014296,1.408963782446725,2,7,9.54870964522063e-05,1.2116871613722582,2,20
114,0.5175799705156734,0.6935436084414973,2,33
115,0.2952851665815399,0.7759611562446311,2,27,0.006096106932019931,0.562747303516634,2,58,3.294929284470748,0.722986478743882,2,145,42.53596440710996,1.3817357215014372,2,200
116,0.0445465364840833,1.3912093838055928,2,6,2.691749372121628e-05,1.0653677114418574,2,20
117,0.33944068432994035,1.0340636000037193,2,8,6.244852330504655e-05,1.3774823149045308,2,20
118,0.48658800287324533,1.1854590309220692,2,86,6.984765125814769,0.2604324758052826,2,131
119,0.25823084545719327,0.8689986571669579,2,40
120,0.2530371288734895,0.5860855969098898,2,26,75.36726317723112,1.7871259293336978,2,200
121,0.10951905009854816,1.0195991559462114,2,55,3.8739373227456606,0.21460609524338334,2,109,48.34924092185397,0.22915446625815497,2,199
122,0.2742209915117957,0.6628255307674408,2,200
123,0.5248783033463144,0.8238180752843618,2,80,0.03156077005484785,0.7481972008216672,2,121
124,0.3918940618370551,0.7400711707922877,2,49
125,2.131130742512297,0.5083570184118776,2,83,60.17631684343433,0.143788094719251,2,158,0.3397780734470658,0.5501805649084204,2,175
126,0.3034439736251229,1.5957546904683113,2,32
127,0.45076834910816965,0.5825710876120461,2,54
128,0.32221125165492964,0.7959791771743608,2,92,28.5260039394182,0.06252697924221004,2,200
129,0.10237363580633121,1.4965494473775227,2,12,0.00022066697116988714,1.414179190993309,2,20
130,0.6892670072412169,1.1867335973114803,2,29
131,0.2676669671405699,0.5532608245100293,2,21
132,0.48823368058010785,1.0787748701964752,2,79
133,5.257480171351009,0.14155936441742456,2,52,46.11309195493931,0.054274575835144195,2,200
134,2.219621785491408,0.25932574551552534,2,64
135,0.2791427574024813,1.258011557553944,2,38
136,0.4569973229716497,0.7750111543215238,2,78
137,0.25134082295674676,0.9363514823572976,2,28
138,0.35361671561477565,0.49407899592603954,2,28
139,0.5294603619024706,1.1913649588823318,2,40
140,0.5564450564592631,1.325597555138344,2,43
141,2.7543896846025815,1.0239065885543823,2,5,0.00010875384596518144,1.1055697361628214,2,20
142,8.460486424339363,0.08520232731162912,2,101,0.023096100602839606,0.38978964686393736,2,116,6.018468969901627,0.13300461996169316,2,200
143,5.272494649093234,0.18889956078568443,2,61,0.05616502502020192,1.1705947589874268,2,86,2.4478744136312476,0.2187808348160041,2,200
144,0.2276413793073795,1.0876996441923006,2,198
145,0.20858545174659754,1.013985290609557,2,87
146,0.24286799740447637,0.8964172095060349,2,200
147,0.43232779166322044,1.267441091998931,2,31
148,0.4848439018401803,0.9151617755761018,2,74
149,0.5987691190614127,0.917060284614563,2,25
150,0.20730041500666274,1.1163484623798958,2,130,3.9153935500094885,0.15830058796065194,2,200
151,0.4382371552147444,1.2230094062521102,2,94,9.755963427584737,1.4782992938779436,2,200
152,0.24644595924619694,1.2916057412586515,2,63
153,0.5408564354841351,1.116956195052789,2,49
154,0.00015824673726240078,1.0746098667383195,2,20
155,0.2427358149392046,0.47196757534275885,2,23
156,0.18456027734325187,0.928231973350048,2,200
157,5.712862232326518,0.22429816599469632,2,128,0.12449543403632582,0.8416658747527335,2,200
158,0.14574715037732885,0.14205829240381718,2,8,14.126514444080215,0.5566957918927073,2,200
159,0.18763460538632265,0.5720392525196075,2,20
160,0.09237092993724876,1.0014401257038117,2,20
161,1.3219535052303082,0.603228097036481,2,40
162,1.22442171973079,0.4739085144052903,2,72,0.030170481555157558,0.8008248435484396,2,109,1.8449744248199131,0.38108629004822836,2,199
163,0.6603002185394873,0.7645885586738587,2,25
164,0.3198568890715601,1.5001949852910534,2,29
165,0.4332057240980565,1.0006756713224012,2,86
166,0.23657904366251065,1.0645003410486074,2,13,0.00019267860766963423,1.106102568762643,2,20
167,0.27320564377802803,1.115378568389199,2,55,4.157274140199201,0.3272268378467702,2,189,0.0008990683123471552,0.9982176531444896,2,200
168,1.2398092345525744,0.867071551806999,2,33,51.14805430623982,1.7393254098778,2,200
169,0.30327378327096516,0.7045507612435714,2,46,21.917552633531876,0.9442190911088671,2,200
170,0.3619088645879076,0.7661401167159944,2,127
171,0.07324887941998721,0.9805642411393939,2,53,7.722988527257916,0.275932339669177,2,185,0.14059551026527362,0.8578646858533223,2,200
172,0.30415165342676515,0.45939670956653095,2,46
173,0.28902875629354885,1.216673216154409,2,43
174,0.11315295390436866,0.8981291743425223,2,26
175,0.26809191765028667,1.5019860863685608,2,14,0.00031235845402488246,1.3840446670850117,2,20
176,2.9701553088253227,0.26366799473762514,2,45
177,1.1891510612897722,1.3072020689646402,2,15,0.0013879801830223785,1.2181397676467896,2,20
178,0.6824106557141774,0.6197862366632539,2,98,183.585795118573,1.9065059026082356,3,200
179,0.3537838421262932,0.9634393631522336,2,67
180,0.44503186833923797,0.7945399834559514,2,26
181,0.6906802666036987,0.793791265744302,2,144
182,0.17546751291728657,0.5112677328288555,2,8,4.788269682493906e-05,1.0330426096916199,2,20
183,0.1539079937289226,0.8525208873408181,2,14,0.000162493581809836,1.109708845615387,2,20
184,0.06689879779443933,1.147243857383728,2,3,1.6883466970997743e-05,1.2687173100078808,2,20
185,0.0502827194219183,1.3584501445293427,2,4,3.628759753419294e-05,1.0698543563485146,2,20
186,0.00017045168228836612,1.1535240560770035,2,20
187,0.021217986478811093,1.4918662309646606,2,5,1.704108427334921e-05,1.0544901847839356,2,20
188,0.026437523969147853,1.4755264043807983,2,5,3.4080664608227466e-05,1.0446100155512492,2,20
189,0.053475147599459726,1.3744846284389496,2,4,3.387989343762307e-05,1.0819455198943615,2,20
190,3.1279225771772476e-05,0.884327483177185,2,20
191,0.00014934979255095706,1.0803320080041885,2,20
