1,0.6872111451224732,1.1255399783452351,2,24
2,0.3943339072925266,0.9452707767486572,2,61
3,0.404606945841259,0.6951561025171368,2,108
4,0.34811020959514544,0.5514945058335721,2,71,3.8750767358065605,0.09782631625962812,2,200
5,0.45792958983036336,0.9572229888290167,2,64
6,0.8399850882041937,0.49025475256931705,2,161
7,0.41554433707624944,1.2458011905352275,2,6,2.784079685778222e-05,1.264057227543422,2,20
8,0.3118871883770802,0.717451356789645,2,34
9,0.28048400049892513,0.5834704512100426,2,139
10,25.181452071731464,1.8487693419059117,2,24,0.2666372345742151,0.5619422316551208,2,39
11,0.6188148450199706,0.7571203850209713,2,200
12,0.4497022832036514,0.36725489724250066,2,42,8.4143143628946,0.2141646971053715,2,200
13,2.186112278416649,0.9427072008450826,2,51
14,0.21320443998785074,0.8222027121100036,2,159
15,0.16303647281920253,1.1436915795008342,2,24
16,0.9747664661256402,0.7422498417171565,2,44,0.00033270416113205433,1.577649680773417,2,59
17,0.7400856118242344,0.9447920803100832,2,31
18,0.05252472001810859,1.5960599382718403,2,6,3.0128650027518794e-05,1.0880716272762843,2,20
19,0.29832726240599794,0.7722052537969181,2,112,19.83459312184275,0.09280314475297928,2,162,1.1948337447808757,0.3831430054024646,2,200
20,0.4123053245498427,1.0296325474977492,2,20
21,0.09530221340027678,0.9820793986877548,2,107
22,4.036090781974794,0.2908910300050463,2,77,0.1508446643381345,1.4667123335379142,2,104
23,0.13218520715049656,1.381127691268921,2,20
24,0.6093678158072547,0.4262140805486345,2,137,6.585119872355367,0.2555947270658281,2,200
25,0.0877644032593158,0.9431351572275162,2,8,4.0206610166525766e-05,1.0353500545024872,2,20
26,0.46413683865533495,0.9393829269842668,2,33
27,0.1237956991077794,0.9327325910329819,2,20
28,0.43921943891429505,0.8632350174280313,2,26
29,0.7848726866452636,0.9401145732402801,2,100
30,0.003759020102537336,1.0640190839767456,2,39,3.8490397314028137,0.24600610907735496,2,155
31,0.30440579685735125,0.33831486841042835,2,150
32,0.4440889855548566,1.091535813668195,2,51
33,0.5244899468527562,0.9670130693784325,2,93
34,0.8658417035704569,1.0716657519340516,2,10,0.0026534579960312845,1.2402192420429654,2,28,0.5135365468410639,1.016062697226351,2,72
35,0.35344755273321943,1.252607505200273,2,118
36,0.17315815958052203,0.9856949275539767,2,31
37,0.1331038704128017,1.067536352496398,2,190
38,0.056349924479477544,0.9761862754821777,2,38,0.6289231781765305,0.5129061193193918,2,200
39,0.39403527663764715,0.34835997720559436,2,12,0.00014685357103256318,1.2192202657461166,2,20
40,0.3670006721753715,0.959325228707265,2,59,3.7023728553340423,0.31973077835781233,2,199
41,0.4009654921964548,1.0026017506917317,2,45
42,0.4372215776522298,1.2137596077389188,2,9,7.515924224873992e-05,1.0624817609786987,2,20
43,0.27730084875292804,1.2837427452206611,2,80
44,1.4339010929392597,0.5636722819749699,2,129,12.26644484882116,0.18964439084832097,2,200
45,0.2655129239787129,0.9869782527287801,2,69
46,0.18863091257818512,1.036963316180357,2,164,5.085948775604302,0.1864112458058766,2,199
47,0.7506093572697016,0.9756024877230326,2,57
48,0.4815109938747201,1.1380090590181022,2,58,0.010259246519144906,0.9581932772451373,2,125,0.5314996520234597,0.876861662864685,2,200
49,0.24168159935777486,0.803495574593544,2,200
50,0.09006902272232019,1.0134677395485996,2,57
51,0.2060994769687648,1.1966829841787165,2,11,0.00010355748985222703,1.1518483559290569,2,20
52,1.0132208583218951,1.1161208003759384,2,8,0.00013163620341215466,1.2392547130584717,2,20
53,0.45257181461685475,0.6632770959367144,2,47
54,0.32744610597087664,0.8476685311113085,2,35,7.578137352547532,0.13979693271897056,2,200
55,0.1963904680069198,0.834332263469696,2,20
56,0.48396707852857535,0.7850906260474755,2,137,13.761527428324081,0.09060437925930681,2,166,0.1614967319067009,0.3577696444357143,2,200
57,0.23658214653043091,1.0561956346035004,2,200
58,0.34511866066555624,0.8952481293514983,2,146
59,0.34173408094584773,0.8319237152735393,2,30
60,0.4192648587250207,1.4099451144536337,2,30
61,0.3803051494920847,0.7677444219589233,2,83
62,0.6903255049461345,0.2231353995376739,2,138,12.437881523773385,0.02396234437342613,2,200
63,0.24928201754953852,0.8001558368022625,2,13,0.0001458281901862142,1.0958763190678187,2,20
64,2.0377391758727463,0.24910652763154134,2,83
65,0.39685838662253264,0.7870374826284555,2,104,9.033325623967162,0.21296495323379835,2,200
66,0.4069961124127579,0.963398038072789,2,47
67,0.3605235404085909,0.8585384517540167,2,81
68,0.22937648392636417,0.8329042466481527,2,75,0.0017926098990107924,0.9871097888265338,2,103,2.3642149059432964,0.3022141642484468,2,200
69,0.3858343676015476,1.1295687920517392,2,36
70,0.32874390174242735,1.052625834941864,2,22
71,0.0005308983535994057,1.142932054400444,2,20
72,0.22214158077732912,1.3910359484808785,2,49
73,0.4870821802015646,0.7771217171102762,2,64
74,0.3713515131936632,0.557520126248454,2,91
75,0.31716344926429174,0.5297558009624481,2,29
76,0.10914558128741689,1.208563044667244,2,20
77,0.01363023457012606,1.1134541783221932,2,43,0.5372594181128848,0.14484290281931558,2,70
78,0.6033799148648544,0.771885104270445,2,72,0.0021596700308495714,0.6408225024739901,2,84,2.615092476957349,0.44963780483778787,2,152,0.012645344547417094,0.7070388075980273,2,174,3.798282979820415,0.38066776440693784,2,200
79,1.4939190572720682,0.30553354350762946,2,107
80,0.901738677583773,0.2966195104850663,2,36,10.38501456520212,0.12358942636992873,2,200
81,0.27491216228591225,1.344771117999636,2,29
82,0.12126325381071042,0.9991179627098449,2,146
83,0.1550544829355469,1.0337623059749603,2,20
84,0.7034072079150991,0.5561621923403568,2,83
85,0.0650170904839588,1.4837886691093445,2,4,4.257608935064015e-05,1.1156896278262138,2,20
86,0.36376676581948336,0.4289333689393419,2,132,4.501302684990755,0.2732991836965084,2,200
87,0.2706689646334447,1.042943482813628,2,46
88,0.4836881197307989,0.9117957054078579,2,200
89,0.4286430593317175,1.3032869275023298,2,41,6.695795737476667,0.14075796633958818,2,91,0.025796308682704945,0.4881675789753596,2,103,10.954914737411299,0.0778848467413912,2,200
90,0.31275599331608805,1.5525763685053044,2,22
91,0.5999955925358503,0.3658560734987259,2,25,16.083734938351665,0.08856176853179931,2,200
92,0.15703895960877978,0.6897803482256437,2,57,3.128580589930464,0.20796764605528825,2,200
93,0.19773563775100522,0.3887464702129364,2,7,5.289509844817718e-05,0.935902265401987,2,20
94,0.4716005283118419,0.6684568909307321,2,192
95,0.0248527180035586,0.9570011228322983,2,20
96,0.08061691253388838,0.6410563364624977,2,8,3.4123509931035845e-05,0.9048535774151484,2,20
97,0.08494940680295865,1.2466481745243072,2,20
98,0.3519069901930628,1.347930097579956,2,35
99,0.6082303073773194,0.5881748878854817,2,118
100,0.30559648970718417,0.3809233158826828,2,5,6.0750546753147354e-05,1.634908139705658,2,15,0.03748883123183793,0.2925497992680623,2,28
101,0.4171269654198844,0.3304477418959141,2,200
102,0.017762795887994696,1.4799383401870727,2,5,1.664716586217724e-05,1.0595662037531535,2,20
103,0.047813604206313275,1.4804329077402751,2,6,2.5637050412866395e-05,1.083286600453513,2,20
104,0.3310576726665716,0.8510842766703629,2,82
105,0.08239708210113764,0.6511758655309677,2,20
106,0.5163563179143772,1.2807190460818154,2,14,0.0004485537179179924,0.9627695679664612,2,20
107,3.1579809706140407e-06,0.7172623306512833,2,20
108,0.36289581870747467,1.3088060774301227,2,38
109,0.3320147044122247,0.8277090221643448,2,20
110,0.2515043464766815,0.9438149673598153,2,14,0.0002551055126724723,1.108856995900472,2,20
111,6.708267313329975,0.0764637996216078,2,74,0.12144492564747117,0.31205883001287776,2,110,15.495665697838538,0.11499307403024638,2,163,1.005737905271156,0.25016322087597204,2,200
112,0.2716085410078465,0.8217916296306231,2,141,2.576842811260886,0.357751661690615,2,200
113,0.03234116865164252,1.109299726173526,2,61,0.7238573802011299,0.7666048755963072,2,200
114,0.17263546980219202,1.1198838204145432,2,8,5.7708236733169665e-05,1.4296164512634277,2,21,0.5617694637091128,0.4928012415766716,2,29
115,0.08478122265872236,1.2551960945129395,2,6,4.7128634225181454e-05,1.0602833458355494,2,20
116,5.024426125342039,0.15299727105432087,2,54,0.0038819839618002175,1.3285581535763211,2,63,10.356721670738576,0.18558339124376125,2,118,0.272410206467544,0.4889816412558922,2,157,11.978439618765563,0.10372384758882744,2,200
117,0.23377697233705969,0.24111203732900321,2,128,3.1590840847889043,0.19402579683810472,2,192,0.025657691626579198,0.5490661785006523,2,200
118,1.3307881195840616,0.8388021290302277,2,36
119,0.19732407169903346,0.7113457312659611,2,63,8.749671412278278,0.18062594761378573,2,200
120,0.9284260686030406,0.4630560779145786,2,70
121,0.1459140822043807,1.4120102167129516,2,10,6.675222582536427e-05,1.1809694528579713,2,20
122,0.6218526556666281,1.090098375082016,2,20
123,0.4231921407356267,0.9997477945016355,2,49
124,0.24444837111193488,1.063187651336193,2,32
125,5.831558907901222,0.08505874903578507,2,95,0.5181138508066253,0.3960521189939408,2,200
126,0.4092469971860374,0.6763865138590336,2,100,4.918475201516898,0.1866551581994597,2,183,0.007493959077085374,1.1121732908136703,2,200
127,0.21373135592865916,0.6827405358818796,2,139
128,0.43915752122341534,0.39137779290859515,2,26
129,0.6234109671987411,0.7924924707144834,2,89
130,0.9796142976266156,0.6972401464177717,2,155,0.08066720256403133,0.885817841688792,2,200
131,0.5413274861278125,0.3342725206166506,2,40,0.0018282825893578506,0.8378705430030823,2,65,0.2338872129593296,1.0217597354542125,2,120
132,0.3776016559564182,1.0121931827985324,2,65
133,1.7697075319621913,0.4451650603403968,2,124
134,0.21665333762890743,0.9131090852522081,2,62,2.824768686251089,0.49423204206708654,2,129
135,0.24716363024873952,0.9670307785272598,2,32
136,0.17996702199061507,0.4915632237523994,2,149,4.434842451259951,0.2141230714087393,2,200
137,0.3765848693065698,0.9238870322704316,2,20
138,0.5820120781894776,0.8903688994737772,2,26
139,0.14686229835668257,1.2391035556793213,2,6,5.819364565253727e-05,1.1023308379309518,2,20
140,0.8768780463980814,0.8773952291439507,2,131
141,0.5226023436360538,1.114750662916585,2,38,31.97095596692111,0.1793393325290562,2,200
142,0.4167232425787149,1.0829477734484916,2,59
143,0.7306576337712977,1.0309227839112283,2,40,0.024579589905477733,0.9800722280213999,2,83,1.3623719446129288,0.18812580839690998,2,200
144,2.7793738339581435,0.22817994274199008,2,200
145,0.14376665394652108,1.0205754764152295,2,99,0.9370392789207457,1.1331706047058105,2,108,5.080197634378084,0.1444307066824125,2,200
146,0.3676003520963193,1.3552923007444901,2,55
147,0.3201464904884165,0.7329627079268296,2,120
148,0.0833672141497635,1.0642347514629364,2,20
149,3.3420219186334976,0.43778560198513805,2,113,0.03820444236044587,0.9041398003697395,2,153,7.129363133633542,0.13217482478060621,2,200
150,0.2510977714772215,0.8308098723491033,2,60
151,1.364045505925934,0.503089983227118,2,53
152,1.3202822975715274,0.6933927834033966,2,54,22.840437593199795,0.09903541946504998,2,181,0.5280285959829091,1.1735114188570726,2,200
153,0.4743644624495567,0.9239781760587925,2,41
154,0.3148692547361189,1.2626657883326213,2,21
155,0.235087956520555,1.209669809432546,2,157
156,0.3107015968781696,0.8614614511480426,2,101
157,0.6622972747879141,0.6577536146486959,2,31,91.84701683484545,1.1845102968715853,2,62,1.576369507832652,0.4145428820148758,2,200
158,0.16499449933236912,0.9390634059906006,2,20
159,0.16299061733729564,0.6913259257661536,2,47,2.7564016229812927,0.33590815635706417,2,198
160,0.21406537146698432,1.6704989274342854,2,6,4.2618396143004174e-05,1.1179752349853516,2,20
161,0.43924310204608424,0.6671075263065309,2,199
162,0.6076161245952955,0.6515562006018378,2,44
163,1.0481455522449195,0.6112080989965324,2,183
164,1.1275605147168277,0.5152241621911525,2,200
165,1.0422504120650082,0.7221098393201828,2,177
166,0.32995283721725044,0.5473655450577829,2,51,30.669102040164017,1.6816655068561948,2,109,0.3359959184182603,0.6552488242878634,2,126,105.44131156176574,1.6693595178199536,2,159,0.9877730577888759,1.4193869189518253,2,200
167,0.03723185425228172,1.2140128413836162,2,3,1.0027954261959025e-05,1.22168349869111,2,20
168,0.3011876855638154,0.44882810967309134,2,14,0.00021160780455367194,0.9357414841651917,2,20
169,0.08086599478323378,1.3682790313448225,2,7,2.1908839845242465e-05,1.0580007433891296,2,20
170,0.3917779205620295,1.0131115638292754,2,13,0.00029219922957595513,1.0417865003858293,2,20
171,0.6356057816364892,0.9913712739944458,2,11,0.00010267902483770666,1.3473880688349407,2,20
172,2.031125492071874,0.8216598033905029,2,6,0.00014329123264631555,1.0205576036657606,2,20
173,0.37185301822755257,0.8790386769829727,2,41
174,0.7319578827588998,0.6848960850598678,2,53
175,0.9295823336207018,0.5435876915146252,2,197
176,0.7218606111086612,1.0113160151701708,2,39
177,0.02757023130545209,0.6795236021280289,2,36,1.6244860573899678,0.250068501728337,2,200
178,0.38335814570494414,1.51527601480484,2,26
179,1.4996946791139192,0.36923192463815213,2,200
180,0.5264067293712472,0.5738364069358163,2,23
181,1.033550442303138,0.5616906387386499,2,54,13.339779797896327,0.11801707292425222,2,199
182,0.06584983507837414,0.9788315530683174,2,61
183,0.4963472172145479,0.9035497625668844,2,45
184,0.232344219402143,0.9408859103918076,2,80
185,0.2607846849015109,1.3929958392162711,2,49
