1,3.8488729596052043,0.1411611917614937,2,50
2,0.2862673477718064,0.6094168496131896,2,125
3,0.45994663603900643,1.0019207336963751,2,39
4,0.1957052639745367,1.5356796185175579,2,12,0.00011227814626371155,1.416719913482666,2,20
5,4.07467749429706,0.2764371523731633,2,133
6,0.29785215175162844,1.0095106764086361,2,116
7,0.032051047647716206,1.271588020228051,2,37,7.1693290073457465,0.109798654785444,2,153
8,16.93223595911789,0.08950614269639624,2,61,0.24968925274066014,1.0362839240294237,2,87
9,0.29045191238519785,1.1241714884933915,2,103
10,2.093703681661991,0.34268627017736436,2,200
11,0.27335866792312885,0.8819438099861145,2,20
12,0.27179790959616007,1.3870253827836778,2,45
13,0.2087550764131694,0.8553797751665115,2,20
14,0.2474221252306535,0.6955597117543221,2,200
15,0.4913090462296215,0.7966888780179231,2,23,0.008189288638480936,0.8951449304410856,2,96,12.940688961038008,0.10336601820129615,2,200
16,0.15235610721911985,1.0438331357229536,2,107,10.37653440096883,0.09752472049446516,2,200
17,0.31992493926974214,0.9149759467691183,2,32,5.700120664977723,0.1347822637430259,2,116,0.3568084124650623,0.8110071974141257,2,200
18,0.3605836581614694,0.8858415830282518,2,81,9.208320764049937,0.21700971646279824,2,163,0.3443085221777635,1.0513991439664685,2,200
19,0.27961520643625737,0.839820668771863,2,200
20,10.889681213515484,0.12976747702855568,2,154,0.5841472614502314,0.40995535448841425,2,200
21,0.144398127843688,0.4951212614774704,2,10,6.360356862987532e-05,0.958822238445282,2,20
22,0.30162177201281615,0.9787115638818198,2,123
23,0.2482496633072092,0.9558512767155966,2,27
24,2.447067480746349,0.40019082226629915,2,116,0.2631614687277216,0.6928944758006504,2,200
25,0.33679420345628286,0.6613472298289953,2,89
26,1.0384049863243037,1.1059931153342837,2,105,135.46668862058078,0.47611742098080484,2,200
27,0.29248075087957265,0.8327991978118294,2,76
28,0.2903407848507822,0.9182124921569118,2,162,10.85710045535592,0.13943756920726677,2,200
29,0.11632251268175507,1.202067534128825,2,15,0.00016962575981359075,1.256947922706604,2,20
30,0.12366378826972649,1.181630715727806,2,8,4.593235923848466e-05,1.1783467729886372,2,20
31,0.37320185410630546,1.3496688842773437,2,10,0.00012189111417917946,1.068588948249817,2,20
32,0.5869918470764628,0.9785399436950684,2,3,3.387449349137126e-05,1.1787634807474472,2,20
33,0.615504801104346,1.1007450103759766,2,20
34,0.6122548086765749,0.7210723983717489,2,91
35,0.37969396728366756,0.3316473389665286,2,24,17.788091920953473,0.13351224125786262,2,200
36,0.008603576216344042,0.87540163713343,2,17,0.38056334694760247,0.6214592499159725,2,200
37,0.34109310147815947,1.0488014065701028,2,23
38,0.7060477759899659,0.47273604503044714,2,130,23.726492140846137,0.07734200741563524,2,200
39,0.21155535839277848,0.7510853749963472,2,106,23.866184552053838,0.06741492767803005,2,167,0.19508952919558545,1.0678634715802742,2,200
40,0.5881192665561285,0.664208081105481,2,46,0.014099842372789209,0.8642048480610053,2,106,9.282632214103836,0.1095159694712649,2,199
41,0.4348037802648195,1.1788593687697084,2,167
42,0.28621400013186205,1.3862130933878374,2,49
43,0.2245265571937579,0.5875349369916049,2,11,7.366885172687615e-05,1.1733184258143108,2,20
44,0.24359702038466208,1.2517834259913518,2,26
45,0.29037234537467294,1.1362806856632233,2,121
46,0.07176106794033242,1.275300681591034,2,6,4.7442962132339305e-05,1.0490836671420507,2,20
47,0.0731476668322415,0.9800840285089281,2,45,0.9841997992851096,0.5198623927930991,2,105
48,0.30648101715476234,1.0921794467194135,2,43
49,0.6613904022873281,1.1172097384929658,2,20
50,3.5975304363539298,0.3322872725073938,2,108
51,0.22199210496825197,1.1160176863272986,2,60,2.930364677433243,0.2561030377775936,2,119
52,0.15276080902240793,1.2687773379412564,2,22,6.323983996247757,0.09244789928197861,2,156,0.2567951411414772,0.9704590554941784,2,200
53,0.22201673650126932,0.8640401665866375,2,200
54,0.6920791462853813,0.8003426717252148,2,49
55,0.022813337385566526,1.1331171069826398,2,35,1.0443285834932245,0.4617566456229,2,94,11.17000604136487,0.1309490160278554,2,200
56,0.37731792331973185,0.5960721245833805,2,14,0.00022693427211295397,1.1293463508288066,2,20
57,0.26638640672318215,1.144948224425316,2,200
58,0.35462640962432684,0.9716430274826108,2,132
59,0.3460119421387719,1.0978274026087351,2,56
60,0.05949805436078739,1.2692756255467732,2,6,3.103704620884101e-05,1.0008258138384138,2,20
61,1.3207625861324264,1.1895713552832603,2,20,51.71555622582031,0.13820855223363446,2,51,0.21545396730443978,0.9153926387429238,2,131
62,0.5826636522515608,1.1214109808206558,2,40
63,0.08546143398219386,1.1819266438484193,2,10,4.5997638284144424e-05,1.123463010787964,2,20
64,0.19718820567167297,0.8740341407912118,2,7,5.990570283345375e-05,1.0659700540395884,2,20
65,0.027899685139820225,1.036890227706344,2,135,0.25114434754725845,0.12368640303611755,2,140,5.51572522529444,0.19088651314377786,2,200
66,0.22535498105336793,0.7509528740688607,2,54
67,0.04901944603599887,1.3838824033737183,2,4,1.8382722243302404e-05,1.0785097144544125,2,20
68,0.24307798129406866,0.9516224708585512,2,168
69,0.07051425681708455,1.1614098350207012,2,6,4.65823548768727e-05,1.0454086405890328,2,20
70,0.7420536333314459,0.42109392988293065,2,92,8.87002002630867,0.1297635273249061,2,200
71,0.43619131884731166,1.622159332036972,2,32
72,0.13819801911897603,0.8488361835479736,2,20,0.00013936550336765498,0.6469756901264191,2,40,0.2487424856320564,1.2837460060273447,2,102
73,0.1651456737019535,1.4835475466468118,2,11,8.966132820344627e-05,1.2547991143332586,2,20
74,2.793058507800677,0.3115359084274536,2,133,0.30030544962405775,0.5306187524245336,2,198
75,0.974477076463109,0.5232734254428318,2,56,14.433494755124844,0.03989291889267368,2,199
76,4.260850428367346,0.35233017272855105,2,76
77,0.08622694263055049,1.404917597770691,2,6,3.397893466145335e-05,1.1802627188818795,2,20
78,3.1346787960053333,0.2838297165185213,2,200
79,0.08098520900573791,0.5204846901553017,2,14,0.00017074678494200947,1.1818060080210369,2,20
80,0.34662908509202217,0.7907962097363038,2,165
81,0.8750527670021875,0.5700205246459192,2,67,15.691243822318908,0.0925431441991849,2,200
82,0.32415152469306746,1.0278105421380683,2,91
83,0.29105081828516566,1.0709950315055026,2,93
84,0.2829646526681046,0.678431166166609,2,44
85,0.08505867341230476,0.9052620019231524,2,7,3.0454587403276593e-05,1.0387938985457787,2,20
86,0.1498206590490569,0.708383971452713,2,20
87,1.1982184673365057,1.0000229676564534,2,6,0.00026512213664298595,0.9425118565559387,2,20
88,0.5855926961076607,0.6324828696715368,2,77
89,0.22908534077630158,0.7353031364110139,2,111
90,0.1144870102935594,0.6386830866336822,2,10,5.345769163095872e-05,1.012965738773346,2,20
91,0.43051466056032534,0.35597517117857935,2,20
92,0.3280223653230802,0.8829312085128221,2,61,9.96245120573125,0.17002717290933317,2,165
93,2.391272843170243,0.5140320496125654,2,11,0.0003074068745139836,1.1024308999379475,2,20
94,0.41525402619729707,0.7252799078822136,2,20
95,3.901297146398989,0.19676401518600087,2,71,0.3655760922332392,1.410766461098841,2,200
96,0.010428992209024117,0.7218789830803871,2,48,0.39857635016750786,0.9708741182411039,2,85,5.64736486680317,0.20892676150097567,2,170,144.86121219954825,0.07047000179688136,2,200
97,0.038639266908160864,1.4922385215759277,2,7,3.695323500352015e-05,1.0774425176473765,2,20
98,0.4198330143758347,0.9117934241890907,2,20
99,0.3158396629809562,1.040058692296346,2,24
100,0.11087540204556554,0.8200606129787587,2,27,27.907915149564438,0.08345852766422868,2,200
101,0.27870221703573744,0.39493316784501076,2,200
102,30.023058860757214,0.08696095928549767,2,200
103,0.38078426693880923,1.341026355822881,2,36
104,0.6189832942936634,0.6696821811088061,2,118
105,0.24293714937760022,1.3838854908943177,2,20
106,0.5130376117941625,0.6137186116989581,2,124,18.663698097206492,0.5978995322396881,2,200
107,0.25225757868439197,0.9144420068006258,2,37
108,0.3566141766211446,0.5889738917569903,2,136
109,0.3821110158659984,0.5090265631525204,2,198
110,0.6713651667622412,0.6915776504660552,2,53
111,1.4717938808269886,0.6535829296985338,2,86
112,0.05354066790697437,1.4350956678390503,2,4,3.3772488876816174e-05,1.0881706401705742,2,20
113,0.9834803234625795,0.4462625185027719,2,80
114,1.4173031792224262,0.5051188863813877,2,20
115,0.22777161789949193,1.0355047454959467,2,190
116,0.37260476745245164,1.0329154014587403,2,25
117,0.7695572866329936,0.921833336353302,2,20,0.008702089678304872,0.7568419462158567,2,41,2.323525310951501,0.26421172092170836,2,200
118,0.15409857224070372,0.7554418992089189,2,92,21.81766945273996,0.13724564548049653,2,106,0.14676138623783203,0.48810495293520867,2,200
119,0.3138379745934882,1.0402848051305402,2,57
120,0.4879980303269148,1.0658155468494996,2,115,8.697957112548076,0.08221484089598936,2,200
121,0.44244836334793125,0.36784791946411133,2,23
122,0.4815144815792756,0.9304384667794783,2,91,4.901527576986339,0.08314765955914151,2,179,0.00749689737050421,0.5236817917653492,2,193,2.757132609686552,0.46041420102119446,2,200
123,0.3498662273482112,1.2490699209537603,2,197
124,1.2000457858044065,0.33598647504737694,2,97,40.93132690738203,0.08522819763827093,2,200
125,0.18980417409998576,0.9354142745335897,2,12,8.098880730243419e-05,1.2340016514062881,2,20
126,1.073240653192505,0.3616077239881426,2,149,9.901641318726826,0.0646674913518569,2,200
127,0.09818597534810775,1.2726400405168534,2,20
128,0.1757407010599006,0.7088841631626471,2,39
129,0.1246959548351866,0.8158869661536872,2,51
130,0.45435005750560803,1.4775295464888862,2,23
131,0.15260649490866074,0.8034609953562418,2,6,5.7306236614171944e-05,1.07001736334392,2,20
132,0.17494397932773573,1.15502464423577,2,30,0.0031773920489489523,1.2305974108832223,2,51
133,0.6176948134903201,0.9541638663836888,2,14,0.0004221997813903144,1.0446712970733643,2,20
134,0.8680685798717943,0.9229619367556139,2,66,0.00010338975583977713,1.3828229170579176,2,79,0.5134878330863039,1.1355031899043493,2,86,26.135626485820982,0.06290255996741746,2,200
135,0.5098449866415171,0.7207960104042629,2,53
136,0.14385932859782627,0.4375469556876591,2,7,3.24916612951704e-05,0.8948950171470642,2,20
137,0.17941374855526965,1.530045822262764,2,8,7.601159387179373e-05,1.1314162115255992,2,20
138,0.13516173710530627,1.117908701300621,2,8,6.376857845671738e-05,1.1992207765579224,2,20
139,0.22601780430021579,0.4774087655544281,2,25
140,0.2858458242385389,1.1285982355475426,2,16,0.00022089906406085313,1.1683222651481628,2,20
141,18.486033947339983,0.1726004660129547,2,200
142,0.668091295123745,0.7380342283531239,2,76,7.431221465686301,0.10379693847756054,2,119,0.008700641809726453,1.0674544294675192,2,149,29.123443566338818,0.04563806804956174,2,200
143,0.10036824300094417,0.35607030987739563,2,12,18.335040956820617,0.08129637022601797,2,200
144,0.8669811486245947,0.5389198329831872,2,140,0.05659264199986305,0.9827965398629507,2,200
145,5.166781094384592,0.2672395452616676,2,124,0.06948643118367723,0.5391096572081248,2,169
146,0.3291318478833433,1.2426760077476502,2,20
147,0.24670542323309044,1.006623526637474,2,178,16.156588508956915,0.12320602007887581,2,200
148,0.06438204770407441,1.5406581461429596,2,4,4.1351663650937276e-05,1.1443442031741142,2,20
149,0.8480686669934813,0.5257692043210419,2,71,0.02227711782818221,0.9579725861549377,2,102,7.905252853948949,0.15003692176269026,2,200
150,0.19270872656317883,0.871176829893295,2,73,4.696322595881614,0.3716639767246922,2,200
151,0.06859496269867035,1.3051375320979528,2,7,3.090865710007185e-05,1.147653368803171,2,20
152,0.21048469441887904,0.9520139992237091,2,6,2.3062041733759203e-05,0.8073428060327258,2,20
153,1.6285467630824344,0.7519315658853605,2,52,0.1405995206587357,0.778058124440057,2,115
154,0.593733056746239,0.9808344947440284,2,28
155,0.2598268326371228,1.1531129796783646,2,77
156,2.0179976081515454,0.5669068122425904,2,104
157,0.5601230907039252,1.0920002334045642,2,33
158,0.7069991236121822,1.2254601882563696,2,36
159,0.03461641111354582,1.001632128212903,2,37,5.527248336472784,0.2586067393422127,2,63,0.3216587760337178,0.7210242842373095,2,158
160,0.35342057564514356,1.1216984712160551,2,52
161,0.24740331038027913,0.7613792871854391,2,83
162,0.2965119184942025,1.130944692171537,2,26
163,0.0026118634601157206,0.8628693195906553,2,22,0.6771333588547309,0.7404027235886407,2,85,0.0003192494165792921,1.4711534338338035,2,113,3.2131980069639057,0.15025688707828522,2,121,0.014921111660895941,0.4535212003522449,2,139,3.064196183484675,0.3299669325351715,2,200
164,0.5405187748127328,0.7175157609581947,2,200
165,0.14626209488276504,0.8754026025533677,2,20
166,0.2573337275864803,1.4299715042114258,2,20
167,0.13907671470209435,1.4060126543045044,2,10,8.449300478659411e-05,1.19762179851532,2,20
168,0.06667302809806941,1.1799391848700387,2,7,4.392000104528095e-05,1.0587407809037428,2,20
169,0.2801168533185779,0.7750434787834392,2,102
170,4.530881899201745,0.16362073183059692,2,200
171,0.257862209638558,1.0314038117726645,2,30
172,0.5682511360781791,0.7787235500663519,2,200
173,0.45805554616233485,0.4299229386673179,2,93,8.644916198797185,0.10073956711725755,2,159,0.08183389675721224,0.5415453859945623,2,200
174,0.19755147631164988,1.0279006163279216,2,24
175,0.30858107430903514,0.9309305848565491,2,159
176,0.3073427001786124,0.9438575993884694,2,22
177,0.00015419971505885438,1.087051299214363,2,20
178,0.33409760844039943,1.3982983617221607,2,68
