1,0.128914690521426,1.013251278330298,2,68
2,0.09357498016042239,0.8303830942442251,2,43,7.5118351330946656,0.2605396800420501,2,65,0.012325018385464645,0.48323286038178664,2,78,2.7334482080885114,0.1355196145958588,2,200
3,0.0418593995762784,1.067870975865258,2,45
4,0.3232267339923426,1.0668516193539643,2,121
5,0.21484869571154164,0.8592338617146015,2,200
6,0.13504025109076975,1.26546503672233,2,65
7,0.28416534570393165,1.0440575841226076,2,152
8,0.2898834229289752,0.8944399684667588,2,20
9,1.2427413146135395,0.6898477324284613,2,64,0.03327850351494099,0.9860761066277822,2,88,3.1471021238151855,0.5740030451810786,2,200
10,0.26218113150689765,0.5932327210903168,2,12,0.0001195787075466958,1.2539219707250595,2,20
11,0.3556412260591216,1.1592832917258853,2,42
12,0.4189651207928181,0.9564588597187629,2,26
13,0.12214513024031033,0.8697924584150314,2,20
14,0.42315895503269996,0.4048090323253914,2,27
15,0.39058279698752657,0.7274138115843137,2,150,6.527532444385368,0.36362299382686614,2,200
16,0.1742961307596186,1.1511166312477805,2,11,4.690962340038568e-05,1.1988574531343248,2,20
17,0.058367392632311096,1.1955904563268025,2,6,4.807869796584342e-05,1.0446016362735204,2,20
18,0.3033586821154788,1.2816363043255277,2,36
19,0.8282010611049159,0.5966445733606816,2,200
20,1.6140331479598056,0.4386550720893975,2,99,0.23066566783084372,0.7797291998816008,2,200
21,0.3791348770558335,0.6152191276103258,2,200
22,0.7143828683675855,0.8340551596263359,2,87
23,0.30432700461814693,0.6553509092849233,2,46
24,0.3942677165834467,0.7854419826609748,2,175
25,0.11995911315522798,1.453495740890503,2,13,0.0001583457402102039,1.0521170667239599,2,20
26,0.06152788946703206,0.9815595508168596,2,109,1.0984849180306682,0.5447459520546944,2,200
27,0.3244145290743022,0.888985336124897,2,200
28,0.1257173447311887,1.0447865948081017,2,68,3.63167620030791,0.39607723158868874,2,200
29,0.42791301430849477,0.43173834518529475,2,128,7.035145225629001,0.2877410844796234,2,200
30,0.12922830288998502,0.9711064932110546,2,91,6.956753314319892,0.3296207670242556,2,122,0.1633888049913333,0.6054441156712446,2,199
31,0.1515456609388538,1.5387008309364318,2,10,6.0706193076618723e-05,1.2968371629714965,2,20
32,0.7325959088576453,0.7881710705268814,2,83
33,0.04862853343477184,1.4310536086559296,2,16,8.000570862884334,0.17780869270580402,2,85,0.4158740435498623,1.2764729988284227,2,126,11.75468991163347,0.17059848779762113,2,200
34,0.5359213922098446,0.6881342099358638,2,120,5.432203777897441e-05,0.9392364464308086,2,139,0.6073899091430205,1.022619080543518,2,174
35,0.42450369431327367,1.296924190087752,2,33
36,1.18790571194419,0.3123000016063452,2,200
37,0.8936214952191527,0.4543197579767512,2,87
38,0.20227114061327053,0.4300475198971598,2,95
39,0.4668766419560198,1.17637273311615,2,25
40,3.866076808932203,0.30424355670809744,2,200
41,0.2281060644725552,1.159966843170032,2,57
42,0.481179078391526,1.0807449663386626,2,85
43,0.5966776630061199,1.0084536687685892,2,130
44,0.1449660088203895,1.4266125985554285,2,7,2.3817083920661926e-05,1.1037403711905847,2,20
45,0.5225269019493735,0.8965328764170408,2,32
46,0.7559756559671564,0.48258345401444974,2,151
47,0.29352998610312325,1.0567162152793672,2,36
48,0.41386280114062873,1.0950845546868382,2,49
49,0.5853114539452118,0.654759765953146,2,93,22.347812989751045,0.5797172410147531,2,128,0.05669814210763506,0.8180058953516623,2,162,3.621598355401575,0.3337697999344932,2,198
50,0.17653506973354768,0.6482487090929286,2,127
51,6.630963388016362,0.216450344432484,2,44,0.4916177525521364,1.6201057076454162,2,74
52,0.08857037238109103,0.959503173828125,2,7,4.974322020200016e-05,1.1017462198550885,2,20
53,0.04906823407795148,1.181322733561198,2,6,2.2912538557602736e-05,1.026915660926274,2,20
54,0.615649662068898,0.44919579509814184,2,199
55,0.075686199651426,0.8779780398501028,2,101
56,0.4067474840625241,0.6616250425577164,2,16,0.00017232508833498318,1.0804315209388733,2,20
57,0.30761805611837545,1.2795055586358774,2,115
58,1.1225295300401408,0.5334044716187886,2,112
59,2.7947851647529567,0.31176841349863427,2,82
60,0.13092105463054723,0.9602252203842689,2,58
61,0.18092019977933885,0.20377549185202673,2,13,0.00022049582778923234,0.8519858888217381,2,20
62,0.4048411625359187,0.2869555950164795,2,33
63,0.6635454565693263,1.2456326186656952,2,31
64,0.08396455195232132,0.402888373285532,2,20
65,0.21783173652493798,1.4693253755569458,2,35
66,0.2618014399720168,0.8878511290396414,2,155
67,0.3694280754346476,0.8746187366821148,2,27
68,0.30866963882021003,0.4898390128481679,2,82
69,0.10869658230396924,0.781448657264804,2,101,0.9920760571288281,0.3548312081833078,2,200
70,0.33395173894728347,1.2743157989838545,2,102,0.27069446260953567,0.3942986355752361,2,200
71,0.04933193365744394,1.3408429026603699,2,8,2.120849607065595e-05,1.0846807062625885,2,20
72,0.013948465307931177,0.7707585600706247,2,13,0.608978047454226,0.7102866566950276,2,199
73,0.8097327688295245,0.49759303592145443,2,200
74,0.7137095708100945,0.8506230795994784,2,195
75,0.5690675353582255,0.750574536897518,2,27,0.026693710916479534,0.8714350972856794,2,83,0.47929758470902584,0.7331368763898981,2,199
76,0.07489134871216349,1.1417608559131622,2,20
77,0.08937034429150625,1.195662248134613,2,20
78,0.05313758452720619,1.6957862973213196,2,6,5.3484879456733544e-05,1.1420432414327348,2,20
79,0.3139051340209836,0.5985193968467091,2,92,1.9011882832916687,0.476827141587381,2,200
80,1.1681346376428285,0.2686595436599519,2,108,25.243735872333954,0.12209287447773892,2,200
81,0.21580364197948,0.8253312602639198,2,200
82,0.35998569926729546,0.8500109633803368,2,200
83,0.45049938359524244,0.38519851111230397,2,105,3.704439057411665,0.201593133179765,2,200
84,0.5377898709056134,1.0288355187936262,2,44
85,0.41276680894457335,0.5807051340738932,2,30,0.012033274643305438,0.5727615109805403,2,88,0.7082852173546321,0.6416497839920556,2,155
86,0.21687496488064806,1.2998112873597578,2,11,9.67885954426902e-05,1.1946637233098347,2,20
87,0.43440118719870263,0.7572519600391387,2,10,0.00010312082668586665,1.0695965528488158,2,20
88,1.2444317758704257,0.8028350611031055,2,200
89,0.32397618869694006,1.0706549827869123,2,65
90,0.5813206266896516,0.7790666198730469,2,200
91,0.2765435439428512,0.9936755229068058,2,93
92,0.6856220742252042,0.9780012652277946,2,40
93,0.48686831732127495,0.507155717164278,2,200
94,0.28584790087123124,1.3732881818498883,2,35
95,0.24645984295523873,0.8518127800531723,2,199
96,0.14030939793851915,1.1649708492415292,2,56
97,0.005495736614402781,0.8096436906834038,2,49,0.22398946089352934,0.7058746700978461,2,180,0.008739391418971213,0.6993408650159836,2,200
98,0.4053813499550314,0.9716669867436091,2,24
99,0.20320345984515967,0.7134466584026814,2,200
100,0.2488485464131296,1.2235934734344482,2,12,0.00014565986828161194,1.3750815093517303,2,20
101,0.2920605942352109,1.073508600536868,2,139
102,0.39449630408027386,1.0771784700196365,2,58
103,0.3323163410821585,1.4139582149444088,2,31
104,0.45682796777592,1.1740785896778108,2,55,2.3583056399356606,0.5404302952466188,2,82,60.13216894088609,0.13241303983059796,2,104,0.06111724844513177,0.5331121351983812,2,122,32.9794607155112,0.0962312318957769,2,200
105,0.4508884917840847,0.9994591493760386,2,124
106,0.13546201132187877,1.0984697512217931,2,7,3.214837271190633e-05,1.1030920010346632,2,20
107,0.31165978853606896,1.3833512874210583,2,34
108,0.9239231964360872,1.0990794979511422,2,94
109,0.5034550700605052,0.7442116960883141,2,56
110,0.6766052945755613,0.44600336484611036,2,200
111,0.06637673050385322,1.0072861446274652,2,27
112,0.2816117692637829,0.8392838102872254,2,122,1.8020197939181153,0.45203897452507263,2,200
113,0.8662286112877555,0.6459532715936205,2,67,0.00196246525411147,0.5884283125400543,2,77,4.603948776283733,0.19315836100074335,2,200
114,0.34952090531807317,1.3650714785624773,2,78
115,0.2208432268427775,0.8959243671691164,2,94
116,0.49705931105880596,0.9991680657075457,2,121,0.0013871703714710276,0.6921604257641416,2,154,0.6961286709675887,0.5024333602852291,2,199
117,0.10879530029729878,1.1891380823126025,2,51
118,0.05180034404066231,0.8761470866203308,2,200
119,0.06424418184336231,1.2366643786430358,2,20
120,0.31836773902190646,0.4708002154149261,2,51,14.043806306857967,0.2562586270272732,2,111,0.2196557112614174,0.8463450469327777,2,200
121,0.2687402829289083,0.9779559090023949,2,21
122,0.03485337989322243,1.2022525686770678,2,64,0.414334200581978,1.178246862689654,2,184
123,0.2701886101495031,1.01637454993195,2,72
124,0.22531420987374,0.9490840257175507,2,62,2.5182153290061837,0.4803066775202751,2,170
125,0.31950337625871605,1.1772749639219708,2,72
126,0.38660536460452494,0.9011892304507965,2,109
127,0.068553016443902,1.3125626842180889,2,6,4.755651718751329e-05,1.0509412458964758,2,20
128,0.270338376689149,0.5297041356563568,2,200
129,0.455965961474154,0.7763616070988473,2,89
130,0.589446290482269,1.4827523171901702,2,20
131,0.26165457136049136,0.607787378657032,2,71,0.012666871192017221,1.1229840397834778,2,101,1.6452705441528066,0.34095989072170013,2,179,0.05444584624481803,0.8495937812896002,2,200
132,0.034450025146018914,1.5335151354471843,2,6,2.5758732304202527e-05,1.0742114910057612,2,20
133,0.09852480508994564,1.163005843758583,2,8,3.5656391924948684e-05,1.0776019791762035,2,20
134,0.3018928205630498,0.4958479789630422,2,159
135,0.472915849460825,0.6302386709872414,2,85,18.248777661932433,0.26076516843047637,2,143,0.47739759086534195,1.5627404325886776,2,200
136,1.1852046772776852,0.5771429214094367,2,168
137,0.9163733821014399,0.7241580629025597,2,166
138,0.09190799573358728,1.0771206060013214,2,77
139,0.12295910288083377,0.6828334386357002,2,144
140,0.12077268587621161,1.329285482565562,2,6,3.9169128322827364e-05,1.1355691126414709,2,20
141,0.09873480063643196,1.1459976881742477,2,8,4.607523787384807e-05,1.15732737382253,2,20
142,0.2417793806252711,1.1321984732404669,2,94,1.0795556310520995,0.2526220670517753,2,128,11.27196126805234,0.19146865751180384,2,200
143,0.08309428996046872,1.0854182442029316,2,6,4.246368347475983e-05,0.9938671163150242,2,20
144,0.08104469480266877,1.313233196735382,2,8,2.4263132107190528e-05,1.0981749494870503,2,20
145,1.4619375969151607,0.23780741176362766,2,59
146,0.03512795175396127,1.5065572738647461,2,20
147,0.3309319982967275,0.7380077991730127,2,156,12.918994524198434,0.6015600756157277,2,199
148,0.35201466023230443,0.9888249202208086,2,22
149,0.6363371270592519,0.8920353174209594,2,45
150,0.2921649101152686,0.5632656441159445,2,73,2.281848510260213,0.3632437825675995,2,199
151,4.767442494032544,0.2623490047454834,2,200
152,1.8475430801235844,0.44387545958161356,2,40,0.01814664911871924,0.6402977988487337,2,81,1.1124351466892413,0.4002733611959522,2,199
153,0.3805266265307099,1.4513845732717803,2,33
154,0.2717115913752924,0.7826297166870861,2,82
155,0.706364951127259,0.45234949424862864,2,200
156,0.271037841363341,1.3611025942696466,2,9,7.323328776820184e-05,1.3646689436652444,2,20
157,0.38203378759721507,1.029547377868935,2,135
158,0.4599046243956976,0.9716796530617609,2,45
159,0.0679346975971408,1.2049014227730888,2,7,3.366281491165569e-05,1.1198299206220186,2,20
160,1.176727717250456,0.5537385945437384,2,61,0.052800586524047115,0.8051309511902627,2,150,1.4745692740091352,0.8293856644269192,2,183
161,1.1210934086327533,0.5909832114619868,2,56,0.007206640946271438,0.5948684656101725,2,79
162,0.1944954905555771,1.545245696516598,2,68,0.1947531845835371,0.8281831070780754,2,76,1.7235097055184405,0.4540312671132626,2,200
163,0.21729169039540155,0.9359127283096313,2,10,8.468962683790389e-05,1.2014427185058594,2,20
164,0.3317021745610847,0.5935913977168855,2,21
165,0.02144928069351567,0.8476266622543335,2,20
166,0.741030355040062,0.5382246784309843,2,134,0.0505076354460554,1.2071756571531296,2,166
167,0.6393345233122459,1.3013500733809038,2,11,0.00017014058184776343,1.1058558225631714,2,20
168,0.3090726646204887,1.1537524306255837,2,23
169,0.5029679784175844,0.7004443797073803,2,196
170,0.5529778116975411,0.7150040888041258,2,200
171,0.1941060783301642,1.205376811717686,2,38
172,0.34224194536466324,0.9077483029609703,2,166
173,0.05705695039819195,1.3283644020557404,2,8,3.938891229504416e-05,1.063061147928238,2,20
174,0.3339556266644832,1.1064459017065704,2,61
175,0.16519119339539465,0.6739453598856926,2,40,2.9536422373245768,0.4006760890753764,2,146,0.14732034481976342,0.6538546704328977,2,198
176,0.03596865243072283,1.5378033717473347,2,6,2.341368449568632e-05,1.083053537777492,2,20
177,0.05904148842266251,0.750342974757276,2,82,1.822862765669669,0.6067401121060053,2,199
178,0.4306480449008677,0.6415607144958094,2,57
179,0.09458176030207771,1.022754979133606,2,5,5.232588012380037e-05,0.9749419530232747,2,20
180,0.22619830347564238,0.4706127384434576,2,46
181,2.2950964210701006,0.4152307491749525,2,200
182,0.7706997761603911,0.8734781980514527,2,20
183,0.24112822211098411,0.8777426114449134,2,26
184,0.00016557106524789532,1.141267716884613,2,20
185,0.00014001666133227187,1.1016501605510711,2,20
186,0.00016234840070142778,1.1477408051490783,2,20
187,0.0314997129574135,1.5127896070480347,2,5,3.449157064931714e-05,1.0878012816111247,2,20
188,2.025744789110263,0.5599078923463822,2,95
