1,0.21293335780077274,0.8948341352599007,2,14,0.000278189863827661,1.071366012096405,2,20
2,0.08751001778731182,0.8462256193161011,2,11,8.737736927349957e-05,1.075183139906989,2,20
3,0.6431745903260953,0.6606866749404352,2,158
4,0.4366711929448561,0.5802537853901203,2,65
5,0.39901241073649646,0.47923510149121284,2,24,0.007316130381725657,0.7123877323906997,2,53,2.38868955621487,0.31597689007009777,2,200
6,0.05101396882435266,0.7065993888037545,2,70,1.3704494357053498,0.31524365456665265,2,155,0.0006680449676208049,1.0060903165075514,2,173,19.35809814463257,0.21541883216963875,2,200
7,2.3030111704817378,0.5692271183176738,2,41
8,0.8697314602323519,0.8070510624665913,2,127
9,0.6770849466841652,0.4598215450186375,2,121
10,4.481890027294936,0.14306247302077033,2,66,0.09564807577318916,1.0651903443866306,2,111
11,0.2668650553402917,0.8572103108318758,2,142,2.0821107187411263,0.4277722802141617,2,200
12,5.007726022108004,1.163905715942383,2,5,0.00012484402800328923,1.2291282494862874,2,20
13,0.14846494434111787,1.0179666296641032,2,75,1.907529894771021,0.3288809447288513,2,200
14,0.13530847656419392,0.7726596766660193,2,119,0.9731055526220252,0.602716135022081,2,200
15,0.26543439465262797,1.276345630261031,2,176
16,0.034293916261197335,0.9797616498544812,2,64
17,0.2822402724053944,0.9516574089974165,2,200
18,0.21214458108355255,0.7463912320871876,2,73,3.5338107114004775,0.20131091950904756,2,199
19,0.18908382772928586,0.7165719412621998,2,21
20,0.20588266770694935,0.8024760834872723,2,200
21,0.3034015900053067,0.4448379172500989,2,141
22,0.978287459994983,0.9503128446695459,2,131
23,0.39001857226743897,1.2517279542409456,2,65
24,0.9854324284696608,0.2556709031760693,2,200
25,0.26030635420319526,0.9750584995568689,2,134
26,0.3576283829491768,0.6046228329924976,2,34,0.008151879573869219,0.9952246500895574,2,60,2.384592417886058,0.2846274756484752,2,199
27,0.13012518415535848,0.9159706799607528,2,114
28,0.08742593739300653,0.9512763520081838,2,12,6.48141672869213e-05,1.0612526088953018,2,20
29,0.06280629982053375,1.0027455219200678,2,42,6.189279398859788,0.13107265123223835,2,155,0.0005851665035836015,0.4873560041189194,2,165,12.977651901795719,0.09688250720500946,2,200
30,0.24742056082969197,1.3361919082579066,2,61
31,0.41063474363350116,0.8661387744157211,2,23
32,0.38208939249754004,0.8159338843363982,2,52
33,1.0850867931544368,0.43348544239997866,2,200
34,0.689295878043933,0.6449101749778718,2,129
35,1.110681197664499,0.591191334856881,2,72
36,0.41042508860067467,1.245345612005754,2,110
37,0.34410802762442677,0.7128544857627467,2,38
38,0.5357832082898247,0.8678696327338553,2,157
39,0.03586985988367584,1.0293714245160421,2,15,33.01420323957532,0.07945112038303066,2,200
40,0.6582601945064468,1.0786235711791299,2,22
41,0.43237902974940534,0.5919258107741674,2,60,11.318889366749026,0.10782491681831223,2,200
42,0.22328243168334286,0.7805429536562699,2,26,4.482749845140689,0.3532949301695067,2,152
43,1.4904114000073292,0.3482814543237982,2,129
44,0.15922213069934973,1.062626016139984,2,10,6.972201612424664e-05,1.1039097309112549,2,20
45,0.15096842386581344,0.9191529913382097,2,11,6.683550797826303e-05,1.170952598253886,2,20
46,0.08061978691904773,0.9734911407743182,2,7,4.50234822543528e-05,1.1224252719145555,2,20
47,0.8392916166008199,0.7220785313844681,2,200
48,0.2733592237325545,0.7048209827024858,2,91
49,0.3237952474158161,0.9424422687672555,2,47
50,0.34892323935958686,0.7766005726237046,2,38
51,2.1847379288759994,0.5251450569927693,2,200
52,0.35434001939005927,0.6631918518166793,2,57
53,0.2979410946859478,1.281089677129473,2,35
54,0.3066147573227532,0.6990938722281843,2,148
55,0.20261330545240552,1.1015686860210017,2,95
56,0.3957450579357013,0.9315436056682042,2,42
57,0.29769288081957673,1.007787789617266,2,35
58,0.09224196321389373,1.538157343864441,2,6,4.27178205073253e-05,1.1715298805918013,2,20
59,0.8090642935134688,0.7055270554622014,2,75
60,0.48971000170347,0.8358506282855724,2,58
61,2.4743411217713076,0.2892945401725315,2,42,0.016162002087537184,0.8559301594893137,2,84,2.613698385689399,0.4079873786661132,2,200
62,3.6261082432635146,0.16152635157108308,2,200
63,0.14222410595477925,0.8551167718001774,2,77
64,0.6519381542552688,1.096148248981027,2,34
65,0.05981697306093916,1.1453717454121664,2,104
66,0.4621178094328025,0.6419992274235166,2,126
67,0.4872574907605473,1.0879409401505082,2,27
68,0.1843419260660554,1.4795877933502197,2,8,3.937312296017948e-05,1.1174939473470051,2,20
69,0.9134126881157468,0.5998083143681288,2,200
70,0.08246875276454192,0.9706291029754194,2,103,2.095225977829118,0.6333404146518904,2,200
71,0.2427438852259479,1.6609541654586792,2,10,0.00010942864497351455,1.342738115787506,2,20
72,0.6032122351953871,0.8844444287025323,2,59
73,0.21925046501505668,1.7763494292895,2,30,1.2188123287249342,0.3912895318319106,2,199
74,0.32962383004735274,1.021146821975708,2,30
75,0.23141900871715923,0.757127083594503,2,153,3.2178234467328517,0.5597281379902617,2,200
76,1.7561142177577165,0.5721480215971286,2,26
77,0.08588006862829826,1.2908179651607166,2,22
78,0.6530578135078718,1.16126259714365,2,20,0.008733202004533754,0.292645921309789,2,35,4.722845655931239,0.10308524641123686,2,200
79,0.232724992140766,0.5434309842377684,2,137
80,0.32718514448674735,0.9265783208387869,2,54
81,0.20199660203892852,1.1095820028407901,2,102,0.8669086685756788,1.0249865671684002,2,131,1.88052168383807,0.2611614433319672,2,200
82,0.1963166784036255,0.6347310373596117,2,51
83,0.4705160237402584,1.3752069011811288,2,31
84,0.3093614641240581,0.9132801264524459,2,60
85,0.4587156846901502,0.735491645556909,2,27
86,1.5868482496939276,0.4254405903816223,2,200
87,0.21495287513318712,0.9612987279891968,2,30,9.131945950675545,0.1306231518933823,2,173,0.33195863599231873,1.305079976717631,2,200
88,0.2543610068326006,1.1433492566263952,2,43,0.012446842981792366,0.951951401574271,2,78,0.6073273988780339,1.0806791659903854,2,151,0.004764841759758024,1.1601193593098567,2,177,0.34965401925831013,1.6270751797634622,2,200
89,0.05623379795164931,1.2321128785610198,2,20
90,0.27902371011301924,1.120086687367137,2,41
91,0.29502561258164306,1.0795526928820853,2,59
92,0.29381917896788307,0.6040816523812034,2,121
93,0.4708611646322324,0.2855090969874535,2,81,14.540444329544377,0.4534241734889516,2,138,0.8704495859089485,0.6350671180313633,2,200
94,0.29243249066305393,0.7672532200813293,2,60
95,0.3707804176691984,0.9490375119832254,2,186
96,0.24279546770242916,1.2733190930806673,2,26
97,0.2284580213356714,1.3036481205906187,2,56,0.8005377274403579,0.2765015494078398,2,88,7.898856099138619,0.08702875726989337,2,200
98,0.25872225072297683,1.1495358496904373,2,168,3.1117327409712012,0.2185767707414925,2,200
99,0.6905380964449831,0.4123444906131706,2,199
100,0.32664265113637647,1.5016380105263147,2,156,3.910363523949573,0.28633557056838815,2,200
101,0.6239475882756571,0.2311055614799261,2,200
102,0.42023797214408254,0.7363459032617117,2,38
103,0.051999734406299014,0.893465980606259,2,106,1.0003514189208587,0.41218472367271464,2,200
104,0.3649362867846146,1.6720490097999572,2,30,5.204627246880687,0.15769644251352624,2,109,0.3097579956229584,1.3872951233025752,2,142
105,0.2672332457113776,0.9561970949172973,2,10,0.00011771710471167062,1.1388573169708252,2,20
106,6.327124037118327,0.4315901957452297,2,8,0.020662549791558682,0.8516105569776942,2,69,0.35363876099608443,0.9409962548659399,2,199
107,0.6194666879963773,0.739779756827788,2,22
108,0.3342582313446619,0.9077676555206036,2,29
109,0.2870590952589067,1.5282910971318262,2,59,1.362766036148898,0.4086275944050322,2,200
110,1.2535163814618056,0.29984459668397906,2,200
111,0.4260866175945691,0.7127712028367179,2,14,0.00025658941454853595,1.2591918110847473,2,20
112,0.2986792857087589,1.0097016367045315,2,143
113,2.3591578227826044,0.3658834894498189,2,6,0.00018921392039931704,1.0919195754187447,2,20
114,0.02761866916610319,0.8734399433930715,2,75,1.5710913300843026,0.45100840397419467,2,199
115,0.27854790941900814,0.7060920822976241,2,134
116,0.27704325181215844,0.8384360763430595,2,200
117,0.8754055009461096,0.35285486504435537,2,200
118,1.0272369704162827,0.526839700298033,2,138,33.373387812502145,0.06434344716610448,2,200
119,0.37490750987941623,0.40563367869494094,2,106
120,0.2897929171828223,1.096243609081615,2,22
121,0.11061029039778349,1.0015761023217982,2,55,3.48411399759658,0.2438850479703101,2,181
122,0.25805326803172696,0.6231965038084215,2,62
123,0.37146422060278383,0.3048003867268562,2,20
124,0.3542675004438482,1.2646808985334177,2,52
125,0.4464477061280431,1.0386007964611053,2,60
126,0.3381915656825244,0.7083235992037732,2,92
127,0.24188976587425717,0.9465522911490464,2,82
128,2.184672166696829,0.45117430562196775,2,43
129,2.28821043953964,1.133642594019572,2,6,0.00016760471201568707,0.7974578887224197,2,20
130,0.3311826391519609,1.4704609264930089,2,24
131,0.389471267140655,0.4907338230470039,2,179
132,0.35604724567359225,0.9138114151915884,2,123
133,4.31299123465344,0.07013552308082581,2,200
134,0.10302167076613986,1.451767238703641,2,11,7.69054202413643e-05,1.2460737625757854,2,20
135,0.08495096618999717,1.456875252723694,2,20
136,0.277002733316631,1.0104922205209732,2,124
137,0.09438499577227051,0.7596392948180437,2,64,1.6241720898228817,0.23343004794032485,2,199
138,2.2689973998678625,0.47035836628688277,2,93,0.16230588780042965,0.5730890660516678,2,124
139,1.1905340556258768,0.7984284561228108,2,37,0.017775346989474354,0.7114427446023278,2,60
140,0.27311066471070805,1.3626905122110922,2,31
141,0.2835395549159521,1.2141894985889565,2,116
142,0.2529217560415433,0.9336783501662707,2,76
143,0.2393654203914713,1.2947367827097576,2,6,9.380194005237902e-05,1.071225004536765,2,20
144,0.18940995214940246,1.4705373167991638,2,10,0.00012864864948469246,1.2311413168907166,2,20
145,0.351763124503186,1.07973133193122,2,81,4.853567430403683,0.13878662312446638,2,167,0.10437365909134681,0.5452403624852499,2,200
146,0.5761870919409835,0.378301782740487,2,72,16.349300726652384,0.18310580891557038,2,200
147,0.3474675186242235,0.7845390562353463,2,29
148,0.30565594016420894,1.1923157511470475,2,107
149,0.798015521852984,0.4001193442805247,2,176,0.30262438234730665,1.6325354427099228,2,200
150,0.22040289099470864,0.44880153073204887,2,9,6.399259728181935e-05,1.0192931998859753,2,20
151,0.28965350535923523,1.4954805225133896,2,64,0.015833355149781514,1.4852044148878618,2,97,3.8629194089060572,0.352405275968672,2,200
152,0.42030780930583034,1.191799434748563,2,22
153,0.35329780007049205,0.9783283450962168,2,113
154,0.2603756824665694,0.9990455398956934,2,60
155,0.2693637718661051,1.3385105340377144,2,46
156,0.29207637895097505,1.0812186683927263,2,7,0.00010387008279123907,1.3258480017001812,2,20
157,1.0353418996767931,0.4497513143254108,2,122,0.05745833457062284,0.9081880954595712,2,200
158,0.07525083004173394,1.0487761342277129,2,48,4.330316667877092,0.15225811302661896,2,76,0.00373444095450202,0.9935079746776156,2,85,1.0520130796266307,1.295336377620697,2,105
159,0.6021105284551207,0.741601899266243,2,24
160,0.3234317093782591,1.2396999326619236,2,22
161,0.3218732922810256,1.0223593788762246,2,31
162,0.2976636424128629,1.2353777567545572,2,30
163,0.22625249722606164,0.9146948072314263,2,200
164,0.9575098270507185,0.6267169117927551,2,8,9.163848397330576e-05,1.0708494285742443,2,20
165,0.057666481920015056,0.7372470818021718,2,68
166,0.26196133240138586,0.9538179226219654,2,32
167,0.3004999198278432,0.9309822261333466,2,20
168,0.298022019633133,0.5972043794970359,2,31
169,3.8004032011161946,1.6748920597813346,2,44
170,0.06573211461818339,1.5310304462909698,2,4,3.92840003274654e-05,1.1315500289201736,2,20
171,0.04322400961763622,1.2976207733154297,2,4,3.744636204043509e-05,1.0395797044038773,2,20
172,0.00015648970492706014,1.0834439128637314,2,20
173,0.03236383930971022,1.5291603088378907,2,5,3.396789442800467e-05,1.0955002268155416,2,20
174,0.03925862927499791,1.4514979124069214,2,4,2.6108677131362145e-05,1.1510319374501705,2,20
175,0.040082068502373454,1.3378044068813324,2,4,1.8931776586480088e-05,1.040602009743452,2,20
176,0.00016429634976950635,1.112530732154846,2,20
177,0.30339113323318073,1.149739196806243,2,33
178,0.10309845071634496,1.143868883450826,2,3,1.713984632679879e-05,1.3086098572787117,2,20
179,0.9914213788308073,0.4626806670027535,2,164
180,0.3979912751746586,0.6066516267090309,2,41
181,0.23795617516624606,1.2076148867607117,2,20
