1,0.1972875313982893,0.29068303444693167,2,31,22.434208538727823,0.08551911039817968,2,200
2,0.28701279060422225,1.2138730615377427,2,40
3,0.292472457619441,0.7323495507240295,2,110,14.921065766496206,0.2997526564531856,2,200
4,0.27615167159824355,0.22227614081424216,2,115,29.268756001131838,0.03138331394819986,2,199
5,0.39587287988088454,0.8527795727606173,2,54
6,1.0453907613738147,0.61989479850639,2,44
7,0.1973392865730447,0.9024703156116397,2,86,28.310688239446755,0.4561593532562256,2,111,0.06522219981492111,1.1171866461634636,2,191
8,38.325387557043726,0.029845618233084677,2,200
9,0.031838770819912904,0.8458514917980541,2,33
10,0.05929288127952424,1.5905755758285522,2,12,10.152954190935745,0.2112020457784335,2,72,0.4385572793015956,1.399245365282123,2,161
11,0.35126939090718795,1.0923938353856404,2,30,0.021038606105228223,1.1709912099489352,2,112,10.382973221423597,0.044036064804954964,2,200
12,0.03933359638440369,1.090196350642613,2,35,4.227825767920269,0.08865112286399711,2,123,32.52379563391224,0.06380730693216448,2,200
13,3.7325923977312585,0.23236298881471157,2,200
14,0.19868087330618842,1.0538879185914993,2,8,4.640694948964645e-05,1.1336632867654164,2,20
15,0.15233777894430578,0.40327999244133633,2,12,0.00010637487860416125,1.1005650907754898,2,20
16,0.30166289506660227,0.442270352150583,2,197
17,0.6965434304613368,0.6292264414461035,2,76,0.02223663050469853,1.018091087021045,2,143,3.2985741394685038,0.13056276555646928,2,200
18,0.06622285574430968,1.199129847884178,2,50,2.0781337115172023,0.4427674786989079,2,136
19,0.30154646473876445,1.0600807457528216,2,94,22.57060916033659,0.028290083562886273,2,148,0.2855316017072263,1.289388470351696,2,164
20,0.04977951900399425,0.8565927533542409,2,34
21,0.13157921468316577,0.8216286886432399,2,146,69.61123576123859,1.8504690527915955,2,200
22,0.1740221041532387,0.36862827464938164,2,8,4.4519633793705986e-05,1.0985727906227112,2,20
23,0.38103226649403893,1.1345630747931343,2,35
24,0.037937765023184,1.019682514667511,2,20
25,0.24826890767113333,1.1689473268553967,2,127,29.955040022702235,0.21216138390203318,2,151,0.28553538484660673,1.1530326994097964,2,200
26,0.618740660714222,0.6327558000882466,2,15,0.00046099259845887736,1.3954842805862426,2,20
27,0.2719065891878875,1.1357733392715454,2,25
28,0.3737325310466241,0.7869059963659807,2,55
29,3.498749102416076,0.14071585427200983,2,63,0.24612589735409351,0.33401479925552424,2,200
30,0.029203858749925406,0.7766455326761518,2,14,5.633515861868994,0.362147689362367,2,44,0.017230182390731555,0.6653915802637737,2,59,2.9620545358427823,0.10730468286472616,2,162
31,0.2019770010789535,1.2449076473712921,2,8,5.290128452658111e-05,1.1973001956939697,2,20
32,0.558910385099975,0.6643911519646645,2,200
33,0.4782069536291659,0.6743291705212695,2,47
34,0.7427758318171234,0.7383640625260093,2,11,0.00021334917416172998,1.5625440279642742,2,20
35,0.0584786552314439,1.2625973622004192,2,9,4.33163162647447e-05,1.129868583245711,2,20
36,0.41162349229873774,1.0720827436005627,2,108
37,1.3531740987521828,0.9359621206919352,2,3,4.482521672392393e-05,1.0078122896306656,2,20
38,3.791301161544526,0.3033612785048974,2,78,0.2347109947410111,0.8037236496806145,2,198
39,0.22047958186309463,0.9044958439217993,2,83
40,1.1266549866883782,0.6974443510959023,2,38
41,2.2352634776753186,0.32930404311273154,2,82
42,0.3371249301958522,1.2009011015557407,2,114
43,0.27150754322361587,0.7357086395915551,2,79
44,0.3059097608377453,0.697220645520998,2,92
45,0.7241263320728848,0.7597432199752692,2,99
46,0.2785080514774678,0.5929210291189306,2,51
47,0.35940643900372965,1.2832339886696107,2,31
48,0.475451771479713,1.1594909252347172,2,37,37.90452800654871,0.09251807428942137,2,200
49,0.3617792176457929,1.1557109735551334,2,168
50,0.4162532187988206,0.9004810226930154,2,37,14.96318330533877,0.16580466825640602,2,126,0.23404933734316002,1.1072924550502532,2,188
51,0.15687201935848555,0.9267188459634781,2,8,4.1607307516332504e-05,1.0521775484085083,2,20
52,0.35521032365990246,1.030936548486352,2,128
53,0.33849084128081397,1.0581312357417998,2,62
54,0.3078536730928886,1.0268391846782632,2,72
55,0.36279286571857605,1.3883209313665117,2,49,5.003358720265477,0.39464564381965567,2,105
56,0.33806553387634436,1.043247850317704,2,133
57,0.2715071648649976,1.1145616235832374,2,96
58,0.15755722799391436,0.8835802645452561,2,31
59,0.5822671587676522,0.9720098040997982,2,104,41.494326324611976,0.0869343769736588,2,200
60,0.47259573771818575,0.7691505402326584,2,45,13.488467220698858,0.11722999162875213,2,199
61,0.2327519242759886,0.9272204621418102,2,37
62,0.5904316427075765,0.9265922463573186,2,113
63,1.647554544323792,0.6415880639915881,2,69
64,0.38218366293585426,1.2936709374189377,2,56
65,0.3275492709642721,1.0378001753021688,2,34
66,0.2511617632655693,0.31967157434742405,2,53
67,0.6307857132315788,0.7539968724604006,2,135
68,0.17265980091790725,0.9880086501439412,2,75
69,8.30118306661489,0.1167647215826758,2,145,0.6105926112462614,0.8579619738188657,2,200
70,0.2685928386650897,0.8303629938723907,2,106
71,0.31176670764539943,0.9667742729187012,2,25
72,0.1361427105677869,0.9796046614646912,2,8,4.4121483025720584e-05,1.1152686576048534,2,20
73,0.080357331306113,0.9328046931374457,2,31,15.316871960646532,0.24951633326047976,2,200
74,1.132665651017737,0.5916677276668308,2,159,0.01249396884240649,0.8502501249313354,2,180,1.3469961399951402,0.8924705166565744,2,199
75,0.43179669741995896,1.111744477831084,2,29
76,0.39497029009620777,1.1437067564414896,2,92,0.013013258530013446,1.3085146256855555,2,127,7.995438320963052,0.2034908515769382,2,170,0.2790274118414993,0.4919505941456762,2,199
77,0.3082387705964903,0.45776182785630226,2,40
78,0.9688983712739367,0.2283803176134825,2,40,0.002824262711155619,0.17044267570599914,2,72,0.3589083831266698,0.37753923663071226,2,93,9.989992870077415,0.13431290878313723,2,200
79,0.052585860246563414,0.9554918131025711,2,101
80,0.2994378773969096,0.6062702152765158,2,66,32.592119667961285,0.03880834620292872,2,139,0.8461973099000447,0.23336868338725147,2,156,293.5081823599004,1.1147189631380818,2,200
81,6.412055163237002,0.1400986981132756,2,46,0.43322074380266595,0.43592953864409,2,95
82,0.27277648786198694,1.0710352355783637,2,55
83,0.04479300679850195,1.2670765483173831,2,29,6.145655234538372,0.026093662716448307,2,61,76.5649897815718,0.1367121948827085,2,200
84,0.3848892203351657,1.3617161770661672,2,30,3.336718669599723,0.17911843535227653,2,69,35.011965256911274,0.04884881804917605,2,200
85,0.33023514126114967,1.1153226163652208,2,27
86,0.30340088555446626,1.5742551187674205,2,24
87,5.276605823701883,0.11822250778557825,2,61,0.20282014734879505,1.0426190287517987,2,200
88,1.7965575895851837,0.577969172171184,2,49,55.57582281282635,0.044772957137088905,2,200
89,0.3361800456914511,1.2433021010422125,2,123
90,2.4296267023837506,0.45588797837495804,2,100
91,0.0623167650812061,0.9702062889149314,2,19,18.040760206609615,0.11485982415351001,2,173,0.02411134679141142,0.21243081986904144,2,186,3.419090061460647,0.0719390617949622,2,200
92,0.21887965786281952,1.5469884191240584,2,14,0.00027916104976793385,1.3361246784528096,2,20
93,0.34777486526772666,0.8391089751606896,2,105,6.35835848500049,0.10032080478490667,2,199
94,0.5004899004727025,1.1199607525841664,2,59
95,0.3351641092766934,0.6916294828057289,2,200
96,0.5776946047546141,0.8524628818035126,2,40
97,0.5461677120296217,0.9111184477806091,2,22
98,0.1260206939210857,0.8802049649613244,2,28
99,0.029226694939646063,1.0222575559335596,2,51,17.928372835084915,0.03914958228600905,2,200
100,0.26760140616211997,1.0521447559197743,2,126
101,0.5385603212960545,0.77464021601175,2,95,18.489002600748815,0.12098449284122104,2,200
102,0.23379891522765003,1.0153684723377228,2,200
103,5.578047836341916,0.24867402958982396,2,106,79.02837230484265,0.5293071305239072,2,199
104,0.35534008846028364,1.0475762167397666,2,85
105,0.047797048295657125,0.7659679938245703,2,27
106,0.4095484740619283,1.335513404437474,2,49
107,0.07622857511638263,1.155142253637314,2,20
108,2.282072815234291,0.3039266174590146,2,81,68.8040528671022,0.041797765413252246,2,200
109,0.04672805034651111,1.3831854343414307,2,20
110,0.588311740285088,0.8640227981976101,2,70
111,0.3935822334935641,0.9137923334326062,2,56,0.0024473005290631543,1.0706734997885567,2,63,3.5921270065947963,0.4416477467977639,2,162
112,0.554303154923916,1.218089120141391,2,29
113,2.5752999695714807,0.18602166585175386,2,166,73.69344159537206,1.1881223917007446,2,186,0.11427152319028691,0.3543988878910358,2,199
114,0.20688070748184387,0.9236110938446862,2,56,14.247460717566684,0.13591166399419308,2,200
115,0.01926063375919167,0.7365430645320726,2,23,0.5657021496801079,0.4596008450939105,2,153
116,0.6611555709196022,0.7156276676965796,2,23
117,0.8362543004659949,0.7696503510600642,2,38
118,0.3552400331932424,1.3364669824468678,2,29
119,0.3609631207739843,0.5907862441880363,2,14,0.00028872742739424355,0.765251100063324,2,20
120,0.08678566994991357,1.3048808574676514,2,7,5.400399537955845e-05,1.1368217101463904,2,20
121,0.38121763127586855,1.7637580670416355,2,64
122,0.38243845009895033,0.7710407024774796,2,39,24.28612707836656,0.03852480872077231,2,200
123,3.6336306015226354,0.41389407129848704,2,34
124,0.07047844239536498,1.0708455091173,2,44
125,0.8673595457371575,0.8555841979227568,2,19,0.009954640309338014,1.118067701657613,2,49,2.0724528568274847,0.6604467596383703,2,198
126,0.3276549271180212,0.9025481385844094,2,14,0.0002278556160426793,1.1253411173820496,2,20
127,1.9707553214784046,0.6529460081928655,2,95,0.031662738965298955,1.1187151642072768,2,137,11.986853591159921,0.33672786799688187,2,200
128,0.3260028930450976,1.006035476922989,2,56,0.018037328371579595,0.9317526273867663,2,124,2.7286860955717422,0.3999309596654616,2,200
129,0.4435164596685926,0.687505789928966,2,36
130,0.2957468818863343,1.2082718989374686,2,98
131,0.04924557885914161,1.0402336776256562,2,20
132,0.08684399993219184,0.9110407412052155,2,20
133,0.4974983635430594,1.0974022967474801,2,35
134,0.3688735252794693,0.9601331795415571,2,31,8.242079763898033,0.10194452301315639,2,77,0.22648202290693767,1.0163089773519252,2,200
135,1.7059600886310027,0.5363298158100502,2,199
136,0.243496536842666,0.7899217456579208,2,12,7.681239728342688e-05,1.1693323999643326,2,20
137,0.39079604537451873,0.467961644132932,2,30
138,0.2628724135450368,1.4899711557503403,2,58,0.9938069294358962,0.2858251326140903,2,79,4.1371068322345685,0.11204033486606661,2,200
139,3.107005339181557,0.26092472331214495,2,131,0.21623919891667306,0.782882407091666,2,200
140,0.23861709397105296,0.8004940395292482,2,19,10.364558410482875,0.1309180606622249,2,83,0.3565733804378327,0.8679967034194205,2,155,0.011111948497897109,0.9518561905080621,2,199
141,0.45414127409850935,1.215584215938404,2,93
142,0.4234908275416377,1.1417875699322633,2,99,5.498642712914914,0.06486968076465154,2,200
143,1.1161876965884363,0.1557976260781288,2,20,22.09788528537188,0.24038437977433205,2,200
144,0.145539124405833,1.374343466758728,2,5,4.3989485710086505e-05,1.1696879665056865,2,20
145,0.2732935597611942,0.9248463032213418,2,148
146,0.23775498562587413,0.7624645627720256,2,142
147,0.7350574640329703,0.5325775122642518,2,25,0.03170666533721336,0.8171476256102324,2,81,2.494952601295907,0.18926448180895894,2,200
148,0.32460398748642877,0.8633900044748447,2,149,45.74171657415367,0.28235022022443657,2,200
149,0.11792905595794345,1.186732487546073,2,36,1.2779054540079255,0.4623878381469033,2,47,17.48766234147301,0.13436174654124075,2,104,0.15034269292409475,0.2851602292309205,2,128,31.346260511526975,0.08338885029984845,2,200
150,0.4329843364591132,1.1627408266067505,2,20
151,4.829589344953888,0.21574712285869999,2,95
152,0.809856804927915,0.9344800591468811,2,10,0.0001682170040954548,1.324168074131012,2,20
153,0.07352352608181394,0.7678590416908264,2,22
154,0.5403919907329217,0.497468248931403,2,194
155,0.34226061530128193,1.0883508416405623,2,138
156,0.06552354593542747,1.1189000474082098,2,18,29.452266365675104,0.10220937922105684,2,200
157,0.28634973097969324,0.3006365665545066,2,48,18.802590086507415,0.04946619242821869,2,200
158,0.26178809935096825,0.7972920089960098,2,12,0.00013673263562342193,1.1140267252922058,2,20
159,0.7930958521660566,1.2074308429773037,2,52
160,0.8109677392244202,0.5748003165261084,2,119
161,0.0051764293343736075,1.442601215839386,2,20
162,0.3343648249282781,0.8225031050925071,2,52
163,6.751404072170682,0.08545660361265525,2,39,0.09589675701351313,1.3820444751293102,2,86,14.00896612792648,0.17185804430852858,2,200
164,0.6664955582567003,1.062252700328827,2,4,0.00011655460126897377,1.172242809087038,2,20
165,0.5933700522650185,1.001662476496263,2,11,8.829096870444412e-05,1.151544729868571,2,20
166,5.2530246771482284e-05,1.0101204574108125,2,20
167,0.0005512843765882099,0.7415335873762766,2,6,32.309276797880884,0.0625675597856211,2,49,0.28349403379645166,0.8407660149610959,2,101
168,0.3600996576069569,1.0611645738283793,2,30
169,0.275409786432304,1.5008500337600708,2,10,81.32422208656862,1.9647377133369446,3,34,0.08316182044744944,1.2781939153318052,2,61
