1,0.3411893601781357,0.2485839224287442,2,14,0.00022387269968619612,1.0307811101277669,2,20
2,0.2869907210775552,0.599290343049245,2,78
3,44.63808225642902,0.07819755934178829,2,56,0.02013857620397631,0.43460462656286025,2,74,0.422045544599432,1.2656718841914474,2,132
4,0.6060661200570004,0.6796353939506743,2,162
5,0.28967651814355727,0.9644155610691417,2,88
6,0.31375968343277605,1.0586684211607902,2,62
7,0.17106618701964624,0.5993236046360464,2,98,3.0869454344394653,0.28015325247657064,2,200
8,0.22350469999146022,1.1443282518631372,2,39
9,0.07309581944260142,0.8099548066816022,2,62
10,0.5164490905716671,0.832269515310015,2,21
11,0.2940535075352404,0.8201521986151394,2,73
12,0.3751991630797992,0.599587395405158,2,39,7.720098137978642,0.15968414881955023,2,200
13,0.550983895599892,0.7267854595468157,2,105,0.04291266449878911,1.0166685700416564,2,140,9.183907809458143,0.10734105507532755,2,200
14,0.3725333344204874,1.059724319548834,2,84
15,0.33585312598239636,0.4542559250085442,2,54
16,0.5945028488475513,0.738181278932819,2,181,0.014516495702083748,1.0283986643741005,2,200
17,0.3374089062201405,0.9976009899570096,2,62
18,0.6530601180529803,1.2417754715886609,2,58,2.369960246133706,0.3496774804236284,2,125,9.159379090497763,0.24500820656617484,2,200
19,0.08744314099678051,0.9672246177991232,2,30
20,0.5592828208667656,0.5038855851857693,2,77,23.611857897753676,0.1116629448848042,2,200
21,0.2778962068688059,1.2531025142085797,2,49
22,2.605655804744515,0.3007363704766365,2,188,0.023823517178919697,1.1477093994617462,2,200
23,0.20442002400436352,0.8060119424633045,2,199
24,0.24080957120222138,0.6806725988071927,2,181
25,0.23421983208980016,1.1034180777413505,2,14,0.00027467326406035883,1.0662915507952373,2,20
26,0.19204650974622275,0.9275133084683191,2,42
27,0.22818251455291452,0.8973134160041809,2,14,0.00030112486122999536,1.0996190905570984,2,20
28,0.1430883589522567,1.2224465933713047,2,11,6.112933025555202e-05,1.1471256812413533,2,20
29,0.35918872485731385,1.0802007748645805,2,159
30,0.3725305827264678,1.216122031211853,2,40
31,0.14193106941187356,1.1881990249156953,2,125,1.009326306974065,0.4472004105647405,2,200
32,0.07801986509853648,1.0790563915332738,2,137,11.846913362296336,0.10101200427327837,2,200
33,0.2654129207145235,1.2330514574050904,2,50,0.005204240819724875,1.0428804053200615,2,95,0.714243065113998,0.8831016216427088,2,143
34,0.43007993445224174,0.999013959257691,2,27
35,0.4118892066514552,1.4468465714619076,2,29
36,0.3628660304758855,1.500326855108142,2,64,2.820461213894528,0.30407543994229413,2,93,29.35002377817498,0.20217142719775438,2,141,0.23559445395828832,1.3297792733725855,2,200
37,0.36163371740380046,0.7515738102105948,2,52
38,0.28021668818302087,1.2207893303462438,2,14,0.00048366174898634254,1.2784279982248943,2,20
39,0.20522916148695275,1.0958869457244873,2,15,0.0002763065207542729,1.1630115747451781,2,20
40,0.18317027591249796,0.9150683403015136,2,200
41,0.3535075308699087,1.130491052355085,2,70
42,0.4092351216379007,0.8729232577390449,2,43
43,0.5871724200122784,1.1087247530619304,2,3,8.585153743558571e-05,1.087136282640345,2,20
44,0.3264391106185023,0.5938487377762794,2,200
45,0.2633117324662841,1.1434298753738403,2,40,13.436851853886703,0.16845945308082982,2,78,0.20871604387648562,1.1707566240687428,2,159,11.821455997842298,0.0906329234925712,2,200
46,1.4576598268509156,0.3429110183873597,2,68,38.86532756916356,0.19765979853091817,2,200
47,0.22448725544160417,0.5844050152943685,2,26
48,0.990215287311901,0.5873653357531748,2,147
49,0.3602890071309419,1.0786237273105355,2,43
50,0.30530082485023,0.725011852749607,2,57
51,0.32745431752994925,0.8330013569324247,2,62
52,0.3500887130707071,1.1263845153883392,2,51,0.006668926005334537,0.5291585737750644,2,72,3.639123743487424,0.329770657251466,2,125,0.3165768913679009,0.5948919435342153,2,200
53,1.576646608846555,0.5644808701106481,2,35
54,0.33965974164141405,0.8295821493322199,2,88,26.895273204938068,0.060893179449651925,2,200
55,0.3480742045150208,0.5494360427061716,2,39
56,0.12459067743197913,1.028118735179305,2,128
57,0.36401935421675774,0.783855236002377,2,56
58,0.1905742595975362,1.4077755021197456,2,56
59,0.2419511786905288,0.8303602413928255,2,47,3.9076050420992128,0.2980853976914659,2,175,64.33597951895902,0.08000578999519348,2,200
60,0.3719114343100156,0.43529401232416814,2,104
61,0.680340980917263,1.6930980341775077,2,7,7.944202574428344e-05,1.2782405706552358,2,20
62,0.31958617807952183,0.9625751083357292,2,57,5.3374236576358385,0.2166957615555583,2,200
63,0.3863825449613864,0.4729635648324456,2,142
64,0.01597918984386139,0.6717330813407898,2,17,1.1680875277058436,0.747332224888461,2,73
65,0.5098459132051978,1.130220780769984,2,54
66,0.3473097403403539,1.2257352883999164,2,39
67,0.3360213412476948,0.368356486121493,2,124
68,0.28207858799232566,0.965331208705902,2,20
69,0.24778043109321793,0.5483216528892517,2,125
70,0.34355905114905305,0.9840925206308779,2,23
71,0.5909070869468596,1.1873884288276113,2,41,0.011976668364077452,0.6693265450497469,2,89,0.4571188305294421,1.0069102389471871,2,117
72,0.24007687316083176,0.8514669361114502,2,125
73,0.3703996603482562,0.3965973770759237,2,127,3.7576405282518217,0.1858800548232264,2,199
74,0.33561991189529783,0.6288623381406069,2,48,4.969228106138872,0.1927822461676976,2,174,0.2106715343828365,0.4290620025533896,2,200
75,0.27470400498162684,0.576815043735068,2,164,0.01012521106168794,0.77962868979999,2,192
76,0.9545429706320379,0.53266790876354,2,69
77,0.24365242194709835,1.6729940623044968,2,8,0.00012678209991701241,1.1866479218006134,2,20
78,0.3881269119301712,0.7643942192196846,2,40
79,0.2660250746936851,0.759058537131006,2,88
80,0.49422789246705684,0.8985157787799836,2,60
81,0.26231034968182415,0.7431668270717967,2,55
82,3.0755190397252616,1.2276526159710355,2,9,0.0023029689622519577,1.1399672898379238,2,20
83,0.27415347702691895,0.41081803079162327,2,84,8.012768219232248,0.29384061006399304,2,136,0.0078045202763420505,0.6030219693978628,2,148,0.7037787831887925,0.5834466160797491,2,189
84,0.2046251945391896,0.9528852999210358,2,26
85,0.0069922605874814135,1.4377435892820358,2,16,3.1464073782552826,0.36520281061530113,2,144,32.845052166455446,0.15807811889265264,2,200
86,1.6838935665804853,0.28042897931300104,2,128,39.38269378881445,0.08646699703401989,2,200
87,0.5622407580823962,0.6496971393453663,2,29
88,0.40691234563235057,0.8071904013741691,2,106,0.017121909310138315,1.0016314993824875,2,163,0.5213455154419315,0.8619153564040726,2,200
89,0.31215435776157086,1.0920011747715086,2,43
90,0.3012809499755024,0.24440599183241526,2,60
91,0.13535452043339585,1.0361556324266619,2,62
92,0.17332836390002776,0.8149426222540611,2,172
93,0.49199237051096056,0.5305034811339102,2,121,7.511231519407398,0.3379552930216246,2,200
94,0.2628503807474752,1.247428285902825,2,69
95,0.41999434302686145,0.9952108754052056,2,45
96,0.47762448250499845,0.8942625386374338,2,175
97,0.2971047686681095,1.2453618551057482,2,63
98,0.2837633237216291,1.24346367308968,2,38
99,0.8487932313847292,0.5194433877865473,2,42,33.28117618437805,0.18158531688813923,2,200
100,0.45472233505474097,0.9262711276879182,2,37
101,0.41995287204967713,0.9403039400394146,2,78
102,0.39960551622019636,1.1228285371393398,2,69
103,0.18906462451992215,0.8189818263053894,2,14,9.446534962585715e-05,1.0568191607793171,2,20
104,0.06467684337623132,1.345269513130188,2,5,6.746635905270001e-05,1.0794025897979735,2,20
105,0.1880702644005859,0.7053592658042908,2,25
106,0.12564331468804368,0.843342924327181,2,57
107,0.14473572123669395,1.7108224511146546,2,10,7.197943654745584e-05,1.2748218774795532,2,20
108,2.758327622184274,0.20450757560320199,2,128,52.17674700003336,0.16963398187524742,2,200
109,0.17539316419605763,1.1708005602295335,2,37
110,0.6143067854821287,0.7204891020322547,2,136,34.05088306200685,1.485223576426506,2,200
111,0.2623098685152939,0.6568455272826595,2,69
112,13.559967110206834,0.49616730828648026,2,46
113,0.712886179805213,0.5612286797591618,2,14,0.00019080410453933426,1.084104835987091,2,20
114,0.6072362863509778,0.44403220638632773,2,200
115,0.3768072914135863,0.8376651212573052,2,80,3.4185311008154904,0.24921629180510838,2,200
116,0.4417920459974464,1.131878444828938,2,97
117,0.5367142155836487,0.897784300086912,2,121
118,0.2682287171650746,0.6843870195370276,2,103
119,0.5815115801248073,0.6940625334310832,2,159,0.020195452776909442,1.0958196375428177,2,200
120,0.11807282715630006,1.2014342844486237,2,8,3.8889763851439626e-05,1.1044938663641612,2,20
121,0.3522187787258018,0.9813236280491477,2,38,0.024058792856210723,0.9026361977831917,2,199
122,0.1182058687464477,0.35686855390667915,2,20
123,0.37675266734983376,0.3624091733105575,2,79,4.269480901577438,0.19359122130496442,2,200
124,0.008539340104779873,0.8830994595499599,2,34,1.7163610100927278,0.288040667062714,2,55
125,0.9303093486145293,0.3173815194103453,2,36,11.80715259562635,0.12108326430727796,2,200
126,0.31075742475552887,1.0134877145290375,2,20
127,0.39692373979002976,1.2192141115665436,2,200
128,0.09094323513239486,0.7168884514545908,2,98,15.954890505779737,0.4348265795331252,2,117,0.2152567958176899,0.624858540201944,2,180
129,0.512885724187239,0.9928960186593673,2,34
130,0.21936835704534527,0.7450438380241394,2,10,0.00010164779997112679,1.1147856831550598,2,20
131,0.9837754077580974,0.28740263084570566,2,105,11.98877726604385,0.1641827266467245,2,200
132,0.04531868462206079,1.1426109671592712,2,20
133,0.47147043102918046,1.2715943515300752,2,20
134,0.7915117549691444,0.9618734134280164,2,69
135,2.223742941220483,0.42979528836905956,2,200
136,0.3014755556807044,0.8135649594393644,2,55
137,0.6244092051350926,0.38993456900119783,2,200
138,0.36922601609932226,0.8255979795845187,2,49
139,1.0075648234714873,0.6107672650794513,2,61,27.6040360562966,0.3590053453934278,2,200
140,0.3117215857256435,0.8278164675602546,2,65
141,0.5041545021997943,1.021170081763432,2,58
142,0.27758858967931155,1.046886748737759,2,54,0.008241636406715174,0.4168292299697274,2,73
143,0.17497119343100245,0.8055290407409855,2,102,2.2751911700678553,0.5094032375788202,2,151
144,1.634756647106088,0.3318632944541819,2,170,0.014107914309833772,0.7896087914705276,2,190,5.158181900105517,0.2600900918245316,2,200
145,0.2647695717499129,0.9713378747304281,2,45
146,0.08874762107511901,1.2102051615715026,2,20
147,0.5285815246419813,0.5388117095828057,2,200
148,0.008407348286819388,0.4452051743865013,2,20,2.1991981169523624,0.2648890097108152,2,200
149,0.3594928638670352,0.9641886353492737,2,85
150,0.09858814299435754,0.8093985148838588,2,7,3.6523330241152284e-05,1.009901762008667,2,20
151,0.6393597799070617,0.6962253862413866,2,87,18.591182207635704,0.10831784872354659,2,200
152,0.21392079698580993,0.8617330758273601,2,200
153,0.9394456794573015,0.616136513251279,2,112,15.654522791094843,0.1267343493686481,2,200
154,0.1960051375196637,1.0885749578475952,2,50,1.5926898167427532,0.23540336658825745,2,87,14.05761191018871,0.12702431206682088,2,200
155,1.3659452744841276,0.4398383356180767,2,149,18.154557772407582,0.14601183027029038,2,199
156,0.1866505391873194,1.0493668443626827,2,90
157,0.13643143419647033,1.1952322562535604,2,45
158,0.40154153595852266,1.1747872066497802,2,25
159,0.06198230530121837,1.3095264256000518,2,20
160,0.31447615888543456,0.43145390635445,2,63
161,0.5081385872041104,0.4953317007422447,2,200
162,0.30188184749480923,0.975784949362278,2,200
163,0.24804938216288874,0.7551947002475327,2,37,12.254139161166199,0.11890729787674817,2,81,0.008537341504273944,0.4469079226255417,2,87,29.764746543592274,0.11580842825691257,2,200
164,3.1579809706140407e-06,0.7172623306512833,2,20
165,0.6731776927426761,0.6882101711299684,2,36
166,0.29700479949180875,0.9309230213579924,2,46,8.368648076288919,0.0580531002639176,2,123
167,0.08378978751856224,0.6685148100058238,2,45
168,0.16602593238706556,0.35104586482048034,2,10,6.056615056922434e-05,0.9864974975585937,2,20
169,0.03992616625165458,1.2093538832157216,2,47,0.9983948205147174,0.3772612376735101,2,200
170,0.35207023229318235,1.3595768156505765,2,21
171,0.321070565669528,0.6497729785740376,2,200
172,5.748630960215643e-05,1.0215345799922944,2,20
173,0.00016168155720821918,1.0989571243524552,2,20
174,6.523038773194839e-05,1.2381103843450547,2,20
175,0.02640012483056645,1.555928635597229,2,5,3.1847742372321435e-05,1.099530005455017,2,20
176,0.3596774766222195,1.293216848373413,2,20
177,0.39384686245818784,1.0195511365548158,2,117
178,0.301874611120177,1.4648562812805175,2,25
179,0.6451723013388186,0.8205830446983639,2,38,0.027643142382602476,1.0151653137317924,2,81,9.215289538584175,0.13675469024614853,2,114
180,0.2910680125067249,1.374176917404964,2,29
