1,1.3334249054999334,0.5311961120323223,2,136,0.0971456868747423,0.8202327778562903,2,200
2,0.17173166722566924,0.7392515382596425,2,70
3,0.30363886191806144,1.5351692676544189,2,15,0.00044804801568225464,1.3600340604782104,2,20
4,0.10387952746268211,0.5720170021057129,2,25,2.4849600524900692,0.7258665195355812,2,97
5,0.26017308976921233,0.982093854862101,2,68
6,0.308220314426205,0.8975473330510373,2,151
7,0.22696704685608463,0.5796756982803345,2,20
8,0.48953661722020686,0.5078046533465386,2,50,0.01615281633182391,0.9399822079218351,2,115,5.809627639315327,0.140354905759587,2,200
9,0.26702510775284555,1.0076733559370041,2,100,11.370029547794378,0.4582541747526689,2,122
10,0.21687611095341192,0.7718583975953085,2,108,11.757016123319923,0.1761904477045454,2,137,0.2920117594598932,1.1983847356130999,2,199
11,0.7103096195431561,0.7214663675021843,2,169,14.008916349743174,0.17462017784516018,2,199
12,0.4383185127917009,0.8649262367314055,2,131
13,0.18533425271415274,0.8708802968897718,2,47
14,0.4415293055331921,0.7612038122283088,2,36
15,0.2731503345303083,0.9271889209747315,2,15,0.00020541895894900193,1.143552875518799,2,20
16,0.33338903929492447,0.613364286328617,2,114
17,0.2790232726699164,0.6432395827557359,2,112
18,0.6193985651231955,0.6956017561256885,2,200
19,0.5815161700421231,0.8079496824906932,2,72,5.705695335785231,0.21667603432662844,2,199
20,0.24065232943859002,1.0332720646491418,2,91
21,0.22682480092050378,1.1515458680815616,2,59,0.5118980755760809,0.18246537971275825,2,113,8.417107899411246,0.13909122364959497,2,200
22,0.7397093354922538,0.9800710583155134,2,113,0.06495775280318968,0.8903299970062155,2,189
23,0.5151710953798903,1.0007645068345246,2,27
24,0.34829852235888625,0.8614421941900766,2,186
25,0.28493601708694766,0.9537481126189232,2,200
26,0.30412278320079345,1.2307948874575751,2,56,1.2419446179507145,0.43336215198040007,2,106,8.602496056897184,0.17900272034188752,2,199
27,0.09512655005203877,1.49305602482387,2,7,5.041086913458437e-05,1.1837401298376231,2,20
28,0.3373664717774566,0.7164320066571236,2,200
29,0.3088285059516312,0.6153590948350968,2,62,0.0036702878131543238,0.8505959510803223,2,74
30,0.5038001160449862,0.36327625355786747,2,36
31,0.1766041371063893,0.8228039741516113,2,14,0.00023047733390665784,1.1655061642328899,2,20
32,0.3202935724016554,1.0144623454773065,2,66
33,0.2660688116799471,0.5017408390302915,2,111,4.497477214351874,0.4130956476993775,2,200
34,0.25215299723329704,0.9187240613404141,2,93
35,0.5438584878263673,0.5652728003484232,2,27
36,0.16496171033379506,0.8843990035355092,2,20,6.308653297643554,0.27905417260314735,2,76
37,0.06661164180619261,1.1252635764448267,2,38
38,0.2773854871475932,1.051201366715961,2,36
39,0.12101536949327615,0.7841388384501139,2,33
40,0.22651655409632615,1.586489776770274,2,12,8.154972316208241e-05,1.3644405007362366,2,20
41,0.20684850167512822,0.9246529579162598,2,20
42,0.15409426117374828,1.2779573202133179,2,6,3.3599310782051096e-05,1.1188930528504508,2,20
43,0.31453967934658006,1.6819833397865296,2,20
44,0.36803083135999837,0.8060235760428689,2,22
45,0.5111366266285366,0.8977253139019012,2,12,0.00026347651821666057,1.2026782482862473,2,20
46,0.2395482427194447,0.9902427300162937,2,46,0.01855441233040626,1.0161866524763274,2,103
47,0.3412423256773503,1.2252070039510727,2,40
48,0.30572917323603926,0.35273322686553,2,200
49,0.22202057294789834,0.7107331837926593,2,7,5.238409846220761e-05,0.9926613019062922,2,20
50,0.2864931144745255,0.3090024435520172,2,25
51,0.25216194010557624,0.9259693225224813,2,39
52,0.2903427249438711,0.7850499595914568,2,35,4.571218576773762,0.3177615500760801,2,200
53,0.936855199861359,0.6025334773957729,2,200
54,0.4511074386478409,0.6625970979126132,2,98,5.15582408320827,0.3272116154727369,2,199
55,1.257352102231568,0.328182868419155,2,186
56,0.1146620472187228,1.1102664694190025,2,8,5.9711485974719896e-05,0.9216395020484924,2,20
57,1.3198136273182615,0.25537705333793864,2,17,0.0008470568831337577,0.8208888258252826,2,24,2.5575507030440527,0.27968669705318683,2,123,0.009330502983058816,0.5304156094789505,2,139,3.3944357747583576,0.24802539607540505,2,200
58,1.0156964417399126,0.8874315833372455,2,62
59,0.3612619547164305,1.068484412772315,2,28
60,0.2601599603522241,0.8303225888311863,2,200
61,0.22336914076633343,0.887265370064175,2,97
62,1.2676405616022801,1.0102929093620994,2,11,0.0004647894792978487,1.1079784896638658,2,20
63,0.9413131439126525,0.6233466081134039,2,199
64,0.3057201276416261,0.9500394333707224,2,101,6.5680978182261915,0.1616660236400001,2,199
65,0.26393590548469087,0.7802999341487884,2,100,0.004481021388350825,0.2849792336875742,2,122,2.5991068525746024,0.3367168349333299,2,200
66,0.4820494620848296,1.342197016529415,2,46
67,0.5386448857827262,0.806719459593296,2,24,17.14669412775132,0.13255795875662252,2,176,0.06459623162963046,1.208674689133962,2,188,16.088860129440096,1.3125867644945781,2,200
68,0.20838060486553342,1.225426971912384,2,20
69,0.1979999264588887,0.7885567569320306,2,159
70,0.04321932535630258,1.4477806091308594,2,6,2.721938969551772e-05,1.0713717767170496,2,20
71,0.11993470114264662,0.6280160610823288,2,97,2.511945566302704,0.2929098332680545,2,200
72,0.4428875840226557,1.033837346063144,2,69
73,1.3728205229527213,0.6108610607110537,2,91,0.006513406594078387,1.1715916328959994,2,109,1.0650819910016118,0.619541635600532,2,150
74,0.36016571575484946,1.0728624837266074,2,90
75,0.2340317805313681,0.5770657980442047,2,100
76,0.4060105695867457,0.9412941672499218,2,63,35.138044600277816,0.08688144485155741,2,108,0.3371318325723799,1.1554041862487794,2,118
77,0.2547076542794281,0.930002725928839,2,163
78,0.6296679942070574,0.9086387218055079,2,59
79,0.2400577084115756,0.5032672746614977,2,11,9.354407277803591e-05,1.0324666500091553,2,20
80,0.47815136496847516,0.5293680051962535,2,30
81,1.3421085518403164,0.22119975835084915,2,30
82,2.0355596527176285,0.741297809407115,2,16,0.01896942149130127,0.9759398102760315,2,63,1.5157408813258313,0.4437637697709234,2,101,43.56250512829278,0.14765608295647784,2,200
83,0.918014840022986,0.6908666008953438,2,172,0.030063166760841233,0.5771661996841431,2,199
84,0.2583293458937835,1.3615072183310986,2,32
85,0.2684468048856749,1.049925697383596,2,67
86,0.4878260903193157,0.2277336326929239,2,26
87,0.24297197525830075,0.9684284008466281,2,26
88,0.28728122327799505,0.729531983534495,2,12,0.00012983660509141792,1.1007701605558395,2,20
89,1.2393358443416695,0.389413920833784,2,170,15.681781204422947,0.1785277227560679,2,200
90,0.4269670746536175,0.7936593779811153,2,27
91,0.3346457634438232,0.7233574473031676,2,101,5.3090860433576355,0.35676166795346204,2,199
92,0.5810868689810553,0.958366051012156,2,49
93,2.7083843453613725,0.5889318518100246,2,124,0.07201938301010118,0.8313386174539725,2,184
94,0.31279479483784706,1.2644746422767639,2,10,7.814687664151e-05,1.2597694277763367,2,20
95,0.3250552033102703,1.3775911450386047,2,20
96,0.5045103109218966,0.7416286874901165,2,22
97,0.0707709022110051,0.8538748385050358,2,78,3.3083861735501903,0.38764213493540267,2,199
98,0.6280564186240958,1.2263660095632076,2,32
99,0.4397651429024763,1.4002283353071947,2,13,0.00016340545213808783,1.0436770234789168,2,20
100,0.9875914030832073,0.5560864589363337,2,200
101,0.47045806943218293,0.9538524900713274,2,62
102,0.6443169419020907,0.835039102435112,2,100
103,0.29578029958791247,1.0433233810025593,2,43
104,1.2922883649708208,0.39964374527335167,2,8,0.00017732958766321377,1.10780335466067,2,20
105,0.2559116020130182,1.199323707156711,2,9,0.0001090310595756529,1.1673594929955222,2,20
106,0.5620688085709363,1.125149401334616,2,91
107,0.0812723400090936,0.6766819637833219,2,33,1.1623469409930813,0.454757196546504,2,165
108,2.9042938952869837,1.265274167060852,2,5,0.0001251390933413786,1.013507318496704,2,20
109,0.527438380691789,1.035162209295759,2,102
110,0.2885049758994336,1.082985715866089,2,50
111,0.10182018652677034,0.9517292399875453,2,61
112,0.2739120541167257,0.8369069129228592,2,40
113,0.6041961194455191,0.3600968915315075,2,131,12.829940172665175,0.14850653815960538,2,200
114,2.492863455559015,0.4363215247977455,2,53,0.0005897478888773651,0.7196106570107597,2,60,0.6561306279514092,1.521701231598854,2,72
115,0.2110835648815408,0.9544531244922567,2,108
116,0.38860187054580564,0.8616970816215912,2,77
117,0.26427640619615034,0.7500964961553874,2,95,4.728574800306634,0.2966793606678645,2,200
118,0.1729347260462642,1.0373889417648317,2,125
119,0.14682773618355113,0.94413879939488,2,7,5.264547076284453e-05,1.057474814928495,2,20
120,0.027045563031379453,0.7408480568457458,2,59,7.618682242765665,0.19636944071813064,2,158,0.3770956367474324,0.38567509182861875,2,200
121,0.11038503744354289,1.1407693386077882,2,20
122,0.5394974242748006,1.0849975591356105,2,44
123,1.3938537497769596,0.4038524295389652,2,200
124,0.5777960101480349,0.9871394678302433,2,115
125,0.49506375985008755,0.9555538575339123,2,123,9.147893168163462,0.14600197699936954,2,200
126,0.12487262203864198,0.9196704796382359,2,7,3.5460590487560774e-05,1.0971577992806067,2,20
127,0.1667464669105934,0.9325759813189507,2,40
128,0.3566619640185777,1.3586909453074136,2,30
129,0.2676354590638716,0.9183307346565271,2,153
130,0.6093557998087731,1.2168290693508952,2,95
131,2.434052082974638,0.445731390491128,2,200
132,0.2214493754804267,0.9630622223242006,2,67,5.295154594655901,0.18417519375793917,2,200
133,1.54546522027117,0.6531279302305646,2,18,0.029631257836261065,1.1406289311342461,2,61,1.254428974917167,0.5705935631768179,2,120
134,0.2053102053633073,1.0761532545089723,2,15,0.00029083262402655215,0.9551773309707642,2,20
135,1.2050520221086376,0.5110729546820532,2,61,20.091642635646465,0.22267271192382565,2,200
136,0.35745589084577456,0.7536436672210693,2,125,2.6940860082170146,0.34748753925708875,2,198
137,0.3374233547694858,0.8259678722492286,2,112
138,0.050513338735919885,0.8867442309856415,2,20
139,0.4722974593358603,1.4024444715334818,2,52,0.18093484854684044,0.36637086750463,2,95,5.0963196127905785,0.15965478466107294,2,199
140,0.14432269052734656,1.006783450236086,2,61,36.79881011869292,0.1697572867075602,2,88,0.2427879157396456,0.6450767033808941,2,125,22.033089329311625,0.3097082068522771,2,200
141,1.221547798785581,0.5209310181213148,2,33
142,3.3188596839317386,0.5345473239819208,2,6,0.0002819880365487251,1.1090456247329712,2,20
143,0.49847579299191963,0.6926249955829821,2,19,0.0053388308301115526,0.8782564118504524,2,59,1.894907940429289,0.3258923701310562,2,177,0.07418984475047073,0.42384780230729474,2,200
144,0.45121554858245616,0.6141420342983344,2,39,5.808427942922153,0.2784504398981236,2,200
145,0.7725413155863433,0.8164235457541451,2,63
146,0.6651180122602958,0.546277380362153,2,200
147,0.4206834205142338,1.2216340732809745,2,152
148,0.5209283817643464,0.7707764867580298,2,99,14.145251192686315,0.15308658070493453,2,200
149,0.1732179830323611,1.0382607306043308,2,24
150,0.01723116020416411,1.4673622250556946,2,8,3.2475694942151523e-05,0.9817603280146917,2,20
151,0.6656659680862177,0.6342709457620661,2,47,0.013253918725799167,0.9602198302745819,2,67,1.0061427396872569,0.5696973042156463,2,200
152,0.4247501924798704,1.5300115091460091,2,28
153,0.10036405089193337,1.2354310303926468,2,8,3.23634155678581e-05,1.0772607028484344,2,20
154,8.258127254408347,0.17153188153620688,2,31,0.008247852309351456,1.0837421973546346,2,46,6.517887170761647,0.12327709438195869,2,113,0.004879830041575871,1.3788901567459106,2,120,2.5438314895954517,0.5146141761913896,2,200
155,0.25734903483301036,0.8289871215820312,2,41
156,0.157277973555443,1.072650838405528,2,47
157,0.16148669412607905,1.3190219534768,2,9,0.00011044062030236358,1.2194355184381658,2,20
158,1.4197735623400802,1.192733065287272,2,15,0.0019946290799173027,1.2861714124679566,2,20
159,0.3372092260043854,1.2795633389836265,2,42
160,0.08900797502684439,0.916434690952301,2,25
161,0.2947372449372553,1.2156370679537456,2,18,0.00021839284038861244,1.4931412509509496,2,32,0.3080033831431717,0.8834040429519148,2,130
162,0.5107530543678744,0.7378143121798834,2,12,0.0002447108797539458,1.0333411693572998,2,20
163,0.2646371398902242,1.1418438061423923,2,69
164,0.0006216233622732467,1.007927500284635,2,13,0.08187296888104771,1.479993499815464,2,29
165,0.3254566797700191,1.335763856589076,2,83
166,1.4244230744009656,0.9017424149946733,2,11,0.0002500990290320809,1.2588961786693997,2,20
167,0.39917465041700284,1.3144473207407985,2,29
168,0.29431126359885657,1.3084366954863071,2,32
169,0.30025871396775233,0.6068556048163217,2,199
170,0.3125198714724065,0.5375887504220009,2,200
171,0.36732919312035156,1.0155872106552124,2,12,0.00030787511769764215,1.1858787089586258,2,20
172,0.18301370565245748,1.1851565182209014,2,20
173,2.5219375511999815,0.6492265820503235,2,5,8.322961421916748e-05,0.9913585702578227,2,20
174,0.4589022917542842,1.0901412538119726,2,42
175,1.1072175571752003,0.7505174574314379,2,102,0.011492878831659994,1.1876185610890388,2,118,7.356322095461587,0.35181233286857605,2,126,0.0016223137377006625,0.7790636257691816,2,159,0.38446109226779634,0.6973401248455048,2,189
176,0.4803708640120224,1.3778453724724906,2,42,0.002047315580032068,0.8030312565656809,2,55,0.5945791140036892,1.387290046765254,2,68
177,0.07732951975777724,1.5939722776412963,2,5,3.398463047597938e-05,1.0768983483314514,2,20
178,0.37426637655216555,0.598735973238945,2,20
179,0.2520769622894251,1.1318890748133186,2,131
180,0.043865959477415915,1.4473350445429485,2,6,2.908146307859608e-05,1.071437052318028,2,20
181,3.0287074624059986,0.3970475061237812,2,200
182,0.03789024611032173,1.3862946358594028,2,22,0.0002671267424400298,1.650079683824019,2,33,0.2185183032155168,0.5628954806718333,2,91,0.0008161625477141812,1.2725353479385375,2,101,2.7203530357735812,0.2646479802696328,2,139
183,0.387083536092144,1.2115462277115894,2,119
184,0.36126814980431504,0.659473231344512,2,99,0.008774466656641163,0.9642680022451613,2,117,8.446652347894334,0.16554749209478678,2,200
185,0.42976263011474275,0.7940769990285238,2,114
186,0.22078955777887743,1.4557531096718528,2,11,8.310773413199252e-05,1.1856417920854356,2,20
187,0.2485789005869769,0.7325547717029243,2,139,6.167631245769005,0.16324745289614942,2,200
188,0.28277780598654007,1.3700508413643673,2,29
189,0.3041592727107216,0.8881684851646423,2,200
190,0.23967118624731223,1.2174658298492431,2,10,0.00011292847017603461,1.2216526746749878,2,20
191,0.16337695827741067,0.9351263710043647,2,44,7.878754628402582,0.1738983850257519,2,200
192,0.40052483504960823,0.5857701075799537,2,33,5.119327575684342,0.22835452702944864,2,200
193,0.029135994373580627,1.0414661003483667,2,72,0.3615304464126012,0.8142243046313524,2,136
194,1.053660794940741,0.4668497809022665,2,200
195,0.4814994959039935,0.8687561098072264,2,45,7.814516538301046,0.2771815182799,2,104,0.007204483685039794,0.8369488234703357,2,130,0.8432033892528803,0.8592491401093346,2,200
196,1.1952689630445024,0.6751742559671402,2,200
197,0.40639870793194477,1.3525350365949713,2,92
198,0.4862741305185983,0.952594311994927,2,107
199,0.08923940064711733,1.4645713984966278,2,20
200,0.00015802955772123247,1.0825612008571626,2,20
201,0.00013379790605158362,1.0984594434499741,2,20
202,0.28754532752827233,0.9768142214527836,2,27
203,0.8696927006704853,0.8233762688934803,2,40
