1,0.20543426809274234,1.0556854286364146,2,28
2,0.333958694208778,0.8512698338742841,2,57,6.480349281672974,0.2680232382532376,2,124
3,0.08327425175078844,1.2033477127552032,2,8,2.871154277677124e-05,1.0964335650205612,2,20
4,0.7289139716744044,0.7671378393967946,2,15,0.00032626268053656727,1.503620433807373,2,20
5,0.25653674341132243,0.6663775721579107,2,131,13.454438585274353,0.2518675763537918,2,200
6,0.37226117591222513,0.8975921965934135,2,37
7,6.9009055311284735,0.43175083940679376,2,33,0.247741921537876,0.8437251458648874,2,152
8,0.755831551172957,0.8422470276172345,2,26
9,0.3170579287518726,0.483198234058441,2,141,0.02157691062125125,0.7366918961880571,2,200
10,0.12656867498682842,0.8692676064513979,2,105,9.55679154710488,0.1902468707016174,2,199
11,0.40577933292504464,1.437048321420496,2,22
12,0.48557298150337835,0.6820828629797008,2,147,4.025159363208657,0.37554913478077584,2,200
13,0.05034968220595536,1.3429150183995564,2,6,2.6370174106589653e-05,1.0274565347603388,2,20
14,0.9956985854186998,0.5757971182465553,2,54
15,0.48034128444163127,0.9610651412675547,2,43
16,0.5553178872391703,0.7453370366686134,2,93
17,0.548792236693724,0.5468049100176855,2,88,40.388466619715544,0.05999301970005035,2,148,3.03615011728975,0.20018388798423842,2,199
18,1.0926987121898069,0.4188274100974754,2,27
19,0.4862696076784528,1.0487602043610353,2,52
20,0.23670453332028568,0.7021753507734134,2,151
21,0.4407728265749817,0.4233330718108586,2,105,3.677632685773523,0.25765226169636374,2,200
22,0.2885172271354642,0.8125247955322266,2,11,9.317499312651988e-05,1.1182105143864949,2,20
23,2.2919897338719593,0.33601753043790233,2,141,0.038859505504669066,0.4639199194875923,2,178,30.3071288021943,0.2099307978695089,2,200
24,1.2478377662556195,0.3304671687739236,2,7,0.00015217184095489723,1.0415538549423218,2,20
25,0.1959613076788408,0.9917880448759818,2,98,7.167333078088395,0.2743021939639692,2,125
26,0.3508480160175303,0.4446614698783771,2,74
27,0.045619744176831165,1.246119737625122,2,6,2.31809906210243e-05,1.055283933877945,2,20
28,0.04748692863940391,1.2052453955014546,2,6,2.7250468325211654e-05,1.0320053270884924,2,20
29,0.42792726993508373,0.9931841307940582,2,96
30,2.7947817688266188,0.22643687065292453,2,159,0.18757883940073491,1.4891919944344498,2,200
31,0.224274318999892,1.1354082160525851,2,27
32,0.13816343391942074,1.1214362858521818,2,99
33,0.3480072430956961,0.9896325793447374,2,79
34,0.2723776469103034,1.0823424884251185,2,14,0.00042723569227270095,1.0545801122983296,2,20
35,0.1324379707680809,0.9818753206304142,2,112
36,0.35704015440690345,1.1595471193050515,2,58
37,0.354990123641654,0.5620754863842424,2,83
38,0.49467300151336,0.9785647045734317,2,43
39,5.864126588250627,0.14126352053969654,2,67,0.014335991143548818,0.782270644392286,2,74,21.212407949121605,0.09861872085030117,2,200
40,6.927240779534986,0.24899302820364635,2,30,0.31032826812966124,0.7542239481464346,2,124,0.009567850914235943,0.1808103538221783,2,151,0.5915855790440749,0.7161217009027799,2,199
41,0.23513104499550697,1.2653762346658952,2,117
42,0.46175241124149585,1.0537648662924766,2,80,15.944863533005082,0.10516553695003192,2,200
43,0.19011179789533167,1.140070120493571,2,12,8.076492747215505e-05,1.133756697177887,2,20
44,0.9488887443276368,0.6885557137798555,2,101
45,0.2656655554707672,0.6233650295965133,2,155
46,0.48873499456571323,1.1707571094686335,2,22
47,4.766330600587068,0.26086250936676714,2,116,0.03778832008750538,0.9539509490132332,2,200
48,0.21714184814331755,1.205171126872301,2,64
49,0.26886062322284693,1.0474291751461644,2,62
50,0.3153712826017736,0.9356597936046975,2,56,10.245721950650793,0.11583479902436657,2,87,0.00037668926022153154,0.8014697313308716,2,92
51,1.2542208036228022,0.5929025384734888,2,122,0.0024534442607982328,1.695720876966204,2,129,3.515605666193991,0.5308646626875434,2,200
52,0.6604768836647165,0.7824633005878021,2,116
53,0.2561392456709688,0.7651671767234802,2,20,17.499951750571107,0.2173994746990502,2,52,0.340437284654554,0.7167335520772373,2,86
54,0.5710462746989434,0.8129687011241913,2,22
55,0.800833413196523,0.9366097456043206,2,103,5.61992661929052,0.15938651454202907,2,200
56,0.2529938465932556,1.0358406450146826,2,107,1.194399051822703,0.5299360768662559,2,125,7.010680132237567,0.12350398361682892,2,200
57,0.2775914043287688,0.8038817445437113,2,9,8.226266805657114e-05,1.1040875586596401,2,20
58,0.22353958569289747,1.65232138974326,2,14,0.0004260403360383033,1.3265724579493205,2,20
59,0.5380854795292564,0.8430653429422222,2,61,4.057529918035084,0.2512680032699228,2,200
60,13.422119193288639,0.20591163203120233,2,200
61,0.06648155987150849,1.5842676758766174,2,8,2.3930598270937026e-05,1.1304575403531392,2,20
62,0.10864727117036298,0.9966309326035636,2,14,0.00020407056141782427,1.0730824867884319,2,20
63,3.11567478045321,0.5623753542701403,2,72,0.421507358031186,0.6763088631105947,2,163
64,0.2766526658961498,1.0714176673638194,2,57
65,0.22077335770916814,0.7527358748696067,2,11,6.20154065642356e-05,1.1662456856833563,2,20
66,0.38601854558956616,1.0243588144626092,2,109
67,0.6233272218731408,0.6213687527924776,2,200
68,0.05047910745620794,0.7389256332231604,2,23,1.412182088626062,0.6361680409278382,2,199
69,0.28544641196297493,1.0305994170553543,2,68
70,3.692954911532912,0.17329529337584973,2,200
71,0.674912150949774,0.7086939927763664,2,104,79.99916680813955,0.09206961172943313,2,200
72,0.32665504157430797,0.5881031319499016,2,100,6.624899952044749,0.2120764422597307,2,199
73,1.1009091825776243,0.7368805329501629,2,200
74,0.40414161847876073,0.7127593808794674,2,73,12.325768738819844,0.1916532448426945,2,200
75,1.2428612579076548,0.8698215152208622,2,182
76,0.39873853489280087,0.9393294280661004,2,168,5.393460517332479,0.3984102448448539,2,200
77,0.10204041903144315,1.0044195652008057,2,47,6.951507555038842,0.3048385387907426,2,119,0.48691581365183484,0.6919864489708418,2,200
78,0.12098515061960069,1.5589040040969848,2,5,5.971579128331884e-05,1.1375408887863159,2,20
79,0.2684781999940706,0.8137849379669536,2,88,6.045334020701124,0.1960378269265805,2,200
80,5.909887342343082,0.21889044798910617,2,200
81,0.29766424625642846,1.0463665626486953,2,49,14.844994226528618,0.09302943735383451,2,177,0.5974929464008943,0.8310838685087536,2,200
82,0.3761040291792985,0.7027383747789049,2,97,0.014867623157974675,0.47596179246902465,2,122
83,0.8942057400685213,1.1930340896634495,2,68
84,0.3654243697885546,1.2013896369097525,2,57
85,0.2341339936762152,0.5650885856863278,2,134,2.665071666972766,0.4764141169461337,2,200
86,0.2913153785913296,0.584604015816813,2,46,3.0785663926791416,0.19734298919930177,2,199
87,0.4213628697195739,0.7936656046331975,2,57,0.002478974124533201,0.6744208523205348,2,92,0.9498838419625152,0.49448042402141973,2,130
88,0.20748121623646307,1.3752733685753562,2,11,0.00011415648838897174,1.154157280921936,2,20
89,0.290343727265606,1.0347294121980668,2,40
90,0.27587970431707964,0.8221010060773956,2,72,7.926620959802933,0.37419699242821447,2,99
91,0.3729900398041787,0.8858159553063544,2,76,0.040062523410154274,0.9517026534003596,2,138
92,0.019423052893482583,0.7373545579612255,2,48,1.5536083554315416,0.5765503025971926,2,113
93,1.081553958995687,0.6562760008705987,2,9,0.0001425512260089097,1.2062606052918867,2,20
94,0.48113422830267916,0.6646635736737933,2,35
95,0.14592948735888903,1.2362482180962195,2,13,14.432955523355668,0.1595415723993179,2,200
96,0.2933898598101206,1.4843922194014205,2,47
97,0.08938482782120442,1.0372293591499329,2,37
98,0.0880041917092017,1.3692945412227087,2,7,5.562928812989676e-05,1.1544492428119366,2,20
99,0.4646716653834396,1.7601647314272428,2,19,1.244794587656267,0.5202685216782799,2,161,15.412614616874341,0.10184714159904382,2,200
100,0.4468871373814772,0.6455707592011868,2,174
101,0.05483977609782176,1.2888814508914948,2,20
102,0.051611848149070896,0.42459598183631897,2,18,3.6130243563104427,0.2678836703627974,2,200
103,0.3548397621410398,1.119919594998161,2,96
104,0.3204019831958684,1.0213575152629013,2,109,5.23488728512421,0.3439600645534454,2,171
105,0.6714192689566372,0.8245331099573171,2,53,16.548570201323173,0.12050265519797397,2,200
106,0.06364101615892946,0.9605236336588859,2,40,3.0191934349529417,0.3135682871565223,2,200
107,1.7608610455519116,0.6443501736076784,2,71
108,0.7518701666785882,0.8235732580340186,2,43,0.0076726437698340895,0.9049800350552514,2,85,2.0331684586478174,0.5367701740241518,2,187,0.019312992880583645,0.5212128827205071,2,200
109,1.6287356814700056,0.521374943305035,2,49,0.005914997355226931,0.9392109054785508,2,62,4.494476353546541,0.5062369284661192,2,100,0.23336128560590852,0.950672755241394,2,200
110,0.21560382577013043,1.0606765094010726,2,115,4.432188513571164,0.1947682996006573,2,200
111,0.49564071259081155,0.8261569873429835,2,128
112,0.3367941021970914,0.9789920803866808,2,79
113,0.06505142522486321,0.8344799033973528,2,46
114,5.651240979770358,0.27128524756567046,2,88,0.7582923028074929,0.8183110529726202,2,198
115,0.4139014808886502,0.8190145045518875,2,20
116,0.3651694642002312,1.239874690771103,2,6,2.9962383770442517e-05,0.8474300248282296,2,20
117,0.5230365607244012,1.091914798658673,2,101
118,0.26808974900816457,0.6462590444087982,2,25
119,0.37515262588610027,0.6013687579599145,2,73
120,0.3005549258327135,1.0081307710106693,2,67
121,0.7181614954724705,0.7892018352289619,2,159
122,0.2892703680276528,0.9534907009183746,2,97
123,0.9091438864089708,0.4875366525418723,2,67
124,0.4108895191947507,0.6713773893273395,2,23
125,0.4337674766535753,0.5827890485525131,2,44
126,0.1921570499987524,0.9383521977066994,2,200
127,0.19733038275937528,0.6404429256916047,2,10,6.810574399382512e-05,1.0433319926261901,2,20
128,2.298631846312932,0.27586769779859965,2,59,21.26824621146986,0.11267022650156702,2,199
129,6.596902258083793,0.33320591121912,2,200
130,1.31029887432717,0.36317140353422095,2,137,0.15071429004936732,0.8835074050085885,2,200
131,0.3874799352250807,1.508437305688858,2,20
132,0.8411896931150772,1.02254695919427,2,44
133,15.724654649651056,0.1267106391489506,2,200
134,0.2530836706390391,1.1181109726428986,2,40
135,0.5297497321295592,0.605741381889484,2,122,8.871624421912312,0.2038043002156835,2,198
136,10.0810226834736,0.28111656159162524,2,200
137,0.3509743083129042,0.8700456260703504,2,128
138,0.8162339843989067,1.1713374762824087,2,33
139,0.30283769313445885,1.190630074010955,2,90
140,0.3182669222151865,0.7607967414354023,2,76
141,0.41106056573476335,1.1013064781824748,2,72
142,0.23673417972975572,0.8482599377632141,2,15,0.00029155064235346037,1.0022240161895752,2,20
143,0.23625038627800793,1.227811153118427,2,13,0.00016137699891625242,1.1114116566521781,2,20
144,3.9438226161768033,0.18746589148432258,2,123,25.327423531017352,0.06867145872735358,2,200
145,0.28513139924345815,0.5833902973117251,2,33
146,0.2611980371535892,0.5889174921172006,2,35
147,0.2676720139997602,0.5107083494464556,2,48
148,0.15782663468083735,1.5014247460798784,2,11,5.753451611629287e-05,1.3550758494271173,2,20
149,0.12667926588302234,0.9524859515103427,2,44
150,0.4687557113013485,1.2090439691263086,2,34
151,0.2837985167328779,1.3550954413139957,2,87
152,0.7616174029198426,0.7090956885367632,2,128,0.0012827958614356056,0.8147202787860748,2,159,1.9621194731799545,0.185562777850363,2,177,0.0026797884329212915,0.6076740829840951,2,200
153,0.10252470140409767,0.6620803865992907,2,103
154,0.37597248240554537,0.6527759511681164,2,136,13.020204457870875,0.16109593748115003,2,200
155,0.013344385802766213,1.3200191756089528,2,24
156,0.3174514448684988,0.8685427496704874,2,79
157,0.16358389417975344,1.4344955086708069,2,8,3.056471375887971e-05,1.135718325773875,2,20
158,3.326937341041365,0.4362079900369715,2,134,0.08450337633845666,0.6729868976054368,2,188
159,0.3627651569828979,0.6817259388725933,2,164
160,0.9209674003730642,0.5056554260174873,2,181,49.818554183536044,0.10363032629615382,2,200
161,0.855877541961001,0.659559293553747,2,58
162,0.31230433083166903,1.2628370832752538,2,185
163,2.1889534439021565,0.29064519919062914,2,76,0.00372749817993602,1.1386189189824192,2,98,0.87382482362888,0.3471837148946874,2,200
164,0.2714323244759998,1.3088331818580627,2,42
165,0.1445007133255756,1.0380345747388642,2,58
166,0.032656153381582474,1.2388256688912709,2,36,1.3006551915250129,0.5489614545935537,2,200
167,3.795821949502528,0.2965906336903572,2,200
168,0.3501596129918436,0.7950896904582069,2,21
169,0.09480677540846845,1.0435177087783813,2,20
170,0.22905098008534272,0.8027406185865402,2,8,6.806326258037297e-05,1.013157417376836,2,20
171,0.8495911424875726,0.4975221977382898,2,200
172,0.1474656721827539,1.298167109489441,2,8,5.7528525760043936e-05,1.307430495818456,2,20
173,0.22636242643627402,0.8172983574867249,2,50
174,0.019538135160077307,0.9655995096849359,2,46
175,0.04021469782401531,1.4423836171627045,2,4,2.8004820782876918e-05,1.1533402986824512,2,20
176,0.4598384686239845,1.0861893018086752,2,75
