1,27.055110703363578,0.09142505332827568,2,200
2,6.440593284129757,0.07353745033479717,2,73,0.335418854185165,1.3427294785121702,2,126,22.047774399215537,0.040686662106410316,2,172,0.5522301997145194,0.8877309385154929,2,200
3,0.7819638801831856,0.596632719039917,2,23
4,0.3120059651665525,1.040602785168272,2,33
5,0.2359769573353506,0.8199340734630823,2,200
6,1.1494250658708927,0.2892462278787906,2,52,36.12787833731591,0.513273255692588,2,106,0.03807443631634054,0.6101731961628176,2,159,8.22674443919088,0.052325035740689536,2,200
7,0.711408159284482,1.2600513796011608,2,36,0.006865627098430628,0.9644838333129883,2,71,31.742923336683486,0.7171200620111569,2,200
8,0.06825600756384269,0.578776378184557,2,8,3.3988308562169136e-05,0.9298933992783228,2,20
9,0.24476094868119752,0.5998769035203415,2,114
10,0.5705222766180729,0.2078029058045811,2,18,173.7354158158939,1.907689689732284,3,157,1.2137574994391995,0.8708915221829747,2,200
11,1.922790200992609,0.1252030640020283,2,109,0.028714293326048638,0.9256486250804021,2,200
12,0.22305034325910741,1.009899468421936,2,25
13,0.5019272208071435,0.826759537440889,2,170
14,0.6206032811269878,0.254582313199838,2,66,0.020181276428107065,1.118317624456004,2,104,1.3072604584764256,0.5518652976200145,2,197
15,0.20926898620160972,0.6466709323871282,2,81,0.010816206058439633,0.8325592608287417,2,110
16,0.25737375515898514,0.7068456808725992,2,39,3.6380003561370797,0.12428678097203374,2,199
17,0.3607494177641525,0.6738583895293149,2,55,63.88790023661971,1.8657942253967812,2,200
18,0.31870888671171765,0.7447229410117527,2,53
19,0.311955597957789,1.2329331278800963,2,20
20,1.6208089386517361,0.34206689188354894,2,38
21,0.06246821697594654,0.9748434209823609,2,100,14.482010455954411,1.111977524100206,2,139,0.5377012941248837,0.3313473808268706,2,199
22,0.4595111572671284,0.7008843322594961,2,51
23,2.2877364718675643,0.3224930452803771,2,60,105.03915950823139,1.7261954394253818,2,115,0.7244543193906011,0.771185920573771,2,195
24,0.13721425533741566,0.9413281370636443,2,71,15.39730984471937,0.17716979818750722,2,200
25,0.16508455492933005,0.9327637381023831,2,45
26,0.11433386123030613,1.0366699207912793,2,99,6.307279339807989,0.06536658004959031,2,200
27,0.695164856973954,1.056101094141151,2,66
28,0.030284900988136545,1.502025842666626,2,5,3.432342366315603e-05,1.0817937095959982,2,20
29,0.36147856567170067,0.8880990278830222,2,109
30,0.34500606013648005,0.6517209800084433,2,75
31,0.1925248697209238,1.6873530666033427,2,30
32,9.566995226457772,0.5168571198980013,2,156,0.12499389632137399,0.7389399835041591,2,170
33,0.7196063506251625,0.6294244041568354,2,171
34,5.119381452782395,0.19116825898808817,2,62,0.2880854429625342,0.721266233921051,2,127
35,0.3218941605969262,0.9153990374671088,2,45,4.506824880561302,0.211715605470442,2,200
36,0.3697003432122755,1.2660220116376877,2,51,0.4276762840056717,0.2817560427293584,2,199
37,0.29690366928763523,0.7587026639117135,2,36
38,0.5795466313580793,1.2668200863732233,2,27
39,0.05679698162797052,1.027665672333617,2,38,2.607550137969614,0.13211369996979122,2,143,87.51609784966432,1.1443403752749426,2,200
40,1.0084100278690187,0.6101850538418211,2,87
41,0.5285316743165456,0.9303471965043724,2,147
42,0.7206756404326371,0.9343865619946833,2,73,0.03284246841887334,0.5796955234330633,2,119,1.2454850513288547,0.7486416674577273,2,145
43,0.12959428650992355,0.7114702746481962,2,71,3.4783375744663774,0.3013015161542332,2,156
44,0.4340586297423191,0.973470674111293,2,13,0.00016760226387101977,1.189407501901899,2,20
45,2.262453082849493,0.3354697972536087,2,8,0.0003091029185588866,1.233994593222936,2,20
46,1.146856975528155,0.1508144372357772,2,104,0.014905439202358144,0.4626589625511529,2,157,5.512965273890612,0.14145796885713935,2,189,0.04216863963587139,0.7822338992899115,2,200
47,1.2676481333885257,0.2176120898896648,2,62,20.864748197165092,0.20019930973649025,2,78,110.79711885704293,1.4443907868422445,2,200
48,0.2095089446862329,0.6109977072248092,2,52,19.050893487038735,0.09665575099957956,2,200
49,0.3346515333978408,1.047038957476616,2,24
50,1.5920601048472809,0.16218093526549637,2,64,12.510987444460056,0.26263081069503513,2,176
51,0.15706648601245207,1.1872030703917793,2,23
52,0.44643190319487003,0.6149912412501564,2,121
53,0.0005870941490296591,0.5804762925420489,2,7,0.24437413813079573,0.9756530474643318,2,105
54,1.2480838740939655,0.5259692698717118,2,90,75.02036103995304,1.0017141221599146,2,200
55,0.7759412700534798,0.3431345471020403,2,87
56,0.050630432410502704,1.0340751040549505,2,21
57,0.7998443557038347,0.48705349108752083,2,85
58,1.6016145157246873,1.0573482513427734,2,4,3.909784888768312e-05,1.1432214230298996,2,20
59,1.1179840838674335,0.7486176277384345,2,81
60,4.311487281366889,0.27096306728689296,2,19,145.45291304274437,1.9005307771157527,3,88,1.1081262552332636,1.2641375689279466,2,109,87.21052022151106,1.798195251396724,2,200
61,0.25578836389298265,1.1141467445935958,2,78
62,0.23192074215047775,0.4485923796892166,2,8,3.4110971990582006e-05,1.139403522014618,2,20
63,0.39524256073316305,1.2383250669999557,2,55
64,0.2672530565525869,0.5944333306101502,2,61,0.9672314208788937,1.3218355973561604,2,76,34.23471800503293,1.7878556819719689,2,183,0.38034836906816283,1.3927961517782772,2,200
65,0.39195564171508246,0.9166986923664808,2,32
66,0.26259845554211403,0.842872751386542,2,114,10.595992148277944,0.12945952457050944,2,200
67,0.419818312703764,1.0386565032601356,2,200
68,0.9362141036423013,0.4677689790725708,2,15,0.0011250192511038093,1.077344536781311,2,20
69,0.46912927357107903,0.38858633077874477,2,49
70,0.9626872768813789,0.7225223388522863,2,32
71,0.5400233648795164,1.15562744140625,2,20
72,0.47361120981310506,1.2754608616232872,2,24
73,0.07275056269835592,0.8969353267124721,2,7,3.279555762268773e-05,1.099296285555913,2,20
74,0.3967812398347192,0.77211764379073,2,59,11.357305899506883,0.4311196334086932,2,98,123.3047660738036,0.45888744499169143,2,200
75,0.37096466787171195,0.9700840191963391,2,39
76,0.28154547882667963,0.8099911556405536,2,59,0.006062753134384239,1.035133536372866,2,87,0.436279843750231,1.0458801026196825,2,184,0.0041569281127850416,0.4563041012734175,2,200
77,0.5286065283077894,0.8441431458856239,2,122
78,0.5439703136085352,0.9928796968676827,2,66
79,1.3530802786989142,0.7069611270581523,2,62,0.09948278815751,0.8486098498106003,2,166
80,0.5257374611643316,1.03251688554883,2,48
81,0.2588622529616858,1.0093768328428268,2,20
82,0.601878460635694,0.7650398597121238,2,40
83,2.111660168331325,0.46167039801584225,2,107,106.21111880068409,0.5541736618165047,2,200
84,0.3107310661459071,0.9867362380027771,2,20
85,0.6809716119037522,0.8490218241822045,2,53,31.028121251256426,0.10397732555866242,2,143,0.5954139124211937,0.3338358434183257,2,199
86,0.18952492047823338,0.983528738086288,2,37
87,0.46141649472327945,1.2380039548873902,2,50,36.327761597710776,0.6469206799720896,2,108,0.047883559928916845,0.8304531717939037,2,164
88,0.8539415397949509,0.732615617004413,2,103,153.15407479936238,1.8819931167917154,3,200
89,1.1255214805684401,0.790006952441257,2,46
90,0.35415767161282335,0.7071450510621071,2,200
91,0.49957360869094486,0.9219933152198792,2,4,8.814115097688778e-05,1.0811327770352364,2,20
92,0.8175389994587937,0.8218972090181413,2,91
93,0.7353660612155043,0.974881681924065,2,48,7.785938566271188,0.14388417624510252,2,100,17.203467193376277,1.6388116174274021,2,145,0.19545022513617388,1.0812563763724432,2,190
94,0.6550040890738229,1.0069312572479248,2,50,0.003964184759858349,0.8952736757897042,2,87,2.5695656561536815,0.5045149358255523,2,115
95,0.30683764203918623,0.8793153935008579,2,90
96,1.6024042620993835,0.7533939875986265,2,46
97,0.2853049358775407,1.3051674448210617,2,58
98,0.3601089667339245,0.878347619175911,2,200
99,0.6684346567003547,1.0509891592223068,2,29
100,0.38911594631444646,1.1583470521971237,2,43,2.4115006785525237,0.5207299577693144,2,79,21.024531663550874,0.06381285227527303,2,200
101,0.3175405079347316,0.9613831681264958,2,71,0.5810542622623046,1.4852850437164307,2,75,186.80240958617065,1.93965163898468,3,200
102,9.784941328950234,0.11537690876195064,2,104,0.9496602240013707,0.7831942722910926,2,146
103,0.443639764793803,1.4037321976252966,2,28
104,0.09814453621124497,1.2185413853989706,2,36,6.033947512724036,0.08022414020129613,2,176,0.06688136590893644,0.7194279047350088,2,200
105,0.782459994837632,0.9807775246130453,2,37
106,0.5742570318943494,0.9464634954929352,2,87
107,0.6410056741951088,1.469938063621521,2,55,0.4306772183619493,0.12725956737995148,2,62,41.898719667008805,0.0947766071860341,2,200
108,0.2632849460236091,0.8159459262597756,2,61,9.31983401260326,0.13072606697678565,2,101,0.23792378782729293,0.596817904650563,2,200
109,0.32093951463004955,1.1612152631084125,2,48
110,0.4479170133104539,0.8267265260219574,2,20
111,0.4722970601299032,0.521896481131896,2,78,7.560181837617859,1.6198493719100953,2,88,133.29448869447998,1.9408769862992423,3,200
112,0.3126796238931742,0.8167986627352439,2,59
113,2.1920321523385464,0.8586974064509074,2,15,0.0005716565717568117,0.9872204303741455,2,20
114,0.33268559959082683,0.9388282942771912,2,100
115,0.19555051208770707,0.9837254624475132,2,66
116,0.47570577783376117,1.4150752056212652,2,21
117,0.33722509503855375,1.0807045918923837,2,27
118,5.787771502188914,0.22595838676480687,2,102,131.24861196976713,0.1272747560727353,2,200
119,0.03754086630408173,1.6850888899394445,2,7,4.219753602774795e-05,1.2282517873323882,2,20
120,0.39089153560300743,0.775178229266947,2,22
121,0.13909602998079457,0.8772655287757516,2,96,2.1848629164339113,0.2211791600745458,2,200
122,0.23335339037184955,1.2535237669944763,2,10,0.00011780383650906835,1.261726200580597,2,20
123,0.3296462656380485,1.1234119187427472,2,79
124,0.035375329028001834,0.7919395267963409,2,71
125,0.28076756460448465,1.220490914285183,2,200
126,0.28447664598764677,1.2082702827453613,2,25
127,1.9397137007063558,0.4273920601900713,2,81
128,0.48972018447396953,0.9920088736848398,2,44,0.035703827543490045,1.001868670369372,2,125,5.490382083166963,0.1341868750254313,2,200
129,0.4387949253427772,0.9278511142730713,2,25
130,0.3706857732189256,1.1906158072607858,2,28,14.185645805807363,1.3828626507465993,2,137,0.0046733672256582676,0.9721100926399231,2,163,0.332238784682587,1.2236019340721336,2,200
131,0.29339819708516,0.9210772055845994,2,39,18.69944549239624,1.341575244133421,2,178,0.046191053491665066,0.43594954298301175,2,200
132,0.6289682354060658,0.6734148891348588,2,57
133,3.346441299234444,0.5371249070899053,2,44,59.750061103597496,0.29259629901020956,2,200
134,0.4302230770430373,0.6646783613548504,2,127,39.316248916654885,0.4784805567526236,2,168,0.49371317948277543,0.5445404537022114,2,200
135,0.44472064187991805,0.930767904846899,2,62
136,0.6303887812912982,1.3104935619566176,2,9,0.000157627956284747,1.2798853787508877,2,20
137,0.29317719590056096,0.9308747647702694,2,200
138,0.2954896480395008,0.5658787147204081,2,75,44.45589004303279,1.1784286422114219,2,199
139,0.02834542139170181,0.9277010533739539,2,68,0.2290382939966626,0.949129828901002,2,200
140,0.21348003553680645,0.7734860181808472,2,14,0.0004121322940711651,1.1065233945846558,2,20
141,0.0792712291478176,1.336313247680664,2,8,4.539533348928532e-05,1.1437129974365234,2,20
142,0.0313773063573058,0.6866243862714924,2,61,0.5256940389635781,0.9003987541032392,2,147
143,2.8352304596276947,1.0549411177635193,2,20
144,2.0612940730543436,0.5620179735124111,2,64
145,0.33742822999161426,0.9968081474304199,2,15,0.0002589399970043646,1.163741683959961,2,20
146,0.6467591151076175,0.8283442124724388,2,40
147,0.39316015482067407,1.1374965422862284,2,37,5.666754447801402,0.16658773040113273,2,200
148,0.1017573498723939,1.6847049168178014,2,7,3.2462736682696475e-05,1.1650964617729187,2,20
149,0.36939265948801236,0.8836352014750765,2,114
150,0.3155847037128754,0.5160156750473482,2,58
151,0.392437635205865,1.0459257105986277,2,60
152,0.8579959733632765,0.9518063267072042,2,3,0.00010231862727985254,1.074438147685107,2,20
153,0.7039349459516331,0.6151919823944868,2,199
154,0.06631596397482165,0.7576793713229043,2,35
155,0.2519773547605901,1.1632985260527013,2,59
156,0.49392907771098954,0.5798119496731531,2,105
157,0.1968677163477802,0.4337856024503708,2,16,8.709166091103578e-05,0.9733525216579437,2,20
158,1.3159302048859676,0.930690843499068,2,33,78.0365459891069,1.3833507302373942,2,134,4.236593249140476,1.393151248825921,2,179,258.0915825367883,0.614465397738275,2,200
159,0.26526656670944304,0.7966208119566242,2,48
160,0.22603542338385407,1.0562036911646524,2,15,0.00020697099191850334,1.1914682388305664,2,20
161,0.37296230732172964,1.0081910581299753,2,66,59.60765527124367,0.13560879631684378,2,92,1.4946313811013892,1.4406173924605052,2,158,59.46144727872023,0.19094325779449373,2,200
162,0.19293583960266678,1.1983782562906342,2,173
163,0.0645673742244255,0.7880166538059712,2,120
164,0.28129641706261044,0.4955358905924691,2,45,24.995839537701773,0.05195508524775505,2,77,0.28683446043057315,1.0313045638995093,2,199
165,0.465332852453496,0.9434124678373337,2,44
166,0.15581560616283752,1.2616562658832187,2,42
167,0.1299271032523217,0.9279865568334406,2,11,7.677443109844766e-05,1.1533080339431763,2,20
168,0.8722564624805348,0.20617469979657066,2,27,32.85669431194806,0.05795601296883363,2,79,0.35372455118835405,1.0198844373226166,2,93
169,0.37851655022144937,0.6919633767434529,2,28
170,0.06560897923948178,1.356619221823556,2,7,3.6303047935929316e-05,1.1369789105195265,2,20
171,0.4026808512601833,1.6601910491784413,2,12,35.59163739712346,1.8141172033675173,2,200
172,1.360672599581872,0.5873901572823524,2,100
173,0.2817353551622543,0.6633679887583089,2,86,10.581433272710361,0.8633184447361711,2,200
174,0.23196527841273754,1.122173203362359,2,45
175,0.4000079467750889,0.7360589201899542,2,138
176,0.42879441987911904,0.6639354472810571,2,22
177,0.3131123380888652,0.600207174544806,2,91
178,0.43112337403413137,1.0512047839719196,2,43
179,0.4325501822528913,1.2304485400517782,2,15,0.00046248928053492164,1.3561209201812745,2,20
180,0.4115550825319463,0.7070280666704531,2,54
181,0.8498087863547541,0.9927891194820404,2,6,3.419837645201353e-05,1.309863533292498,2,20
182,0.0362317580325363,1.3565111458301544,2,4,1.5275341929603892e-05,1.0514649972319603,2,20
183,0.05858596406670272,1.49744513630867,2,4,3.8531590375165334e-05,1.1132099889218807,2,20
184,0.09437825611634505,0.6455121235769303,2,61,4.287958420210466,0.32378324692125443,2,138,0.13245097906857994,0.9325941345270943,2,155
185,0.23814970078084927,0.8396922804060436,2,21
