0,0.20437989889296598,0.9887150446573894,2,15,0.01701359812628818,1.2509072303771973,2,20
1,0.1988074960489166,0.8083915472030639,2,5,0.015020004079380743,1.0999042669932046,2,20
2,0.24095471911685964,1.0065542260805767,2,84,0.20642456954249128,0.27461004462735406,2,200
3,0.16398662913407788,1.0919893324375152,2,20
4,0.24605377274474519,1.6108623213238187,2,36
5,0.27718847826755433,0.6462458648332735,2,41
6,0.41568626410318,0.8210516205200782,2,13,0.027382707117759794,0.8121559895001925,2,52,0.3166166284035315,0.8927713168991936,2,88
7,0.049548735895953995,0.9565606091333472,2,23,0.35289398249670983,0.8056849837303162,2,35
8,0.3709991057188236,0.823022437095642,2,10,0.015308596180129804,1.0657363533973694,2,20
9,0.3519476489194049,0.5490780667118405,2,23,0.02132165656927927,0.5296939859787623,2,29,0.9894687948501414,0.16010519976799303,2,55,0.05569300900335838,0.43676586031913756,2,80,0.6863525605996644,0.2933839964866638,2,105
10,0.07137615501552183,1.2762897849082946,2,20
11,0.36217294049627036,0.9365873052960351,2,42,0.6249206681224386,0.2635770420817768,2,127,0.07782596675093452,0.4419785514473915,2,143,0.3430134514156472,0.5327527580722686,2,174,0.37864905369448554,1.4288201587540763,2,188,0.4686114242746905,0.5075844526290894,2,198
12,0.2964707553393028,0.844533927925867,2,199
13,0.32871098601643317,1.5206958225795202,2,7,0.017455189953745807,1.149362664956313,2,20
14,0.023545347761029244,1.1555992126464845,2,20
15,0.2771001497643411,0.9254824728579134,2,37,0.5308779866295078,0.17596338958036703,2,98,0.04769834371163248,0.3101389825344086,2,103,1.166111988844672,0.2182948222172629,2,200
16,0.2344799854774916,1.0329362962927138,2,28,0.7502236476473629,0.23267738137926375,2,63,0.03178243188422544,1.0014018853505453,2,78,0.6262458901315259,0.2897364255927858,2,99,0.3221312299301143,1.089520326367131,2,126
17,0.5036315435043499,0.963550830328906,2,27
18,0.12393698908710207,1.205581030845642,2,25
19,0.2651437878503079,1.1175705758300987,2,74,0.45153178585619785,0.25036459878600875,2,132,0.023315703402906278,0.4964933461613125,2,141,0.5426281289019936,0.5563757702455683,2,200
20,0.22448549633307036,0.9734837015469869,2,12,0.020691951236135715,0.8989519736705682,2,51,0.6099983373649581,0.880601668799365,2,78,0.030996630457802665,1.3407292068004608,2,86,0.3136238901172446,0.8750677144123336,2,145
21,0.7374746416199945,1.129463237264882,2,23,0.6905453814329254,0.18926498666405678,2,95,2.3087196005525965,0.29729693773246946,2,200
22,0.21280726032470185,0.6346222084760665,2,200
23,0.3279398971216526,0.9152140660562377,2,69
24,0.4667590059619694,0.9589016607829502,2,7,0.016461521578149126,1.293319977246798,2,20
25,0.16539124829018614,1.2066389213908801,2,33
26,0.22576775236741778,0.7734784940455822,2,47
27,0.21943315481103462,0.7528773966431618,2,200
28,0.2536454239999584,0.5787828367304158,2,74,0.5460089067156793,0.7142114067077636,2,99,0.7120822917218078,0.2324957489161878,2,136,1.924965084274458,0.2733524856157601,2,200
29,0.25362234596161587,1.184847393631935,2,40
30,0.021164208906680974,1.1727930158376694,2,20
31,0.27687897950718154,0.8461362736565726,2,35,0.15258809807002793,1.8466115395228069,2,59,0.9657048643603175,0.3827438602844874,2,65
32,0.6247181952881293,0.10726137376493877,2,108,0.2782857245465912,1.240483045578003,2,119,0.9140496941027548,0.15823100967171752,2,200
33,0.11850329361821717,0.8673958778381348,2,10,0.014411898165327338,1.0929640293121339,2,20
34,0.2578664547326395,1.158115226626396,2,200
35,0.28135850688291814,1.2712987074080635,2,68
36,0.2630188701150155,1.1310995693864494,2,29,0.6229934745935363,0.2925018217414618,2,69,0.19664929239950873,0.9011336063083849,2,107
37,0.6659812212934101,0.21411242131348496,2,91,0.07355160875503462,0.25374183245003223,2,99,1.005335194851655,0.08947323351213247,2,200
38,0.29069392536827643,0.9091835021972656,2,43
39,0.3668818506679918,0.7027273178100586,2,30,0.4628755640822563,0.28562251171645,2,200
40,0.255684755471729,1.373479316631953,2,12,0.02019529828790058,1.2375812977552414,2,20
41,0.7006592711488345,0.7619619717200597,2,12,0.016988009843943636,0.9876959025859833,2,20
42,0.585629538634583,0.24539022722788023,2,57
43,0.24880478318041907,0.7320133812499768,2,165,0.6672352829327672,0.38489919178413623,2,198
44,0.2777479091571809,0.8556323910460752,2,34,0.26475081082431834,1.3368310669194097,2,80
45,0.2064941996414938,0.8931908777356148,2,200
46,0.30300006522511497,0.9202496638664832,2,13,0.03733383351152022,1.2322919170061748,2,25,0.39192543213470477,0.6547543224641832,2,143,0.05746779334618365,0.887648765857403,2,156,0.7324385152882861,0.3663226521827958,2,200
47,0.2090798334100417,0.71010341372671,2,158
48,0.12097468216236845,1.035825252532959,2,60,0.508154193967057,0.16560063503290479,2,155,0.02236356767051909,1.0055302646425035,2,173,0.393729447367351,0.7124552020320186,2,200
49,0.25711561741571465,1.2961939644245875,2,84,0.4633617214446289,0.3144717053795347,2,182,1.3642854597286576,0.2820389320453008,2,200
50,0.23431265476380744,1.5013973514238994,2,12,0.3825575395981708,0.5761238701746497,2,83,0.811676510867421,0.2740176131242308,2,199
51,0.20640424904800594,0.9744539578239639,2,77
52,0.2471579123521281,0.5184707827866077,2,8,0.015242048208547583,1.0492647687594097,2,20
53,0.6220491415105787,0.47329699620604515,2,8,0.021823812749904692,0.7281241714954376,2,14,0.4828604736878514,0.35383936923037296,2,200
54,0.671413952474466,0.19632570751011372,2,200
55,0.4613075634226127,0.3375100799691138,2,199
56,0.2927554947822496,0.4644609454906348,2,33
57,0.2769111386874013,1.3338936316339594,2,57,0.30387458402293,0.5902984026939638,2,88
58,0.1665468542338565,0.9959401960174242,2,72,0.41403649884133004,0.8420519133408865,2,84,0.9575079452784501,0.48142388160677924,2,153
59,0.17301445400509435,1.706421121954918,2,8,0.8745133565975508,0.1841457337141037,2,16,0.313054291038967,1.1768624101366316,2,30,1.076044929452574,0.11068664793856442,2,94,0.100435924879785,0.3172790886540162,2,113,1.0859998562232112,0.13205687085102344,2,200
60,0.5029728969769566,0.3028769079715975,2,31,0.039344672635944725,1.1988688982450044,2,44,0.1671264003731808,0.3174840658903122,2,49,0.8395800981748816,0.1567192622460425,2,145,0.49938358866632476,0.9914395014444987,2,157,0.018898258506942094,1.036906015305292,2,178,1.1066447105105164,0.11552229794588956,2,200
61,0.6119896820287438,0.7235396287657998,2,22
62,0.2691445894434767,0.5431287949149673,2,37
63,0.20974965253344002,1.5011180360266503,2,47
64,0.2635290828145398,0.88466759595004,2,55,0.0235551881416516,1.0112461423873902,2,80,0.23353435489596375,0.7984523630853909,2,147,0.5643607919238453,1.4433944076299667,2,155,0.5506264346182255,0.3825536055697335,2,200
65,0.24763933559260987,0.9118307348059005,2,119,0.29511760815786353,1.8842926224072774,3,143
66,0.21952985518935278,1.2722820937633514,2,20
67,0.5635850334753146,0.5320047289133072,2,10,0.016711912169042803,1.088729441165924,2,20
68,0.300224328208896,0.3425029286316463,2,35
69,0.1575190480165879,0.5997960631336484,2,28,1.5071074525934236,0.10815054280500785,2,130,0.09215700811969416,0.3749666288495064,2,134,2.915025602329091,0.07344676578237165,2,196,0.17126347471611933,0.5496078804135323,2,200
70,0.2354823794200468,0.945628065129985,2,23,0.01645100174523547,0.9217541678385301,2,45,0.026085185872733188,1.585407012984866,2,66,0.9541976007198124,0.14706681817770004,2,76,0.024526150590654563,0.5892956124411689,2,85,0.4092161130375677,0.8255654296209646,2,128,0.043454533004413695,0.6535819242982304,2,145,0.8119904567901023,0.6277974486351013,2,200
71,0.8262874289892023,0.10187366530299187,2,40,0.22728775277369162,0.8945759612101095,2,148
72,0.019041082842042645,1.227326548099518,2,20
73,0.22500104926011688,0.9390633644965979,2,52,0.05030370411155286,0.7993210007747015,2,64,0.4665333083638232,0.35874628372319783,2,195,6.486339090327037,0.36267320811748505,2,199
74,0.20166481120243462,1.1003753581893778,2,107,0.29024319690092665,0.57919117872433,2,200
75,0.19774349053357534,1.4182985112780617,2,21
76,0.3593525883705662,0.6165530107477132,2,68,0.05325199425949244,0.9429073333740234,2,86
77,0.3082824894220149,1.0206680046884637,2,38
78,0.303191536606665,1.1992588418501395,2,54
79,0.017478929026420023,1.1279636085033418,2,20
80,0.2718315491516049,1.11069256067276,2,22,0.0455884450594331,1.021860630888688,2,41,0.5047875213154659,0.9428274205752781,2,48,0.024057221719323053,1.032239479403342,2,79,0.27330672951386864,1.4006761803346521,2,96
81,0.4681835192541792,0.24186555807496987,2,51,0.2334402345725128,1.8965243101119995,3,65,0.8570678980585924,0.20835339616645465,2,76,0.07976512884056297,0.36015970612827103,2,95,2.5545214983343025,0.0847855769097805,2,99,0.05068590709944834,0.38575301468372347,2,104,1.6812166585800634,0.17901228699419233,2,113,0.02380853142044121,0.3494195540746053,2,119,1.3918701826011055,0.2733552706324392,2,191,0.08810561808662276,0.3428739971584744,2,200
82,0.2928403503134101,0.9149892803950187,2,78,0.5815192210525884,0.3629767359657721,2,100,0.024792536701601593,0.6369561553001404,2,105,0.42424388304293476,0.4480490752241828,2,149,0.25177305848506426,1.4749994158744812,2,159,0.7581021086501095,0.24714306853711604,2,199
83,0.31161580541032463,1.0597031878870586,2,43,0.48346576365078514,0.2560307968940054,2,71
84,0.5123008127338291,0.9074422883987426,2,25,0.035745782198882095,1.1225312863077437,2,46,0.24335799890446735,0.23486217681099386,2,63,1.1003040014860546,0.1321670341377075,2,115,0.40707790306996006,0.30715287304841554,2,154,0.252609695745833,1.576111949980259,2,170,0.7864019637697787,0.4314211457967758,2,178
85,0.6734400848591896,1.3939088078645558,2,39
86,0.19027045175239204,0.683112385598096,2,88
87,0.2083683569607751,0.9814292378112918,2,122,0.35175942557922685,0.9117950949557992,2,165,0.6262067819729297,0.36689848942416053,2,200
88,0.5333819470233728,1.0849392414093018,2,11,0.02026731479105234,1.081350604693095,2,17,0.3063034278502554,0.9751306601933071,2,31
89,0.4136839018944231,0.7527373249714191,2,26,0.024178379589598308,0.8300651386380196,2,90,0.1722890948493758,0.34162842482328415,2,102,0.9754659871511776,0.14243483421753864,2,200
90,0.25357708041699817,1.1476519359992101,2,52
91,0.2278293294230828,0.8068236721269155,2,118
92,0.8689340094202463,0.09366728626845176,2,57,0.3681598320282742,0.12851648032665253,2,61,0.2729193731344254,1.3737150700587146,2,114
93,0.3723328012886382,0.9020821397954767,2,22
94,0.2637805303231001,0.9635912722616053,2,67,0.4387388641227573,0.6847265230284797,2,85,0.5947508753162771,0.24446863868962163,2,200
95,0.7514236975483961,0.41406420298985075,2,14,0.025706077283393844,0.6296152969201406,2,20,1.0286962906343997,0.21725158925567353,2,48,0.2050875996208868,1.6749969720840454,2,59
96,0.2723767600754639,0.5148487790771152,2,46
97,0.294833860604649,0.8984828103672374,2,44
98,0.23253282616362914,1.0674698766200774,2,62,0.5787960088565591,0.2463290598243475,2,78,0.017439053666753954,0.578290544450283,2,98,0.6217419039171348,0.2895784367825471,2,200
99,0.28973838470625246,0.5048943481275013,2,42
100,0.26279602907883887,1.5794013738632202,2,36,0.028838425615255174,1.0864523231983185,2,56,0.6973477449616704,0.2847629128133549,2,73,0.0466180312271135,0.474333969610078,2,87,1.0317846574697065,0.14343864976295403,2,143
101,0.3391911040967044,0.9091607486309649,2,147,0.03562868252472183,0.9142458745927522,2,180,0.5191928384516376,0.4451698700064107,2,199
102,0.17436776836375517,1.2850138942400615,2,6,0.015489281209851082,0.9551817434174674,2,20
103,0.24978987642261344,1.1276643438103757,2,81
104,0.11821879310796203,1.5307053625583649,2,32
105,0.6954401976879832,0.7717121162197806,2,22,0.039029987347924594,1.295273333787918,2,54,0.47319980114730803,0.2688037415868358,2,73,0.046521754366592165,0.8236899640825059,2,82,0.7404224313094538,0.22765090068181357,2,100,0.0558871573925975,0.4250899011438543,2,111,1.070701538483083,0.20455465051862928,2,129,0.15557796365361848,0.41888456714564354,2,158,1.1229396516652996,0.2519444406032562,2,188,0.27171204621968637,0.9977411031723022,2,200
106,0.26753497669733844,1.1676958941701632,2,67,0.5631734119533137,0.2614551395177841,2,117
107,0.4724326468740831,0.41226759945091446,2,76,0.1372440991931612,0.9182691857699425,2,200
108,0.2830826031741696,1.0070705199852967,2,78
109,0.2394671595289735,0.8086718688619897,2,94,0.12001995812307867,0.32201758623123167,2,99,0.028991631276642733,0.18049084501607077,2,113,0.762516055359221,0.26395930521104527,2,200
110,0.18542573648031246,0.17232229073842367,2,75,0.23834219636435505,1.292021781206131,2,157
111,0.3880899041260996,0.5627663731575012,2,54,0.11202241476426009,1.0569306880235672,2,84
112,0.19991533077688475,1.1620203256607056,2,5,0.014857385533453237,1.121692140897115,2,20
113,0.01902746607512735,1.2518800795078278,2,20
114,0.050414313518216576,1.0289656102657319,2,20
115,0.28234235897783044,0.6433102333027384,2,46,0.032592872525577986,0.8179328143596649,2,52,0.8192245233086346,0.5291476491838694,2,68,0.019030383298552812,0.877495696147283,2,74,0.6252476419468371,0.39803135295708975,2,89,0.04510084811884614,0.5925539676100016,2,121,0.45282218014496767,0.6038553577203017,2,134,0.0388357410882696,1.1854598654641046,2,143,0.8195815374165645,0.40555468407170525,2,172,0.022645502955604517,0.6528848290443421,2,182,0.7128760752353301,0.32540185311261344,2,199
116,0.26553519741924386,1.1289758728100703,2,78,0.29092176570178924,0.6514676989249464,2,131,0.8718745382513077,0.16699083346654386,2,199
117,0.18289132903568592,1.32404890197974,2,52
118,0.20227829474288553,1.5000779032707214,2,32
119,0.5052800072142805,0.46086527760495843,2,97,0.25808697944111714,1.8543363014856975,2,118,0.5878731445237957,0.6357667803764343,2,123
120,0.3077719633795228,1.0674039308841412,2,78,0.3639415912883833,0.5392474958466159,2,150,0.04605525335608774,0.986753002802531,2,165,1.136473531454998,0.4387012166636331,2,172
121,0.06977643298864229,0.9470114894211292,2,16,0.7368865777060696,0.4584922827780247,2,32,0.021687837028870307,0.7472959872749116,2,68,0.27777714048165814,1.207909361521403,2,83
122,0.4539206863268254,0.8570784211158753,2,20
123,0.07035538687874636,0.9660555422306061,2,16,0.369996829231535,0.8099608856898087,2,42
124,0.19719211275084872,0.7072743535041809,2,10,0.015848095371322684,1.1495670676231384,2,20
125,0.3353119783681901,0.5433819077231667,2,11,0.02539349067010168,1.2185457587242126,2,41,0.08139400842613788,0.8726568806846187,2,94,0.6384883740750732,0.33686339728674797,2,200
126,0.20987794206154742,1.2811949849128723,2,10,0.015470538186116012,1.1600687503814697,2,20
127,0.021645990658051364,0.9503050744533539,2,20
128,0.3266405115528741,1.3996240207127162,2,35,0.9273971271974963,0.26306915531555813,2,53,0.07054352581166086,1.5951662980593169,2,66,1.010492207048341,0.15850384177556678,2,200
129,0.26491673843857205,0.44016298204660415,2,40
130,0.34871920333422973,1.2883350229263306,2,25
131,0.848048805767052,0.730230987071991,2,5,0.014959964008074134,1.1395570039749146,2,20
132,0.36632709185047246,1.4100739439328511,2,30
133,0.26444579814696156,0.39986864661951677,2,109,0.022855942875958817,0.8949465729572155,2,136,0.7431296135825827,0.15862084948457778,2,200
134,0.2674401153354258,1.0026523449591227,2,56,0.8149250369817395,0.25344618409872055,2,146,0.12551518960661,1.2428335944811504,2,158,0.7423009729750518,0.19870922891866594,2,200
135,0.14228194830954166,1.5576981107393901,2,6,0.013191904955050236,1.014352913413729,2,20
136,0.2950217206245869,0.95337240303619,2,79,0.034322146142306845,0.8285225331783295,2,97,0.7369019187085123,0.15554250820169171,2,200
137,0.24719845973875654,1.0003798532485961,2,50,0.029078317427055418,0.8118294503377832,2,73,0.3917752937825073,0.6449965433827762,2,102
138,0.3644327849115193,0.8312152432358784,2,115
139,0.2680901404957061,1.073965835571289,2,10,0.04068334807054641,1.1927491596766882,2,31,0.6128501418153866,0.37418724434531253,2,77,0.28900952184803014,1.493942141532898,2,95
140,0.289695129323678,0.7779771039119133,2,130
141,0.29546880676545156,0.8851679663979606,2,89
142,0.042349751056285294,0.6138277649879456,2,13,0.22958531041955543,0.9521064130035607,2,50
143,0.27643744057939995,1.2224567394990187,2,26
144,0.3641357131905728,0.7123581250508626,2,15,0.01727138141182326,0.9783344268798828,2,20
145,0.2410488213526176,1.031363925108543,2,91,0.6854839477519331,0.25459273287228174,2,196,0.04738220972245464,0.5532122477889061,2,200
146,0.3493042491080267,0.5184175218972895,2,180,1.092958420453775,0.37018815129995347,2,200
147,0.3461581077324104,1.1278221532702446,2,16,0.01766377341608072,1.3991737961769104,2,20
148,0.16567165753003354,1.4960830092430115,2,10,0.016210100662473213,1.341486656665802,2,20
149,0.20783899175767037,1.1659217691421508,2,25
150,0.3010708058612212,1.146056020259857,2,10,0.01742063527154679,1.1449292302131653,2,20
151,0.40459180894620383,0.8524268395022342,2,19,0.04580551282861378,0.5856543802298032,2,45,0.6159118349855633,0.32323747960960164,2,147
152,0.26907818040453924,0.7324937759940304,2,67,0.7880283738138633,0.1880392808999334,2,137,0.23366597853759444,0.37410945084787184,2,168,1.5262813446760162,0.2270199940318153,2,189,0.09722018230156704,1.017632083459334,2,200
153,0.2563150668352707,0.9189006553755866,2,36,0.6058490263251849,0.29157589930223254,2,200
154,0.018710800542112542,1.2110349088907242,2,20
155,0.23362186472849705,1.3509270113867682,2,74
156,0.1963648036757013,0.3830757536994877,2,67
157,0.33482295304337356,0.4440800979733467,2,20
158,0.36484434203288074,0.388330100064582,2,47
159,0.058546433500385436,1.1969134715887217,2,26
160,0.2438538396166411,1.741533464855618,2,9,0.016098002535905202,1.1316367712887851,2,20
161,0.02772645914233519,1.0467234916157193,2,18,0.24322762856764468,1.2772200797733508,2,37
162,0.23567701172342828,1.120031911879778,2,16,0.9439268592779163,0.07134342774168237,2,93
163,0.35111969988490965,0.5672462582588196,2,23
164,0.3108528833365614,0.7726280927658081,2,10,0.015465935239488318,1.060230839252472,2,20
165,0.27512955833616365,0.8306318163871765,2,20
166,0.39678063429730426,1.1549133738955937,2,37,0.22575259651178378,0.38365333080291747,2,47,0.07995008859305938,0.5384437066057454,2,70,0.44604240045427845,0.3046280536800623,2,94,0.0210997723933967,0.4983991801738739,2,104,1.017343563827927,0.14701139711471925,2,187,4.073400729046317,0.21594752142062554,2,200
167,0.2747847370671021,0.7242166531436584,2,34,0.06223648135069039,0.5442363151482174,2,48
168,0.36562004136099296,1.1945572591597033,2,31
169,0.1505162758549324,1.1035495297662143,2,29
170,0.46820083579651844,0.8571350574493408,2,20
171,0.26104510044571744,0.8799620895850949,2,41,0.6250146900670447,0.2221368822184476,2,63,0.2903260533346182,1.18412823704156,2,151,0.6960150048454512,0.9685116522014141,2,167,1.0081352144551587,0.40066967046622076,2,200
172,0.04807318169633689,0.6644008943909093,2,19,0.7510509390429477,0.472091575153172,2,35,0.030956012967406958,0.8156906008720398,2,40,0.8260406304612008,0.4725521465665416,2,97,0.18735104752486798,0.8327865430286953,2,104,2.1548097903022274,1.1710084322336558,2,141,0.7014652200412521,1.3898162033598302,2,200
173,0.2817922631916366,0.9416321162134409,2,64,0.04649914557420768,1.014752058755784,2,85,0.36503937582840607,0.6842263102531433,2,100,0.47085407878172164,0.2606097549200058,2,200
174,0.42096211224220104,0.7369043175896554,2,73
175,0.08724196904101969,1.5832654635111492,2,9,0.9499598253418498,0.20666670833121648,2,53,0.34104601434343795,0.4231799382854391,2,107,0.3033097101462018,1.6547490888171725,2,116
176,0.26256123884028293,0.8773182646020666,2,77
177,0.2283332744667131,1.4361592133839924,2,6,0.014594195497266269,1.2164651496069772,2,20
178,0.13728652535174915,0.43584983623944795,2,13,0.0162249371964329,0.8146122097969055,2,21,0.3971300468196343,0.7608589470386505,2,41
179,0.255900286955378,1.51004954179128,2,12,0.030226005266032866,0.20806640055444506,2,21
