0,0.22639388051083204,1.3154285717010499,2,100
1,0.0287952042708518,0.8258471786975861,2,10,0.2916411036749899,1.0231569661034479,2,100,0.5589758831889671,0.4982664421200752,2,120,0.33959347416250363,1.3454373332689393,2,173
2,0.2949144770241568,1.0122580925623577,2,3,0.012921358259497145,1.1504265701069551,2,20
3,0.2510703959966446,1.1227535091597458,2,29
4,0.026691188640076604,1.1729110896587371,2,20
5,0.16553422825750974,0.5745737863083681,2,48,0.31951588308859596,1.5966934110179092,2,81,0.24129466505727154,0.8089463331482627,2,92
6,0.4862463346556963,1.0809080070919461,2,9,0.017508864959197484,0.283076369448712,2,28,0.11676607550295771,0.8688108036012361,2,61,0.7991286448833577,0.45437832176685333,2,67,0.8177961496110628,0.1671324386483147,2,88
7,0.2385861722468932,0.1186615288257599,2,25,0.17339378342118728,1.5956955010240728,2,47,0.16052283454657834,0.1918579787015915,2,70,0.1488599813953503,1.4580727930991881,2,101,0.23250528494358594,0.45302610596021015,2,110,0.01875732096981942,0.9916159102791234,2,129,0.5896226093291913,0.15905478255202374,2,177,0.04236134781044224,0.660619743168354,2,185,0.7049651335063538,0.1551501989364624,2,200
8,0.05501093039583703,1.0462844130840707,2,47,0.794628515829487,1.1630753808551364,2,56
9,0.2686980811034489,0.3713069433515722,2,55,0.022150497106851134,0.93302703499794,2,65,0.5011900131910445,0.30650823005923516,2,200
10,0.21373667389146037,0.9562056740373372,2,200
11,0.21482646465463626,0.4208185374736786,2,25
12,0.4501200574920031,0.7036205152185951,2,41,0.031088991667116386,0.8371712543346264,2,68,0.22674879731094363,0.6521771705963395,2,200
13,0.01998910118042805,1.1946263521909715,2,20
14,0.3197799302939811,0.7756319513192048,2,37,0.5259669906823091,0.22894135164096951,2,101
15,0.19831238450464306,1.2944239054037177,2,46
16,0.3287477710870428,0.8768400031587352,2,23,1.4277640311527766,0.13553137757948466,2,37,0.22297667173789984,1.523837546170768,2,96
17,0.15332367874263755,0.6655312400115164,2,38
18,0.24260742692360351,0.9647514017260804,2,49
19,0.28939065763185357,0.4252815257225718,2,84
20,0.18392412221881088,0.6931152904033661,2,75,0.01742962658990973,0.8094480378287179,2,82,0.43038791197971654,0.3999439723712882,2,179,0.0980163805638202,0.7465485249246869,2,200
21,0.3786134876876006,0.5702409751591135,2,61
22,0.20187174348927447,0.6071401223540306,2,40,0.022550559688673272,0.612833559513092,2,51,0.787711196892107,0.2688916453293392,2,58,0.021915288363757307,0.690627658367157,2,63,0.7746750465774909,0.17278312516473507,2,200
23,0.26813375995935246,1.1110240295529366,2,16,0.7734670969179597,0.3151314608075402,2,71,0.36200548544296496,1.6424749957190619,2,80
24,0.1584822978360406,1.087205249687721,2,29,0.6329438657637838,0.4545976779290608,2,64,0.02973068263236317,1.0110362842679024,2,72,0.8119841847897085,0.22695696296600196,2,124,0.093350997959995,0.35683652185476744,2,137,0.49626959631139334,0.3365424180787707,2,200
25,0.28314637811019866,0.9555615557206644,2,37,0.38767885409605357,0.2974209376409942,2,88,0.22438376529706813,1.1944348430633545,2,113,0.026606974287009994,1.0289850294589997,2,143
26,0.257240454581954,0.6825125203735527,2,87
27,0.3616605854002914,0.8782976945241292,2,45,0.4970489272358382,0.22016594170684545,2,116,0.2471458248126654,0.6947376096532458,2,200
28,0.16787349204656396,1.1217566847801208,2,10,0.01599255705089132,1.0772629737854005,2,20
29,0.16510050798411222,1.0980173349380493,2,20
30,0.27615188623130554,1.2206626600689359,2,27
31,0.341348544587092,0.7653686837936805,2,123
32,0.27285060271614575,0.9711395104726156,2,6,0.016019920167780605,1.225958296230861,2,20
33,0.06680594090750659,1.186655841375652,2,19,0.2406240233013924,0.7677334412451713,2,81,0.03840679949602717,0.7549566580699041,2,94,1.245250464166953,0.5692284628748894,2,98,0.6000199418275514,0.21810686027302462,2,183,0.031112320485072145,0.5681138091227588,2,200
34,0.20700429174154325,0.8393929600715637,2,5,0.013650971298896962,1.0616515040397645,2,20
35,0.2921036233067403,0.5303175896406174,2,68,0.24518820208518205,0.9823689885211714,2,200
36,0.6086765243339565,0.8629355165693495,2,9,0.03895161816013497,0.9698863849043846,2,41,0.38530513127771565,1.23697719640202,2,59,0.02197619351255083,1.3097759301845844,2,72,0.6998567880795616,0.2123134324745256,2,170,0.10443451143499133,0.17193126156926156,2,190,1.4290159745317128,0.014753544330596923,1,200
37,0.3398056198105682,0.8235935976107915,2,60,0.790562617755293,0.3528579771518707,2,75,0.10563221578131897,0.4920502742752433,2,107,0.7259932291627231,0.2346709410349528,2,137,0.027469432989910315,0.6095144934952259,2,153,0.7238271074113228,0.14658281777767426,2,200
38,0.28668232722366255,1.1643593708674114,2,27,0.4966796570624592,0.33375926552848384,2,115,0.3427462777478267,1.5204315291001247,2,180,0.4416009105433566,0.3179355442523956,2,200
39,0.45544696604571844,0.4849849643688353,2,63
40,0.5570807003761814,0.37389101411985315,2,23,0.16160170199984913,1.3363719642162324,2,43,0.7681610652285233,0.4506464660167694,2,58,0.2899144270346292,1.54877370595932,2,70,0.5175051116056029,0.23531796941991712,2,131,8.106976983327442,0.8193281590938568,2,135,0.18113685297599805,0.5791555502835442,2,152,13.694219465722437,0.8321629613637924,2,156,0.06029632484988176,0.6023919185002645,2,159,4.129747574919454,0.6461904099801692,2,200
41,0.05034103076502911,0.9314663544297218,2,20
42,0.25172434497585083,1.2776730179786682,2,60,0.04224853604426084,0.9648924042929464,2,127,0.6376661259065982,1.1528607408205669,2,139,0.02049846626402953,0.8688734897545406,2,153,0.6399795439932472,0.40566084965279225,2,172,0.08241719045173374,0.4368338366704328,2,200
43,0.2918893076281971,1.6169674873352051,2,10,0.36746393495461377,0.43305014626633737,2,72,0.015741049252103744,1.5838832429477148,2,86,0.015036348664569236,0.9238505572080612,2,116,0.28387168743418645,0.48721877858042717,2,124
44,0.42426075007028685,1.090442031621933,2,24,0.02056067507737422,1.5992892725127084,2,38,0.2956458820607312,1.18752022087574,2,46,0.5701373957957149,0.4900243774056435,2,96
45,0.31202103519789287,0.338297309478124,2,60,0.05575805952926015,0.9932330534571693,2,81,0.24079482089560514,0.2943721134905462,2,135,1.146757375315933,0.15858688578009605,2,199
46,0.2539765120628688,0.8496272462385672,2,135
47,0.6130528396398316,0.7634877562522888,2,7,0.016750432293888652,1.2331778911443858,2,20
48,0.19816918776781414,0.9791521306307811,2,53
49,0.24033983461216296,1.5334784225984053,2,11,0.022237544983125322,0.8484051074042465,2,77,0.2715744770594981,1.6497950951258342,2,83
50,0.29985003672327915,0.795666457619518,2,128
51,0.24360831741328118,0.802239252762361,2,22
52,0.2985370547421869,0.9822837922860075,2,108
53,0.23505134926228938,1.3725639521321165,2,79,0.6859522936296183,1.2061144245995417,2,88,0.5872328400441529,0.3194027444249705,2,183,0.05031156906973712,0.6657087399679071,2,200
54,0.31379343235336543,0.8321680838411505,2,55,0.41216025642058857,0.4199220131983799,2,168,0.24137232057439134,1.095362259495643,2,199
55,0.28118661486177216,1.3655466798104738,2,76
56,0.22472831257276948,0.5002301675932748,2,7,0.014573016302171985,1.0736920099992018,2,20
57,0.14443358045022675,0.8737439811229706,2,8,0.014342508694693648,1.1055915653705597,2,20
58,0.11995054825293638,1.014609694480896,2,25,0.4306501318282255,0.7639843441545964,2,65,0.029080365657336016,0.8537999176979065,2,90,0.20727058693627345,0.744918345377363,2,119,0.028217518516044045,0.891808791955312,2,134,0.5631020728527837,0.24733783146648697,2,200
59,0.29899161246519784,1.2606697529554367,2,16,0.19707167278130094,0.5043735577195299,2,118
60,0.23035085599580704,1.1802461415949002,2,142,0.043880048486976235,1.30202500636761,2,155,0.8978998981978,1.1489410400390625,2,159,0.6563114315185445,0.7502911265303449,2,200
61,0.2706607434975814,0.36750837167104083,2,12,0.01666991135349036,0.9483797624707222,2,20
62,0.036116663895566364,0.4848659435908,2,6,0.3088191824432655,0.43602315201000735,2,50,0.32153805626147225,0.8579561852491819,2,180
63,0.30360321320612216,1.1300451067777781,2,26,0.2701638986362596,0.5449221484363079,2,106
64,0.2401452144728307,1.2340489625930786,2,6,0.014660537062782674,1.0266511142253876,2,20
65,0.029162496865618916,0.8070707035064697,2,25,0.284798680943682,1.3877891358875094,2,46,0.4110611563474219,0.39576811991907934,2,154,2.0744902735025583,0.4113622009754181,2,200
66,0.23760811285207198,1.0684378765247486,2,27
67,0.3068723590685484,0.7949185531275967,2,96,0.490296323425224,0.3866363586141513,2,200
68,0.22257511296078716,1.0040235582452555,2,104,0.37553982160603216,0.3573828202027541,2,130,0.042018674065872647,0.9317506068461651,2,167,0.42428108577744805,0.3277984807888667,2,200
69,0.2878385187234099,0.5193729464914284,2,102,0.2758394952755515,1.6435109791548357,2,125
70,0.15180851034229698,0.16693284681865148,2,14,0.6041791629839781,0.5513031609632351,2,68,3.0144457959609827,0.3410036930671105,2,81
71,0.264649610440268,0.8615299390779959,2,37
72,0.20960813625745559,0.8478219012419382,2,48
73,0.17975812443322803,1.0523578257396304,2,29
74,0.329786492672581,1.3592357635498047,2,70
75,0.7330530708756611,0.7251721743879647,2,29,0.020292207058687506,0.8927845120429992,2,39,0.23773533172647565,0.5722761739855228,2,154
76,0.18629560076352752,1.1933631896972656,2,24,0.027406804843638544,1.0774281116632314,2,50,0.7891803566756225,1.255868605204991,2,57,0.04797808647420996,1.050481054517958,2,84,0.5783105086000361,0.3640961363140879,2,200
77,0.2955720041124948,0.646212646525777,2,167,0.0531504550688295,0.9521954772265061,2,190
78,0.023248070196726596,1.132548463344574,2,20
79,0.4055148763254578,1.328855769974845,2,7,0.026564239299490644,1.3841393334524972,2,21,0.48678783015710086,0.6493894181081227,2,49,0.33084476267819996,1.5443206554235414,2,92,0.9195302819894714,0.4169291322645934,2,115,0.2482335886406406,1.4187569965918858,2,139,0.35696698250951875,0.7433206350715073,2,166,0.07015037731963847,1.8648957881060513,2,199
80,0.31723230845683514,0.6758716994753251,2,104,0.017392744925244088,0.9136172890663147,2,114,0.47582910241984067,0.4922457287131354,2,200
81,0.21037404037095703,1.0220225587967904,2,62,0.4450035200244784,0.30882259253142536,2,200
82,0.2815071581248467,1.1793519814809164,2,15,0.025080300628602944,1.213598871231079,2,20
83,0.5201765141497778,0.2914912546834638,2,93,0.21686218842504065,1.6813534597555797,2,105,0.6156937136308076,0.21146426428305476,2,143
84,0.3040556455587246,0.9501257198197501,2,21,0.06607253088718706,0.38972409317890805,2,39
85,0.2646727160021257,0.6816781724200529,2,34
86,0.30772399229317965,0.8358602523803711,2,23
87,0.4984118949938653,0.4136002868413925,2,30
88,0.38014810166382723,0.6166919072469076,2,6,0.016751623348021084,1.0264669699328286,2,20
89,0.2704383337323641,1.5056170792806716,2,21
90,0.19506073273194244,1.0126005175672932,2,81
91,0.03304851053168515,0.8593372124082902,2,34,0.7542958434377627,0.1728320114314556,2,54,0.23781797882105601,0.5431488442094359,2,200
92,0.030204319333385413,1.0823951303958892,2,20
93,0.2506286527003272,0.8732637252126422,2,14,0.020828409461246707,1.0789742171764374,2,20
94,0.25446743191368315,0.39151540722536005,2,23
95,0.024560088813976744,1.4072661437094212,2,16,0.27654354781988844,0.6747073630491892,2,28
96,0.25590730998461536,1.191705520451069,2,40
97,0.3170090321791385,0.8646124365429083,2,24
98,0.2409051818937958,1.195715880393982,2,20
99,0.32301059336334415,0.8769229451815287,2,18,0.07676859103276423,0.9028559673217035,2,49
100,0.02085967348123753,1.0893253356218338,2,20
101,0.25242339485231674,0.7537781067040502,2,98
102,0.20738383084319392,1.2974763200396584,2,63,0.2416036711945034,0.8371848499980467,2,179
103,0.12590103474484057,0.6002908532436078,2,26,0.5487856697983741,0.6857803146044413,2,41,0.751299617752545,0.1780006856411353,2,128,0.051662187749754354,0.26400037275420296,2,137,2.346724738196693,0.2013734867648473,2,200
104,0.07370940432408159,1.215519876315676,2,29,0.18246381977000817,0.6573865390486188,2,119,0.046779193862824434,0.5792627310752869,2,144,0.49867787437796374,0.5041566022016384,2,198
105,0.4755543527013136,0.89537880083789,2,23,0.23320094716702644,1.3445208208127455,2,67,0.09955243087149042,1.465089171021073,2,94,0.061840376429447244,0.8698654045229373,2,117,0.42371457793734196,0.6834329709691821,2,170,0.2566879706274337,1.2943076550960542,2,190,0.06729034816197521,1.2011159420013429,2,200
106,0.18427778230849332,0.8511036810278892,2,200
107,0.04627257825031782,1.4718389928340911,2,20
108,0.26102367515101654,0.5629687789009838,2,82,0.020766128800831632,1.1111080646514893,2,94,0.6907841553895142,0.26040762580103344,2,112,0.25516469375239964,0.9231661280447786,2,200
109,0.2920584865606146,0.8721575617790223,2,35,0.028325264047811986,0.6073989313224266,2,64,0.24087163874100964,1.8560970306396485,2,84,0.04235957555664177,0.7167487915824441,2,118,0.5199177166080567,0.8303113466984516,2,155,0.048311593087754366,0.5175298988819123,2,165,0.3922600888468258,0.7034266056685612,2,194,0.049688699598257384,1.1152705550193787,2,200
110,0.07101130254399814,1.197435696919759,2,18,0.3772892780203719,1.071345258842815,2,29,0.4868008597156806,0.3816087028464755,2,66,0.2299003118309282,1.1111772590213351,2,93
111,0.27167796195578187,0.8354948829202091,2,68
112,0.028388053536615065,1.1960337519645692,2,20,0.21920148638507822,0.7569660504659017,2,35
113,0.25489521702301626,0.7473086819576857,2,199
114,0.5487858486956166,0.18397216973961264,2,138,0.3027180308746382,0.9178375772765426,2,199
115,0.26866113180359574,1.01707306311411,2,85,0.41399931929464556,0.4937276207882425,2,200
116,0.34045291251554904,0.8266988913218181,2,75,0.43015262920413827,0.2533606790304184,2,200
117,0.03660590511621671,1.0370546532055689,2,63,0.23571802338441483,0.883203547341483,2,98,0.37829355477741305,0.41751397970844717,2,200
118,0.2471043842460606,1.1872616052627563,2,15,0.21948609813086412,0.5439879190590646,2,51
119,0.2892651019155079,0.8975845680517309,2,51
120,0.2654207104914259,1.2874639398521848,2,36,0.22939072278404052,0.3863890767097473,2,42,1.0579187639736674,0.16464085678259532,2,57,0.02751760282560301,0.824271485209465,2,69,0.7931230755489255,0.1452066755065551,2,173,0.15339405682881566,1.6981675744056701,2,183,0.649818237334517,0.3674889855525073,2,200
121,0.25335921465010536,1.1179311403206416,2,28
122,0.2791501705337422,0.21767484015080987,2,41
123,0.2738469244770505,0.8849655654695299,2,18,0.03050609662649739,0.9939306676387787,2,50,0.7204086387402175,0.4607065148810123,2,97,0.05623546463406383,0.5106465607881546,2,107,0.31373909512689446,0.8106500998787258,2,130,0.31900583929836146,0.2761218526533672,2,137,0.9137056578147106,0.20083308412182715,2,199
124,0.28333465766512933,0.651363251374123,2,94,0.3420096997815032,0.3824429525227486,2,173,1.0153969067572461,0.1903312537405226,2,200
125,0.0438986877273052,0.25435662931866115,2,9,0.310558137231028,0.6319858151323655,2,26,0.03319249991141494,0.8548968984530523,2,39,0.4281429015413908,0.4902629878209985,2,62,0.07576725132115783,0.5871729839731146,2,89,0.4538957335198785,0.4879611108614051,2,181,0.06291076830609735,0.6211369434992472,2,199
126,0.2967287329129202,1.0668711960315704,2,48,0.29855280632349745,0.5093801787187313,2,106,0.29110447410308377,1.456939435005188,2,116,0.48024562310761454,0.49477583914995193,2,144
127,0.2929651010562012,0.6144637614488602,2,4,0.014466763625265442,1.1018958948552608,2,20
128,0.019465292707414653,1.1453142881393432,2,20
129,0.27236151746163867,0.5951115471645466,2,103,0.022691915362707732,1.2756110603159123,2,158,0.23980605714950054,0.8706969051134019,2,200
130,0.3029862534755855,0.7013448791371452,2,36
131,0.24077886040029864,0.9606061196327209,2,50,0.49456986630327104,0.3739676415920258,2,200
132,0.3351353888095558,1.3311598896980286,2,24
133,0.2116820800792869,1.365859087308248,2,15,0.016961563786385747,1.3081900119781493,2,20
134,0.26219693017094164,0.729399460554123,2,30,0.6180602197582803,0.1683351446811418,2,163,0.05688188422737157,0.34399080500006673,2,183,0.978296518781504,0.19421136130889258,2,195,0.06994332589366588,0.9364169120788575,2,200
135,0.2483296925012334,0.7381906794465106,2,23
136,0.2717669131176491,0.6801282465457916,2,12,0.018986954821795632,1.0389535278081894,2,20
137,0.3758335038711976,1.5736059546470642,2,6,0.7679943098761534,0.0732097379744999,2,69,0.30656389173087273,0.947059154510498,2,99
138,0.21604335152067738,0.8750611877441407,2,25,0.017310300286887223,0.5259598841269811,2,43,0.22581087061402602,0.9822283930638257,2,77
139,0.3180550125580185,1.271008272965749,2,30
140,0.2581897342444958,1.0788080925526826,2,46,0.03843592177844996,1.1173949071339198,2,53
141,0.2582192118571864,1.0438307294478784,2,52
142,0.04616900267610846,1.007988354255413,2,29,0.5072825682004857,0.6971929235302884,2,75
143,0.32580067943060387,0.9768932093592251,2,34,0.6716980146037621,0.25473786009983584,2,78,0.21309989284753306,0.9718094926614028,2,104
144,0.30567401506960507,0.5392685423615158,2,93
145,0.021715682730771013,1.2089733093976975,2,20
146,0.19330293717456157,0.7876248061656952,2,24
147,0.313543356136126,0.5891839038758051,2,42
148,0.34871427735040866,0.4722167491912842,2,15,0.017713086125127706,0.9528815746307373,2,20
149,0.3676508588248579,0.3522011188287584,2,63,0.3071347134270937,1.048434168100357,2,83,0.05617477417938472,1.1156871073386248,2,100,0.5862110669642225,0.4344334304332733,2,116,0.029560775406402274,1.030319613629374,2,174,0.48685366984341166,0.2617578305877172,2,200
150,0.025679370672326333,1.1863490462303161,2,20
151,0.42368391812678147,0.3101898630460103,2,24,0.015620836802420006,1.5250574827194214,2,34,0.3716936029593654,0.38586511669388734,2,200
152,0.3074033768480517,0.9090673115945631,2,31
153,0.20601040494415682,0.42925480504830676,2,6,0.013592581033427807,0.9232377197061267,2,20
154,0.24403111558629506,1.5211108097663293,2,39
155,0.4500145033898728,0.8742199284689767,2,14,0.030120342848355366,0.4750790274143219,2,39,0.2410910806495069,1.5943234548336123,2,80,0.46287028043786116,0.7582638719502617,2,97
156,0.27559581712198217,1.138246983030568,2,115,0.05358989977869378,1.1225276177837735,2,157,0.38089938356825787,0.255239934422249,2,200
157,0.32487052161971425,0.2696470935878001,2,38
158,0.34647858759683714,0.9619637280702591,2,42,0.03809259793660726,1.0385632255802983,2,65,0.309869145629892,0.9454260934540566,2,159,0.026443366782492435,0.674504634810657,2,200
159,0.14522399231986916,0.5930938309147245,2,21
160,0.2834853943625437,1.2595287263393402,2,40,0.02336899578758262,0.38342974707484245,2,56,0.46141154507199883,0.6795822892338037,2,96,0.087337849117059,0.9309302438050508,2,128,0.8113914203155497,0.2439202293753624,2,158,0.09207860362913693,0.4723626477153678,2,177,1.4589861296081303,0.22891719833664273,2,200
161,0.28060751340539974,1.097355153825548,2,63
162,0.2640482681602944,0.8904473841190338,2,20
163,0.3426439582123347,0.6897538159322995,2,186
164,0.033293581558598455,0.9452559120125241,2,18,0.3372752285812327,0.5832803299029669,2,36,1.4713942813649799,0.0905794155868617,2,58,0.023698500813701763,0.946961111313588,2,95,0.0955952476147753,0.8098756444865259,2,124
165,0.2687650176623323,0.5609042163078601,2,26,0.24013877692059488,1.1913528991372961,2,102
166,0.25492856475690645,0.9390086581309637,2,84,0.693797286791693,0.3983580954372883,2,116,0.03798695720425205,0.7214073489109675,2,128,0.7754776958651235,0.17049343506215323,2,199
167,0.2737548622062568,0.8558543999240084,2,53
168,0.2674973488572633,0.9937519878149033,2,96,0.01730063778137917,0.7270865589380264,2,100,0.01710115610422018,0.5486171642939249,2,109,0.2531062021481912,0.27599982420603436,2,121,0.0310056792393457,0.769349197546641,2,130,0.536242024922674,0.20672585242900296,2,199
169,0.016231452526349718,1.1053139507770537,2,20
170,0.01893020390852845,1.2046373575925826,2,20
171,0.016404407472537456,1.1968240022659302,2,20
172,0.013778801954103675,0.9895530670881272,2,20
173,0.30922323174428856,1.3831491956585331,2,76
174,0.2833074591803078,1.1130828582323515,2,13,0.01997603386019975,1.1095794779913766,2,20
