0,0.32002606534382133,0.9910812225452689,2,86
1,0.18704041515437966,0.6304663858479924,2,36
2,0.26258312758115265,0.699704271039845,2,81,0.610859387267863,0.5774284123346723,2,139,0.09679683415595146,0.7007373741694859,2,146,0.1293184123969533,0.9969809591770172,2,166,0.02283587559255721,1.227872426311175,2,190,0.21757199195239563,0.9076187014579773,2,198
3,0.3112116598944842,1.1484262287616729,2,20
4,0.48614768982628453,0.835772865348392,2,36
5,0.9181849680577745,0.1869168933480978,2,112,0.02244140682648802,0.6897360533475876,2,116,0.7541945992221951,0.24016572645416967,2,170,0.1749689474209963,1.0478821047421158,2,199
6,0.4389027103012759,1.252059319923664,2,29,0.7410786294590391,0.30042296560371623,2,165,0.046033785756687894,1.1395787861612108,2,174,1.3202894113114763,0.10103284567594528,2,200
7,0.22864529867143485,1.1625981430212657,2,12,0.018163116379268963,1.1242165267467499,2,20
8,0.24337754035335624,1.049625683747805,2,65
9,0.5574976482398716,0.5894542519123324,2,62,0.17985126551367636,1.0427278159844755,2,161
10,0.7326034918496831,0.4582609264623551,2,21,0.035887852527899264,0.9144391989707947,2,71,0.332280832088523,0.6953200168849886,2,200
11,0.9431130413642489,0.11121713282430873,2,170,0.1591092907185661,1.4215774752876975,2,181,1.1287327131925524,0.177101164271957,2,200
12,0.042734095009543054,0.4463358024756114,2,9,0.4397075700663396,0.5535983164886852,2,100
13,0.5391757362356224,0.4433808183918397,2,24,0.018871065125687574,0.9202900052070617,2,29,0.24136552532852534,0.7549274948082472,2,67
14,0.07177087608800334,0.7530963887873384,2,97
15,0.35420051575942924,0.9422917408602578,2,14,0.017004857563018373,1.3126160502433777,2,20
16,0.28776045071592704,1.2215111255645752,2,8,0.016834601698564846,1.245729664961497,2,20
17,0.2352558347744668,1.198198032705751,2,73,0.7402146562764227,0.2169155350585622,2,200
18,0.49294673725942795,0.2178912547727426,2,12,0.3105629957441304,1.694498856862386,2,21
19,0.36660552147429387,1.1497884450420257,2,31,0.7505674904466919,0.25561869327436415,2,88,0.23137026935561406,1.23242214428527,2,200
20,0.27260076273237477,0.5397340197388719,2,41,0.02988589695692919,0.9227987744591453,2,74,0.8919422143539901,0.14629985485225916,2,138,0.028773419655782978,0.9994412660598755,2,143,0.42039072234112707,0.9645473941376335,2,181
21,0.6426002617117376,0.4418087303638458,2,10,0.03396878284536552,0.8756716549396515,2,40,0.3490568351163088,0.31230064991999557,2,148,1.2700457722280971,0.10932398874026078,2,200
22,0.5522149023846719,0.644872635602951,2,14,0.07008199913946407,0.9021605901096178,2,60,0.23928695309979323,1.024021842804822,2,170,0.7764175499333386,0.5292751491069794,2,200
23,0.21977797256233209,0.8136115769545237,2,6,0.013062590538974753,1.0091934246676308,2,20
24,0.5432996917255196,1.0107920467853546,2,8,0.015207000921739848,1.000177651643753,2,20
25,0.21438003298986086,1.5091420673742526,2,41
26,0.18449094975054522,0.4179778737681253,2,7,0.014206481066874317,1.0241433932231023,2,20
27,0.1602884593952673,0.6264081597328186,2,11,0.015245720268770486,1.1783155070410833,2,20
28,0.1862469816121784,1.250103575842721,2,7,0.014480481310365313,1.0886136843607976,2,20
29,0.22283904624344264,1.3861755770306254,2,86,0.27646370326618636,0.5442373227131995,2,200
30,0.039954673844454655,1.069287555558341,2,7,0.9542411585966218,0.11865221729709043,2,79,0.2787479095696892,1.1677650809288025,2,87,0.033681686979935004,1.141610184136559,2,121,0.8335199386113537,0.13126598468309716,2,200
31,0.23202260748881073,1.3239385455846786,2,40
32,0.19732197019209607,1.6313059131304424,2,6,0.013651437029313368,1.1740736280168806,2,20
33,0.40081698944979505,1.3402790129184723,2,16,0.02440300305339953,0.9925226867198944,2,20
34,0.2472646087243345,0.8702826061669517,2,68
35,0.3600975523879618,0.27908343271068903,2,23,0.04229666025648625,0.5047304232915243,2,29,0.7892273407320377,0.14807915034001334,2,86
36,0.40027907212391933,0.9223326570712603,2,52
37,0.09001212869086174,0.4457547105848789,2,20
38,0.6056158817564713,0.9465271234512329,2,4,0.015029848560199429,0.9952541962265968,2,20
39,0.2575106528359361,1.4461564540863037,2,5,0.01597256703972549,1.2043898026148478,2,20
40,0.32321314147301633,1.2877735053339312,2,31
41,0.02596737026833453,0.47205117031147603,2,19,0.6149336947031575,0.49527639812893337,2,46,0.023289855373703396,1.2341078008924211,2,53,0.5388350899187307,0.3424881419714759,2,138,0.2178688437189014,0.7330604745791509,2,151,0.017290560109084297,1.0427902596337455,2,158,0.29592780108681715,0.8724500884612402,2,182
42,0.30203605724738725,0.8232818998788533,2,19,0.6818509422819421,0.173313457518816,2,43,1.2196978125463327,0.11347094273111623,2,200
43,0.3507976358381425,0.8692880524529352,2,45,0.03305394124978788,1.0107221226943166,2,64,0.4552901546309771,0.9325443853934606,2,76
44,0.11075982268129698,1.1874038055539131,2,16,0.7962325763526542,0.19722434043884277,2,91,0.056868290900468306,0.42049434036016464,2,99,0.6447739968445715,0.2223934054374695,2,159,0.39168851324770854,1.2945394981198195,2,200
45,0.2887413233611073,1.466884293207308,2,41,0.029746462459225163,0.9263527041826493,2,80,0.26296454580143497,1.577490657567978,2,92
46,0.30850263937504724,0.5729230074655443,2,21,0.3660902159972705,1.2193942614223645,2,44,0.8995583787732092,0.9515241214207241,2,51,1.076405281338124,0.11686865665368586,2,200
47,0.061377889396570094,1.2257468104362488,2,20
48,0.27681034789812586,0.8714536997809339,2,67
49,0.31864113842426817,0.8218443732837151,2,58,0.4694294325202046,0.28517588606247535,2,123,0.2579395249915853,1.284629397473093,2,182,0.0328306312978134,0.7481556170516543,2,200
50,0.42585853090422315,0.2396232294184821,2,56,1.1929278391314293,0.13068625134312445,2,200
51,0.27968454782922586,1.0384635090827943,2,20
52,0.37279459479946897,1.0930040031671524,2,8,0.7118595015822927,0.24850216104338566,2,152,0.23176261258057104,1.5789457142353058,2,172
53,0.3254979585615716,0.5504458569563352,2,13,0.061552621124087575,1.0000143817492895,2,41,0.028136437174401938,0.47942218003850995,2,74,0.6646018610770847,0.34789522429780356,2,200
54,0.2464422393083674,0.605797372081063,2,66
55,0.18006300548465215,0.99204662755916,2,76,0.5183402840006004,0.4117648072283843,2,192
56,0.25057220501368893,0.7461401840736126,2,29
57,0.41752547277569246,0.6231760057536039,2,22,0.03269099720873276,1.0550661981105804,2,30,0.7731490101180536,1.0377406917120282,2,49,0.49724313675508947,0.2537700843907172,2,111,0.04337041413096852,0.3728381299546787,2,125,0.9467586413464585,0.14543634990851084,2,200
58,0.25831740933897307,1.5316442445267078,2,43
59,0.23909153741005532,0.9680503888345843,2,199
60,0.2580506288334341,0.702064589659373,2,15,0.01927500706509528,0.8856332252422968,2,51,0.29164507857183397,0.6770811731165106,2,73
61,0.595414996331637,0.5072901778750949,2,45,0.24093282824963655,0.654111770066348,2,122,0.04053883152428181,0.8540882438909813,2,183,0.31220376465586264,0.37019181847572324,2,193
62,0.26028803073781903,0.7784522511065006,2,32
63,0.520056782478074,0.9819813132286072,2,20,0.02086027641269314,1.5696538130442301,2,35,0.38496949850996376,0.8893499066089762,2,64
64,0.2530566530526271,0.9711587965488434,2,20
65,0.2736641359380969,0.5389919430017471,2,12,0.01914971513214017,0.4659688908320207,2,25,0.35178960737477594,0.5951009663668546,2,36,0.2807776285060959,1.1228324642368392,2,138
66,0.5531038625438783,0.16500356530441956,2,68,0.022124818801941705,0.45874103903770447,2,73,0.9311128596889666,0.18013699071144496,2,200
67,0.2352121758370582,0.8244845188490235,2,101
68,0.2742890920272551,1.075589134775359,2,29,1.1803165701825293,0.30466197218213764,2,43,0.24812943774965948,1.1361074793723323,2,136
69,0.18339006264466146,1.1452942689259846,2,6,0.013149510581148684,1.1048259905406408,2,20
70,0.2336390763556748,1.041736654333166,2,37
71,0.2192155991745236,1.1703314169033154,2,37
72,0.2670079328022331,0.9617787897586823,2,18,0.2854143094188926,1.5799669104737122,2,95,0.021410429641487125,1.238722259348089,2,106,0.42223179512501113,0.8976247906684875,2,121,0.047767744999703626,0.8509084427798236,2,148,0.8859646673844579,0.32422006295786965,2,157,0.05022588871677061,1.3803592026233673,2,165,0.7970194901052695,0.4301538305623191,2,200
73,0.8055683679748222,0.2367674421519041,2,200
74,0.04036639902956744,1.433320012959567,2,11,0.6076221203537853,0.47934839659267003,2,56
75,0.37456242322063,0.8133570758196024,2,26
76,0.3601915108850687,0.9261082638986409,2,64,0.6162115204644367,0.2574248290781317,2,122,0.3430736860796632,0.6800653298695882,2,137,0.02542109499488806,1.1136736837593284,2,174,0.5080950463164513,0.4270112473856319,2,185,0.0717944287586769,1.279887286822001,2,200
77,0.2732223373567244,0.4491741575978019,2,11,0.1959937325385668,1.4289202052971413,2,69
78,0.331148759398659,1.0671359697977703,2,6,0.016901886381143663,1.0864604541233607,2,20
79,0.2562398677128581,0.608556425049901,2,200
80,0.12826469875258373,0.5370601312867527,2,29
81,0.3197972895249521,0.9939353222578344,2,71,0.5951705940108698,0.3043500514406907,2,90
82,0.3340996362390021,0.862981132839037,2,23,0.018951809146242938,1.0713003873825073,2,29,0.3817806122948076,0.9660745187922641,2,140,0.06514214710620425,0.3428781891862551,2,170,0.7431075376526745,0.40136053785681725,2,186,0.04948313316068286,0.8836428948811123,2,200
83,0.807015555209302,0.2319611832499504,2,6,0.05545318446222517,0.4470069727727345,2,20,0.6961876102516453,0.22869048168261846,2,200
84,0.024659069143929537,0.9236329853534698,2,20
85,0.2613133240958415,1.078849345865384,2,71,0.02091457332065078,1.22084547996521,2,96,0.292473135820328,1.0419401861216924,2,169,0.0352967817778676,0.9297154918313026,2,177,0.8100196171541799,0.09003553312757741,2,200
86,0.3458023238717866,0.7262759278066285,2,131
87,0.43354449674614365,0.9903995333046749,2,29,0.5444703809674356,0.2537036838082524,2,106,0.23958293724368854,0.7895594239234924,2,135,0.0210937516996069,1.1895116214398984,2,162,0.731366847028975,0.1447979205598434,2,186,0.25360784000091385,1.4388125879423959,2,200
88,0.23340694899572356,1.7544095175606864,2,7,1.0284513107381206,0.1284339496244987,2,31,0.28165545925119473,1.1736474150213703,2,147,0.020419731344677925,0.8407412005795373,2,165,0.7549045076207207,0.1291127119745527,2,200
89,0.024712590390261968,1.2403699338436127,2,20
90,0.09381667137311649,0.25230971656062384,2,11,0.5315743194044751,1.2397276092978085,2,28
91,0.27955120373982595,0.6386923085559498,2,22
92,0.31668015439989,1.1490059750420707,2,21,0.048284332948513885,1.0506972945653474,2,34,0.4284456963815436,0.9299006717545646,2,48,0.7288353680658828,0.19812072460588656,2,200
93,0.4895135331492819,0.6759801669554277,2,11,0.017719674356467385,1.0864757696787517,2,20
94,0.22384806808418123,1.0438171199389867,2,126,0.29167416128285545,0.48137828888315143,2,192,0.02470641012858721,1.067374280520848,2,199
95,0.2827496459536046,0.491116472085317,2,45,0.27382231472957214,0.8383308126080421,2,200
96,0.01664148667182465,1.3483026146888732,2,20
97,0.13277006033459823,0.9592463612556458,2,20
98,0.23296177590570852,1.2455617870603288,2,7,0.013893206346692081,1.3478528352884145,2,20
99,0.3726357752790762,0.8370120078325272,2,24,0.4948351210830061,0.3539098834618926,2,104,1.2933784823269465,0.11651754224052031,2,200
100,0.16545440023146507,0.9804668997375059,2,71
101,0.2958742584308008,0.961350349187851,2,100
102,0.0267507762088584,0.5395766297976176,2,9,0.26408221503711915,0.5556537310282389,2,39,0.1592008216608624,1.296733299891154,2,45,0.015729699332253152,1.353102058172226,2,57
103,0.2114570409131763,1.4925281286239624,2,15,0.01928748928080092,1.3523504734039307,2,20
104,0.018109515951572248,1.1721684068441391,2,20
105,0.2602982649343132,1.1286789980427971,2,29,0.017629363890521575,1.0602905882729425,2,38,0.3527552880157701,1.240695868219648,2,59
106,0.2712522112983074,0.70865777598487,2,90
107,0.27114249109311067,1.6318606813748677,2,30
108,0.2769389931295424,1.0522480394159044,2,28
109,0.2942374541833879,1.011168990094783,2,59,0.6843916541559782,0.23168846526566675,2,76,0.02126803729346949,0.6245319008827209,2,81,0.6732838518161152,0.20145131738818423,2,130,0.5940613324593566,1.080251314810344,2,158,3.577253659512027,0.11503983016421156,2,199
110,0.2308387635226258,0.9137211552262307,2,200
111,0.023323983431495762,1.0598080992698669,2,20
112,0.16852020674582843,0.9517419934272766,2,25,0.8416161905528683,0.20161452495826865,2,78,0.130881636878496,0.3777500440677007,2,93,0.8083671831049613,0.13067072823091788,2,147,0.265540475903935,0.684937858581543,2,182
113,0.33044707619322555,0.9705971240997314,2,25,0.02319986549561506,1.141244176775217,2,41,0.35885080977988887,0.7914844155311584,2,55
114,0.19578862281886075,0.944741710610346,2,109,0.025412301270179433,1.179205173254013,2,149,0.2455494398367032,0.9186822212472254,2,198
115,0.34785600984259857,0.9607409342475559,2,46
116,0.32671028164486454,0.6680100891325209,2,27
117,0.6602780941792042,0.19992018193006517,2,100,0.03743918438710194,0.4121463745832443,2,104,1.1112955334299972,0.11992540676146746,2,200
118,0.6158549729814549,0.2702252373099327,2,200
119,0.4219748318876323,0.9068828503290812,2,30,0.03588864565973894,0.5867229586555844,2,51
120,0.31995645638375486,0.9030922531035909,2,114
121,0.37661456921758407,0.9214901558377526,2,44,0.0172633905655616,1.350782863299052,2,59,0.36148817179669884,1.1746016307310625,2,70,0.027305219989295478,0.9599208921194077,2,90,0.5504462872510015,0.7422110825777054,2,100,1.0196691023306654,0.14305628075244578,2,147,0.3471307027942747,0.32869863172747055,2,200
122,0.42327309738404123,0.9479926159215528,2,43
123,0.40796964901353927,0.9159365876515706,2,75,0.030592137240689574,0.97778802058276,2,92,0.25536187466078014,0.8115978292056493,2,127,0.021353465798531136,0.9220389808927264,2,155,0.4016993247585543,1.059291580861265,2,199
124,0.32845237566826646,0.6112924337387085,2,30,0.044448885272315934,0.6962412866679105,2,52,0.7202582777826777,0.19418554520234466,2,116,0.16792848022967918,0.4142256913513973,2,145,0.6570775332632972,0.1404596204107458,2,200
125,0.24260423973176007,1.1493382743887,2,37,0.41636726633807497,0.6578833961061069,2,107,0.043946023239824904,0.9092085375027223,2,151,0.277696874731381,0.8555316695800195,2,164,0.7368873116770042,0.2620117374592357,2,200
126,0.23688985766283188,0.32942098886408705,2,47
127,0.2577677335706386,1.3986079604537398,2,27,0.5898043744061235,0.49902524416511124,2,64
128,0.1718139690756712,0.20386776384776054,2,184
129,0.23438808121916554,0.6698168489066038,2,44,0.020494455095415608,0.7967274050379909,2,87,0.37742587980273123,0.3741418951574494,2,155,1.1916675363822045,0.135707355539004,2,200
130,0.2303223272042332,0.7040096217393875,2,50,0.0528550064151189,0.6020635689298311,2,74,0.33574790275433425,0.823561454520506,2,142,0.5743081842139814,0.27032931585764064,2,200
131,0.7043304066376115,0.22916109589994818,2,138,0.03765374519445644,0.7270317316055298,2,168,0.6440014823575004,0.2797402048110962,2,193,0.02251956474333484,0.8444904003824506,2,200
132,0.43300581502561053,0.7453642907191296,2,98,0.611887765018934,0.46959756761789323,2,118,0.026715541309467412,0.2882164865732193,2,136,0.7949684417120779,0.34831865032513937,2,166,0.020152706910449007,0.7649477571249008,2,170,0.9272238927450651,0.4198495626449585,2,200
133,0.2634333300296056,1.2599037066102028,2,40
134,0.262053034885394,1.2327568084001541,2,8,0.01702677893227443,1.1956131358941395,2,20
135,0.11972505130260505,0.8411165773868561,2,6,0.8944355386455326,0.16268608984590946,2,93,0.14293498434386426,1.6227876268900359,2,119,0.24393417231036638,0.9350816886636275,2,198
136,0.2356824656158856,0.8764601047222431,2,65,0.9621078687513281,0.27154733799397945,2,81,0.058278214964438184,0.614900079038408,2,99,0.7987875391251805,0.21301051690464928,2,120,0.07255435269733715,0.5324916216460142,2,142,0.9402746180699127,0.12943932491129842,2,200
137,0.574012875110111,1.0432634682490909,2,58,1.36354470273404,0.11302331675376211,2,86,0.034944353656440816,0.471962608397007,2,90,1.7718716385814626,0.0727654107307133,2,109,0.05085348992542322,0.3481861464679241,2,113,1.3843151665913482,0.05911606413194503,2,200
138,0.2561514103842034,0.9709040960487054,2,98,0.45611879279898415,0.43679922819137573,2,123,1.1966947416131726,0.06507782154269033,2,200
139,0.4124767315189088,0.7300388898168292,2,14,0.02187735669729955,1.0659928719202678,2,20
140,0.28517197696032737,0.5523071789741516,2,75,0.8176130270900196,0.2881686197173211,2,106,0.02117294144036762,0.6849578410387039,2,126,0.3080345028226208,0.6641543340193082,2,199
141,0.1544503082521354,0.860000887642736,2,46,0.21319738040283479,1.4662031354130924,2,83,0.4152213855399517,0.7503774166107178,2,114,0.04231646876914416,0.842550758962278,2,168,0.20523837775600196,1.439350239932537,2,200
142,0.42293404006541835,0.2339877225458622,2,52
143,0.02144284150566066,1.250986796617508,2,20
144,0.27481628984425416,1.7724176467354618,2,67,0.34528882890539014,0.728206870101747,2,130
145,0.07863944697843654,1.3741338133811951,2,20
146,0.2710928883704045,1.0634167989095051,2,9,0.02177799701270135,1.1957926154136658,2,27,0.167312811292409,1.18546115198443,2,58
147,0.35196370556138096,1.2061918824911118,2,8,0.016648072622587835,1.2060861786206563,2,20
148,0.025067167159308883,0.798481716921455,2,38,0.8174930354640599,0.22614200231505605,2,79
149,0.3058349424578092,1.2046406110127768,2,15,0.020939264478120993,0.7249448498090109,2,24,0.8269357157241708,0.8140513896942139,2,28
150,0.1998718336182704,1.2332419455051422,2,4,0.01304605219332808,1.2288287952542305,2,20
151,0.5205809331001091,0.3376972909271717,2,200
152,0.7567623393703004,0.3243368205028711,2,97,0.08401288730679078,0.9973423381646475,2,103
153,0.3059513682893591,1.0849904100100198,2,30
154,0.2453289477185597,1.272829902799506,2,38
155,0.26901410561205424,1.3145340085029602,2,36
156,0.21111092002589127,0.9940833510184774,2,49
157,0.7380506934948918,0.31680503805478416,2,75,0.2532469814046979,0.9986160678863525,2,200
158,0.2394996811976913,0.6737964138752077,2,41,0.27492839705338035,1.605377769470215,2,61,0.8930308854779275,0.19164507211865606,2,98,0.08898306078571738,0.3787589061718721,2,111,0.7239908865651973,0.22432761944153093,2,199
159,0.43001340199007676,0.15188444927334785,2,40,0.04415318186569158,0.6845497952567207,2,49,0.6819957222420067,0.11611352992408416,2,83,0.0349952232586265,0.45408791303634644,2,96,0.9594556166685709,0.08555939220465146,2,200
160,0.31268808131355513,0.7333980637292067,2,48
161,0.3251439774389055,0.9856907779520209,2,11,0.018862257881498826,1.1217934025658503,2,20
162,0.23637181346459707,1.0202347653499548,2,138,0.5608766488177377,0.2700477419421077,2,154,0.20579193041174493,0.9257179731908052,2,200
163,0.11420053931718092,0.14409330148588528,2,22,0.710211179944436,0.10848227648411767,2,81,0.04867895318484935,0.656369989568537,2,114,0.35095479228458504,0.14608324450605056,2,131,0.2638166751719341,1.5012541792609475,2,142,0.6887665435484494,0.24102516969045004,2,166,0.28728361448561357,1.5921710362801185,2,179
164,0.07360601480584521,1.245589877328565,2,31,1.027114928308663,0.16850026079586575,2,66,0.28467093528185455,1.3074244128333197,2,138
165,0.25809095042575453,0.931300451270247,2,113,0.06640785838961044,0.8833630789409984,2,135,1.405279410578133,0.12179401805323939,2,166,0.021505007883332993,0.41305611431598666,2,171,1.742495324617007,0.14003434982793084,2,200
166,0.39470178189548744,0.9421182440386878,2,18,0.061526459387732206,0.38318659613529843,2,30,0.856268716290576,0.10786951018067506,2,82,0.032853876851661766,1.6635559797286987,2,91,0.3089347840618649,0.3725655101239681,2,111
167,0.5638185219282305,0.4937833249568939,2,22
168,0.37297131806108397,0.9268196548024813,2,24
169,1.0463717487414566,0.35563200366284164,2,56,0.22332409098256475,1.1748150885105133,2,104
170,0.2572962206043323,0.9373480220893761,2,77,0.042378327668758806,0.7331578129971469,2,131,0.4092376479767856,0.8275990382484768,2,177
171,0.2664319012971332,1.0369435425026943,2,118
172,0.6756955327439494,0.8604783140696012,2,13,0.02024027903178384,1.0754437276295252,2,20
173,0.047706157137353954,0.9268480794770377,2,14,0.8434494429426039,1.1316391121257434,2,25,0.061647996557757274,0.6796581894159317,2,61,0.314599874043313,1.5580812050746038,2,74,0.7783559051180444,0.19924117360159616,2,181,0.07599676179234552,0.4274846597721702,2,200
174,0.711203377256353,0.2631715790313833,2,119,0.04946239123096438,1.1887885386293584,2,130,0.9195724787231176,0.1708695963025093,2,150,0.06354399550784956,1.2934786677360535,2,162,0.39808213586392005,0.759403805983694,2,200
175,0.14300975509491357,1.008307933807373,2,21
176,0.20942813914348618,0.8293224993299265,2,61
177,0.2893962985852977,0.7982677036275466,2,120
178,0.4536996258142859,0.7845406604337168,2,91,0.034365290108352944,1.5628112724849157,2,105,0.6176702015399442,0.2641032536048442,2,169
179,0.30260241892735834,0.9924093817101151,2,61
180,0.2617228366254349,1.268731951713562,2,25,0.04186612292779858,0.9354287286599478,2,49,0.2101068185970992,1.044047510623932,2,89
181,0.12135206084433348,0.9918951511383056,2,30
182,0.8078450272013652,0.15282835563023886,2,36,0.23520431669717032,0.4589836841974503,2,75,0.24586639730041748,1.1364085876024685,2,140,0.021939726985170084,0.7986177961031596,2,155,0.7551124896886513,0.25943270723025,2,200
183,0.27571299942342603,0.7521005064457447,2,143,0.10276328007538166,0.7029346006038861,2,182
184,0.22266413895346304,0.9751987457275391,2,5,0.014652861983273787,1.1111241499582927,2,20
185,0.7697787505480354,0.1740563966272291,2,121,0.39979905646197356,0.9590158065160116,2,145,1.0709496480302085,0.236728040377299,2,160,0.2677581408528092,1.5876143991947174,2,180
186,0.27769721910631634,0.5312600519189883,2,199
187,0.3511109377430196,1.2027308940887451,2,23
188,0.017745022127606487,1.1715684711933136,2,20
189,0.3767617797131819,0.6119054082943045,2,138,0.15796152081200157,1.2663063452794001,2,151,0.8824074245457334,0.3020197273568904,2,198
190,0.018968431376568888,1.1923464000225068,2,20
191,0.016341760257001778,1.183224681019783,2,20
192,0.013001386858992107,0.8994093984365463,2,20
193,0.018883591324737638,1.196509701013565,2,20
194,0.019045505171110783,1.2209346294403076,2,20
195,0.26311032634843473,1.4686220950550504,2,54
