0,0.016280865394948905,1.1607977360486985,2,20
1,0.17655467428952193,1.2344768345355988,2,20,0.02245464416809565,1.2436381464912778,2,41,0.15462840234948896,0.8788523015223051,2,60,0.5559273078462333,0.4700979991834991,2,109,0.2482712743896342,1.4248610138893127,2,161
2,0.331390313092569,0.8156404991944631,2,12,0.018378792565405068,1.159453883767128,2,20
3,0.3008905066867487,0.9383715927600861,2,10,0.9762968352587325,0.20219471170143646,2,32,2.435068813018111,1.8845361061394215,3,64,1.1730555929691002,0.39974031871870946,2,83,1.9015187840963497,1.6118918115442449,2,94,3.7581420800920045,1.855540926392014,2,131,1.56029518449962,0.8650742010636763,2,142,4.706467049882767,1.8515219729522179,2,200
4,0.2395290884944076,1.0299255975655146,2,28
5,0.758107097128914,0.6389816800753275,2,6,0.016617756653899515,1.0392688597951616,2,20
6,0.44405327943524814,0.24425328494264528,2,52,1.2580563934331304,0.06798122037906905,2,200
7,0.030680734275730513,0.7869764912512994,2,31,0.18141664342759048,0.751154453754425,2,56
8,0.20867575388120838,1.0446556021819762,2,199
9,0.2537341025446301,0.8069124676413455,2,59,0.34126256938417737,0.21648304690332973,2,76,1.3843224083416468,0.1831866316497326,2,88,1.8401526168906326,0.8114045432635716,2,95,0.21717193976822255,1.2348320086797078,2,125,0.32980226683382957,0.09115445613861084,2,130,1.1248515658955884,0.18540392071008682,2,162,0.16997575860418024,1.2831842522872121,2,200
10,0.24793106667546316,0.8836778527214414,2,105
11,0.24149551319507442,1.0326828143813394,2,44
12,0.47347581112957365,0.6374481432139874,2,16,0.018193545809646508,1.1367862224578857,2,20
13,0.19308168897783784,0.9132530335336924,2,32
14,0.2802501424437299,0.5563450589543208,2,128,0.050345296934397175,0.7776826014121373,2,158,0.8682329109689583,0.1851238895739828,2,200
15,0.19949806505337192,1.0325812548398972,2,28
16,0.03685103121011803,1.0717039359243292,2,38,0.6402978700297387,0.07142226000626882,2,98,0.2366726741467929,1.057153190437116,2,136
17,0.35704792192502227,0.5881338592233329,2,29,0.06763109869267683,0.8507665142868505,2,62,1.0300288540782676,0.49006939232349395,2,72
18,0.11895367168181557,1.3349966883659363,2,10,0.01503240862179379,1.1461083889007568,2,20
19,0.21254162154201195,1.4313914875189464,2,24,1.1026336145444686,0.29252524226903914,2,54,0.12119624925157343,0.6254807114601135,2,78
20,0.19244263607660114,1.6426759524778887,2,11,0.017588837580158508,1.3531808588239882,2,20
21,0.40850444768987215,0.7134979285445868,2,51,0.054384085202867055,1.1599301184926714,2,65,0.3695496320461672,0.7437588820854822,2,77
22,0.2745948896422508,0.36164757907390593,2,10,0.015572220852841373,1.001901662349701,2,20
23,0.33546349849492546,0.2911256749269574,2,43,12.46500641091878,1.9024006036611705,3,56,4.780622669146819,1.2210050225257874,2,69,0.1813746857761071,0.93531468540135,2,170,0.03460082360147982,1.1624406781689873,2,199
24,0.25559635187509605,1.0048581795258955,2,22
25,0.22757250488527458,0.7965217880580736,2,69,0.021418309359148704,1.0614093820254007,2,114,0.8833331421001865,0.1653634120905122,2,200
26,0.3955839614076983,1.0820447516441345,2,25,0.031736981701370647,0.459410704099215,2,38,0.5314829507779406,0.9552044442721775,2,45
27,0.08320470487558207,0.8929412395789705,2,58
28,0.044919638490219994,1.3504960536956787,2,15,1.0465078724877808,0.08615837592474172,2,86,2.332814535416978,0.07047893381432484,2,200
29,0.32640285314137674,0.5686072802969387,2,28
30,0.31305666384471714,0.9196848736868964,2,9,0.015219443939000814,1.05661401423541,2,20
31,0.271337304665985,0.7421497176675236,2,51,0.532929622790353,0.5742551216057369,2,65,0.9181051621529679,0.20740707695484162,2,90,0.26954243436195635,1.6008824825286865,2,100,0.6930726217958995,0.2400481937961145,2,122,0.21679711811697877,1.3361091329937889,2,143,0.7902507968427782,0.15451713481493162,2,200
32,0.28423078002527835,1.0112545828561526,2,37,0.8625001727724337,0.17803611510370407,2,200
33,0.282994200082981,1.1503396204539709,2,14,1.5158639398276308,1.367891724767356,2,43,1.5066705030774488,0.057231775522232055,2,143,0.5992956617048883,0.12609583662267318,2,200
34,0.8063314419234706,0.11039082646369934,2,25,0.01902128825301725,0.4477555922099522,2,39,0.26339859630576734,0.41309733140581056,2,145,0.18113361655464424,1.3455863327815616,2,174
35,0.5112856492527722,0.4266246811107353,2,27,0.026354266055372933,1.194573500421312,2,72,0.9702590135938809,0.12152756046462845,2,163,0.3032139734287125,0.9717447918814581,2,200
36,0.587372317182492,0.27625404724052977,2,63,0.05568816545777819,0.4658549610111449,2,81,2.277832046473235,0.09959615904551286,2,146,8.50529624316271,0.08247312930998979,2,200
37,0.21180070127620595,0.7676628084592921,2,93
38,0.2980484579871519,0.7945089917029103,2,62,0.7548870721481657,0.5760528673516944,2,109
39,0.37026080981084786,0.5004422696573394,2,14,0.016435101493232396,0.94530055920283,2,20
40,0.24884932738329532,1.071175229549408,2,10,0.018443352330217665,1.1871131181716919,2,20
41,0.2179826736295922,1.3756263611164499,2,47,0.657125518797924,0.18550508755903977,2,86,5.27010606824944,1.8361276984214783,2,110,1.3775572437237666,0.41486330046540215,2,131,0.8732842083984862,1.2024212926626205,2,139,7.590309779167757,1.7678735132875114,2,168,0.13947274164372742,0.626859982808431,2,171,10.26028416932885,1.4811972379684448,2,200
42,0.21872755545868147,0.9957947063446045,2,200
43,0.24620594075286742,0.943114697933197,2,13,0.023920066950622557,0.9059334463543363,2,22,0.15524847516520512,0.6706037819385529,2,26,0.6618124532773911,0.3018395484257967,2,65,0.22413370781653075,1.0694809010688295,2,112,0.03177587139431818,0.8134962962223933,2,125,0.743351133325058,0.33633968955086124,2,156
44,0.3341446970449074,1.288190585374832,2,100,0.5797437089588232,0.3390732736637195,2,124,1.1159470376631688,0.10235628744830257,2,147,1.7874547408935835,1.174438171526965,2,164,1.4169938263940653,0.11450492697102684,2,199
45,0.7556959979380742,0.14090966220412934,2,56,0.19407355777515004,0.9876112277443344,2,130
46,0.10190125685163996,1.1244615650177001,2,25,1.0349260524489177,0.19795545113497767,2,54,0.35174999374382604,0.8221471172112685,2,93
47,0.2991164456686284,1.1532559254590202,2,34
48,0.43178372472457377,1.0173161923885345,2,64,0.02249473424293989,0.7749388366937637,2,72,0.47342385404089604,0.13503357768058777,2,84
49,0.2790310993801416,1.0908260665649225,2,121,0.026078951951543812,0.7326500378549099,2,137,0.9030929971964997,0.13689457826198093,2,200
50,0.06671935237203719,0.6593691678274245,2,21,0.3357629793350856,0.9925279727688542,2,48,0.7299525030325296,0.283941232345321,2,59,0.024417992241138043,0.6587607741355896,2,64,1.3717122242838253,0.09999619128511232,2,200
51,0.23861775791379353,1.735233187675476,2,10,0.893178004051703,0.07348890504184759,2,116,0.034657161068358776,0.20320222899317741,2,120,1.0978069746899322,0.03566309027373791,2,200
52,0.18472892314703762,1.2881296849250794,2,50
53,0.21838562456095442,1.1689560015996296,2,9,0.015535543653620632,1.1543710990385576,2,20
54,0.31722133022381493,1.1738264617465792,2,21,0.022477292653587434,0.9009357452392578,2,36,0.582197857969844,1.1151829212903976,2,44
55,0.8688876414507708,1.2392409761746725,2,30,0.8064701786188619,0.16546630820837513,2,146,0.22906404541061012,0.7379100024700165,2,170
56,0.23170592218371738,0.8870871514081955,2,8,0.01649213914897581,1.035678505897522,2,20
57,0.28733615042031896,1.4259774949815538,2,9,0.7770543792573983,0.15382148895193548,2,43,1.4826724859415235,0.03800982913049329,2,162,7.81328661630647,1.6023738861083985,2,182,2.278039990380273,0.13577468605602488,2,199
58,0.17985901863913126,1.1674928585688273,2,45,0.02501121232740352,0.8371946746652776,2,100,0.2772279811531165,1.2066214573383331,2,200
59,0.02132925123077681,1.2685424089431763,2,20
60,0.3011935345183548,0.9317979924380779,2,16,0.02208388016082459,1.0168750286102295,2,20
61,0.1767623796653221,1.1303985173052007,2,33
62,0.39369109650295236,0.8833943073238645,2,56,0.6928606625705436,0.09903389630747624,2,117,1.3554335084603053,0.1426168829202652,2,148,3.367708667912419,1.0440517778580005,2,174,1.9859176812921546,0.07293019959559807,2,200
63,0.22816517968784966,0.4731723616520564,2,66
64,0.8287980425227153,0.11518391245289852,2,95
65,0.5730770766540395,0.8094285641397748,2,7,0.016580490933661426,1.1097115920140193,2,20
66,0.17852229328642513,0.6422162279486656,2,16,1.4860325638899932,1.8668968494121845,2,42,1.382345725630981,1.1295867264270782,2,46,0.14523672371565177,0.8059637248516083,2,52
67,0.2117335297878717,1.505422325891869,2,107
68,0.40844894938132004,0.9908485412597656,2,13,0.018599541181343337,1.2937458412987846,2,20
69,0.20365630813720595,0.8380709749001723,2,13,0.0159676194318632,1.1447115625653947,2,20
70,0.16223348302144786,1.2732846907206945,2,7,0.014417806348605228,1.1546679643484263,2,20
71,0.2800422879629778,1.4702185136931283,2,21
72,0.6383435347344218,0.27859433666365035,2,151
73,0.24758944122644425,0.9070749716325239,2,11,0.9524352481162076,0.20579512855585883,2,28,2.6162146339646437,1.6631439465742845,2,54,1.9209896285571413,0.21547896325588226,2,79,9.33055852763141,1.4250576577403329,2,101,0.532808504367065,0.3284292385766381,2,120,3.70627815596518,0.1200920796021819,2,200
74,0.3669398655977536,0.723209098234015,2,59,0.3717613313472632,1.1849675859723772,2,108,1.0454537402018422,0.11260483617132361,2,163,0.4943716868691031,1.4649256142702969,2,174,1.388888955880848,0.06721030920743942,2,200
75,0.4177591280564411,0.9821861584981283,2,12,0.018848148238577157,1.1646714508533478,2,20
76,0.04789448021137015,1.0846575533642488,2,17,0.8547600763710768,0.20839066762063238,2,53,0.2674579026009991,0.6312555681195176,2,110,0.24100613218022618,1.2781710161103144,2,146,0.7272694336623831,0.36011104249372716,2,187,0.02629486942177665,0.7616605529418359,2,200
77,0.03553319396681366,1.1477007224009588,2,13,0.7513530306751053,0.18483143650433598,2,47,0.15589860599469238,0.9369830422931247,2,56
78,0.023618539421500245,0.9608433945425625,2,29,0.810362267619549,0,0,37,0.056751782119903386,0.2624412402510643,2,49,1.236070276583626,0.04713642345193554,2,185,0.21680517644916308,0.5049705257018408,2,191,0.11565869143196905,1.5199113686879475,2,200
79,0.23895439957062944,1.2039407907970368,2,63
80,0.5087985046349643,0.1734202177348462,2,88,0.13898523072919303,0.25827672464006085,2,105,0.7699043839109685,0.14010777285224513,2,200
81,0.2480898151020584,0.6203236189626512,2,84
82,0.29837720492909303,1.298324397632054,2,7,0.028955341545036803,0.8308854133654864,2,46,0.3278930989513124,1.3458892137576373,2,85,0.021446082123700857,0.4980926401913166,2,101,0.8775156448042797,0.8561682999134064,2,105,0.023118616110899402,0.9438753128051758,2,132,1.0066671610520685,1.488045295079549,2,135
83,0.2396366240802322,1.0735887651858123,2,69,0.5778861005628659,0.393112797112692,2,90,0.018663810904434114,0.4871084640423457,2,96,0.9221429065933295,0.19571193364950326,2,109,0.18685295334751797,1.1366366545359294,2,130,0.016928834866549464,1.0445599896567208,2,137,0.8330808014484227,0.06967519956921774,2,200
84,0.21964343805616024,0.8604946902820042,2,56,0.9661878594137349,0.18492678455684497,2,79,1.3417332819615417,1.73750078293585,2,110,0.033588151964442675,0.4826805525355869,2,119,0.5056310496579443,0.12299943673941824,2,155,0.03556141887282398,1.2354287874130976,2,176,1.1402247474746685,0.07914331369102001,2,200
85,0.28536097996465376,0.6391278031994315,2,17,0.21013936705833997,1.1961084995269775,2,142,0.06874581500093942,0.7515555024147034,2,172,0.6651490674482995,0.3179257079958916,2,182,0.03149721013312658,0.66704637143347,2,200
86,0.29518183978560736,0.181067855656147,2,10,0.01709472719424995,1.2940399795770645,2,18,0.6706015897565352,0.05163631084802989,2,55,0.026046769765323326,0.2468983381986618,2,59,1.0977010980524047,0.03637588024139404,2,71,0.027887320926012357,0.3010980747640133,2,75,1.2338177938757915,0.03771136134071688,2,188,0.14390156273537155,0.22382192562023798,2,194,0.056882580820623634,0.953761100769043,2,200
87,0.2786320174275713,0.7709092600592251,2,116
88,0.33124434071353037,0.973361869653066,2,6,0.025703921660302827,0.2846998881835204,2,19,0.3379294616260486,1.0652569979429245,2,59,0.03038598382304898,0.8060283842294113,2,105,0.39488977384923957,1.0299919366836547,2,115
89,0.3865009127236843,0.8639859790387361,2,23,0.03506566562095682,0.3881271393860088,2,40,0.8358433899164478,0.3508225016447963,2,89,0.08622812309974275,0.6268480780224005,2,101,1.3527842730572543,0.4853446879424155,2,133,0.02514473716787954,0.6869428604841232,2,137,4.56276015222334,1.2161231403765471,2,160,4.4925639489566525,0.113300995901227,2,200
90,0.052871591503718625,0.6902492301804679,2,14,0.2726056641923636,1.1572178602218628,2,43,0.04200077392566588,1.637488133767072,2,77,0.9344820425824509,0.1511866807937622,2,97,0.025056126058836177,0.9795182545979818,2,130,0.6497716995984701,0.19349357214840976,2,141
91,0.5156437286326978,0.8773946817964315,2,32,0.04182936557783978,1.4135177352211692,2,43,0.7698790296818738,0.262056878118804,2,76,0.022873075292547652,0.7927277982234955,2,84,0.45513354877502926,0.6049853350434985,2,98,0.5205670567055006,1.2863992537770952,2,112
92,0.3306340162834684,0.76170156960902,2,46
93,0.3098441374179601,0.6659544050693512,2,10,0.017556188854557515,1.130938458442688,2,20
94,0.35224108490753914,0.252580127120018,2,15,0.01931335507925907,1.1376696348190307,2,20
95,0.020114120137120342,1.1395333796739577,2,20
96,0.3370594542472041,1.02207513609711,2,49,0.9288700586609925,0.17693263459741398,2,138,0.9694541905651252,1.0914367702272203,2,147,3.8874549987745697,1.5701374107936643,2,200
97,0.27026301839915673,0.845912194858163,2,59,0.24234147861991,0.33203679390928964,2,81
98,0.17262696529634786,1.3206317663192748,2,5,0.014524464596249126,1.184462602933248,2,20
99,0.26262379310368844,0.6687839896905989,2,42,0.7237749588725796,0.25851661629147,2,159,0.4253161503885733,0.9041465157415809,2,200
100,0.2283905717918056,1.522505519001983,2,43
101,0.9534439815746154,0.2719306972096948,2,102
102,0.27580176520268157,1.1998044087969024,2,87
103,0.6779796661623851,0.46573471009731293,2,25,0.1737161943642928,1.2758989554864388,2,52
104,0.30275361900721537,1.2570371673657343,2,26,1.1228015785767456,0.17508952440442266,2,63,0.03146757909093496,0.3699858735005061,2,69,1.2983441140917258,0.09012563504052884,2,135,0.31060043602700094,1.14857017993927,2,152
105,0.48186096804990697,0.49796098277524664,2,108
106,0.19308820698525214,0.888055956363678,2,115,0.783745836259177,0.10042611311893074,2,164,0.10827069037502182,0.28513536509126425,2,180,1.1013780757842295,0.14595365524291992,2,200
107,0.26928189544602316,0.6346437008607955,2,147
108,0.2579173798846962,1.2356649807521276,2,35
109,0.3465224963621708,1.2189681444849287,2,21
110,0.2827111621262283,0.5762166431316963,2,65,0.12274875843990109,1.4575790166854858,2,75
111,0.2721233518142383,0.9386456841055084,2,136,0.02277620423629904,1.4123893976211548,2,146,1.1838633785339943,1.660561468290246,2,169,0.20481520995644675,0.8320798104809176,2,200
112,0.37629755383828445,1.442034900188446,2,6,0.015246849108015373,1.2116050124168396,2,20
113,0.31240870679704824,0.6935436084414973,2,33
114,0.23428301661741635,0.7759611562446311,2,27,0.020656368952635118,0.562747303516634,2,58,0.5568742620953121,0.7241551589898088,2,146,10.259274260241725,1.588114151587853,2,159,0.06336175418707533,0.9593807061513265,2,162,18.21953824633982,1.6718347469965618,2,168,0.12459569364067533,1.0080410639444988,2,171,18.925872899381638,1.6551812589168549,2,175,0.18687419126674373,1.1289578914642333,2,180,7.070222182318379,1.440342740579085,2,191,0.07055644813228458,0.9889145692189535,2,194,7.941281796179357,1.2524747053782146,2,200
115,0.01992219380252877,1.1631202131509781,2,20
116,0.3202849867899621,1.0123811875070845,2,7,0.014418441090615816,1.3627406358718872,2,20
117,0.4024226528306068,0.6667879644562217,2,17,0.29818307907710356,1.3132475545440896,2,86,1.0639928112698975,0.08963747636268013,2,124,0.28102590115961773,1.1876053299222673,2,131
118,0.21986472170256435,0.8689986571669579,2,40
119,0.17303965214476869,0.5860855969098898,2,26,3.9873532678409935,1.7227971011942083,2,48,0.02377964271467619,1.0677297512690227,2,51,1.1457100987792637,1.643844031152271,2,72,6.362035531741537,1.8870114148879538,3,170,1.5207508986686347,1.68024476369222,2,200
120,0.09540632780113065,1.0195991559462114,2,55,0.8349590355667035,0.1995263415224412,2,106,0.05389559568768385,0.47096190849939984,2,109,1.7414134453578198,0.22915446625815497,2,199
121,0.23105950944566886,0.6628255307674408,2,200
122,0.30131648310377546,0.8238180752843618,2,80,0.04499299655028925,0.7481972008216672,2,121
123,0.2637204335233433,0.6014755941927433,2,40,0.32823011505537175,1.3560515112347074,2,49
124,0.2453084920526593,0.8996510747820139,2,32,1.2149227676028833,0.8783868104219437,2,36,0.8247889330708326,0.19519054096552632,2,98,3.0198994207633127,0.14289240762591363,2,158,0.2654314136371021,0.5501805649084204,2,175
125,0.2486049587169257,1.5957546904683113,2,32
126,0.10048119793571847,0.6331978525434222,2,21,0.42968604107353475,0.5503540553829886,2,54
127,0.30314455334746565,0.634478260676066,2,75,0.06420581213134995,1.6125558455785116,2,90,1.357092214711569,0.06335538082590728,2,197,0.0894137303163892,0.47658835848172504,2,200
128,0.03905358169860575,1.4636013448238372,2,20
129,0.37321677585071933,1.1867335973114803,2,29
130,0.22664994920332346,0.5532608245100293,2,21
131,0.3175046441116734,1.0787748701964752,2,79
132,1.1359826905470016,0.07569224303457099,2,142,0.05204095653426206,0.351113756497701,2,145,2.418293361367383,0.06531062532554974,2,200
133,0.5885550742138583,0.25932574551552534,2,64
134,0.23440638654964163,1.258011557553944,2,38
135,0.33908203259894215,0.5898899208931696,2,21,0.02633412806491711,1.027825883456639,2,28,0.7551160712612869,0.5096337095550869,2,51,0.019970829533791586,1.1193841298421223,2,57,0.3202406797105386,1.0681200197764806,2,78
136,0.21428482312332445,0.9363514823572976,2,28
137,0.27081963014825094,0.49407899592603954,2,28
138,0.30757122614161675,1.1913649588823318,2,40
139,0.3267466528890049,1.325597555138344,2,43
140,0.7636995236985924,1.0239065885543823,2,5,0.01522805423530606,1.1055697361628214,2,20
141,0.9300791741262963,0.08520232731162912,2,101,0.04416927313552165,0.38978964686393736,2,116,0.8627490113594282,0.13300461996169316,2,200
142,0.7977325398666886,0.18889956078568443,2,61,0.05272877962316733,1.1705947589874268,2,86,0.5590053029719689,0.2187808348160041,2,200
143,0.2245220370572167,1.0187253413135058,2,146,0.06251206844235406,1.2373855061390822,2,180,0.36038162716407157,1.364417917198605,2,198
144,0.14134354485852463,1.013985290609557,2,87
145,0.18681629336753816,0.8964172095060349,2,200
146,0.2976493157106817,1.267441091998931,2,31
147,0.2806738152960301,0.9151617755761018,2,74
148,0.32929575213366674,0.917060284614563,2,25
149,0.24875093180933266,1.0848403841257095,2,100,0.043786558047915765,1.2053737951361614,2,123,0.32126600543261197,1.2739520583833968,2,130,0.7563910071370304,0.15830058796065194,2,200
150,0.30025646775836007,1.2230094062521102,2,94,1.4706724339169202,1.0469207614660263,2,102,1.60656975473816,1.7055058128693525,2,119,0.31328357973701776,1.3809388637542725,2,144,3.412473131150494,1.7744134366512299,2,156,0.37317243845477405,1.3494443080642007,2,178,3.500468124200945,1.5375705740668557,2,200
151,0.209557293173985,1.2916057412586515,2,63
152,0.3342650705471462,1.116956195052789,2,49
153,0.017235979216021557,1.0746098667383195,2,20
154,0.20560506363280973,0.47196757534275885,2,23
155,0.21096328426632463,0.9714871681766746,2,162,0.024269420897840094,0.9895828745581887,2,184,0.2712776694280128,0.40591563656926155,2,200
156,0.2662355742428905,0.6652732584625483,2,16,0.9151793972363531,0.06495688751339912,2,116,0.4885041765223808,0.9641753633817037,2,128,0.16798114500401454,0.9275643348693847,2,173,0.04755673792790262,0.6985017745583145,2,200
157,0.09323639131728362,0.14205829240381718,2,8,0.9171307486905316,0.27007605003959995,2,42,1.604360401349552,1.2877939914663632,2,90,0.8494957051760011,0.11497907227148181,2,182,1.1152473197355623,1.4061566723717585,2,200
158,0.13093169632876106,0.5720392525196075,2,20
159,0.12572566516201633,1.0014401257038117,2,20
160,0.2163840100349211,1.8257567485173543,2,6,0.5579271210032133,0.3874877467751503,2,40
161,0.08867087246348715,0.6780057586729527,2,16,0.6137510721652443,0.41559501604310106,2,72,0.0390412995958063,0.8008248435484396,2,109,0.5864915616354928,0.38108629004822836,2,199
162,0.3945257078682795,0.7645885586738587,2,25
163,0.2568959542123389,1.5001949852910534,2,29
164,0.3072881863673198,0.7231404100145612,2,63,0.27175522080285563,1.7608809522960498,2,86
165,0.22805021348118043,1.0613170961538951,2,12,0.017063778282273987,1.1056771576404572,2,20
166,0.22222280839021136,1.115378568389199,2,55,0.933115925844369,0.07451775622494677,2,149,0.46222630549599547,0.5678381032564424,2,171,0.41088421178475193,1.3528493841489155,2,189,0.020266654386602495,0.9982176531444896,2,200
167,0.4207587376474906,0.2932240686246327,2,14,0.6697172171182499,1.2479939929076604,2,42,1.112306976591549,1.7484792450018096,2,99,4.716160907362892,1.7858259300194164,2,200
168,0.24790959144605368,0.7045507612435714,2,46,1.2498420631791107,1.8142497804429796,2,64,0.303205663239251,0.3732200286218098,2,78,1.5389370891218532,1.766345500946045,2,102,1.1564806945380202,0.1110844010753291,2,158,2.0678097330603666,1.6889036558568478,2,190,1.3515670718509993,0.4870228111743927,2,200
169,0.24505169806408808,0.7661401167159944,2,127
170,0.23677674033857168,0.9665715982174051,2,29,0.026244285129709607,0.9852562141418457,2,54,0.9466429615863295,0.09240998157433102,2,124,0.40787259120871944,1.2567410577427258,2,146,1.1018690772932982,0.04138435729039021,2,185,0.029869635812454824,0.822541458266122,2,192,0.39873706506291706,0.8887725099921227,2,200
171,0.20683159338181983,0.45939670956653095,2,46
172,0.2399886367880925,1.216673216154409,2,43
173,0.04639672907678254,1.0355036987198725,2,18,0.44906784512736636,0.5890364944934845,2,26
174,0.24358554947841127,1.5088317210857685,2,13,0.018696681672864358,1.3881801196507044,2,20
175,0.6247341360007841,0.26366799473762514,2,45
176,0.43402960007410873,1.3072020689646402,2,15,0.01810858145163985,1.2181397676467896,2,20
177,0.35550129977384093,0.6197862366632539,2,98,6.917985467694234,1.9065059026082356,3,200
178,0.27067984500403625,0.9634393631522336,2,67
179,0.3004910556162919,0.7945399834559514,2,26
180,0.12059609544572489,0.9583877682685852,2,20,0.4962684289761048,0.8364346755875481,2,29,1.2063847183588359,0.11497121892477337,2,48,0.29666751582069817,0.8898523089786371,2,144
181,0.20913859550651173,0.46523899265698027,2,7,0.014176084097674513,1.0176907869485707,2,20
182,0.1700607683721902,0.8494061380624771,2,12,0.018452074434002874,1.0500839799642563,2,20
183,0.015615745787731249,1.2504962921142577,2,20
184,0.01791202183276918,1.12757351398468,2,20
185,0.017738918696997553,1.1535240560770035,2,20
186,0.01670689115171722,1.1638341963291168,2,20
187,0.017918287493920135,1.1523391127586364,2,20
188,0.017705921875124944,1.1404533416032792,2,20
189,0.013193843000321101,0.884327483177185,2,20
190,0.01650538774447932,1.0803320080041885,2,20
