0,0.3266045453545129,0.8380912999774135,2,43,0.5068523494174617,0.32225663866847754,2,123,0.37216102933084644,0.8018626341452966,2,136,0.06299455039147572,0.8268411329814366,2,185,0.27121184493754014,0.7986454844474793,2,200
1,0.2713302206894559,0.6628391154714532,2,37,0.020142925957863947,0.6723006909543817,2,48,0.14532806336932863,0.9012387638742273,2,70
2,0.24390102614940337,1.5351692676544189,2,15,0.016090982780167667,1.3600340604782104,2,20
3,0.07657054442286546,0.5720170021057129,2,25,0.8981237244281981,0.16839157141024066,2,56,0.30402740525907646,1.4016325840583215,2,82,0.6522453557684238,0.7066535671552022,2,97
4,0.21246785433865112,0.982093854862101,2,68
5,0.22314361091069645,0.8975473330510373,2,151
6,0.18589324185979517,0.5796756982803345,2,20
7,0.3020880773687376,0.5078046533465386,2,50,0.023662033523561096,0.9701314744402151,2,111,0.7089690890612471,0.15562910745652875,2,200
8,0.20476773663843612,1.0076733559370041,2,100,0.930641365076407,0.4582541747526689,2,122
9,0.3100374101622821,0.8060600060527607,2,59,0.05241572738119756,0.814723336115116,2,100,0.826493672319695,0.20294683205114827,2,137,0.315990135308326,0.3785644583404064,2,141,0.21496396450894817,1.2549240650801823,2,199
10,0.15305080796603882,1.131645300558635,2,28,0.4457949869194474,0.37498468609705365,2,101,0.26659179857426496,1.1163170397281648,2,141,0.5394629918087679,1.0264200846354166,2,156,0.9005673494136313,0.18738344381021899,2,199
11,0.4935476837172123,1.2719143766623278,2,26,0.24908319628326867,0.7641482211294628,2,131
12,0.13788849768474226,0.8708802968897718,2,47
13,0.2998606110946901,0.7612038122283088,2,36
14,0.2559911685782277,0.9214541571480888,2,14,0.016597831380080728,1.1208733320236206,2,20
15,0.26641933349493374,0.43109258711338044,2,10,0.039523665263677586,0.782608898786398,2,36,0.7299956761418034,0.38723743293020463,2,63,0.2437022316419408,0.3630572644372781,2,87,0.09820394023471783,0.9665180135656286,2,114
16,0.23439974487910448,0.6432395827557359,2,112
17,0.2554008897274829,0.7223544058046842,2,57,1.029763024183303,0.16073276003201803,2,87,0.2562749227803228,0.8241076751620369,2,200
18,0.3487544402861957,0.9020869529853432,2,59,0.5752456453696403,0.28618908259603715,2,68,0.03274865007719001,0.5933862924575806,2,72,0.7714846841479731,0.21667603432662844,2,199
19,0.20332267515173955,1.0332720646491418,2,91
20,0.3599409277122683,1.2009909278468083,2,38,0.04099162752199599,1.0620738551730202,2,59,0.47316899211089736,0.14930305431286495,2,89,0.030371571497899513,0.39825816452503204,2,97,0.8016350100268858,0.1387272817127913,2,200
21,0.307314677384593,1.2861111839612325,2,30,0.3669797974989868,0.8694541454315186,2,113,0.04110773217817777,0.9535598100208845,2,174,0.49486441863813907,0.633195424079895,2,189
22,0.323329656972837,1.0007645068345246,2,27
23,0.26484695197392033,0.8614421941900766,2,186
24,0.03996589970122117,0.3241716367857797,2,7,0.24526096503451544,0.9765824925714206,2,200
25,0.24895988581538142,1.2307948874575751,2,56,0.43891895873247183,0.43336215198040007,2,106,0.9238291230412755,0.17900272034188752,2,199
26,0.1836552654094462,1.5116337537765503,2,5,0.01541852563987443,1.2187896728515626,2,20
27,0.08700359958627463,1.4754777324610744,2,29,0.28835248950176384,0.5877049537430032,2,200
28,0.20739182435484285,0.5597015781836077,2,11,0.020100151673850042,0.778649395162409,2,22,0.45515195966889993,0.5857600793242455,2,62,0.03183083706627425,0.8505959510803223,2,74
29,0.3236078234278819,0.36327625355786747,2,36
30,0.07102081325897938,0.9256146311759949,2,20
31,0.2290760646866026,1.0144623454773065,2,66
32,0.18846066195627426,0.49368699296162677,2,104,0.674247117339109,0.42828435947497684,2,200
33,0.1545287767265187,0.9187240613404141,2,93
34,0.3359590177953685,0.5652728003484232,2,27
35,0.05635755563569689,0.3052200451493263,2,10,0.2943341098283612,1.463577961921692,2,20,0.7931717307634017,0.27905417260314735,2,76
36,0.27310965977493756,0.8047206923365593,2,8,0.021450353822596465,1.4353848836001228,2,25,0.2611570137242066,0.9169774880776038,2,38
37,0.23334618024343068,1.051201366715961,2,36
38,0.08158222521406236,0.7841388384501139,2,33
39,0.259377941183424,1.5977332234382629,2,10,0.017569034714792216,1.397606909275055,2,20
40,0.159001472844369,0.9246529579162598,2,20
41,0.31539823885783214,1.2853516936302185,2,4,0.014047918874963003,1.136927492916584,2,20
42,0.254310252843623,1.6819833397865296,2,20
43,0.2598632152809227,0.8060235760428689,2,22
44,0.3890897205217276,0.8802957534790039,2,11,0.016897296732138137,1.1900973849826388,2,20
45,0.19919955900423633,0.9902427300162937,2,46,0.029871240732116666,1.0161866524763274,2,103
46,0.26601707064372293,1.2252070039510727,2,40
47,0.24966029611692467,0.35273322686553,2,200
48,0.24449329350411106,0.6731116672356924,2,6,0.014283924476658102,0.9886470862797329,2,20
49,0.23209466069570053,0.3090024435520172,2,25
50,0.21363413183783686,0.9259693225224813,2,39
51,0.24042579669930836,0.7850499595914568,2,35,0.7674840131646165,0.3177615500760801,2,200
52,0.24430182048203467,1.3645171147805673,2,27,0.5172453327975295,0.379077132452618,2,115,0.021938821394984997,0.6436794532669915,2,124,0.3775092783340117,0.5856951400637627,2,200
53,0.2659819017013994,0.8867106416769195,2,57,0.27358675876208327,0.32291959147704274,2,76,0.6591360455503384,0.3358122759718236,2,199
54,0.45490419990812536,0.328182868419155,2,186
55,0.18997382427817022,1.2756844957669575,2,6,0.01530583682293425,0.8776927718094417,2,20
56,0.3916118885651895,0.25537705333793864,2,17,0.0165303896692272,0.8208888258252826,2,24,0.6212305387226146,0.259728336930275,2,49,0.02183498072887564,0.5464068204164505,2,53,0.6137932598552204,0.27157353290489744,2,123,0.02172311650862703,0.5304156094789505,2,139,0.7312995362071941,0.24802539607540505,2,200
57,0.39330641193835514,0.9063724899291992,2,25,4.227517550157022,1.8920488059520721,3,33,0.1701667646994132,0.5939674300366434,2,62
58,0.27352432396791876,1.068484412772315,2,28
59,0.34886864572212056,0.9281172794955117,2,14,0.024093303244776234,0.3788353968411684,2,30,0.23720277661952555,0.8647618206108317,2,200
60,0.15589738122018304,0.887265370064175,2,97
61,0.3998464795785158,1.0102929093620994,2,11,0.01652037480338682,1.1079784896638658,2,20
62,0.26227507301595826,1.015118584913366,2,34,0.3597550017829331,0.6109186266442291,2,165,0.9036681375862597,0.2027980641082481,2,192,0.060569477515448944,0.5751507580280304,2,199
63,0.22941202064720465,0.9500394333707224,2,101,0.7759412567143977,0.1616660236400001,2,199
64,0.21621827191648116,0.7802999341487884,2,100,0.01947848064751354,0.2849792336875742,2,122,0.5306665799519878,0.3367168349333299,2,200
65,0.3219393086278649,1.342197016529415,2,46
66,0.32971596641004447,0.806719459593296,2,24,1.0838146308960828,0.13255795875662252,2,176,0.060731299169058284,1.208674689133962,2,188,1.1433443710267566,1.3125867644945781,2,200
67,0.15915789868320296,1.225426971912384,2,20
68,0.19270856828793367,0.996921715189199,2,61,0.5495811130419719,0.5519888252019882,2,65,0.03834191644711547,0.31385462559186494,2,78,0.753569484768635,0.6400087789485329,2,97,0.05717695678808399,0.7842021957039833,2,147,0.32012892411129945,0.5758298089106878,2,159
69,0.02060138284645986,1.1842944264411925,2,20
70,0.26707563244915217,0.6944799130613154,2,55,0.04157182613440793,0.5409800644431796,2,97,0.6696702711679996,0.16752912795969419,2,181,0.8479616437620128,0.6931686252355576,2,185,0.1610982430445339,0.8883061051368714,2,200
71,0.2991091432448818,1.033837346063144,2,69
72,0.4797391500505975,0.6108610607110537,2,91,0.020415057618912887,1.1715916328959994,2,109,0.49021704559688584,0.619541635600532,2,150
73,0.1893752115453114,1.2884332481771708,2,64,0.46064539957908734,0.5422267558482977,2,90
74,0.14807862943165057,0.5770657980442047,2,100
75,0.270058850220216,1.0464254305476235,2,42,0.024567631420986863,1.0659632205963134,2,47,0.5512583952489283,0.8564374566078186,2,52,1.143373049003093,0.17230939439364842,2,108,0.2642851579484143,1.1554041862487794,2,118
76,0.20325496941032764,0.930002725928839,2,163
77,0.35260303243743857,0.9086387218055079,2,59
78,0.2378431179787736,0.4859295278787613,2,10,0.015619159950979195,0.9968844592571259,2,20
79,0.3105459791561566,0.5293680051962535,2,30
80,0.4733050230456839,0.22119975835084915,2,30
81,0.6781959169721529,0.741297809407115,2,16,0.040324556635171024,1.4467766682306926,2,31,0.8529369990687111,0.5971048325300217,2,35,0.020408896925370873,0.7778250617640359,2,63,0.8792305366353133,0.9208876192569733,2,69,0.4115432102160697,0.35430304799228907,2,101,1.4985344968901357,0.14765608295647784,2,200
82,0.336408786244918,1.1921372214953105,2,6,0.8032952099037571,0.2120270713649947,2,35,0.38341628860894084,0.7702733354411856,2,172,0.03809967182950464,0.5771661996841431,2,199
83,0.21990230219310214,1.3615072183310986,2,32
84,0.2272434883487009,1.049925697383596,2,67
85,0.320482160822141,0.2277336326929239,2,26
86,0.2043883373917554,0.9684284008466281,2,26
87,0.22918725300875575,0.722641338001598,2,11,0.01588305401072112,1.0679433743158977,2,20
88,0.3240480890568792,1.0372425147465296,2,14,0.8635564613258632,0.17867744286009607,2,61,0.25179704929240077,0.4305969063920536,2,148,0.8126719460572908,0.21490446822001383,2,200
89,0.2573131212364901,0.7936593779811153,2,27
90,0.27643330889770373,0.7150047844456088,2,93,0.04656438116739304,0.8204571530222893,2,101,0.7100315763290087,0.35676166795346204,2,199
91,0.3445304784005178,0.958366051012156,2,49
92,0.27653633093155083,0.8837128500143687,2,30,0.7983125376746103,0.4948528098299148,2,124,0.06714022762350921,0.8313386174539725,2,184
93,0.3246883604408249,1.2506688982248306,2,8,0.01644676498998037,1.2697574595610301,2,20
94,0.5480135900093946,1.3084349433581035,2,12,0.047530481121205295,1.4813254475593567,2,20
95,0.3182066232910856,0.7416286874901165,2,22
96,0.7902166289043516,0.8707215885321299,2,6,0.04238669699973831,0.7591981887817383,2,66,0.2471938869149367,1.3188347121079762,2,78,0.7231627391991826,0.2355004863606559,2,150,0.4149803933158067,0.9237522440297263,2,178,0.9783453598482137,0.194457165542103,2,199
97,0.36479416413782145,1.2263660095632076,2,32
98,0.333117227405953,1.4120508929093678,2,12,0.016730304979131912,1.0705121010541916,2,20
99,0.2958986284312631,0.5363126711531,2,91,0.22627965565687433,0.9989759815044892,2,130,0.32078854727840606,0.3051447253674269,2,138,0.7264113373614489,0.20708139493780317,2,191,0.24840673155058976,1.1151448554462857,2,200
100,0.29554108325874784,0.9538524900713274,2,62
101,0.2795603169161659,0.9734210173288981,2,57,0.9450912891473114,0.4661927620569865,2,81,0.09236303927675776,0.8858045245471754,2,100
102,0.2085462665369253,1.0433233810025593,2,43
103,0.6450581747177705,0.3550321672643934,2,7,0.017348442831351674,1.0773511574818537,2,20
104,0.25717397383995383,1.1901123970746994,2,8,0.0160701473357668,1.1761640508969624,2,20
105,0.32053767482305595,1.125149401334616,2,91
106,0.079041529262599,0.6766819637833219,2,33,0.5742249479735714,0.3230937419753326,2,128,0.1973054606171829,0.7928120123373495,2,165
107,0.7539297560168261,1.265274167060852,2,5,0.015057995035017124,1.013507318496704,2,20
108,0.32167685484995734,1.035162209295759,2,102
109,0.24026441019472414,1.082985715866089,2,50
110,0.2124019615789787,0.8552610874176025,2,19,0.01875996692409443,0.8307722168309348,2,33,0.2376138993829879,1.0776682836668832,2,61
111,0.23019445594767082,0.8369069129228592,2,40
112,0.31127320826678145,0.3600968915315075,2,131,1.0833069228741865,0.14850653815960538,2,200
113,0.22154803133714251,1.225618803501129,2,10,0.7370434948514927,0.25276401812253996,2,53,0.04183286474394548,0.7164002458254496,2,62,0.26391888228643184,1.685008716583252,2,72
114,0.10432329185326983,0.987435438475766,2,91,0.6661088562726631,0.7779007378746482,2,108
115,0.2833600601703193,0.8616970816215912,2,77
116,0.20892775984585688,0.7500964961553874,2,95,0.7678069536740527,0.2966793606678645,2,200
117,0.04449127297944324,0.9681467028225169,2,34,0.22072002992755074,1.0632596684026194,2,125
118,0.15986166867527524,0.930812140305837,2,6,0.014902454713028888,1.055090810571398,2,20
119,0.03807784300157015,0.7799958902246812,2,51,0.04685027004224514,0.49128061905503273,2,59,0.7442859720643595,0.19636944071813064,2,158,0.26685762453894496,0.38567509182861875,2,200
120,0.13174579359687258,1.1407693386077882,2,20
121,0.3130074650986819,1.0849975591356105,2,44
122,0.1944317896271206,0.45280907360407024,2,26,0.8838250535005875,0.14554848725145514,2,103,0.37490072711422096,0.4028565133611361,2,163,0.3258350475345526,0.9086169101096488,2,200
123,0.33459776215510245,0.9871394678302433,2,115
124,0.2680434742266725,1.0452766672093818,2,94,0.9493302368683677,0.12999206142766134,2,108,0.23288104110870886,1.1638152599334717,2,123,1.060649412232828,0.10988275102083234,2,192,0.03448902270338087,0.47577935457229614,2,197,2.702532965774592,0.4271152118841807,2,200
125,0.25001245937209166,0.9023321866989136,2,5,0.014656553356028139,1.0792722543080648,2,20
126,0.1263269293152443,0.9325759813189507,2,40
127,0.27165784099711365,1.3586909453074136,2,30
128,0.09081248477558866,0.2730299731095632,2,9,0.7231446989050017,0.4409225715531243,2,27,0.38241441249741565,1.0374735747614214,2,58,0.03748215661096138,1.0285634181716226,2,102,0.2756300646181553,1.0331814733206057,2,153
129,0.5961956688930201,0.29751855283975603,2,20,0.38695827333932986,1.1394252947398595,2,55,0.24315731864719292,1.744212630391121,2,95
130,0.3167675622801642,1.1523227751255036,2,20,0.6115598662694948,0.367221236642864,2,200
131,0.49773342675832916,1.1364508782114302,2,14,0.056452212184076624,0.9350924094518026,2,38,0.44100751547807127,0.6607756197452546,2,58,0.02382171691693645,1.4396807087792292,2,67,0.9679119120654287,0.24928523421287538,2,92,0.05539351911563597,0.5777067244052887,2,100,0.7537939396815841,0.13641516119241714,2,200
132,0.5087967015576402,0.6531279302305646,2,18,0.03886202261851157,1.1406289311342461,2,61,0.5266148235440531,0.5705935631768179,2,120
133,0.1991847584896385,1.1047993642943246,2,14,0.01796665009278443,0.9084990620613098,2,20
134,0.4164987173802643,0.649676684822355,2,35,0.46046654276690885,0.32449101026241595,2,61,1.183851028424309,0.1885223497191201,2,153,0.03638059878228992,0.4962857589125633,2,157,1.2936477377283415,0.2702862266884294,2,200
135,0.33001269221102103,0.7628565430641174,2,58,0.02549765964421076,0.9226302703221639,2,64,0.5037463871147329,0.9066755937205421,2,100,0.0524644744620172,0.47134703636169434,2,125,0.49751611736652845,0.34748753925708875,2,198
136,0.33352288402071084,1.0407167042002958,2,34,0.09567627455777472,0.4587874263525009,2,78,0.38471212797411286,1.0863937349880444,2,112
137,0.09198452993237699,0.8867442309856415,2,20
138,0.30913105986131795,1.4024444715334818,2,52,0.046708604996476374,0.45608811860992793,2,73,0.6296696756621903,0.1807951937828745,2,199
139,0.300604248778243,0.8967355081013271,2,35,0.04050480970166967,1.1549249108021076,2,61,1.2664437622495068,0.22749383218826785,2,92,0.11614089935391914,0.6484538172230576,2,125,1.125969785971284,0.2504931655195024,2,143,0.5291906764608006,1.4796833310808455,2,150,1.4698108456277676,0.16722910434007646,2,200
140,0.5340396498361871,0.5209310181213148,2,33
141,0.7901138782530294,0.5345473239819208,2,6,0.015874696320343596,1.1090456247329712,2,20
142,0.31721927242680936,0.6926249955829821,2,19,0.021081858992420505,0.8782564118504524,2,59,0.25668663480947707,0.17807392538948494,2,103,1.1372559546438041,0.10750079827923928,2,134,0.4423251018394593,0.6345935398062994,2,177,0.07217889205510677,0.42384780230729474,2,200
143,0.7180091793271194,0.6698809683322906,2,10,0.03816482023714194,0.47227466603120166,2,22,0.781783002647767,0.33235537283011335,2,156,0.03211713014220787,0.6208024144172668,2,161,0.796340651841455,0.22503390908241272,2,200
144,0.3585578544900635,0.8164235457541451,2,63
145,0.5176399929287192,0.24464763355042254,2,56,0.28889689846190875,0.6182124293767489,2,69,0.03470710825297133,0.9541929113237482,2,88,0.33512351267422497,0.8390715599060059,2,108,0.031118310829552367,0.5893399541576704,2,120,0.5867258808799791,0.21145973828705875,2,164,0.2882271622666252,1.0064178489976459,2,200
146,0.2738856552053066,1.3726552856077843,2,109,0.26740134515078656,0.4897163398563862,2,133,0.22915843756526608,1.279776886889809,2,152
147,0.24576972544874248,0.9008317278779071,2,69,0.41475169536764045,0.47164943218231203,2,99,1.057998444105743,0.15308658070493453,2,200
148,0.09235906795537352,1.0382607306043308,2,24
149,0.019540453028808864,1.1760010868310928,2,20
150,0.38606276117868527,0.6342709457620661,2,47,0.023995957018103482,0.9602198302745819,2,67,0.516002519632354,0.36843270314543436,2,156,0.2505041162258463,0.9768007018349387,2,200
151,0.2945562755470004,1.5300115091460091,2,28
152,0.19255897254297338,1.270323892434438,2,6,0.014261665322547516,1.0849023801939828,2,20
153,0.8382174379983428,0.17153188153620688,2,31,0.021284347501934166,1.0837421973546346,2,46,0.6527213850650678,0.12327709438195869,2,113,0.01969404716215315,1.3788901567459106,2,120,0.17982667340240244,1.4378978411356609,2,126,0.5918611220020789,0.4397533384932054,2,200
154,0.21903582125606647,0.8289871215820312,2,41
155,0.31334518534547867,1.0303924823629445,2,29,0.03666023368241562,1.1407337453630235,2,47
156,0.22904686424542867,1.2686333656311035,2,7,0.016571807123162863,1.2618888249764075,2,20
157,0.4636598170422559,1.192733065287272,2,15,0.017654258817813975,1.2861714124679566,2,20
158,0.2644169434533696,1.2795633389836265,2,42
159,0.11576461719299103,0.916434690952301,2,25
160,0.2622044255293229,1.2083390320048613,2,17,0.017001184670509976,1.4829120794932047,2,32,0.3582626954774494,0.6909000085932868,2,60,0.02653388051064251,1.5348032142805017,2,83,0.4852162004894944,0.546811855584383,2,123,0.04268203726256702,1.4364925452641077,2,130
161,0.34963545695402704,0.7365448203953829,2,11,0.018567712499514936,1.0020564529630873,2,20
162,0.22356103486968634,1.1418438061423923,2,69
163,0.023923819786644537,1.2170231396501714,2,22,0.258259932753306,1.429777775491987,2,29
164,0.26409398191513045,1.461704523596045,2,73,0.21572358667213543,0.4163969874382019,2,83
165,0.633057314440777,0.840122652053833,2,10,0.018712619130971303,1.2848005652427674,2,20
166,0.2869041289553561,1.3144473207407985,2,29
167,0.24371051523083057,1.3084366954863071,2,32
168,0.23741652040103864,0.5632930498618585,2,154,0.29690464810156986,1.4600070019563038,2,166,0.2331246126456539,0.4999106562498844,2,199
169,0.24072497766839218,0.5375887504220009,2,200
170,0.3370639133584568,0.9875383496284484,2,10,0.019818586875806527,1.1798692703247071,2,20
171,0.38578203747657025,1.1815760533014934,2,15,0.01861430785878879,1.195897912979126,2,20
172,0.8697042071249905,0.6314264386892319,2,4,0.016281423964561424,0.9744253568351269,2,20
173,0.30806936828651665,1.0901412538119726,2,42
174,0.4451196289067801,0.7505174574314379,2,102,0.02261198859262649,1.1876185610890388,2,118,0.9407342519102829,0.35181233286857605,2,126,0.01722024550077928,0.7790636257691816,2,159,0.2752908932910908,0.6973401248455048,2,189
175,0.3075790229281913,1.3778453724724906,2,42,0.017651785788061473,0.8030312565656809,2,55,0.34994236274283885,1.387290046765254,2,68
176,0.021399209819626636,1.2061668306589126,2,20
177,0.2784735280698132,0.598735973238945,2,20
178,0.25310352169825384,0.9347058340907097,2,80,0.035848649302236885,1.5221291780471802,2,97,0.2713853915803012,1.4007295896025265,2,131
179,0.019030256451559324,1.184206449985504,2,20
180,0.5232494861967159,0.41458781092584907,2,154,1.3641818541276511,0.33832561613424966,2,200
181,0.03248377278680014,1.4742229851809414,2,33,0.28461913529567556,0.49648588624867523,2,55,0.04445073686769417,0.7770638565222422,2,79,0.7332492741157499,0.2563096520801385,2,91,0.016471365533967764,1.2725353479385375,2,101,0.5544101630844207,0.2646479802696328,2,139
182,0.2500681400094372,1.3439687952703359,2,98,0.5102525342055259,0.5935742457707723,2,119
183,0.26409358229381397,0.659473231344512,2,99,0.021496791895521443,0.9642680022451613,2,117,0.8281019845792682,0.16554749209478678,2,200
184,0.2886796596781892,0.7940769990285238,2,114
185,0.2699362281896674,1.4701379140218098,2,9,0.01703168781034227,1.222983555360274,2,20
186,0.3201187550293978,0.5932536063094934,2,48,0.037496262290573346,0.909826851204822,2,86,0.33331983587028563,0.7270241738469513,2,140,1.1445169758216498,0.06674972474575043,2,160,0.07663215374226995,0.30102084848013794,2,171,0.9552210187735802,0.16648569754485426,2,200
187,0.20155127844585413,1.3700508413643673,2,29
188,0.2645351497530678,0.9979185673498339,2,124,0.046673251895201905,0.9153932854533195,2,140,0.11842573607965143,0.6492850383122762,2,167,0.49045557821918345,0.6580244266625607,2,200
189,0.2300035447725643,1.209329154756334,2,9,0.01622865797797181,1.227929332039573,2,20
190,0.33238190121629385,1.0590822670770728,2,23,0.04738113024333972,0.7993651514961606,2,44,0.9151635888940912,0.12354910568656208,2,151,0.03926027158436993,0.45108502805233003,2,156,0.8682505735715605,0.2649687515837806,2,191,8.282739423584376,0.11551804592212041,2,197,0.04968322610319679,0.5619846781094869,2,200
191,0.3914396243348832,0.5915378597047594,2,27,0.02927420454219288,0.5598152230183283,2,33,0.7076006068111005,0.22835452702944864,2,200
192,0.037683151689949394,1.0414661003483667,2,72,0.2229181359701608,0.8142243046313524,2,136
193,0.4021257896556839,0.4668497809022665,2,200
194,0.25927776166663163,1.0447995048580747,2,33,0.4120331955319579,0.3846367734173934,2,45,0.834582423117458,0.2771815182799,2,104,0.020744741812138614,0.8369488234703357,2,130,1.0318159064094665,0.32890308429213133,2,147,0.278224063055389,1.0293601391450413,2,200
195,0.3253078986044747,0.8648406267166138,2,67,0.052004305500249516,0.9240983247756958,2,77,1.0317620934583664,0.22896519203980764,2,107,0.48311625393288915,0.622566981028907,2,186,0.031981380980430095,0.845746123790741,2,191,0.9210226973646196,0.8410075638029311,2,200
196,0.2840789824214976,1.3525350365949713,2,92
197,0.5491173955461357,0.5489627939203511,2,46,0.13561092164513772,1.2569721780839513,2,107
198,0.10993499118265973,1.4645713984966278,2,20
199,0.017420552546913885,1.0825612008571626,2,20
200,0.015820475004322678,1.0984594434499741,2,20
201,0.23959975086488394,0.9768142214527836,2,27
202,0.38140713770980145,0.8233762688934803,2,40
