0,0.23319053466538747,0.8842607835928599,2,12,0.020127616889182992,1.0430930703878403,2,20
1,0.03287029835591149,0.9492565035820008,2,20
2,0.30517275865945753,1.0121651619672776,2,60,0.3130193798713917,0.44549576451583783,2,158
3,0.2784978253373638,0.5802537853901203,2,65
4,0.2589706570039548,0.47745965692130005,2,22,0.022437521736490697,0.6986056200919613,2,53,0.9737650289319617,0.19326007221975633,2,84,0.0734219763126608,0.7569524049758911,2,93,0.7109259521603031,0.2905999490666011,2,156,0.0653575155504526,0.4811307851757322,2,170,0.644379290956056,0.2867113724350929,2,200
5,0.056166152896115394,0.7065993888037545,2,70,0.4578652581695107,0.23330091002086797,2,94,0.09793988937780322,0.40601297676563264,2,119,0.8667501554844649,0.30683789940343964,2,155,0.019980578584066717,0.9935294985771179,2,174,1.145646947851332,0.19418744972118965,2,200
6,0.7021351788150845,0.329601356616387,2,26,0.2612102402902088,0.9845784385999043,2,41
7,0.4642619374590401,0.38597631610151545,2,67,0.306070682800763,1.2772511959075927,2,127
8,0.4524399504276908,0.24204101972281933,2,16,0.022775529673867544,0.5070285797119141,2,21,0.7472230058521079,0.2291552403143474,2,56,0.21887866862186448,0.6340026818788969,2,121
9,0.7365920167179986,0.14306247302077033,2,66,0.042588296735963885,1.4151792583011447,2,87,0.1567726400689843,0.7589500447114309,2,111
10,0.22610340863236777,0.8572103108318758,2,142,0.6200247004313691,0.4277722802141617,2,200
11,0.8583395784832445,1.163905715942383,2,5,0.015128846041140164,1.2291282494862874,2,20
12,0.23649589467686988,0.9917010604118814,2,49,0.04876458378366873,1.0674671255625212,2,75,0.5188459605473605,0.16239961407600192,2,184,0.3187807739202454,1.4630350098013878,2,200
13,0.283479280383273,0.6437737587487923,2,53,0.028286835616905377,1.0544867355089922,2,79,0.3079688566752553,0.6472292505204678,2,95,0.03615237355539081,0.8355903824170431,2,119,0.39876655085620843,0.602716135022081,2,200
14,0.22425436922210581,1.276345630261031,2,176
15,0.24710999068199954,0.8850536525249482,2,10,0.03009007284890065,0.9973001678784689,2,64
16,0.48183929328936076,0.3149370513856411,2,8,0.05200617064147933,1.0422334185353033,2,35,0.25727924161132393,0.9677071702299695,2,200
17,0.08020128351087288,1.5336483376366752,2,7,0.3200899647294867,0.3093146278212468,2,31,0.02943994670786193,1.1174295941988628,2,37,0.5771409526613152,0.3991487999757131,2,52,0.03617191190040873,1.1255076641128177,2,73,0.6673905600467909,0.20131091950904756,2,199
18,0.13251796450382486,0.7165719412621998,2,21
19,0.276216073527283,0.8482093751430512,2,10,0.04222645252748837,0.9950436687469483,2,35,0.978251445858536,0.5913702726364136,2,40,0.03264958887051467,0.8546365932984785,2,62,0.3488139365494504,0.8239852646483651,2,141,0.030779039863265266,1.0024603870179918,2,168,0.3401943543963957,0.41302838921546936,2,200
20,0.7067603978331821,0.19787300893893608,2,26,0.049132897489047526,0.4711591209526415,2,53,0.4888076764797324,0.24236036656480847,2,86,0.2277296108745429,0.5495006177160475,2,104,0.04265075478785304,0.6455178260803223,2,128,0.3039220978207996,0.8826785225134629,2,141
21,0.2228149132474128,1.0969291954505733,2,41,0.7806683332561318,0.2469769689169797,2,85,0.32851956381352854,1.4923891088236934,2,131
22,0.35397642424268316,1.1843176925182342,2,50,0.06784928221457343,1.4764288266499836,2,65
23,0.3854317590251592,0.2556709031760693,2,200
24,0.22121589263724878,0.9750584995568689,2,134
25,0.2723173152474585,0.6046228329924976,2,34,0.02536358673538208,0.9952246500895574,2,60,0.6088212532743695,0.15399504127827557,2,170,0.45649951247346593,0.7801298129147497,2,199
26,0.49510956314766824,0.17921074014157057,2,16,0.036766688812694494,1.2391282890153967,2,39,0.6183595017776305,0.19528357964009047,2,55,0.0546719949996707,1.185233860197714,2,114
27,0.035883986281518045,0.995266854763031,2,20
28,0.133195609231392,0.919002538141997,2,23,0.026429471114676605,1.1041186075461538,2,42,0.8045199662640661,0.13107265123223835,2,155,0.01624280229938916,0.4873560041189194,2,165,1.3608480730608994,0.09688250720500946,2,200
29,0.21035135142586936,1.3361919082579066,2,61
30,0.2427923921556598,0.8661387744157211,2,23
31,0.28270535251947404,0.8159338843363982,2,52
32,0.3256733069484859,0.4188115052705587,2,43,0.2409697236801138,1.2520662824312845,2,58,0.4624030123029483,0.21216874597769864,2,164,0.32078879806167804,0.7615920123126771,2,200
33,0.34984633344971594,0.6449101749778718,2,129
34,0.2563673369496787,0.7743523985147476,2,20,1.0544724711094338,0.3970382147365146,2,47,0.16744419419901543,0.6543478536605835,2,72
35,0.2866641824166709,1.245345612005754,2,110
36,0.2666227959054289,0.7128544857627467,2,38
37,0.2757019975587265,0.9555295682647853,2,103,1.0573739449472799,0.14553953800350428,2,119,0.2545521554669506,1.3591292566723294,2,137,0.2956115045222295,0.5521513789892196,2,157
38,0.0468293956676231,1.0293714245160421,2,15,1.072835688276926,0.0834058603644371,2,65,0.09479388556016154,0.3430436998605728,2,69,2.4569707612763967,0.0507961652780834,2,164,0.09653867094550037,0.2552690729498863,2,170,1.6836313131966607,0.09329131046930948,2,200
39,0.37987568177368286,1.0786235711791299,2,22
40,0.2845927976042939,0.5919258107741674,2,60,0.8760035360080246,0.10782491681831223,2,200
41,0.17702412359284572,0.7805429536562699,2,26,0.7588084684737764,0.3035115645093433,2,85,0.25247654289562205,1.225321422923695,2,96,0.9211706347613909,0.23445434362760612,2,152
42,0.19993716522681498,1.090747781097889,2,16,0.4771644247970484,0.1929067123994649,2,123,0.19834883364301498,1.1392208139101665,2,129
43,0.23640797830615143,1.0285558700561523,2,8,0.01605427857013907,1.1197425425052643,2,20
44,0.15673103254094692,0.9114532768726349,2,10,0.014757550399161264,1.153472352027893,2,20
45,0.18944434215103792,0.9456850051879883,2,5,0.014433268023457095,1.1118360996246337,2,20
46,0.19356690328523637,1.2842074632644653,2,14,0.7491165806778052,0.11833217380375698,2,43,0.271743640972214,1.2138332933992952,2,80,0.2787297124249292,0.7638948143345036,2,153,0.8140217713069555,0.2505899122671077,2,191,0.35719708329879485,1.422955420282152,2,200
47,0.23014076891680005,0.7048209827024858,2,91
48,0.25770301093486475,0.9424422687672555,2,47
49,0.26829855559743265,0.7766005726237046,2,38
50,0.3089211951203967,1.101950044433276,2,24,0.9907675101081778,0.2631024621865329,2,41,0.2901240142316704,1.314371518790722,2,57,0.5880890677541483,0.3711854837365917,2,200
51,0.21460945439526782,1.5146774649620056,2,10,0.6030807068605286,0.6111701793140836,2,37,0.021443054475868004,0.26534614711999893,2,49,0.4014697326674965,0.3711765371263027,2,57
52,0.2457486254216064,1.281089677129473,2,35
53,0.2466751775516447,0.6990938722281843,2,148
54,0.056622212534386714,1.8088357065405165,2,28,0.23008186863499722,0.5942200664430857,2,76,0.30624965433092,1.341003273662768,2,95
55,0.266928506996182,0.9315436056682042,2,42
56,0.2455483066770858,1.007787789617266,2,35
57,0.024335991472970102,1.2815181195735932,2,20
58,0.21978307944760864,0.9883392235127891,2,41,0.621296367164332,0.3644888528129634,2,75
59,0.3189904820676086,0.8358506282855724,2,58
60,0.7172500448912019,0.2892945401725315,2,42,0.02552627511883993,0.8559301594893137,2,84,0.6233968741485945,0.313711604475975,2,189,0.535041313843104,1.3078924959356135,2,200
61,0.6531472938801473,0.16152635157108308,2,200
62,0.32081477742169845,0.7236074442448823,2,23,0.03641530346613585,0.9469502223165411,2,42,0.8992349409729121,0.440249224503835,2,48,0.025243585180175082,1.336569282743666,2,66,0.4452276837855314,0.4099294136870991,2,77
63,0.36797210147477205,1.096148248981027,2,34
64,0.37765269473674007,0.7395090609788895,2,4,0.032211744753734485,1.2313708193374402,2,70,0.1940848159668009,1.0261809177258436,2,104
65,0.14177227749233906,0.7083178432782491,2,75,0.49556333806154224,0.5444718511665568,2,126
66,0.31596718287909253,1.0879409401505082,2,27
67,0.20481116308973893,1.502881714275905,2,7,0.014066998698171806,1.1328044396180372,2,20
68,0.3054860464346065,0.95277412434419,2,90,0.44356115106703553,0.31101810620589687,2,200
69,0.2619440471545199,1.3281731456518173,2,24,0.12113685744314692,0.35552219722581946,2,47,0.04269871460083391,1.0700291352612632,2,103,0.6107021934293029,0.8316057771444321,2,129,0.6669265014962398,0.5511648997945605,2,182,0.10286301759255206,0.5889183514648013,2,200
70,0.29246334426800974,1.6476733684539795,2,8,0.017151027090731935,1.4046279887358348,2,20
71,0.33317631296129147,0.8844444287025323,2,59
72,0.17526990484857635,1.7763494292895,2,30,0.6371810491589386,0.28560141135345807,2,107,0.2127851792683514,0.30190006271004677,2,143,0.1648057404560442,1.4072044112465598,2,154,0.39152707481599175,0.395310476091173,2,199
73,0.26123228880984767,1.021146821975708,2,30
74,0.05716462062714127,1.072901037606326,2,22,0.2409280648436526,0.7040963432261051,2,153,0.7081746300745314,0.5597281379902617,2,200
75,0.6031335538892667,0.5721480215971286,2,26
76,0.038729373820343006,1.6255341512816293,2,14,0.3126625265928353,0.7050646394491196,2,22
77,0.4136634529340047,1.2696050054886763,2,17,0.15221415567059993,0.547322283188502,2,20,0.021607275606469266,0.292645921309789,2,35,0.9166342297980521,0.07636496932178304,2,173,0.2914204623329238,0.2396555515351119,2,200
78,0.20180818660368433,0.5246063665787977,2,133,0.0183762400808567,1.1693495213985443,2,137
79,0.5074187427163483,0.9084367247728201,2,26,0.06238389874844838,0.9434240886143276,2,54
80,0.25915591921768816,1.084345472710473,2,56,0.07826625802696262,1.1403047351733497,2,102,0.46065658365579754,1.0249865671684002,2,131,0.4777604864680115,0.2611614433319672,2,200
81,0.2343128986301751,0.3845474148790042,2,12,0.023230557867388573,0.6099575107747858,2,23,0.5761306204342815,0.7103460510571797,2,38,0.029080917608968262,0.9573618372281393,2,44,0.6344487910859434,0.6639742170061383,2,51
82,0.3082393512898398,1.3752069011811288,2,31
83,0.23296822231726771,0.9132801264524459,2,60
84,0.30224945724055946,0.735491645556909,2,27
85,0.5497346399094712,0.25632810736856154,2,93,0.08963741380264582,0.46224082651592435,2,114,0.5975350315050414,0.3014651100066575,2,158,0.39369462315479203,0.9113829022362119,2,200
86,0.2791607057458037,1.3550405129790306,2,16,0.4273801111532124,0.4069162905216217,2,22,0.030456065376558993,0.5896019861102104,2,30,0.9055209255233502,0.1306231518933823,2,173,0.2603163674520825,1.305079976717631,2,200
87,0.19953040946480083,1.1433492566263952,2,43,0.02347033530173312,0.951951401574271,2,78,0.34044397439296253,1.0806791659903854,2,151,0.0196282153786308,1.1601193593098567,2,177,0.26742593510809254,1.6270751797634622,2,200
88,0.19162160485135574,1.1704739252726237,2,15,0.01640480474024327,1.4170297384262085,2,20
89,0.23443290434552852,1.120086687367137,2,41
90,0.23356807289172388,1.0795526928820853,2,59
91,0.23911369059853227,0.6040816523812034,2,121
92,0.15887077363080226,0.2625881639122963,2,50,0.6719806388843153,0.18683176158982165,2,118,0.22602389514678023,0.8909485075208876,2,127,3.306788105524847,1.305154942549192,2,140,0.3245371796981587,0.6254342876374721,2,200
93,0.22416655919175668,0.7672532200813293,2,60
94,0.3443025122491903,1.17849668604987,2,70,0.23635582968859717,0.48431638148095874,2,115,0.21927406892888013,1.0173517188555758,2,186
95,0.20086905556421703,1.2733190930806673,2,26
96,0.1860428878713829,1.3036481205906187,2,56,0.34784276292600286,0.2765015494078398,2,88,0.8714271475318213,0.08702875726989337,2,200
97,0.20310743194481076,1.0689518355034493,2,148,0.28903567133000035,1.7458575546741486,2,168,0.7016683245267347,0.2185767707414925,2,200
98,0.28599892488071854,0.7337687757779967,2,53,0.319626033985521,0.2956630720259392,2,199
99,0.278559201132386,1.5921886887880836,2,101,0.033487001011206025,1.3025248234088604,2,114,0.3286127726406628,1.3455154611950828,2,156,0.8146790656432042,0.28633557056838815,2,200
100,0.37804064314196056,0.21154324841574304,2,159,0.15405071885694713,0.30696916580200195,2,200
101,0.30805822655629106,1.689057429631551,2,12,0.2696779362847726,0.29663289109101665,2,38
102,0.1822159901314208,1.0134330093860626,2,16,0.029654930500320753,0.7747349407937791,2,79,0.1627894851911056,1.0931081005505152,2,107,0.2602689921393645,0.4131684447156972,2,136,0.5783913662711624,0.4037596380803734,2,200
103,0.27493281556272336,1.6720490097999572,2,30,0.4533012848669746,0.15242744982242584,2,42,0.8098180684356738,0.1586401426970069,2,109,0.22377958863711112,1.3872951233025752,2,142
104,0.3188523011447872,0.9297560751438141,2,8,0.016639664173979135,1.126041293144226,2,20
105,0.9107114000846928,0.4315901957452297,2,8,0.03194508143597042,0.8516105569776942,2,69,0.23531213394657233,0.9409962548659399,2,199
106,0.3553467015917297,0.739779756827788,2,22
107,0.2558650114271023,0.9077676555206036,2,29
108,0.15199597916029386,1.6141943469339488,2,49,0.5964767652604437,1.1073651731014251,2,59,0.48844321069772145,0.4086275944050322,2,200
109,0.24847747551666968,0.9739808602766558,2,11,0.792323491496553,0.09300971329212189,2,31,0.04500795751164989,0.5824089960919486,2,49,0.6165623071936479,0.20451009273529053,2,123,0.047172701292687275,0.4934012860059738,2,133,0.6076199062178902,0.25140020829528126,2,200
110,0.31598711280306485,0.698843424136822,2,13,0.018826187295012568,1.2069975989205497,2,20
111,0.2685923563288756,0.8943809819848914,2,114,0.25786524967798735,1.385116171836853,2,119,0.02226359098882379,1.6332389911015828,2,128,0.20164154109925567,1.3868780215581258,2,143
112,0.7264087185394345,0.3658834894498189,2,6,0.015530358190665151,1.0919195754187447,2,20
113,0.35520605942242345,0.4850352227687836,2,5,0.0354177088594741,0.9011831377233778,2,75,0.30901602810783724,0.7091765701770782,2,95,0.799144319768845,0.08089087208112081,2,155,0.2808956954900323,1.3460258233050506,2,179,0.3585357351826256,0.2291719302535057,2,199
114,0.2330122516747962,0.7060920822976241,2,134
115,0.03506715588897126,0.8482891656458378,2,16,0.26494882533786496,0.837579285968905,2,200
116,0.25282299511452266,1.4904447360472246,2,11,0.4466234685941315,0.27461647484451535,2,171,0.10889697117276209,0.3530153426630744,2,200
117,0.4805255488452276,0.3926025703549385,2,22,0.32085177437217066,1.4170682926972706,2,46,0.35928188734956856,0.3267063377020152,2,138,1.4066466861250884,0.06434344716610448,2,200
118,0.2734526944569135,0.40563367869494094,2,106
119,0.24105717463263546,1.096243609081615,2,22
120,0.100287680778681,1.0015761023217982,2,55,0.7628576051431948,0.7664347887039185,2,62,0.6489841904256145,0.21314682792715667,2,181
121,0.21973258363855558,0.6231965038084215,2,62
122,0.2756446911578179,0.3048003867268562,2,20
123,0.2683965843257143,1.2646808985334177,2,52
124,0.2935432758707309,1.0386007964611053,2,60
125,0.2541209689620619,0.7083235992037732,2,92
126,0.2045612365279964,0.9465522911490464,2,82
127,0.6615318829654028,0.45117430562196775,2,43
128,0.7352601421241559,1.133642594019572,2,6,0.01562524290944419,0.7974578887224197,2,20
129,0.26183542367932794,1.4704609264930089,2,24
130,0.45638122210794957,0.7407094910740852,2,56,0.19691921173797888,0.6012173055148706,2,97,0.2163990168837531,0.2647769914531126,2,179
131,0.26409330985407453,0.9138114151915884,2,123
132,0.8028859563510098,0.07013552308082581,2,200
133,0.03694199694831971,1.359205174446106,2,20
134,0.08070687797749261,1.456875252723694,2,20
135,0.1833370508075637,1.0425351447529263,2,90,0.028050802140007425,1.3506525754928589,2,100,0.4225926145918459,0.7485977734128634,2,124
136,0.08094477618999513,1.1413497865200042,2,20,0.45029062871342934,0.3968534469604492,2,35,0.03711295330630601,0.6840385321913094,2,64,0.47954282622478694,0.21574867743512857,2,156,0.039585895704345314,0.5901433012702249,2,167,0.9603934184018477,0.161643807310611,2,199
137,0.3130546029871435,0.8623598077717949,2,34,0.8867641940873116,0.24445923051591648,2,93,0.12003718328919677,0.5730890660516678,2,124
138,0.8490903928232147,0.5371428887758937,2,14,0.023638147160814988,1.5547702014446259,2,22,0.5299224572776985,0.6389127214749654,2,37,0.018998310972128663,0.29491791035979986,2,53,0.35954359610431197,1.6634995085852486,2,60
139,0.20932472231500596,1.3626905122110922,2,31
140,0.23710677185386167,1.2141894985889565,2,116
141,0.19383590094139813,0.9336783501662707,2,76
142,0.2562135855901534,1.3373708248138427,2,5,0.015355059274405733,1.0719144423802693,2,20
143,0.1531092114050129,1.4705373167991638,2,10,0.014958432416612506,1.2311413168907166,2,20
144,0.27061866108348687,1.07973133193122,2,81,0.8561044242422488,0.13878662312446638,2,167,0.07989900868554786,0.5452403624852499,2,200
145,0.2855461642362837,0.378301782740487,2,72,0.9889126496202948,0.1677667498588562,2,144,4.344893466325783,0.15358075823472894,2,167,0.05934977979947321,0.4539884701371193,2,171,1.5462307538792641,0.20724228384165927,2,200
146,0.26701392118347345,0.7845390562353463,2,29
147,0.24747233847120978,1.1923157511470475,2,107
148,0.44871467302885815,0.3821077670081187,2,59,0.07034261526873639,0.8795034433233326,2,88,0.7899953824182949,0.07064849951050499,2,121,0.22654436420861243,1.0083172229620128,2,134,0.7456389751074654,0.05441350610025467,2,165,0.04978787597863461,0.431070077419281,2,175,0.26435420934605297,1.6045941305160523,2,200
149,0.23479867974485125,0.40281645953655243,2,8,0.014521239090751837,1.0024089415868123,2,20
150,0.24406194689332744,1.4943847826548986,2,63,0.02785682960024666,1.4707407815115792,2,98,0.917755693447588,0.08038831042482499,2,145,0.0617627870302909,0.6683111637830734,2,153,1.2218766705922781,0.12031112398420062,2,167,0.24879162529751547,1.671078237620267,2,178,0.7398346032244459,0.28214171122420917,2,200
151,0.2933579983407734,1.191799434748563,2,22
152,0.31986032718956153,0.6183170244611543,2,29,0.24678623580124232,1.102617967696417,2,113
153,0.30261572023517214,0.9335686063224619,2,44,0.06570107314922957,1.1791071072220802,2,60
154,0.22801972412349916,1.3385105340377144,2,46
155,0.29369193856539166,1.0804393887519836,2,6,0.015585403341361152,1.3087084548813956,2,20
156,0.28831249135910364,1.0823871445011448,2,37,0.4693330566224853,0.17436865883715014,2,122,0.025177256090025725,1.3382830023765564,2,130,0.16664267316754539,1.0841806077957152,2,155,0.03376141727889672,0.7196032688731239,2,197,0.7619279894603392,0.9348516464233398,2,200
157,0.24700651467584134,0.6317734171946844,2,18,0.03501370262027187,1.2989777644475302,2,48,0.8414786909245713,0.15225811302661896,2,76,0.019007011131505106,0.9935079746776156,2,85,0.8256143541264325,0.8737714290618896,2,95,0.22307732857880957,1.7169013261795043,2,105
158,0.3224421397770907,0.741601899266243,2,24
159,0.258337849236005,1.2396999326619236,2,22
160,0.2575603920265649,1.0223593788762246,2,31
161,0.24550173049039306,1.2353777567545572,2,30
162,0.15675247411035595,0.8126362216472626,2,150,0.23273383954701,1.2208705639839172,2,200
163,0.6216299992652813,0.6134007402828762,2,7,0.015379663457925182,1.043855635019449,2,20
164,0.04599267366663528,0.7640162198269953,2,61,0.7754130574400661,0.5039731647287097,2,68
165,0.22260393859913943,0.9538179226219654,2,32
166,0.24720595697348308,0.9309822261333466,2,20
167,0.24585276377920373,0.5972043794970359,2,31
168,0.29292758276166275,1.561448129018148,2,15,11.260596276715765,1.9713226448405872,3,26,0.5613007922246352,1.5882766445477803,2,44
169,0.01892149834463254,1.211446112394333,2,20
170,0.017503797177471768,1.0911879181861877,2,20
171,0.017405871084944336,1.0834439128637314,2,20
172,0.019089015258803098,1.2039152473211288,2,20
173,0.016874068396471282,1.2111251324415206,2,20
174,0.01608070925703016,1.100042489171028,2,20
175,0.017362821168967934,1.112530732154846,2,20
176,0.4207137269495591,1.0098701000213623,2,20,0.02345880879109548,1.5822076797485352,2,28,0.3571140162199147,1.0172660112380982,2,33
177,0.015640086958555097,1.2838987112045288,2,20
178,0.31558627458954064,0.7746752354563499,2,49,0.44496675558715376,0.32974385087904723,2,164
179,0.2865727625893512,0.6066516267090309,2,41
180,0.18450091378468345,1.2076148867607117,2,20
