0,1.266666067807798,0.06764077336380356,2,152,0.17071080879255848,0.32090416103601455,2,162,3.444475140127694,0.12617293431570656,2,200
1,0.7675906021500745,0.07353745033479717,2,73,0.19549548024564498,1.3427294785121702,2,126,1.2359429592343547,0.040686662106410316,2,172,0.2229560858115286,0.2917642978330453,2,184,0.25566179941956163,1.3347059190273285,2,200
2,0.38376004430878297,0.596632719039917,2,23
3,0.25310185451869505,1.040602785168272,2,33
4,0.21008530094514496,0.6731381867572946,2,106,0.18059450354597092,0.9854698605993961,2,200
5,0.4045046470435379,0.30559704921863695,2,54,3.9870620330692548,1.4960658232371011,2,69,1.1133085949696757,0.10309004461443103,2,106,0.04320901544263037,0.6422741810480753,2,154,0.12903757644629554,0.3104383945465088,2,158,0.9435120786418282,0.05746646651199886,2,200
6,0.35058353435096096,1.2600513796011608,2,36,0.022145677431023338,0.9644838333129883,2,71,0.9906595945351716,1.1995032808997415,2,82,1.0164826768397974,0.18785800163944563,2,118,1.7527311941147385,1.6147855032574048,2,140,1.4635000686740385,0.27071524504572153,2,156,5.3558244874073635,1.4457450211048126,2,168,2.610570079968443,0.4795437064021826,2,200
7,0.02434195892510521,0.7894465908408165,2,20
8,0.06169776195965243,0.5069738447666168,2,10,0.6603021714909432,0.25127044022083284,2,30,0.040457669550457896,0.9956224455552942,2,47,0.33220197841385807,0.8923747977789711,2,81,0.07339566860247727,0.3340756075851845,2,114
9,0.34212755234692965,0.2078029058045811,2,18,8.06703816167989,1.9034760323437778,3,106,0.054754684538637105,1.1834527651468914,2,109,9.345777905951422,1.9606795360644658,3,157,0.46930061760436,0.8708915221829747,2,200
10,0.52377549009982,0.1252030640020283,2,109,0.035586947535017954,0.9256486250804021,2,200
11,0.17994188871386257,1.009899468421936,2,25
12,0.35031220080273445,1.044978830549452,2,9,0.016724920692633753,1.3230759620666503,2,14,0.2591152490710587,1.4100682843815198,2,36,0.878894939050985,0.15009606778621673,2,61,0.3167297438386337,0.8817423866238705,2,147,0.07416516799967525,0.6054427338683087,2,170
13,0.35833240815616385,0.254582313199838,2,66,0.03854950027654024,0.8382999323881589,2,92,0.023212137056315085,1.7250226239363353,2,104,0.307235747313009,0.40836925191037793,2,138,0.4058756047371452,1.3102314105400672,2,164,0.7689876991023947,0.102209134535356,2,197
14,0.16567400359322554,0.8422507376506411,2,29,0.031413351874172456,0.604977781122381,2,51,0.46609256561535495,0.4881854315598806,2,81,0.022616285548854014,0.8483094954490662,2,106,0.31296018561195527,0.7341202944517136,2,110
15,0.20883280823093486,0.7068456808725992,2,39,0.7216961370483445,0.12428678097203374,2,199
16,0.20519282599777489,0.6738583895293149,2,55,1.9699779489135072,1.8755185636314187,2,129,0.24071574699557685,1.5638373749596732,2,136,4.413725662995369,1.8875769898295403,3,200
17,0.2530580726904058,0.7447229410117527,2,53
18,0.25297858006297613,1.2329331278800963,2,20
19,0.5829618362439225,0.34206689188354894,2,38
20,0.05021623355551107,0.9403432183795505,2,90,0.5026568320928558,1.1714531481266022,2,104,0.8742049146982719,1.6295496875589544,2,126,1.3135149115879021,0.3053952833780876,2,139,0.3247034743374334,0.3313473808268706,2,199
21,0.5054137611328923,0.5333833992481232,2,25,0.09042533906693381,0.8619429216935084,2,51
22,0.38668992705824595,0.7905706820033845,2,21,0.7610408505234288,0.11088443056839269,2,62,2.9906097240335634,1.7964554798035395,2,83,0.12554628262735273,1.3655991156895955,2,86,7.939723328434313,1.7696456374793217,2,115,0.5574858195762256,0.38866661421277304,2,137,0.2928831199003933,0.9162794505727703,2,195
23,0.10570964035384853,1.093377340514705,2,53,0.14532434561800728,0.5397964775562286,2,68,1.1982580231787747,0.10385475852168523,2,120,0.19923955809773974,1.5018814206123352,2,130,1.2219806324398461,0.04605705482619149,2,200
24,0.1088901124870583,0.9327637381023831,2,45
25,0.22099571707262713,1.2212152842964445,2,56,0.04783643462684205,0.7963317729705988,2,99,0.862611088719954,0.06536658004959031,2,200
26,0.24533984262793374,1.4795422370617206,2,13,0.3402574760759969,0.6773227751255035,2,52,0.28020604368437557,1.7180739215442113,2,66
27,0.018570426589327525,1.1868517428636551,2,20
28,0.26462138285303394,0.8880990278830222,2,109
29,0.2673156425729262,0.6517209800084433,2,75
30,0.13805779458739026,1.6873530666033427,2,30
31,0.6934069696028308,0.17555474241574606,2,54,1.6485799102267635,1.697228407158571,2,88,0.895677855891118,0.19770571720950744,2,156,0.11221395506856574,0.7389399835041591,2,170
32,0.1892967642077798,0.8836390048265457,2,60,0.6111620861981228,0.16391985601670034,2,134,0.26683406934301673,1.1481936074591972,2,171
33,0.6891175444520294,0.19116825898808817,2,62,0.22847242048169392,0.721266233921051,2,127
34,0.22199453717828055,0.9153990374671088,2,45,0.7266697407365333,0.211715605470442,2,200
35,0.3187567750342024,1.5098292787869771,2,30,0.09125677893489598,0.4088320101682956,2,43,0.3103858322789223,1.7446785122156143,2,51,0.0266705398912802,0.2140374287315037,2,74,0.519846003423847,0.13599780284696156,2,128,0.24790425057132814,1.1180240374345045,2,141,0.4720691524191055,0.18078325864146738,2,175,0.07783555945505558,0.3646753678719203,2,199
36,0.24514738475532427,0.7587026639117135,2,36
37,0.34775799986650363,1.2668200863732233,2,27
38,0.05956250699418931,1.027665672333617,2,38,0.6170550910335949,0.14822717783627687,2,146,3.5512747152194195,1.7986121007374354,2,174,1.9956499940256056,0.48960253309745055,2,200
39,0.41684186827875,0.6101850538418211,2,87
40,0.10551520411551918,0.9077919308955853,2,26,0.317829860716478,0.9351937825029547,2,147
41,0.3880754770030286,0.9343865619946833,2,73,0.0410320892495825,0.5796955234330633,2,119,0.5873381841987532,0.7486416674577273,2,145
42,0.05326017172644046,1.3238680236614668,2,26,0.1699121322070791,0.3576404641071955,2,71,0.7413556226551631,0.3013015161542332,2,156
43,0.3820080558429825,0.9213511564514854,2,11,0.01845675675542888,1.2051231728659735,2,20
44,0.6937337106101136,0.3354697972536087,2,8,0.01587222558592957,1.233994593222936,2,20
45,0.45416255382261317,0.14791305139660835,2,100,0.029292095854729618,0.44586528680826487,2,157,0.8769866201539063,0.14145796885713935,2,189,0.04849262313473055,0.7822338992899115,2,200
46,0.4058064261896649,0.2176120898896648,2,62,1.2288611788637562,0.24188081306569717,2,79,2.0591013803846683,1.4128014727642662,2,98,5.651679438562294,1.7100577641137038,2,177,2.4647315151449742,0.5812652078659638,2,200
47,0.2137401282418592,0.6448966149579395,2,44,0.026131832690328635,0.4245537146925926,2,52,0.8378338653744128,0.8681712746620178,2,62,1.224201277796546,0.040748828995055046,2,200
48,0.26335955504405134,1.047038957476616,2,24
49,0.5466742185108291,0.17072533947580001,2,17,0.027791347037361882,0.3360420733690262,2,22,0.725986245663641,0.11831556691935188,2,60,0.04023036728645434,0.32526179403066635,2,64,1.368400755123582,0.07285645957720482,2,123,0.7033558097281382,0.37549711763858795,2,126,0.025993975540020888,0.8462602943181992,2,130,0.7182932202265123,0.44792580766522366,2,176
50,0.1252634322302873,1.1872030703917793,2,23
51,0.3019281156304647,0.6149912412501564,2,121
52,0.054176630710889,0.48805809319019317,2,20,0.021215888736220434,0.820513129234314,2,25,0.2635643132308514,1.0726700648665428,2,105
53,0.17298065964730774,1.3792188891342707,2,28,0.7553035960414407,0.12964739794271035,2,85,0.08472172227090627,0.26584074199199675,2,90,2.5425530614366587,1.8477391458693004,2,111,2.3414484131919187,1.0580547330901027,2,175,1.6686446085790874,0.14682113826274873,2,200
54,0.40631184055809705,0.09906696100704006,2,61,0.24887868785535414,0.91575465294031,2,87
55,0.05951727061051571,1.0340751040549505,2,21
56,0.20319821552918083,0.49986756667494775,2,40,0.6148284567487877,0.4756632016764747,2,85
57,0.9275003361328592,1.0350149075190227,2,3,0.013129781158614474,1.1421112383113188,2,20
58,0.5664285334189205,0.5230739757699786,2,53,0.2670210273134217,1.175539540393012,2,81
59,0.7824265391441966,0.27096306728689296,2,19,1.6723094746194391,1.7607786996023995,2,26,5.22876747188022,1.8886897967142218,3,94,0.02641820465877701,1.1115878343582153,2,99,0.7715175708759114,1.161277942797717,2,116,2.3758803481722137,1.895638304097312,3,130,0.0793034691224655,1.2816032469272614,2,134,6.876323013406947,1.9451287526350756,3,147,0.3106130310597213,1.3481196761131287,2,151,9.52204076233803,1.8963011722175442,3,200
60,0.1800220703844494,1.1141467445935958,2,78
61,0.3095536811492551,0.33143430948257446,2,6,0.015016473228317513,1.0909268174852644,2,20
62,0.2853975175988583,1.2383250669999557,2,55
63,0.27473317715076817,0.5524608372495725,2,52,0.017486740362731165,0.7624344031016032,2,58,1.1254319662439534,0.9859544038772583,2,61,0.9984496264790129,1.2951641082763672,2,68,0.08704651017595331,1.3451731503009796,2,76,1.6950269535578266,1.8338738812340631,2,139,0.047148180986592896,1.2223708868026733,2,144,4.993802741139355,1.8518184158537123,2,162,0.030491993242913584,1.1232368350028992,2,166,5.21821231615785,1.8722923643448774,2,183,0.021315268859200293,1.1918608903884889,2,188,9.085210253950539,1.911146601041158,3,191,0.022569206623632477,1.233884072303772,2,196,2.8224813815037684,1.4538424909114838,2,200
64,0.2269826843616393,0.9166986923664808,2,32
65,0.20966814902317377,0.842872751386542,2,114,0.919679475017888,0.12945952457050944,2,200
66,0.28009439411315673,1.0386565032601356,2,200
67,0.40912632058729204,0.4677689790725708,2,15,0.016741839973423787,1.077344536781311,2,20
68,0.30656107181832654,0.38858633077874477,2,49
69,0.45748627304994904,0.7225223388522863,2,32
70,0.3299827200595441,1.15562744140625,2,20
71,0.27326518367436997,1.2754608616232872,2,24
72,0.25289142534619546,0.813065767288208,2,4,0.014738050117330197,1.0823209956288338,2,20
73,0.4222610484048195,1.169908385122976,2,31,0.03075405297901989,0.4998270869255066,2,39,0.2592707022261177,0.264458217471838,2,59,1.451812249587505,1.4019560098648072,2,69,1.0789859227067857,0.09515183418989182,2,121,8.21522798948505,1.4466983449870143,2,150,3.3779401441322694,0.05396955221891403,2,200
74,0.27724611424367096,0.9700840191963391,2,39
75,0.22746773994368563,0.8099911556405536,2,59,0.020209541823172736,1.035133536372866,2,87,0.2969584611254807,1.0458801026196825,2,184,0.01930652607415432,0.4563041012734175,2,200
76,0.07099816429720372,1.0270440459251404,2,10,0.7765902925049184,0.8710616093415481,2,36,0.266250536687375,0.8147374592548193,2,122
77,0.4106429435056039,0.723854424059391,2,40,0.23181631521211438,1.4067647319573622,2,66
78,0.0745470980107389,0.6337820515036583,2,8,0.6403999409300828,0.717802471584744,2,62,0.028654763964350183,0.6090610343962908,2,94,0.14110163012282434,0.9550759899947379,2,166
79,0.30880667726809263,1.03251688554883,2,48
80,0.1387014664045576,1.0093768328428268,2,20
81,0.3507321287908012,0.7650398597121238,2,40
82,0.5874569352849146,0.4185277307178916,2,41,0.021810868988251266,0.6763376494248708,2,50,0.7089314198177752,0.320082694969394,2,94,0.14244411651156175,0.9283398619064918,2,107,3.1865358617842676,1.3470678601946149,2,142,3.1966495559647776,0.07570302486419678,2,200
83,0.2522265333419029,0.9867362380027771,2,20
84,0.27807336679523537,0.9758608950508966,2,45,1.3001522148636995,0.12153557444160634,2,155,0.04071246912932907,0.4010622033051082,2,169,0.6976130426435093,0.13526567410339008,2,191,0.07608107641617275,0.8971942588686943,2,199
85,0.36724290165054474,0.8589232166608175,2,18,0.057044707997151126,1.101576074173576,2,37
86,0.3057070447905197,1.2380039548873902,2,50,1.2261390808115162,0.8865121858460563,2,64,1.319849172656562,0.11983762042863029,2,92,2.7541890708312424,1.4738569718140822,2,105,1.2929654674360915,0.8648782769838969,2,108,0.0558181482972108,0.8304531717939037,2,164
87,0.1950505093152524,0.6591508608311415,2,40,0.32301010003354524,1.4950530712421124,2,66,0.7692735119120068,0.19602321132141,2,100,0.20459367549242194,1.185735026995341,2,103,5.293127122120448,1.8819931167917154,3,200
88,0.5054010173175653,0.790006952441257,2,46
89,0.3055388730452179,0.5884476988248422,2,142,0.025664375306818834,0.6798501225078807,2,159,0.3407411002344781,1.1295606072356061,2,200
90,0.626844128822044,0.8574145634969076,2,3,0.01524667180497796,1.083167882526622,2,20
91,0.40385233373875423,0.8218972090181413,2,91
92,0.2995823639964212,0.4717302835649914,2,18,0.5754145743203503,1.2948270440101624,2,43,0.030456223587531715,1.1864999055862426,2,48,0.9196147104437014,0.14388417624510252,2,100,0.9740038285801244,1.6388116174274021,2,145,0.19270087157673138,1.4784280141194661,2,160,0.10161097823234745,0.8826705574989319,2,190
93,0.2691941119771301,1.2648102678358555,2,32,0.5897026552145169,0.5484796828693814,2,50,0.019161025711824514,0.8952736757897042,2,87,0.5406424822461426,0.5045149358255523,2,115
94,0.24942365586988305,0.8793153935008579,2,90
95,0.5134910782844135,0.7533939875986265,2,46
96,0.021033861557535657,1.4008233547210693,2,5,0.25848137517686703,1.2961433023776647,2,58
97,0.27335944471468154,0.878347619175911,2,200
98,0.40011524907655976,1.0509891592223068,2,29
99,0.2835805033281287,1.1583470521971237,2,43,1.0205534663626552,0.07756486747946058,2,64,0.2581804071520407,1.1411610841751099,2,79,0.8631914867296209,0.08193131092982957,2,158,1.9651779702216725,0.029732894329797654,2,200
100,0.25559078073371777,0.9613831681264958,2,71,0.17457449067111988,1.4852850437164307,2,75,7.125258225208757,1.93965163898468,3,200
101,0.9796738632042942,0.11537690876195064,2,104,0.47959603515909,0.2063960075378418,2,114,0.3827162523998914,0.9634437300264835,2,146
102,0.3001390487694546,1.4037321976252966,2,28
103,0.3879357046494888,0.6560862768780101,2,11,0.04652709233675701,1.4660216331481934,2,36,0.7764552251206952,0.08022414020129613,2,176,0.06493754504688984,0.7194279047350088,2,200
104,0.4383708388497475,0.9807775246130453,2,37
105,0.2992309136447623,1.0553884473111894,2,36,0.75287636436785,0.3890890443325043,2,61,0.14424714361583216,1.3315813037065358,2,87
106,0.22312965595686815,1.1532458829879761,2,25,0.43093869973882787,1.796224296092987,2,53,0.3933907215800769,0.29022034506003064,2,62,1.4445319691480958,0.0947766071860341,2,200
107,0.32498264583827347,0.8580102871875374,2,49,0.023345832326706447,0.6441831191380819,2,61,0.9220655924853016,0.13072606697678565,2,101,0.21877349587129796,0.6261517265811563,2,133,0.038866244142547905,0.7261077804224831,2,147,0.6106698570536891,0.08992414889128311,2,170,0.11836988451209024,0.23200808465480804,2,176,0.02511050827987516,0.8816381922134986,2,189,0.28609279736113624,1.2691825411536477,2,200
108,0.2574141553346208,1.1612152631084125,2,48
109,0.2657294701417842,0.8267265260219574,2,20
110,0.26122623886082724,0.5037992861001722,2,62,0.6000254773882069,0.5920231118798256,2,78,1.0295785958443964,1.7093707042581894,2,95,5.2880270688753015,1.9477848972593035,3,200
111,0.24551344523097213,0.8167986627352439,2,59
112,0.7591071958283934,0.8543130585125515,2,14,0.022254315218890135,0.9760300715764364,2,20
113,0.2622538820487284,0.9388282942771912,2,100
114,0.38485056201904444,0.9364601174990336,2,12,0.034614366423649345,0.9627953147888184,2,37,0.3093495493660109,1.021326766959552,2,66
115,0.31305081344561697,1.4150752056212652,2,21
116,0.2487269687336209,1.0807045918923837,2,27
117,1.1349935010089993,0.13797848552897357,2,69,0.1316220437451157,0.5359969079494477,2,84,5.798825394195419,0.1182469367980957,2,89,0.4069595212173305,0.37661935732914853,2,102,4.364170076199999,0.1272747560727353,2,200
118,0.02106802582310086,1.3881447732448577,2,20
119,0.28426963160745117,0.775178229266947,2,22
120,0.2897171175988179,1.1832991101239856,2,38,0.08049205288365438,0.7616744976152073,2,82,0.03769995472275865,0.40988904876368387,2,96,0.9630401256345992,0.11540594696998596,2,119,0.10675557839306055,0.34609599837235044,2,133,1.0408898671166276,0.08920535196860631,2,169,0.2907440362120777,0.3965019103019468,2,200
121,0.2297331904902175,1.2333609925376043,2,9,0.01588629586837791,1.277477340264754,2,20
122,0.3419228566641549,1.0655326979855697,2,48,0.08585846356303194,1.2130313573345062,2,79
123,0.19736993021718294,1.0240183093331077,2,11,0.02773111392981752,0.6432492674692817,2,57,0.12507228474537335,1.0981456211635046,2,71
124,0.2663740390325883,0.6789997503871009,2,21,0.2302464421909792,1.2840178106084217,2,200
125,0.2374160551804082,1.2082702827453613,2,25
126,0.19317701460583128,0.8710898160934448,2,17,0.6001780407432955,0.3095348437782377,2,81
127,0.31434964974624174,0.9920088736848398,2,44,0.0420254670979086,1.001868670369372,2,125,0.7664172263545861,0.1341868750254313,2,200
128,0.3011056475792187,0.9278511142730713,2,25
129,0.2783727002187711,1.1906158072607858,2,28,0.8900716760313778,0.47330164821708903,2,62,1.0780107686170384,1.7951969718933105,2,137,0.020110886828352076,0.9721100926399231,2,163,0.2599861881496445,1.2236019340721336,2,200
130,0.16829076381192545,0.8579363083017284,2,29,0.4747642321000428,1.1041858077049256,2,39,0.7619552645465241,0.11238162964582443,2,57,1.2955216799139997,1.845189972927696,2,76,0.8928014586699021,0.4560593543574214,2,92,1.473640014215407,1.8347613302866619,2,167,0.7399336220404119,0.40849369764328003,2,178,0.05149332889436113,0.43594954298301175,2,200
131,0.33544670236365925,0.6734148891348588,2,57
132,0.6555485378334345,0.29222090201718465,2,35,1.7659704763557242,1.6696957151095073,2,41,0.03609822261421208,1.1291966835657756,2,44,5.496445357661049,1.7625994171415056,2,58,1.7566571191292866,0.6619466543197632,2,76,1.7304861792289994,0.07301283086980542,2,200
133,0.3151376669793114,0.6928660819927851,2,96,0.04613692697640161,0.8291921205818653,2,112,1.0130694050857003,0.433029230684042,2,168,0.3162004777070636,0.5445404537022114,2,200
134,0.4000035496466837,0.8855089302672896,2,43,0.08250425021430874,1.0331961104744358,2,62
135,0.47065057408910277,1.3239989578723907,2,8,0.01685943318982806,1.2734324634075165,2,20
136,0.21140595504663653,1.076245716324559,2,27,0.02446232602335775,1.1419400109185114,2,36,0.3625632075153528,0.8812412567554958,2,99,0.024900102435645412,1.0144543981552123,2,124,0.5007422151183044,0.15737791942513507,2,147,0.1817255250944359,1.1762190045050855,2,200
137,0.4864058935426224,0.31687314435839653,2,32,0.044921017824107484,0.7187098438541094,2,56,0.6794211325911365,0.6674555718898774,2,66,0.020660821738851035,0.7003397822380066,2,71,1.8411525469625365,1.8154495027330186,2,107,1.1937952501550775,0.8047116610311693,2,138,1.983711854151675,1.6391764708927699,2,145,0.025667039962399475,1.0759758949279785,2,148,2.59449695330707,1.756408726175626,2,172,1.4802001356376782,0.1423188050587972,2,199
138,0.24824299974642555,1.1483957767486572,2,5,0.02313916888745449,0.79384629180034,2,29,0.26000924841878276,1.2720796108245849,2,44,0.022481805067728733,0.8003411491711935,2,68,0.3226899655464907,0.685119662966047,2,103,0.050727759964266504,0.5362911373376846,2,125,0.3815790814892104,0.7437423992724645,2,146,0.2812907387334404,1.3614704934033481,2,157,0.021057295895865646,1.311706467108293,2,168,0.2615953761841285,1.3901252262294292,2,200
139,0.2060897301739849,0.7602060116254367,2,13,0.018370017813831876,1.0836094958441598,2,20
140,0.026975323792136272,1.2207530975341796,2,20
141,0.3203708000634125,0.6271877288818359,2,7,0.030559168596530784,0.6943291381553367,2,61,0.32143236665636366,0.9003987541032392,2,147
142,0.767989290502387,1.0549411177635193,2,20
143,0.4255816175376559,0.75390590209028,2,46,1.1301025555270683,0.07163771159119076,2,64
144,0.2824321054779045,0.9934407983507428,2,14,0.016893392134637496,1.143776575724284,2,20
145,0.36632235361127685,0.8283442124724388,2,40
146,0.6346495422495998,0.18029698729515076,2,8,0.22683142241986098,1.4015515919389396,2,37,0.8700995544567105,0.12236519902944565,2,65,0.04349550245719823,0.3213125169277191,2,70,1.1224723737583482,0.11713807947105831,2,133,0.23286298976176903,0.3090039129768099,2,168,1.0978214206048567,0.12269299803301692,2,200
147,0.22162324802365024,1.7835649013519288,2,5,0.014063213208457673,1.2014242609341939,2,20
148,0.270916866828118,0.8836352014750765,2,114
149,0.25408607409264466,0.5160156750473482,2,58
150,0.28479818211790786,1.0459257105986277,2,60
151,0.271425411034677,0.9518063267072042,2,3,0.014917514506954253,1.074438147685107,2,20
152,0.25823795593313037,0.9029037698932078,2,87,0.46410387029930517,0.4513017021310635,2,165,0.02862253358384391,0.5473582334816456,2,173,0.7375098921935022,0.16500684160452622,2,199
153,0.07091640251007215,0.7576793713229043,2,35
154,0.20238050813161276,1.1632985260527013,2,59
155,0.31080633709415456,0.5798119496731531,2,105
156,0.19818194837402442,0.4142952839533488,2,15,0.01611116698351944,0.9239100933074951,2,20
157,0.3106161380927033,1.7398993810017904,2,15,0.7517078522344917,0.33843913091265637,2,38,1.1166249609658925,1.442428625546969,2,64,1.8362474465417158,0.20380186438560485,2,79,9.845936806491483,1.7893244641167776,2,114,0.09829077234131303,1.0869256854057312,2,118,6.411362383077702,1.7798563420772553,2,138,0.09898845808886197,1.1928761005401611,2,143,17.04462457021168,1.8984489142894745,3,147,0.09537043154375034,1.0516422589619954,2,150,16.34611499387893,1.8558526635169983,2,154,0.9866850152161523,1.501035749912262,2,170,0.28444269888347595,0.8839992682139078,2,179,7.978186863692018,0.18413611288581574,2,193,9.987294703219467,1.4751239674431937,2,200
158,0.7659248598544781,0.38698776960372927,2,10,0.02877851281032572,1.2094148776747964,2,32,0.44169917473368686,0.4850496230646968,2,48
159,0.22514218700900404,1.0552938325064523,2,14,0.016722436786741138,1.1710471510887146,2,20
160,0.27756196241480735,1.0081910581299753,2,66,1.631906987628869,0.13560879631684378,2,92,0.13353775576473859,1.8006912271181743,2,104,0.6230621166372694,1.360600984758801,2,158,1.647795819323474,0.19094325779449373,2,200
161,0.18134499313408894,1.252937029784834,2,71,0.02403293784727368,0.9996572070651584,2,89,0.24467008809993576,1.1948461844807579,2,173
162,0.5270625731977338,0.7653949393166436,2,9,0.03265044408373149,0.9257060787257027,2,94,0.30847493473869847,0.3457087427377701,2,120
163,0.6596480954708677,0.3261034214182904,2,19,0.05674705264559025,0.6795036643743515,2,41,1.095669438855012,0.07823978281683391,2,77,0.4068965840443716,0.3514217808842659,2,81,0.22618559001843405,1.054351437900026,2,199
164,0.30930417413877886,0.9434124678373337,2,44
165,0.18423888013866058,1.4487761837063413,2,33,0.03540169251072536,0.5755499005317688,2,42
166,0.13759423254422226,0.9225919485092163,2,10,0.014768681313346934,1.136170494556427,2,20
167,0.666404589167011,0.13519477979703384,2,55,2.8887757466816084,0.047696528335412346,2,79,0.27087099801019393,1.0198844373226166,2,93
168,0.27933338367251065,0.6919633767434529,2,28
169,0.022925645961863708,1.213853019475937,2,20
170,0.28783436592721123,1.6601910491784413,2,12,1.240542946215086,1.8269472368179807,2,138,4.377756152841336,1.8240173821355783,2,189,0.5150518362269628,1.6212541731921108,2,200
171,0.5614807661521416,0.21384346793437825,2,29,0.2727650881490889,1.2694835446097634,2,62,0.4487672684945872,0.28012100489516006,2,100
172,0.21118742874676733,0.6633679887583089,2,86,0.8470625896995524,0.4139968305826187,2,118,0.06460270018149812,0.610647451877594,2,123,0.8986837250650777,1.745574338869615,2,145,0.9058274927776486,0.18953196704387665,2,174,1.4030182762397805,1.4699270908649151,2,200
173,0.03932455606859824,0.733560137450695,2,8,0.26241447831323167,1.206197650045962,2,45
174,0.28668280089244746,0.7360589201899542,2,138
175,0.2958145753911764,0.6639354472810571,2,22
176,0.23854711992777755,0.600207174544806,2,91
177,0.2938053572558004,1.0512047839719196,2,43
178,0.31493631738765626,1.2355074201311385,2,14,0.020519410641773667,1.3233714699745178,2,20
179,0.2893706813890688,0.7070280666704531,2,54
180,0.6118684968407818,0.9468684315681457,2,5,0.013927183714949838,1.3040321350097657,2,20
181,0.016022161173094178,1.112474226951599,2,20
182,0.018552600792456606,1.1900570183992385,2,20
183,0.3323084801147779,0.9368647813796998,2,10,0.02324187457018192,0.6937316805124283,2,26,0.4042402057668297,0.23048492024342218,2,38,0.023881055730291853,0.8861455877621969,2,53,0.5518225097570302,0.32683755282093496,2,138,0.14794134584174914,0.3394704759120941,2,144,0.08280986359445253,1.2561161301352761,2,155
184,0.1931652491915702,0.8396922804060436,2,21
