0,0.2775275810460297,0.22357772978452536,2,13,0.0173776393324301,0.9654787267957415,2,20
1,0.6274601521456435,0.28920269486579026,2,22,0.05155075975841763,1.024910602499457,2,56,0.37152423452312633,0.2516012266278267,2,78
2,1.702552628239548,0.07819755934178829,2,56,0.028669746914081282,0.43460462656286025,2,74,0.2944077126150472,1.2656718841914474,2,132
3,0.2118422337104224,0.3407200739571923,2,19,0.8274402167952585,0.09296579295542182,2,60,0.23301023417736594,0.5334653705358505,2,66,0.24027679793208892,1.0064048195878665,2,162
4,0.24072802966304763,0.9644155610691417,2,88
5,0.2537350351983062,1.0586684211607902,2,62
6,0.06039811576072813,0.51019726080053,2,17,0.4583325318197207,0.33821946680545806,2,37,0.04444328082738547,1.0633211533228557,2,73,0.40387574570642265,0.16236788630485535,2,88,0.05704889937077648,0.25808906704187395,2,98,1.1090272467369908,0.09925657052260178,2,124,0.07150198058991653,0.38769389959898864,2,135,0.6798165028330321,0.3343127388220567,2,200
7,0.18170455157004012,1.1443282518631372,2,39
8,0.02069928389372985,0.7760084867477417,2,6,0.20582721616441402,0.9623691880184672,2,29,0.03143776266083538,0.6399041093312777,2,55,0.37249431145775563,0.9698784181049892,2,62
9,0.30514259035448954,0.832269515310015,2,21
10,0.2636949534891104,1.2516320480240717,2,18,0.2097415403532554,0.6789406115358526,2,73
11,0.23883613926012237,0.6068568331630606,2,38,0.8227183152906414,0.16069442420094102,2,200
12,0.3125638803284204,0.7267854595468157,2,105,0.046965368444235135,1.0166685700416564,2,140,0.9793316292802081,0.10734105507532755,2,200
13,0.279630355725246,1.059724319548834,2,84
14,0.5419698789243921,0.14373182817812888,2,31,0.02552111201940485,0.6479361727833748,2,47,0.4767180549199974,1.3867363589150565,2,54
15,0.3326244767868509,1.0278522484004498,2,32,0.027541433867551875,1.2644871075948079,2,41,0.8272889755663471,0.23309968944106782,2,69,0.2430486429534357,0.43140993206887635,2,106,0.2911157641845837,0.8913359570503235,2,181,0.02464335224037749,1.0283986643741005,2,200
16,0.25385720341103796,0.9976009899570096,2,62
17,0.36894381903449436,1.2417754715886609,2,58,0.7274763373011875,0.2943944132453959,2,200
18,0.032838421804785245,0.8385100875582013,2,14,0.22040932113209472,1.0798498317599297,2,30
19,0.3706337543916696,0.56564071561609,2,49,0.022974313656730402,0.7205661336580912,2,58,0.7127310255934641,0.15172463655471802,2,158,2.8637584544270602,0.07523281801314581,2,200
20,0.2172295167369988,1.2531025142085797,2,49
21,0.07251246577879132,1.719804742119529,2,11,0.3123135013780081,1.237971305847168,2,14,0.5445023905598602,0.18119991558884818,2,77,1.8878301734582195,0.2031169063769854,2,116,0.15261937858131702,0.3014336824417114,2,135,0.7095732479285715,0.06904315268215926,2,181,0.9790821166914433,0.809470364025661,2,188,0.06070806778663684,1.1477093994617462,2,200
22,0.22570601068870702,0.754946523369887,2,156,0.020261088896060996,0.7237447619438171,2,171,0.19028871288666838,0.8074352622032166,2,186,0.059538449711318206,1.5120783494069026,2,199
23,0.20251652937132714,0.6806725988071927,2,181
24,0.22619595682219445,1.108568787574768,2,13,0.017414904838608844,1.0620297363826208,2,20
25,0.04604681116991771,0.9462472915649414,2,15,0.2957254883174146,0.9171055400813067,2,42
26,0.21713434472169232,0.8954919484945444,2,13,0.018343450027843208,1.0741010052817208,2,20
27,0.14459103905330212,1.2245450496673584,2,10,0.014551661889847302,1.1525593161582948,2,20
28,0.27302868429164223,1.0802007748645805,2,159
29,0.27797996775751205,1.216122031211853,2,40
30,0.2184175129984299,1.7857823882784163,2,28,0.2794267131564136,0.9098615396854489,2,71,0.05049147995994269,1.0999800932628137,2,125,0.5093132558794574,0.2407820141659333,2,177,0.362799025681098,1.070055203512311,2,193,0.0426571719233286,0.5569261142185756,2,200
31,0.15186955832172072,0.9232057717285658,2,38,0.024103921189310297,1.0460445880889893,2,92,0.1829383908443418,1.2502777457237244,2,137,1.0425782040119944,0.10101200427327837,2,200
32,0.26768024836910487,1.2653280212765647,2,42,0.024091032754585667,1.0460078153970107,2,95,0.3772831386746213,0.8831016216427088,2,143
33,0.2794839141816065,0.31716583554561323,2,13,0.3155883659745885,1.6321586455617632,2,27
34,0.28770373513206327,1.4468465714619076,2,29
35,0.2742456865712612,1.500326855108142,2,64,0.5364739776954819,0.30407543994229413,2,93,1.6898045276820308,0.20217142719775438,2,141,0.19691449691321403,1.3297792733725855,2,200
36,0.5281465162434821,0.5633509043190215,2,18,0.10657507143054704,0.8512212309767219,2,52
37,0.25091592382800093,1.2158576433475201,2,13,0.018508175091402505,1.2793527500970023,2,20
38,0.20387728641566352,1.096843762057168,2,14,0.017231495035939272,1.1495915651321411,2,20
39,0.22733118652259837,0.8400299894182306,2,95,0.027263605887985095,1.4832993882043022,2,130,0.2379068343820423,0.7327905782631465,2,200
40,0.2709066278808952,1.130491052355085,2,70
41,0.28534602099342316,0.8729232577390449,2,43
42,0.02261988979370571,1.0903745532035827,2,20
43,0.25977778529400586,0.5938487377762794,2,200
44,0.22025676691911808,1.1434298753738403,2,40,1.0747262003306117,0.16845945308082982,2,78,0.2554937281262404,1.1763459039184283,2,131,0.017324296911717448,1.1786048582621984,2,138,0.4298999786020591,1.1302725076675415,2,152,0.06161482357518774,1.1767423152923584,2,160,1.0706837175798287,0.06782289668917656,2,200
45,0.43480711235016967,0.3272545723354115,2,51,0.03661075776243793,0.4983731746673584,2,56,0.929777797687809,0.2377170179184381,2,133,3.5739926477067145,0.17795497334715146,2,200
46,0.17479080064974148,0.5844050152943685,2,26
47,0.23811225123834173,0.9924463732489224,2,58,0.5652222621212386,0.2078964114189148,2,137,0.19182227351258935,1.2356998205184937,2,147
48,0.27340113174916086,1.0786237273105355,2,43
49,0.23552386402991288,0.725011852749607,2,57
50,0.2601293579799752,0.8330013569324247,2,62
51,0.2695119846939175,1.1263845153883392,2,51,0.020501940456953513,0.5291585737750644,2,72,0.6787612324595372,0.329770657251466,2,125,0.2540848949413314,0.5948919435342153,2,200
52,0.1846042676322763,1.3680673241615295,2,8,0.7648002321697618,0.32638118002149796,2,35
53,0.3317015928791529,0.861638229233878,2,70,0.04596924880100092,0.7049196163813273,2,88,1.2051937678558393,0.060893179449651925,2,200
54,0.21768992012545765,0.5494360427061716,2,39
55,0.19674718257133483,1.1602992619786943,2,70,0.02869962887360419,0.9021771330582468,2,108,0.255341847306778,0.8047759354114532,2,128
56,0.268205251204169,0.783855236002377,2,56
57,0.2587713165604338,1.3861281043953366,2,36,0.06245101843811406,1.4467408180236816,2,56
58,0.26167553934125487,0.8046873706143077,2,41,0.02337822894282674,1.0057915250460308,2,47,0.9428507190417766,0.12499544795217185,2,76,0.22302705501558626,1.1313512921333313,2,90,0.8536994610089428,0.1881026324900714,2,200
59,0.2581274799161862,0.16060728313010417,2,81,0.330062934631062,1.4026690151380456,2,104
60,0.33545757833757023,1.6930980341775077,2,7,0.014120865233877983,1.2782405706552358,2,20
61,0.18042617252167148,1.0864718702374672,2,49,0.9158996072694285,0.09664924048325595,2,151,0.27117859801333577,1.2993076214423547,2,164,0.6618288307338549,0.16299810633063316,2,200
62,0.19512477614171678,0.4498980482635291,2,92,0.7757558038317276,0.26853849661761314,2,121,0.13825365996655836,0.8563137792405628,2,142
63,0.03240593351818131,0.6717330813407898,2,17,0.49810623514112806,0.747332224888461,2,73
64,0.3063338524746575,1.130220780769984,2,54
65,0.26780091978839204,1.2257352883999164,2,39
66,0.252023035574667,0.368356486121493,2,124
67,0.22480776639314715,0.965331208705902,2,20
68,0.21027350619683197,0.5483216528892517,2,125
69,0.2587219983216622,0.9840925206308779,2,23
70,0.3332203873164912,1.1873884288276113,2,41,0.029108171555486166,0.5296015304488104,2,78,0.02002805455743147,1.1393106850710781,2,89,0.2631023800573109,1.0069102389471871,2,117
71,0.19770184429861154,0.8514669361114502,2,125
72,0.22810203533039705,0.4756854588396094,2,89,1.0047407842199902,0.09086215827200148,2,107,0.06706281305304693,0.31981711015105246,2,127,0.7304459726432251,0.18131472246769148,2,166,0.09922819484907255,0.266860982950996,2,183,1.307241655595537,0.11096581630408764,2,199
73,0.48766815812658626,0.4447718581983021,2,14,0.06026222261273581,0.8674339934399253,2,33,0.41689370052740166,0.49848935604095457,2,48,0.7902156304819441,0.1927822461676976,2,174,0.09996100963477507,0.4290620025533896,2,200
74,0.07615532973747542,0.8546682997625701,2,49,0.7630159472219047,0.8157344435652097,2,73,0.07038219390353787,1.1282068755891588,2,82,0.2639914072215478,0.28033453607704584,2,164,0.02631670257270325,0.77962868979999,2,192
75,0.8130012762376716,0.15762977640737186,2,22,0.1578796373666312,0.5165002633418355,2,50,0.38449665720901255,0.9907485921131937,2,69
76,0.25156833062284617,1.6974953413009644,2,7,0.01586320929194614,1.210866166995122,2,20
77,0.28722810376917274,0.7643942192196846,2,40
78,0.26018890036989223,0.5991858974309034,2,71,0.0922308929472325,1.4267619147020227,2,88
79,0.293857561058073,0.8985157787799836,2,60
80,0.2214586274703737,0.7431668270717967,2,55
81,0.7795763516429158,1.2276526159710355,2,9,0.019900826626612286,1.1399672898379238,2,20
82,0.5293928607115868,0.44796178076002335,2,27,0.08325580796109143,0.3932236229118548,2,84,0.8225920048357247,0.29384061006399304,2,136,0.021142487026737888,0.6030219693978628,2,148,0.3680365473846323,0.5834466160797491,2,189
83,0.2270742153055245,0.4988485852877299,2,15,0.07215096487414502,1.5720262744209983,2,26
84,0.020642279424151252,1.4377435892820358,2,16,0.6314557219779169,0.36520281061530113,2,144,1.356691786924271,0.15807811889265264,2,200
85,0.4703007016599458,0.28042897931300104,2,128,1.61343359783655,0.042500094030842636,2,161,0.0892122897143407,0.3514610007405281,2,165,2.7793440440189023,0.09763647658484323,2,200
86,0.3590400748107563,0.6496971393453663,2,29
87,0.2866368283286403,0.8071904013741691,2,106,0.02919591283947446,1.0016314993824875,2,163,0.3313345132675889,0.8619153564040726,2,200
88,0.22964177137560404,1.0920011747715086,2,43
89,0.24758496883428863,0.24440599183241526,2,60
90,0.3013913258664642,0.7213685303926468,2,20,0.022151933754648318,1.3197569370269775,2,45,0.5820155369942837,0.9894326574662152,2,62
91,0.28997738693171016,0.9134621438772782,2,23,0.04618947615121643,0.8758033537397197,2,74,0.309109488957323,0.7606516527194603,2,125,0.04650033664955037,0.3127466042836507,2,143,0.2994033258344714,1.0369606038619732,2,172
92,0.2998607128824532,0.5305034811339102,2,121,0.8537994775772196,0.3379552930216246,2,200
93,0.22319786075288017,1.247428285902825,2,69
94,0.3007906038683291,0.9952108754052056,2,45
95,0.33755016838189195,0.858509266624848,2,120,0.05643643649552794,1.097802952716225,2,139,0.39935978843696734,0.9060160045822462,2,175
96,0.2292161505922001,1.2453618551057482,2,63
97,0.2372921852229501,1.24346367308968,2,38
98,0.6741920951722487,0.8258882562319437,2,9,0.04506244234484659,0.7693451709217496,2,18,0.9413131071328602,0.2363256488097917,2,127,2.6438024118138266,0.14233569576315683,2,200
99,0.30419745715540253,0.9262711276879182,2,37
100,0.35343535171600815,0.877207338809967,2,46,0.020253349568190734,1.2225833932558696,2,58,0.6576907905456846,0.9160584509372711,2,78
101,0.28203205645647234,1.1228285371393398,2,69
102,0.23422387211839563,0.7991543412208557,2,12,0.017806556345734328,1.0271010547876358,2,20
103,0.02219411455754532,1.1458693206310273,2,20
104,0.14271785185463734,0.7053592658042908,2,25
105,0.2844801078152468,0.7931886335213979,2,30,0.024769942205941677,0.9249900132417679,2,50,0.2750185994910221,0.8250124880245754,2,57
106,0.20722520552085255,1.6979274451732635,2,8,0.015673902390061032,1.3560853103796642,2,20
107,0.5211286882669114,0.20450757560320199,2,128,3.3857274489905023,0.16963398187524742,2,200
108,0.15487085669600348,1.1708005602295335,2,37
109,0.2460743403563731,0.6647715501382317,2,71,0.7536414575324285,0.3808272447850969,2,98,0.019755682892373692,0.7311183214187622,2,104,0.48802188251479983,1.1287091337144375,2,136,1.8683636875431897,1.4025061757940995,2,174,12.150628624694077,1.600835995240645,2,185,0.23047079412316276,1.107508271932602,2,189,10.986734416589043,1.7927131977948276,2,200
110,0.22293442872502123,0.6568455272826595,2,69
111,1.133386386888956,0.767336830496788,2,27,0.7788383746068411,0.11082114514551665,2,46
112,0.38337858754476745,0.5612286797591618,2,14,0.015646406731560227,1.084104835987091,2,20
113,0.3589415303846553,0.3866204881005817,2,45,0.04993268587861702,0.8027368585268656,2,63,0.5216572557156655,0.33752285571474777,2,82,0.034786600999692004,0.5351188540458679,2,87,0.9317335411249836,0.2536554763445983,2,124,0.023461275133367387,0.48188115656375885,2,128,0.7948675062435264,0.2145447157896482,2,141,0.044251889951333834,0.6312125027179718,2,163,0.25051133696842576,0.5373565868751423,2,200
114,0.20547933144176647,1.0443476438522339,2,50,0.3284910772290582,0.5560309548269619,2,72,0.6604548086967575,0.2536648556124419,2,200
115,0.271385576274855,1.131878444828938,2,97
116,0.3204545510875368,1.012969520730032,2,71,0.2626586982082124,0.4303028668676104,2,99,0.38877873654867035,1.1210265484723179,2,121
117,0.1787401128464398,0.6843870195370276,2,103
118,0.4980230499748603,0.9885154121062335,2,34,0.024455228770195354,1.3112627148628235,2,44,0.09058059453168298,0.4730885752609798,2,51,0.8343061929473911,0.10524098224499646,2,85,0.027234353849016298,0.7006892164548238,2,97,0.4506978169422528,1.1305910774639674,2,111,0.04592756726601095,1.1841323801449366,2,125,0.814761567889157,0.07700283746970327,2,144,0.33208217362547415,0.9644350210825602,2,159,0.02245192532012748,1.1502898501025305,2,195,0.705345131625272,0.7036341071128845,2,200
119,0.22922447844013533,1.1941267848014832,2,6,0.014309193594178454,1.1214742830821447,2,20
120,0.2643756511346005,0.9813236280491477,2,38,0.04028347247576431,0.9411125955758272,2,146,0.16310844431994687,0.6937162743674384,2,164,0.020398810285297872,0.8913535594940185,2,199
121,0.2511015170780254,0.20805032644420862,2,16,0.018768311014690925,0.9521414637565613,2,20
122,0.2645659522979771,0.3624091733105575,2,79,0.6775597723338364,0.19359122130496442,2,200
123,0.032067080643039376,0.8830994595499599,2,34,0.5865562005147753,0.288040667062714,2,55
124,0.09106264630779642,0.5362181924283504,2,8,0.9158539416985537,0.14059189846739173,2,200
125,0.244250087382966,1.0134877145290375,2,20
126,0.286464199638562,1.2192141115665436,2,200
127,0.2440459952788208,0.7055009579658509,2,25,0.02017978038253722,0.8789547473192215,2,45,0.19066117552047462,0.6231042397649664,2,64,0.01983617208146363,0.8641848762830099,2,73,0.32106151409801226,0.5714936981075689,2,168,0.061159923188288785,0.7298080523808798,2,180
128,0.32506177034708383,0.9928960186593673,2,34
129,0.21937267779972924,0.7134088807635837,2,9,0.015690662435690332,1.1070559349927036,2,20
130,0.2711841055048876,0.29000461515453124,2,36,0.8575492685589327,0.14330082228689484,2,69,0.07787671661884793,0.5464542647202809,2,84,0.6541298106817458,0.26842152575651806,2,99,0.020941754937437933,0.4641743501027425,2,105,0.8994316778830612,0.1641827266467245,2,200
131,0.21879759300324492,1.136982602732522,2,14,0.017291400185256964,1.1557438174883525,2,20
132,0.30884321413533405,1.2715943515300752,2,20
133,0.2626334570804998,1.683185651898384,2,8,0.4264309212360207,0.8672750870712468,2,69
134,0.2127087651023847,0.5049699982007344,2,15,0.8535430185751203,0.4869055281228879,2,83,0.05481032560513753,0.9613157775666978,2,92,0.5011968214545837,0.3391026832439281,2,200
135,0.23658341490212031,0.8135649594393644,2,55
136,0.26072465458949157,0.508120459318161,2,10,0.0204769964680198,0.7787796139717102,2,20,0.39848252187323097,0.352475703774411,2,182,0.023077698052411742,0.23319747000932695,2,192,2.415357716903076,0.5404435992240906,2,195,0.046903289595730466,0.8127087116241455,2,200
137,0.2751384686291735,0.8255979795845187,2,49
138,0.3283244273675152,0.6107672650794513,2,61,1.2714716504837107,0.4096955781982791,2,123,0.07691639339418739,0.3829801678657532,2,126,4.839841416408136,0.4211177138818635,2,144,0.05938053818584405,0.3926733334859212,2,147,4.816241225319977,0.27534976995216226,2,200
139,0.028331286165138542,0.7530610114336014,2,8,0.26410526264984163,0.8383084614025919,2,65
140,0.3037806317165772,1.021170081763432,2,58
141,0.2326200195367682,1.046886748737759,2,54,0.01990601951093867,0.7062155604362488,2,61,0.044704949871934754,0.24802053719758987,2,73
142,0.20979660234950595,0.7300603149167026,2,83,0.02968306979167592,1.1352082114470632,2,102,0.7735394969307129,0.1802783811634237,2,135,0.382348094860507,1.1882232539355755,2,151
143,0.6122547412404339,0.3347144410988995,2,107,0.11868832753224952,0.4595463054795419,2,138,0.43041981072670743,0.19863685593008995,2,170,0.023821392121830254,0.7896087914705276,2,190,0.8661038804985974,0.2600900918245316,2,200
144,0.2243647155319753,0.9713378747304281,2,45
145,0.2882614758624176,1.1907538572947185,2,15,0.016552944736408847,1.2685590744018556,2,20
146,0.29210010968649397,0.8502438126338853,2,72,0.31842755737232303,0.36363115161657333,2,200
147,0.027962836227961866,0.4452051743865013,2,20,0.9383166379824915,0.14399317734771305,2,47,0.020641798874517267,0.6736929565668106,2,51,0.2425734567028934,0.43510503247380256,2,91,0.6883848024744328,0.21736910857191874,2,200
148,0.32466940771246067,1.006509546575875,2,58,0.03131651246661291,0.6936172084374861,2,69,0.355039902864005,0.9967931881546974,2,85
149,0.30656213864047915,0.7296258956193924,2,4,0.015233620217376358,0.9922505579888821,2,20
150,0.3555645043954492,0.7316707647763766,2,78,0.6150941176850894,0.38903210560480755,2,87,1.1568031774644532,0.10831784872354659,2,200
151,0.28315265736229894,0.8782177080913466,2,98,0.023897816819245205,0.3596514867884772,2,112,0.4671499902268179,0.649182878434658,2,136,0.019458707396950523,0.8503557714548978,2,147,0.15640630191471522,1.062487856397089,2,200
152,0.3276662937953302,1.0487271451524325,2,28,0.036858858428360355,0.8836797773838043,2,36,0.149496247415313,0.5442308485507965,2,41,0.6974031136279643,0.3824697418604046,2,105,0.021766632182247527,0.7677533541406903,2,112,1.0925541502283438,0.1267343493686481,2,200
153,0.1408675716292517,1.0885749578475952,2,50,0.6029587489999945,0.1993374464255345,2,129,1.2804744671592305,0.10304244450280364,2,200
154,0.315580678290192,0.7788900949738242,2,55,0.5894629443098424,0.24145698705886273,2,149,1.1764577286641675,0.14601183027029038,2,199
155,0.22011391688763407,1.2143072806871855,2,26,0.02062921657270671,1.2682185702853732,2,44,0.3306870793215877,0.8705020093399546,2,90
156,0.26515631563393194,1.1379361202319462,2,24,0.054056139340997254,1.2607135545639765,2,45
157,0.2876899743015223,1.1747872066497802,2,25
158,0.26796147974243695,1.3737600701195853,2,14,0.020678520937520765,1.1596479217211406,2,20
159,0.2463231515888606,0.43145390635445,2,63
160,0.2462902586339328,0.7334497570991516,2,37,0.3991563677015023,0.24002797980057566,2,170,0.01666249731923692,1.1891284840447562,2,177,0.29851993994603077,1.3774381927821948,2,200
161,0.2141864172648628,0.975784949362278,2,200
162,0.11957156990694763,0.8691669212920325,2,28,0.3137450868338558,0.4006144569979774,2,37,1.0637382538949904,0.11890729787674817,2,81,0.02164066110681698,0.4469079226255417,2,87,1.3096645402984681,0.11580842825691257,2,200
163,0.007298922548290501,0.7172623306512833,2,20
164,0.4028854605190062,0.6882101711299684,2,36
165,0.24469528024701415,1.1624716623076077,2,29,0.36679080780851897,0.2982074184851213,2,40,0.031178537134083435,0.9717498620351156,2,46,0.976833048878154,0.0580531002639176,2,123
166,0.048430436232949896,0.8807038199156523,2,32,0.273703599056111,0.14620340099701515,2,45
167,0.23216429712718614,0.28098078817129135,2,8,0.01634219658497592,0.9272989432017008,2,20
168,0.23821487983140818,1.2787953489705135,2,19,0.022124105579304235,1.1622328885963984,2,47,0.7027641083622759,0.19640466485704694,2,82,0.05508875211921961,0.4269475002180446,2,93,0.5075738249564328,0.23467843156111867,2,112,0.0714384257036808,0.4194672175429084,2,134,1.056541331769932,0.11435649074889996,2,161,0.2921415785829713,0.2878500893712044,2,175,0.14613961347677507,1.0138275241851806,2,200
169,0.27033409429193545,1.3595768156505765,2,21
170,0.2496440888355966,0.6456416555576854,2,36,0.027134107071623236,0.4617349624633789,2,61,0.6466985206994036,0.5360265548030535,2,97,0.07846417421909227,0.6806412867524407,2,119,0.579585455388769,0.4287642949336284,2,156,0.04076270401259898,1.021869590649238,2,182,0.3630360561806335,1.0257871945699055,2,200
171,0.013524040976842696,1.0215345799922944,2,20
172,0.017517077227548576,1.0989571243524552,2,20
173,0.016338509807413287,1.2381103843450547,2,20
174,0.018234209253431936,1.21362966299057,2,20
175,0.27142568010085916,1.293216848373413,2,20
176,0.27274503547165185,1.0195511365548158,2,117
177,0.2469569308547557,1.4648562812805175,2,25
178,0.33615464641122184,0.8205830446983639,2,38,0.03600515210477962,1.0151653137317924,2,81,0.9982035500833346,0.13675469024614853,2,114
179,0.2415241555393634,1.374176917404964,2,29
