0,0.9093388920864435,0.11101930675118468,2,43,0.056842647633561144,0.32631848539624897,2,50
1,0.21843926930502436,0.6094168496131896,2,125
2,0.3061010615152616,1.0019207336963751,2,39
3,0.19997715914115216,1.5472103032198818,2,11,0.01583915319313111,1.4158445994059246,2,20
4,0.751649323125818,0.11219850582320516,2,82,0.02184783751680636,0.4461495876312256,2,88,0.8496943517631846,0.1317536465583309,2,119,0.25240307708728454,1.486043087073735,2,133
5,0.2079697031750032,1.0095106764086361,2,116
6,0.04005640924644031,1.271588020228051,2,37,0.8648498788941595,0.109798654785444,2,153
7,1.0845780945953343,0.08950614269639624,2,61,0.21109246545597046,1.0362839240294237,2,87
8,0.2413854465775411,1.1241714884933915,2,103
9,0.5422472750529683,0.43649790749738093,2,38,0.046535555814304,0.780596113204956,2,48,1.0494181578706394,0.14490418057692678,2,67,0.04260092580145546,0.6200013671602521,2,74,0.8003497016070122,0.23754621010560256,2,113,0.0456636846517778,0.6483374238014221,2,119,0.5688051431444122,0.29502292198163493,2,200
10,0.20105025466000118,0.8819438099861145,2,20
11,0.21786917432722921,1.3870253827836778,2,45
12,0.1384293288939217,0.8553797751665115,2,20
13,0.2095832695876921,0.6955597117543221,2,200
14,0.26791835536493175,0.7966888780179231,2,23,0.02667648309407739,0.8951449304410856,2,96,0.9893741952751414,0.10336601820129615,2,200
15,0.08160721993916266,1.3329316874345143,2,24,0.7624524239849714,0.1882323966576503,2,37,0.18240916316024552,1.248917288896514,2,78,0.04384922063638441,0.8981777594007295,2,107,1.005729339884762,0.09752472049446516,2,200
16,0.2568692199514347,0.9149759467691183,2,32,0.8213879639228838,0.1347822637430259,2,116,0.26804511117577245,0.8110071974141257,2,200
17,0.27259458914346024,0.8858415830282518,2,81,0.7553941689736572,0.7761550408143264,2,94,0.9886050368399345,0.11166349593280019,2,163,0.2671245865217955,1.0513991439664685,2,200
18,0.23518920446167418,0.866656541301493,2,114,0.19986280569363912,0.33665060140985126,2,161,0.25469852900582185,1.3677617892240868,2,200
19,1.0097128629469743,0.12976747702855568,2,154,0.23551682210606698,0.40995535448841425,2,200
20,0.22294981107838546,0.4470139257609844,2,8,0.015361034006620405,0.9136102994283041,2,20
21,0.2895123452707653,0.9776007139567032,2,103,0.026940520016348786,0.711537469517101,2,114,0.24565512236998951,1.3179707394705877,2,123
22,0.21108832676371558,0.9558512767155966,2,27
23,0.623993709778997,0.3985229515901176,2,93,0.3560634869105986,0.4069348210873811,2,116,0.222487791010515,0.6928944758006504,2,200
24,0.2569899905337436,0.6613472298289953,2,89
25,0.2704878470012848,1.20251291203049,2,53,0.5503377715818574,1.1838409075370202,2,92,0.7905501317475785,0.354789063334465,2,119,7.127586956745615,0.45591779341620786,2,150,7.984018290948277,1.4585954770445824,2,166,5.705699807376899,0.12962260097265244,2,200
26,0.24185227255479705,0.8327991978118294,2,76
27,0.25197938526033203,0.9112539899039578,2,154,0.042123191687934,1.0521636605262756,2,162,1.039077770394484,0.13943756920726677,2,200
28,0.05462186422547724,1.2157876312732696,2,20
29,0.20712748779174023,1.2758918801943462,2,6,0.014710352411680056,1.13841826575143,2,20
30,0.31970877750946375,1.3975197341707017,2,9,0.015252020187212372,1.0549909743395718,2,20
31,0.2568114389741559,0.9785399436950684,2,3,0.012553663354097735,1.1787634807474472,2,20
32,0.35830303137303104,1.1007450103759766,2,20
33,0.3320800725553452,0.7210723983717489,2,91
34,0.280458280928338,0.3316473389665286,2,24,1.1596190074875117,0.13351224125786262,2,200
35,0.021391691668036793,0.87540163713343,2,17,0.764544611674016,0.1439231444488872,2,28,0.05223053675049855,0.5140115833944745,2,46,0.2831075510950474,0.6681277898999004,2,200
36,0.265873934616861,1.0488014065701028,2,23
37,0.24095050061690357,0.7020523004672107,2,68,0.51595523614921,0.2212278939062549,2,130,1.2747669958189494,0.07734200741563524,2,200
38,0.2381381654075115,0.8218073047697544,2,80,0.033193792685376845,0.7140269080797831,2,98,1.1609329427264345,0.07435205233269844,2,167,0.14010624488470208,1.0678634715802742,2,200
39,0.1482617429192056,0.7209818907406019,2,23,0.6247009524717996,0.5763930827379227,2,45,0.02009483234903273,0.9358022671479446,2,71,0.6832795604840903,0.3218960737188657,2,77,0.037886589598418625,0.9269102041063637,2,106,0.8761185347850154,0.1095159694712649,2,199
40,0.29907271384994544,1.1788593687697084,2,167
41,0.23865722831401318,1.3862130933878374,2,49
42,0.23526633485828888,0.5498094677925109,2,10,0.015019870500156166,1.152465546131134,2,20
43,0.20321190143657186,1.2517834259913518,2,26
44,0.2780700677391466,1.6341500348514981,2,18,0.24073847160853046,0.5283225253224373,2,30,0.243651506130183,1.4223226734570094,2,72,0.7661392092198317,0.68100765172173,2,89,0.06226667226053051,0.9506471771746874,2,121
45,0.022753641156806816,1.1169487714767456,2,20
46,0.11006083492195769,0.7812363557955798,2,34,0.03371159136890296,1.594704107804732,2,45,0.4580649899001098,0.5198623927930991,2,105
47,0.2368757406746248,1.0921794467194135,2,43
48,0.3787351776070454,1.1172097384929658,2,20
49,0.19483437855638577,1.0303093845194036,2,11,0.8536406949320904,0.10914954309722028,2,94,0.4122921129179089,1.1067292945725578,2,108
50,0.28251244276587373,1.0965480912815442,2,44,0.04371463625617863,1.303909489086696,2,58,0.8349357040105584,0.07763683288655382,2,105,0.21776549423178634,0.851382885660444,2,119
51,0.11496766263590485,1.2687773379412564,2,22,0.7806670356835897,0.09244789928197861,2,156,0.04928551292603133,0.6527180463075638,2,166,0.2946340512507828,1.0639122934902416,2,200
52,0.3149195521938471,0.7308198285323603,2,54,0.053293583503047734,0.39124756363721996,2,67,0.6109578842906804,0.5247731258471807,2,73,0.4215086164225092,1.0808731592618501,2,99,0.031578344429974745,0.7612209056698999,2,142,0.272040010650884,1.1081673174068845,2,200
53,0.38644387289200194,0.8003426717252148,2,49
54,0.032253711688324985,1.1246725254588656,2,36,0.3941596383740113,0.4554229296486953,2,94,1.105170245744247,0.10502151820329156,2,195,0.08249124520474799,0.6546844720840455,2,200
55,0.2934715566195356,0.5881308454733628,2,13,0.017924917048306288,1.0679124082837785,2,20
56,0.2122827214715654,1.144948224425316,2,200
57,0.2678159975322335,0.9716430274826108,2,132
58,0.2664786885959148,1.0978274026087351,2,56
59,0.02133582727936959,1.0813607573509216,2,20
60,0.44234580925441963,1.1895713552832603,2,20,1.5666286233725348,0.13820855223363446,2,51,0.3277299832798289,1.1577145298322042,2,66,0.023185121218337806,0.5946848466992378,2,74,0.1961179653513841,0.8966353399711743,2,131
61,0.32588199767872156,1.1214109808206558,2,40
62,0.03257039491414376,1.1526948273181916,2,20
63,0.23203520686540904,0.8621846536795298,2,6,0.01424757245939283,1.0573386975697108,2,20
64,0.46491675832816604,0.618631225824356,2,10,0.02657051974467869,1.0810718134693478,2,102,0.26042200456265985,1.0464649308811536,2,113,0.02432065054052993,1.0374612456018275,2,135,0.15211711863304656,0.12368640303611755,2,140,0.890296490648873,0.06325547494318175,2,186,0.07235005126742251,0.6250227093696594,2,195,1.897347473884395,0.5836469113826752,2,200
65,0.18125606713096581,0.7509528740688607,2,54
66,0.01665160162140599,1.1395842522382735,2,20
67,0.26600816191452187,0.8708082467822705,2,59,0.02239862736460054,1.0987432186420147,2,72,0.21448164459281216,0.9813669448097547,2,168
68,0.02369843486286023,1.0802089989185333,2,20
69,0.27407532033259907,0.7208100642476764,2,28,0.3462278594397581,0.28996812109835446,2,92,0.9940358921924111,0.1297635273249061,2,200
70,0.2980106311280877,1.622159332036972,2,32
71,0.30846466666294525,0.9956018191117507,2,13,0.017249229446149414,0.6118701650546148,2,39,0.2009706561291697,1.2802705064652458,2,102
72,0.22090675129935855,1.494615422354804,2,9,0.016736216827113088,1.2873342037200928,2,20
73,0.7262437103598312,0.19453672766685487,2,65,0.27629291274226,1.430150725624778,2,76,0.05946946434021462,0.4038321057955424,2,91,0.9916469779277491,0.1380152000534919,2,122,0.24634176566753146,0.48963153499521705,2,198
74,0.6200637409369911,0.1638019421826238,2,23,0.3191595249595619,0.7738141561999465,2,56,1.0962638087299017,0.03989291889267368,2,199
75,0.30557951015499074,1.3955677896738052,2,8,0.8368117506629704,0.14061830267310144,2,68,0.2138941754755903,0.8969315811991692,2,76
76,0.024365157508006958,1.247659182548523,2,20
77,0.5794546153332025,0.2916465240438082,2,171,3.492518239251744,0.06287343800067902,2,181,0.2657592862862516,0.32977122695822464,2,200
78,0.026241840668297062,0.19398976034588283,2,9,0.07392841811593319,1.1483376242897727,2,20
79,0.3271426549560301,1.13651837905248,2,12,0.242205685225558,0.3787151458736968,2,85,0.23352045981931652,1.0004607098443168,2,120,0.03573359848777759,1.4243320776866033,2,133,0.6402736462225084,1.0641872088114421,2,139,0.01817729049536279,1.1224350077765328,2,146,0.20740731490216824,1.1274914866999577,2,165
80,0.3741650584340175,0.6885483417039117,2,48,0.4974213271970514,0.2705818289204648,2,67,1.0948362864149446,0.0925431441991849,2,200
81,0.30304106185605906,0.9947715417334908,2,76,0.06963968540781713,1.1952081441879272,2,91
82,0.18928160414618653,1.0709950315055026,2,93
83,0.40028775119342613,0.9981910532171075,2,11,0.02447203143484084,0.4391234381632371,2,22,0.3693502877194759,0.6382050866430456,2,44
84,0.17249437338599125,0.8955256462097168,2,5,0.013712124057562015,1.0242350975672403,2,20
85,0.3048547064921838,0.6270980462431908,2,16,0.017797602473951877,1.033527672290802,2,20
86,0.5144454711295112,1.0000229676564534,2,6,0.01573486561733066,0.9425118565559387,2,20
87,0.3365960953610385,0.6324828696715368,2,77
88,0.26756953011187706,0.5524172351278108,2,29,0.01979618887192707,1.4595188423991203,2,45,0.5399453751091144,0.416664736235843,2,79,0.08912974928236789,0.8774889316409826,2,111
89,0.03477859640986924,0.8258244127035141,2,20
90,0.48115435633678266,0.3060983745381236,2,16,0.020904914478630344,0.5554823577404022,2,20
91,0.24084096125748256,0.9109226937951713,2,58,1.0744145648655685,0.0986897241823452,2,155,0.24219744685050154,0.913521021604538,2,165
92,0.7908655990255966,0.4770609974861145,2,10,0.018294298041845507,1.0805620670318603,2,20
93,0.23293625656982478,0.7252799078822136,2,20
94,0.32474726127465636,1.2457472085952759,2,5,0.714573081173354,0.11729559144287398,2,71,0.27524595996612666,1.410766461098841,2,200
95,0.2668931032600875,1.3526979088783264,2,6,0.020324580514825205,0.6317619936806815,2,48,0.5862181004810068,0.21950682832135093,2,57,0.198933623404833,1.2123850328581673,2,85,0.8206742624566103,0.20892676150097567,2,170,5.163567487702737,0.07047000179688136,2,200
96,0.02043979611320952,1.2226211190223695,2,20
97,0.4783531552469586,0.7855298221111298,2,15,0.026274344729894015,1.2905842304229735,2,20
98,0.2550425690490103,1.040058692296346,2,24
99,0.08680503452000733,0.8200606129787587,2,27,1.2920462065834413,0.08345852766422868,2,200
100,0.233859699114202,0.39493316784501076,2,200
101,0.9783268511749086,0.10587634196442165,2,89,1.952062617193467,0.07179457137176583,2,200
102,0.2709183386505087,1.341026355822881,2,36
103,0.31731918024251243,0.7098642476769381,2,43,0.9220809982791855,0.1854450911283493,2,68,0.02605104903779038,1.4147979272039313,2,87,0.6732972871246322,0.43295382142066957,2,112,0.0644484159571229,1.0262002150217693,2,118
104,0.20518906222890773,1.3838854908943177,2,20
105,0.27125820723132804,0.7690634964263603,2,73,0.6456203889666791,0.32860369164319264,2,115,0.04157634274247944,0.684235284725825,2,124,1.0632915973317392,0.21846351695471797,2,182,2.439039394048809,1.8205266926023695,2,200
106,0.18351442112370625,0.9144420068006258,2,37
107,0.27138727715018585,0.8263385347698046,2,92,0.27305942755057255,0.09266600182110613,2,136
108,0.2610966805486631,0.1978964784315654,2,14,0.30960559907004837,0.9775102846324444,2,30,0.2420420440725653,0.198575367464831,2,106,0.2738161800441269,0.7313566991816396,2,198
109,0.376186466380309,0.6915776504660552,2,53
110,0.3098355580367406,0.8093616521876791,2,23,0.8189736426584562,0.2054916418024472,2,65,0.2462402881357371,1.3791507141930717,2,86
111,0.017911032996317484,1.1575556457042695,2,20
112,0.4495585321839156,0.7920169784472539,2,13,0.033117928970949485,0.587325360093798,2,27,0.6488709220227804,0.32419293809611843,2,80
113,0.49791615829905744,0.5051188863813877,2,20
114,0.18097188957638927,1.0355047454959467,2,190
115,0.274156747137855,1.0329154014587403,2,25
116,0.40624182436126843,0.921833336353302,2,20,0.021421458661514424,0.7568419462158567,2,41,0.5797996770918404,0.23598803193973644,2,153,0.0343126112506984,1.1469879415300157,2,162,0.9228029462684915,0.09229944032781265,2,196,0.05202819948214526,0.529482901096344,2,200
117,0.2447869259870221,0.7862810135790796,2,66,0.020350572141176804,0.8262942963176303,2,75,0.07416408353461627,0.5982034802436829,2,92,1.1160238900694661,0.15046335558096569,2,107,0.05403287215068658,0.5640817852515094,2,160,0.28288454331346763,0.39125049151480196,2,200
118,0.24658612958521814,1.0402848051305402,2,57
119,0.23553865047665168,1.360845412526812,2,35,0.680522628312074,0.16565764198700586,2,65,0.28549053691166726,1.4441786020994187,2,105,0.027809147583306132,1.2202325105667113,2,115,0.9334715641882325,0.08221484089598936,2,200
120,0.307390880798566,0.36784791946411133,2,23
121,0.2902805355587533,0.6864163342275118,2,57,0.2768809977837102,1.3395343948813045,2,91,0.7868204988674822,0.08314765955914151,2,179,0.02119769631612379,0.5236817917653492,2,193,0.7635339055930039,0.46041420102119446,2,200
122,0.26040446474499246,1.2490699209537603,2,197
123,0.28683769587731944,0.58341237505277,2,30,0.4424746141997278,0.22519875862705174,2,97,1.8349907764840923,0.0669277709391382,2,187,0.05460232155354972,0.4551810622215271,2,191,2.9258003869903813,0.10380896925926208,2,200
124,0.24227362572519576,0.920471465587616,2,10,0.017108519740834795,1.1892269849777222,2,20
125,0.29164134709023526,0.8209248938981224,2,34,0.40338287960741676,0.29213015578295054,2,72,0.787184012170794,0.12856823771164336,2,130,0.10086968925302811,0.3900105670878762,2,149,1.016231587429925,0.0646674913518569,2,200
126,0.04753913888531676,1.5079041719436646,2,12,0.40324753104519456,0.9197438433766365,2,20
127,0.01863062448529879,0.2819185381134351,2,6,0.7625060833811181,0.7921069264411926,2,13,0.03226775440020463,0.7709544734521345,2,24,0.36429558238551485,0.79531489610672,2,39
128,0.28966389299192624,0.535819764648165,2,14,0.030056411973470042,1.0901928598230535,2,36,0.3273540348178719,0.6749677101771037,2,51
129,0.3092844253386016,1.4775295464888862,2,23
130,0.027346934497543662,0.9900504529476166,2,20
131,0.07030492814464491,1.6031050398236228,2,21,0.6416333877049148,0.10950372119744618,2,30,0.027846053417429333,1.2305974108832223,2,51
132,0.3970121308220826,0.9581990700501662,2,13,0.019177875154935714,1.024247714451381,2,20
133,0.44350384464472487,0.9436955859263738,2,60,0.02482273690777493,1.1721289785284745,2,79,0.32889752674460127,1.1355031899043493,2,86,1.2546289505899835,0.06290255996741746,2,200
134,0.32181931322530366,0.7207960104042629,2,53
135,0.16280585568032602,0.4001355717579524,2,6,0.013308692801876717,0.878260748726981,2,20
136,0.2650113677119433,1.6429812510808308,2,6,0.016176108334217475,1.1399624007088798,2,20
137,0.13930372860119253,1.0998401301247733,2,7,0.014794074628409034,1.2026952321712787,2,20
138,0.17319792249327676,0.4774087655544281,2,25
139,0.2497498983355219,1.1309805949529013,2,15,0.019815970955032906,1.1532303810119628,2,20
140,1.2270871041119018,0.1726004660129547,2,200
141,0.36891965860514264,0.7380342283531239,2,76,0.9404943607762393,0.10379693847756054,2,119,0.02234413425976742,1.0674544294675192,2,149,1.3148487443822605,0.04563806804956174,2,200
142,0.06774846924917535,0.35607030987739563,2,12,1.1870322786771315,0.08129637022601797,2,200
143,0.3310217222066673,0.9725509219699435,2,27,0.33753858851475993,0.47419067021505334,2,108,0.022739436301534143,0.7588646014531454,2,117,0.9470523117492053,0.1717685227808745,2,140,0.059717858406144325,0.9827965398629507,2,200
144,0.7073911557131064,0.33978202868075597,2,42,0.03351278545630073,0.4113122589058346,2,51,0.7728799152226614,0.30470253125335395,2,140,0.02209752285841915,0.3175609450448643,2,162,0.303802169705292,0.7600166542189462,2,169
145,0.2610620012789143,1.2426760077476502,2,20
146,0.20995715490356662,1.006623526637474,2,178,1.144715811228604,0.12320602007887581,2,200
147,0.019016446071428484,1.2236069917678833,2,20
148,0.4104470428790279,0.5257692043210419,2,71,0.033652488321056724,0.9431376066058874,2,103,0.9432885067406505,0.08850569443570243,2,193,0.3186040661692826,0.8935503704207284,2,200
149,0.1455191791792364,0.9294544929888711,2,67,0.23406753218373916,0.22040959199269614,2,73,1.0866515372701815,0.0537414980136742,2,132,0.30641815244098064,1.1465379250677008,2,170,1.0752184366133415,0.015404516955216725,1,200
150,0.023400480319718895,1.2027728259563446,2,20
151,0.27958654637229013,1.0141413331031799,2,5,0.012824875321671939,0.796278440952301,2,20
152,0.22256225780359537,1.4165180714234062,2,23,0.607010950442224,0.2761507060792711,2,68,0.029929414012363275,0.8112847208976746,2,89,0.2688132150253461,1.0028625657925239,2,115
153,0.3483554752789164,0.9808344947440284,2,28
154,0.22022975802337402,1.1531129796783646,2,77
155,0.23911107337026763,1.0219461965560912,2,25,0.6751210516995247,0.2740165030872318,2,96,0.2745837110489892,1.7443102300167084,2,104
156,0.2605958494246032,1.0920002334045642,2,33
157,0.3778517758785692,1.2254601882563696,2,36
158,0.12263388127924144,1.1916287541389465,2,18,0.021022999710665517,0.8216353247040197,2,37,0.8595262274257411,0.2586067393422127,2,63,0.2551865071722412,0.7210242842373095,2,158
159,0.2700986646149576,1.1216984712160551,2,52
160,0.20904366264920468,0.7613792871854391,2,83
161,0.2448372886619927,1.130944692171537,2,26
162,0.30061270175428306,1.022716611623764,2,4,0.02111362455603866,0.8273476991388533,2,22,0.4244609476909651,0.7279180556030597,2,81,0.044076946543906086,0.9245515763759613,2,85,0.0169810751678194,1.4711534338338035,2,113,0.7856846843450934,0.15025688707828522,2,121,0.03161187907316816,0.4535212003522449,2,139,0.7067857006289163,0.22888322437510772,2,156,0.31598633602398685,1.1942685484886169,2,166,0.7844677427766726,0.1263024289818371,2,200
163,0.7416788227370601,0.3457630821343126,2,29,0.06619792058238387,1.1099031771484174,2,48,0.7939282399595401,0.27728769412407506,2,61,0.3407989546925992,1.4996030872518367,2,72,0.020850782949841454,1.3073354032304552,2,81,0.39738773184344656,0.1504272222518921,2,91,0.162174870705716,1.2136282457245722,2,109,0.3685858006651004,0.657932024645178,2,185,0.054718267939212244,0.4779370208581289,2,200
164,0.09250279885402277,0.8754026025533677,2,20
165,0.45749662537720237,1.3616421137537276,2,14,0.03033939161087678,1.5894067486127217,2,20
166,0.038845477409535735,1.3018172264099122,2,20
167,0.15652464825077017,1.1688530206680299,2,5,0.01435848651079101,1.0785959561665852,2,20
168,0.29618058368925726,0.9848095575968424,2,24,0.043328490704596254,1.353572268235056,2,43,0.2794811087185411,1.064672594720667,2,54,0.32151427268567856,0.3747861211498578,2,102
169,0.8243651290127589,0.13641581675037742,2,160,0.11353925575510244,0.5565575269552377,2,173,0.9576138744637275,0.05001610517501831,2,186,0.034405139175357556,0.297579658528169,2,192,1.1254719540028506,0.1533350646495819,2,200
170,0.2188503156709003,1.0314038117726645,2,30
171,0.2718567812601797,0.9188996156056722,2,141,0.2262033312770629,0.46449219829895916,2,158,0.6434883109702305,0.4353213533759117,2,200
172,0.3119827147777854,1.0358137596737256,2,22,0.35634738626991463,0.18222851637336943,2,76,0.024755715967696934,0.6706817597150803,2,84,0.7893260464934577,0.11517264068126679,2,159,0.03163530310809552,0.706567463874817,2,184,0.8291728305347249,0.19462024101189204,2,191,0.07904008539120709,0.3529813935359319,2,200
173,0.14328011208788352,1.0279006163279216,2,24
174,0.24309591826171703,0.8333493180053179,2,129,0.2599208161843591,1.3505300323168437,2,159
175,0.20724619766748908,0.9438575993884694,2,22
176,0.017442561814232083,1.087051299214363,2,20
177,0.26312313708195467,1.3982983617221607,2,68
