0,0.2972357402100007,0.7486814403533936,2,50,0.5203435786504544,0.4683162790824132,2,133,0.060635176868508535,0.5043406300246716,2,141,0.8086890869084814,0.2797632750313161,2,200
1,0.2784387193812029,1.2841529892041132,2,52
2,0.31440545738494224,0.8938875150680542,2,25
3,0.5452464322571743,0.2109672468231649,2,98,0.8962305256714694,0.9370669774387194,2,121,9.48597141089442,1.6908951282501221,2,126,0.10842894912505631,0.4184114294392722,2,133,12.763963454843868,1.5597349405288696,2,137,0.10404521653551489,1.1627334833145142,2,142,14.118626606649327,1.7942858735720317,2,148,0.2130514320617989,1.257607913017273,2,153,15.295191001952615,1.8023435771465302,2,157,0.0798501910646352,1.2357899347941081,2,160,7.3998676359304225,1.5912990123033524,2,176,2.9301485526056097,0.28549499437212944,2,200
4,1.1197200192906493,0.16323733968394144,2,14,0.3716486958674082,1.3371034741401673,2,24
5,0.22619019630311463,0.9221861980257243,2,137
6,0.22796190058749016,1.1445919664009758,2,46
7,0.46304624570088604,0.7260702730793702,2,76,1.0572871517886075,0.1833661879811968,2,97,0.06927468000265485,0.9878157393352406,2,134,0.8609376863335166,0.673266065120697,2,144,0.018697174050037384,1.1657400131225586,2,156,0.44838585270235665,0.7966527342796326,2,200
8,0.6291229935442543,0.3598322603437636,2,90,0.020740204194735858,0.5520153552293777,2,110,0.24956972908269712,0.9330439814707128,2,151,0.9438542805729339,0.15091602352200723,2,200
9,0.7314362425285067,0.2565699744630944,2,44,0.04400595539976761,0.4392644663651784,2,50,1.4682101386887805,0.10449710915486018,2,200
10,0.3938137601014221,0.3291258912634205,2,37,0.3007704107990472,1.2900283336639404,2,46,0.03505732313601283,0.869874435035806,2,84,0.567127423633913,0.49304282213702344,2,117
11,0.27125840423788705,1.657296645641327,2,10,0.8935273283809864,0.38714754283428193,2,20,0.16825044058414262,1.5258062940377455,2,33,0.02679716630617658,1.5811478150518317,2,52,0.6506304421094308,0.29830471069916437,2,98,0.29754450289367357,1.658905449367705,2,140
12,0.2541978523413373,0.43071912394629586,2,9,0.06819545960283518,1.5032951831817627,2,20
13,0.2851016866695588,0.8937347501516342,2,20,0.8497633808039595,0.1679833300411701,2,60,0.25730195619325574,0.9999180566519499,2,124
14,0.17115404906967824,1.0121735731760662,2,21
15,0.19370376653937066,1.0282104994569505,2,28,0.024825939138985578,1.2842543016780505,2,39,0.2733370219559261,1.171594576402144,2,61
16,0.14189962114588556,1.4582749493420124,2,32,0.6209068918213768,0.3762814349088913,2,71,0.3768724181221966,1.160125904613071,2,80,0.8386221202902187,0.16977442217369873,2,200
17,0.2313648083608096,0.6463256345854865,2,27,0.017025157634550644,0.8681665764135473,2,44,0.3086626674630203,1.0415236260376723,2,95,0.022741428127121783,0.9340010285377502,2,105,0.27885339800739223,1.0108303048393943,2,116,0.5866482956881979,0.2960222431694169,2,199
18,0.3132587376723155,1.0901014705499013,2,18,0.8781319092640137,0.11525978485743205,2,168,13.98370211799231,0.21614853292703629,2,172,0.09654046846787934,0.7931382523642646,2,181,1.2067737120105009,0.21140655090934352,2,200
19,0.2569597383104041,0.986846407254537,2,54
20,0.2937132445604094,0.8872416085667081,2,27
21,0.06199877378617919,0.9450073882937431,2,20
22,0.039539348613109815,1.1277845658754047,2,19,0.4909815434603502,0.7605265582862654,2,38,0.9801217477310727,0.2794367626418162,2,175,0.02438449554419602,0.46587946159499033,2,182,1.5176259182540068,0.15716918640666538,2,200
23,0.4311880892592247,0.8830065645954825,2,22
24,0.13503094934221432,1.4698111017545064,2,24
25,0.16540971595961523,1.3260932243787324,2,26,0.6467634573609784,1.4201732277870178,2,32,0.8191640847617535,0.11409683331199315,2,78,0.2526974866238481,1.4164638736031272,2,89,0.023550534797027994,1.1907838185628254,2,98,0.2443269974337163,0.8302206496397654,2,107
26,0.2807425409241665,0.7817827592725339,2,69
27,0.22984681598178452,0.9043316066265106,2,20,0.023750459293968944,0.83388252556324,2,56,0.3543905677925304,1.0741896676082237,2,107,0.8732387981741913,0.08942266521246536,2,176,0.2701204759816139,1.5607209752003353,2,200
28,0.25352642196245573,1.3825325965881348,2,21,0.9044478479587275,1.4421510497728984,2,39,0.9396450597084753,0.13693404132905213,2,62,0.02140074001463243,0.5032335996627808,2,67,0.7156039705116852,0.20546972012161313,2,200
29,0.4302314969470289,0.2857880478919442,2,67,1.051510714160629,0.11268499153463737,2,159,0.3381551054239429,0.5410766547046056,2,200
30,0.23441613048831322,1.0567038754622142,2,30
31,0.3278862483568354,1.2632185686857273,2,39
32,0.2443098661017066,0.3570641783021745,2,42
33,0.23062227211974726,1.2911340713500976,2,5,0.01449386273601433,1.1121161381403606,2,20
34,0.27839380575115374,1.0143612509682065,2,21
35,0.22615865741236574,0.31463479697704316,2,20
36,0.36347122018820516,0.6875405837046472,2,38
37,0.18198248459534158,1.1205731868743896,2,5,0.014594196832584302,1.1032565633455913,2,20
38,0.29444541370079297,1.3013984639689606,2,53
39,0.06333218720588565,1.4509142537911732,2,12,0.5834629360550018,0.368828730815548,2,71,0.3824198165658202,0.9731375426054001,2,95,0.24949220864435984,1.7359188611690815,2,108
40,0.40706007673854366,0.3654026544863178,2,155,0.02459147539150578,0.5887151062488556,2,165,0.5293534978468047,0.2538026077406747,2,200
41,0.32699375452674184,0.9542827308177948,2,28
42,0.2529476730089967,0.2268011512607336,2,200
43,0.3293888678924782,1.2202896356582642,2,25
44,0.34841165536591684,0.720038640499115,2,5,0.014615578370693846,1.0330564578374226,2,20
45,0.13199529352293127,1.2105803164568814,2,11,0.015736324703198957,1.2880523204803467,2,20
46,0.2439016433055817,0.6155055062524204,2,29,0.023095888886320283,0.9226240329444408,2,45,0.5985195426810312,0.27517096291888843,2,67,0.12996141538365863,0.8138850033283234,2,89
47,0.0959780719247152,1.6583532691001892,2,20
48,0.28151570682393456,0.9173921571587617,2,106,0.6351315956402613,0.2693015541881323,2,170,0.2195756453633131,0.931951109568278,2,200
49,0.7763422143784308,0.24114344588347844,2,14,0.2451930797953593,1.3640847721615352,2,51
50,0.2643626318302587,0.9853489264553669,2,102
51,0.39007694139040777,0.795548879581949,2,23,0.04285896046659417,0.9582502312130399,2,32,0.8556469686790565,0.1962720975279808,2,62,0.09542810990789614,0.45260265800688004,2,80,0.5944032807227723,0.23209325422843297,2,200
52,0.02813336232213489,1.2131642405948941,2,63,0.2910790134465247,0.27637878656387327,2,73,0.0416741193111711,0.7583796350579513,2,111,0.6681201235653538,0.3240942731499672,2,159,0.19665490676542663,0.6346787732580433,2,182,0.021757242907909265,0.6694898274209764,2,191,0.41579692378916383,0.7390824357668558,2,200
53,0.26231549679246585,0.992996429403623,2,24
54,0.33277123868645936,0.6816630005836487,2,25,0.230193624560043,1.5293681751936674,2,89
55,0.40400520062201467,0.9936226407686869,2,6,0.03183413206374481,0.3355370653527124,2,20,0.3987897676931165,0.8085432385510587,2,67,0.2248233070796483,1.1422192922660284,2,95,0.06524236558204345,1.1744700039134306,2,129,0.24902299015040394,0.7247634808222453,2,144,0.7927670895345519,0.2237417166883295,2,199
56,0.2574515299832192,1.2008432033015233,2,51,0.3413418321669333,0.4502594373970224,2,200
57,0.3856153073195047,0.8044791025658177,2,73
58,0.3308089592688707,0.48577051401138305,2,25,0.026852279721781017,0.908283319324255,2,41,0.4246797760799195,0.33985505941903815,2,200
59,0.20050401218869074,1.1391316969183427,2,79
60,0.2282220720651608,0.8054657141367595,2,15,0.016827757656360524,1.0899940252304077,2,20
61,0.17849107840592038,0.8768423974514008,2,200
62,0.2532149656967561,0.719292540299265,2,19,0.766237706261823,0.13378432822915223,2,71,0.01817616647245696,1.1437276254097621,2,83,0.34714826455023895,0.6458833497521039,2,157
63,0.22628000872286644,0.9125242184847593,2,160
64,0.24483223104662855,0.887114451612745,2,35,0.44474358904965305,0.3095445247448009,2,81,0.05941868287096668,1.0410288449595957,2,98,1.1363265385519636,0.15039519281660924,2,159,0.3411467805127081,0.9704365110711047,2,178,1.4089705917885205,0.2642869854515249,2,189,4.039267270373576,0.16431267694993454,2,200
65,0.20037009124373756,0.9096765594952034,2,66,1.0118593995099487,0.06943526808450472,2,200
66,0.27861757399669995,1.4392042954762776,2,30
67,0.26326888171349005,0.9288072411992908,2,113
68,0.2377417799340209,0.7884063528278681,2,127
69,0.30818669933202814,0.7247342807906014,2,35
70,0.07104713567002967,0.9705920368432999,2,20
71,0.1946794460733373,1.0928882140862315,2,38,0.21575640993487877,0.55827996134758,2,42,0.9261527199941718,0.15348944586666324,2,200
72,0.31392366969601315,0.9300584826204512,2,18,0.2959187926601512,0.2318879727806364,2,25,0.9940250409720232,0.10906228508268084,2,95,0.0573764310810824,0.20513559629519781,2,101,2.8857896966749386,0.12605168241443057,2,200
73,0.23231519959587993,1.0655017131465976,2,59
74,0.2633999405014499,1.0758798170474269,2,62
75,0.5190676713524063,0.4889721671740214,2,54,0.21477890723177584,0.8276048446523732,2,141,0.32032263287978147,0.2281396184116602,2,149,1.29965294617533,0.06902679654897428,2,200
76,0.2767012988734094,1.3287689460898346,2,53
77,0.2195318159303119,0.8102205753326416,2,85
78,0.2202214864338259,0.168671258858272,2,28,0.04531836659593341,0.38835455206307495,2,50,0.2910270252058134,0.9600759865272612,2,134
79,0.3060257493476907,0.7827284778318098,2,31,0.05165781921926466,1.0320602213894878,2,58,0.578160575430891,0.978804636001587,2,63
80,0.31016852493643443,0.7877687685417406,2,33
81,0.2622570008583676,0.48768906474113466,2,50,0.057466288210057045,1.0740350423188045,2,79,0.16782241990500477,0.5974144339561462,2,85,0.9185848888355411,0.21267326379364188,2,107,0.33791723964226383,0.39915831387043,2,121,0.24341357591597212,1.0645473365542255,2,200
82,0.18838433207753064,0.3932221143373421,2,56,0.2235236737423017,0.9345549895213201,2,121,0.6500980530971833,0.6901680082082748,2,145
83,0.18629613168580236,1.0160317850112914,2,50,0.2704201703585383,0.5318179825941721,2,56,1.15840774577274,0.052935225292316916,2,159,4.827839205897497,0.16357491765080429,2,200
84,0.23946081219013568,0.7402854116408379,2,91
85,0.3896189676209867,0.4131289303302765,2,35
86,0.2730804899757086,1.729011352856954,2,15,0.023063166020501406,1.4723873376846313,2,20
87,0.31403838778495347,0.8667616087037164,2,37,0.024516065312677342,0.4107325061371452,2,56,0.7261526202730147,1.3199378649393718,2,59
88,0.15933162447336713,1.212117782660893,2,21
89,0.32739570035634474,0.7592809240023295,2,15,0.0453883639895874,1.0140197841744674,2,53,0.2852457640416179,0.901571815664118,2,64,0.5871992314355269,0.20257513626263693,2,90,0.24009330149673422,1.0962497732856058,2,200
90,0.18515663214569916,0.7278079787890116,2,6,0.014545842647602484,1.0192069581576757,2,20
91,0.184147103402658,1.110606590906779,2,6,0.013233611149659881,1.1460360373769487,2,20
92,0.23342290718421363,0.7276297589422951,2,71
93,0.21293938679504987,0.8908386707305909,2,5,0.015497010989666578,1.0664701859156291,2,20
94,0.2880804804265017,0.7454069338738918,2,40
95,0.38506731775322534,0.28256827912160326,2,28
96,0.22023272248595926,1.1649653965776616,2,22,0.43735057370571334,0.3265840778296644,2,132,0.024801927513943514,0.2642088234424591,2,138,1.0671236370454402,0.048649118705229324,2,193,0.05971003351042938,1.2102309124810355,2,200
97,0.1999188019787597,0.3166853843513363,2,167,0.03405223636377165,1.0309697853194342,2,185,0.824246506228312,1.610632594426473,2,200
98,0.031750344468189265,1.2033249139785767,2,49,0.27484519440827077,1.4016332351244414,2,75,0.016474622036638114,1.1046355962753296,2,85,0.2063596184111806,1.0890239136559623,2,92
99,0.25926698555127364,0.280380604416132,2,20,0.823477066014742,0.13170811005177036,2,113,0.08329245349377729,0.18925663332144418,2,128,1.0384259385630255,0.06139492859011111,2,174,0.08321440136800859,0.3967789010359691,2,187,1.0130012391119545,0.4439157877977078,2,200
100,0.49749613204250387,0.9146521644932883,2,28
101,0.3025737460345993,0.3038007731239001,2,30
102,0.35560290625330704,0.7865356705909552,2,43,0.5243683706324631,0.4084580421447754,2,148
103,0.28183370427185733,1.4153659188229104,2,23,0.08636427859797088,1.103431929482354,2,68,0.038284569039285204,0.7306271076202393,2,73,0.8715330174628375,0.18616529358060738,2,111,0.018766002763528588,0.5123719920714697,2,117,1.1042433704344337,0.10823335498571396,2,129,0.0244512882268129,1.2514129877090454,2,137,0.5110425360511082,0.377557283297914,2,198
104,0.3584749752327604,0.5585003245556563,2,114
105,0.8059064327294434,0.38839449843874685,2,54,0.06205959258317635,0.7812835723161697,2,66,0.7335913394803986,0.2951039762533817,2,163,0.031033246742261336,0.8451103918692645,2,180,0.8059227822055643,0.26550209522247314,2,200
106,0.22877892132421462,0.9412647919221357,2,11,0.01622280704269477,1.140131089422438,2,20
107,0.22440290247424088,0.805390139002549,2,95
108,0.6159417315489328,0.969374880194664,2,8,0.017197711238962046,1.0775742431481679,2,20
109,0.29315383100502385,0.8945762687165972,2,142,0.24373379826189648,1.1883398512514627,2,183,0.06675148690579757,1.600025974214077,2,199
110,0.3584230697571015,0.7115233999032241,2,39,0.056277704751300506,0.9723670716379204,2,141
111,0.9426941978307951,0.8355142130301549,2,13,0.20901830792861315,1.8265371918678284,2,21
112,0.2365041139882364,0.6833718798309565,2,200
113,0.2497508973240603,0.7406272249049451,2,83
114,0.274941018858888,0.9673059145609538,2,30,0.7343626505021529,0.32992762838091166,2,65,0.21741144958728062,1.1201904782542476,2,200
115,0.2052047596736212,0.5915578896539253,2,57
116,0.2642485865525765,0.6871765737350171,2,26
117,0.08389667113381101,1.0017494320869447,2,20
118,0.25819890293473796,0.722921563161386,2,37,0.22074006649023434,0.1836175880459852,2,80,0.36628583287237787,1.4940183758735657,2,110,0.041142108193681436,1.649110930306571,2,124,0.9894620634394712,0.27156992150204523,2,180,0.08879945745315972,0.22223304584622383,2,192
119,0.49096172240987546,0.9553970527648926,2,25
120,0.27401144229721935,0.6866594776511192,2,24,0.3063469025415471,1.5065927335194178,2,38
121,0.2258508072178138,0.9365140609443188,2,32
122,0.2333193669233295,1.1027865465949565,2,85,0.02691487800656939,1.398726300759749,2,96,0.6711918796473215,0.3640053002339489,2,149,0.2884173767510258,0.8103364051557055,2,200
123,0.2627345005005714,1.535714310758254,2,34,0.8030522831007146,0.23568933807751713,2,102,0.5142444406842697,0.5715709552168846,2,144,0.053055147302813715,0.7116918232705858,2,153,0.4488388286715755,0.8100289901097616,2,156,0.30807456710898706,1.4297560507600957,2,200
124,0.34045873835172913,0.6816274357529787,2,52,0.028418822726341816,1.0225380631380303,2,95,0.3030762093193486,0.30205883866264704,2,200
125,0.5030908172119222,0.4650132794232264,2,137,0.05772734250244122,0.4021456377661746,2,160,0.7567580521903748,0.22605620622634887,2,200
126,0.17910529506133085,0.9298750245943666,2,64,0.09788718896625843,0.45963647663593293,2,74,0.4029439413416672,0.3325279712163169,2,132,0.06494491645169244,0.32128844410181046,2,152,0.6744228887510979,0.16612510972966751,2,200
127,0.3571921537059075,1.15452055704026,2,42
128,0.4687904187951511,0.4858386157190098,2,34,0.0551401474258615,0.5990254269993823,2,57,0.9818792162425956,0.17865463346242905,2,69,0.0400427973204644,1.2004182155315692,2,82,1.341696269399489,0.13960876067479452,2,88,0.05842603749147817,0.4725946677582605,2,102,0.79278497711922,0.2638195977383053,2,199
129,0.31758718998074675,0.7918162562259256,2,73,0.0507971811126564,1.0889383384159632,2,101,0.33675787485172504,0.7603786047548056,2,133,0.2774073533095134,1.271236875477959,2,150,0.02414542928648261,1.1281852920850117,2,162,0.24147995558368318,1.187854346476103,2,200
130,0.37680746739943827,1.2951959004768958,2,13,0.02965379444551739,0.961349978166468,2,30,0.23430918379910326,1.007378164678812,2,46,0.12250283066614746,0.6770999685806387,2,114
131,0.44833269029951356,0.7268310280946585,2,13,0.018283104749149588,1.1244433266775948,2,20
132,0.40841306978054487,0.6216325653450829,2,28,0.857759001157835,0.4934122622013092,2,43,1.2201998855014795,0.14066518588763913,2,125,0.34980586710960065,0.2978144692200603,2,191,4.445343597047045,0.35573282092809677,2,195,0.05110034112022698,0.7541775822639465,2,200
133,0.02314218213670555,1.2218992292881012,2,20,0.7951613726735732,0.2536605369638313,2,64
134,0.19770536355052118,0.3562096655368805,2,6,0.020441527389564767,0.5872041370187487,2,20,0.45155899022632934,0.342302656284085,2,74,0.22064004810280166,0.9180970949431261,2,122
135,0.27395573662301004,1.1885248510925859,2,27
136,0.05657419827659589,1.0552336752414704,2,20
137,0.2958625886620226,0.9459835886955261,2,14,0.018815452839883215,1.054175039132436,2,20
138,0.32791039289738727,0.6861740253188393,2,55,0.24959794457767845,1.4915448195404477,2,91
139,0.6635051755660095,0.6393933546543121,2,50,0.2210348718759991,0.8320809429883957,2,200
140,0.3258954519290141,0.8311238288879395,2,3,0.014866161125108699,1.0529480401207418,2,20
141,0.27845161705428806,0.8406349326434889,2,38,0.027886304059867417,0.9660174273977092,2,89,0.30011939683570776,0.4551823090423237,2,144,0.02978850596220199,0.5217542856931686,2,154,0.273982554371525,0.9787412572790075,2,181
142,0.1716443491860065,0.6090224994854494,2,22,0.6714304412888019,0.23001598969101905,2,122,0.07450399125017396,0.4478259375318885,2,138,0.6898935760441184,0.38731820292251057,2,181,0.023091155912798204,0.8946137981755393,2,195,0.5189785004593177,0.5778322696685791,2,200
143,0.6691248640022847,0.3525623098636667,2,48,0.2352432444103293,0.5344121878345808,2,60,0.22941473592468134,1.0387086272239685,2,133,0.04104648999465189,0.8278719088924464,2,200
144,0.12191999148018415,0.8061711839560805,2,29,0.5942437351014755,0.9525518849492073,2,49
145,0.3142147404485489,0.765888700651568,2,43,0.05283941006322392,0.8534381134169442,2,71,0.8597710180825678,0.44766801420380087,2,88,0.08378768370210131,0.8351808027787642,2,99,0.9588025082259324,0.3340130157091401,2,143,0.2919018944064251,1.6361810162260726,2,180
146,0.21952875434194735,1.1802452027797699,2,20
147,0.2713083907182496,0.9856822711604458,2,143
148,0.25528501885674715,0.779552276711911,2,64
149,0.28873521275185127,1.2618404448032379,2,20
150,0.6476443836392898,0.22972990706395569,2,89,0.297783046807822,0.9374984131783856,2,138
151,0.03589291460461967,0.5974181484092366,2,11,0.6023510582383753,0.34088576694981,2,72,1.469771052025706,0.13367228038035905,2,124,0.10364324859449547,0.5519235101011064,2,133,0.6231305148486249,0.25625116364522416,2,188,0.3058002227209114,1.119131197532018,2,200
152,0.41845045394050207,0.6960756752801978,2,46,0.020811180126149974,1.310014583170414,2,62,0.6177496479239961,1.2169373769026537,2,75
153,0.27800665332628843,1.1380685766537983,2,24
154,0.42551003308525936,1.0247664584053888,2,9,0.015838587126297633,1.1827417070215398,2,20
155,0.29356727691209605,1.036883920431137,2,20
156,0.47236335574045096,0.47284134238396053,2,106,0.4698802098394148,0.8935586249127108,2,123,0.04668285053106789,1.43683817753425,2,136,1.2809695611234804,0.08030588645488024,2,200
157,0.022115485729505273,0.6900950003478487,2,59,0.43135781011205204,0.5612357812268394,2,80
158,0.23495483546052778,1.3650129556655883,2,20
159,0.28317439027632735,0.6247282673915228,2,12,0.019251203824401906,1.016378566622734,2,20
160,0.13214264415653754,0.738174369186163,2,40
161,0.32862315080540994,1.0351518074671426,2,30
162,0.028892662894721324,1.3187186539173126,2,20
163,0.33762477445585337,0.9268875232449284,2,27,0.9803040501745978,0.17903239876031876,2,77,0.363380952898325,0.7322255627197378,2,111,0.2696056716323281,1.1628025770187378,2,115,0.04790447949450865,1.4904472960366144,2,133,0.1056009673393103,0.33097556934637185,2,150,0.4442924357041537,0.3396830055117607,2,200
164,0.29142931449784426,1.1235595830651217,2,43
165,0.23615282476433222,1.6203358173370361,2,17,0.47246652077113777,0.692346352841947,2,94,1.991965069494649,0.09828692674636841,2,133,0.031622836122570774,0.45247821296964374,2,140,3.2216307824033374,0.10673798248171806,2,144,0.08739797334585135,0.35782683321407865,2,158,0.7745821200421166,0.19507336013373874,2,200
166,0.2575156635077052,0.9038691294770087,2,124,0.039556396853992926,1.5661733249823253,2,136,0.4421382263517832,0.5874890708364546,2,200
167,0.24650430220360525,0.977668801179299,2,52,0.7426613262500873,0.2286991849541664,2,88,0.0881123152056994,1.1912869572639466,2,138
168,0.283504202453914,0.2857380984351039,2,16,0.46803607599516006,1.0729087856080797,2,43
169,0.27773013749570125,0.9825540394396395,2,74,0.8910901311878953,0.13168622957808632,2,144,0.03645556263946748,0.4797504097223282,2,156,0.5514842380158291,0.18068499355153603,2,200
170,0.27807640774969294,0.6805114050706228,2,12,0.01643511784657012,1.0297118574380875,2,20
171,0.18248736207371574,1.228356917699178,2,6,0.013818856184149566,1.1155777445861272,2,20
172,0.7347533461824906,1.008174459139506,2,6,0.030423267319568233,0.9562948575386634,2,19,0.25275517865192737,0.9147736623883247,2,59,0.8718178534497327,1.1427520990371705,2,64,0.9609600181299256,0.0825915806850449,2,186,0.2892161099709367,0.9862651058605739,2,200
173,0.21814858325767889,1.0166466149939113,2,83
174,0.2276537339790785,0.398048650200774,2,41,0.698005325723861,0.2624771221066421,2,200
175,0.3044373358058566,0.602155456940333,2,6,0.015551405996069795,0.9828522375651768,2,20
176,0.3212538630843797,1.2977542394683474,2,42
177,0.8362258069293924,1.1371073180978948,2,11,0.01790576996732354,1.215840392642551,2,20
178,0.05068315036281336,0.9003396093845367,2,20
179,0.19830358862132955,1.0917608217348027,2,79
180,0.23992593504348436,1.1333174467086793,2,35,0.7058679119784962,0.14926615357398987,2,101,0.2879883730195911,1.4344044248263041,2,131,1.4965281448800563,0.04303531646728516,2,136,0.323804571257884,1.2283700329916818,2,171,0.6945322309137475,0.18184408956560597,2,200
181,0.6325123740698555,0.35106218578638854,2,27,0.04704421575305104,0.6041929423809052,2,33
182,0.46258621445757386,0.7312822312116622,2,10,0.018792524436037385,0.9820764362812042,2,20
183,0.23734999403131146,0.9418911907983862,2,46
184,0.28949295896547517,1.0161822462081909,2,50,0.023113234543453997,1.0963806084224157,2,57,0.6543031695775592,0.9855135182539622,2,63,0.30366462377437325,0.5688955783843994,2,68,0.03658211711144938,0.5130119484204513,2,81,0.7995020572883849,0.08785990261017008,2,128,0.622050503416963,0.6265285115602405,2,171,0.2317786855970027,0.9635727107524872,2,199
185,0.7944302254528923,0.47977341959873837,2,12,0.03967717618235268,0.6902643982321024,2,28,0.2937182155071312,0.5652084941825559,2,90
186,0.39466355368393524,0.5319889256211577,2,61,0.04115001415062109,1.0764111452030414,2,94,0.2818977286870981,0.7155531478940316,2,200
187,0.3149940845326552,0.8848954609462193,2,14,0.8865064733482532,0.14487996810313428,2,80,0.040180501389723865,0.7955419307663327,2,101,0.29845005978939915,0.9620312929153443,2,126
188,0.08396737021534133,0.6927341471115748,2,24,0.7016252777052001,0.3957416325807571,2,54,0.1756506547823084,0.442103435826856,2,97
189,0.025472779450430992,1.2649533437645955,2,23,0.39696264899524497,0.8613010570406914,2,31
190,0.1625169159465382,0.639961177110672,2,20
191,0.2878851936481154,0.653289757668972,2,8,0.01453482084523537,1.0583141942818959,2,20
192,0.39515784422413547,0.4611904926854989,2,58,0.04790655971053099,0.8636774787536035,2,110,0.46588263649970535,0.6688438653945923,2,115
193,0.2518500908438361,1.0221333503723145,2,14,0.020925253017015658,0.7438276737928391,2,34,0.49180696585186556,0.6490847903948563,2,47
194,0.017769815359410763,1.19842169880867,2,20
195,0.01579054450131437,1.1277679204940796,2,20
196,0.017338367588284966,1.1245006561279296,2,20
197,0.01674576782897816,1.1499473094940185,2,20
198,0.012471762230288841,0.9141881436109542,2,20
199,0.2946221840087502,1.160977840423584,2,20
200,0.016093863679133638,1.045169621706009,2,20
201,0.26202100572779036,0.6423178866505623,2,20
