0,0.24507997268215567,1.1405750022215002,2,17,0.4520504487173359,0.44801543777187663,2,41,0.16129531981976108,1.3440204007284982,2,55,0.864689731511161,0.31124845963148845,2,97,0.04185224551287566,1.056680592623624,2,119,0.28696376285183955,0.25107903304425155,2,163,0.04684647470703591,0.8285221733428814,2,190,0.4728319511986452,1.0199267625808717,2,200
1,0.26708574108898087,1.4387794335683186,2,6,0.9835850262176743,0.21783315390348434,2,12,0.2535480369835158,1.49973476462894,2,57
2,0.039201770078751155,0.8388392567634583,2,20
3,0.2793128267362458,1.1810336649417876,2,20
4,0.007298922548290501,0.7172623306512833,2,20
5,0.5591809819328475,0.22543414433797201,2,24,0.2513419146821967,0.9123144399036061,2,79,0.050481376484915325,1.0689731294458562,2,90
6,0.2809488730664586,1.293802181015844,2,46
7,0.988865028406428,0.3855290661255519,2,12,0.029604064629028655,0.7648125809171925,2,35,1.0187141925036602,0.44537995258967084,2,41,0.038601837727183765,0.7577543616294861,2,51,0.15136201783390202,0.6873435165200915,2,65,0.32652281638687186,0.24875290389172733,2,129,0.4533398857362677,1.3313812136650085,2,139,0.02507769208109573,0.31850146452585854,2,154,0.3002054910440514,0.3545796783721965,2,200
8,0.3076415126580437,1.0436884972356981,2,93
9,0.2801064143041311,0.8741218050320944,2,6,0.026436405716280167,1.0065505968199835,2,24,0.7203280668913126,0.24271808911676276,2,97,0.3249689562005796,1.5780507837023054,2,118,0.4856815432183788,0.2923202189532193,2,162,1.7645171092237875,0.11246489380535327,2,200
10,0.2162808020852077,1.0279599856107662,2,39,0.29672640590441096,0.19308588121618545,2,46,1.073420559967825,0.08613113715098454,2,59,0.04870891944859952,0.5594389736652374,2,67,0.9883948370551228,0.03040260821580887,2,83,0.154053954805786,1.3320232696003385,2,119
11,0.3736114524561448,0.8327651266988955,2,76,0.34448461752961734,0.3879875528315703,2,112,1.0272114362118618,0.13414736734885796,2,163,0.09946654749684822,0.45679785920815036,2,185,1.6120083781676133,0.20985327263673145,2,200
12,0.31242001159604116,0.4977981959070478,2,21,0.038147175844539014,0.7701023817062378,2,73,0.2121901928867776,0.992491257472301,2,200
13,0.06124221067366045,0.7115915695826213,2,15,0.3444108086927522,0.8723629327920767,2,80,0.0732172827655619,0.7863092262297868,2,160,0.31142458251791016,0.8899267966097052,2,182
14,0.21960173877578798,1.0597749664339908,2,86
15,0.5934862478637414,1.6298104524612427,2,5,0.015315892255815736,1.1140203714370727,2,20
16,0.18878182800473217,1.2006330092748005,2,6,0.013503917793017923,1.1167094452040536,2,20
17,0.19717204488018833,0.9205574637651444,2,200
18,0.2934618865028439,0.6028406505889081,2,47,0.5052865218833515,1.3542403484645642,2,66,0.7056458138922521,0.1844494880642742,2,130,0.25396673169494094,0.9986004798035872,2,168,0.033339124110424036,0.7339058551523421,2,186,0.6392506337403387,1.005202203989029,2,198
19,0.2529988951291862,0.4175117370628175,2,21
20,0.28711834868485553,0.9627035771957552,2,99
21,0.1405481986056664,1.194126810346331,2,7,0.01381880435173169,1.14943154500081,2,20
22,0.17978814811054775,1.431305130845622,2,38
23,0.3294466218139307,0.7049379619989502,2,89,0.0204055729123143,1.0122139930725098,2,99,0.9412240434066752,0.24308320973068476,2,115,0.17361808554192976,0.8467146312489229,2,200
24,0.22440624822298946,1.0350020661220685,2,143
25,0.5316502909645964,1.0335293889045716,2,40,0.07756776984567129,0.35092055797576904,2,47
26,0.2877400406454219,0.49194448813796043,2,16,0.017829217162576932,0.806426556997521,2,59,0.22102136113080426,0.6543825573699419,2,102
27,0.5647224114094367,1.0071574979358249,2,9,0.017421076374789162,1.20181358944286,2,20
28,0.2671347951475767,1.2996787905693055,2,10,0.017891971113837127,1.2489078998565675,2,20
29,0.045900079736911396,0.7453863605856895,2,20
30,0.2609140066069431,0.655518768010316,2,27,0.04343494466989184,0.6305401735007763,2,43,0.23796798569193164,0.5733278759204559,2,180
31,0.2849380441448896,0.8266501611876256,2,103
32,0.22595670402649554,0.9896334247155623,2,22,0.03388608047526836,1.017243834102855,2,90,0.40797707498023367,0.38331647713979083,2,108,0.016687824032182812,0.8760838806629181,2,116,0.32922093364863403,0.38170540350533666,2,200
33,0.3903397123343348,1.4048277139663696,2,8,0.01720929750528725,1.209197421868642,2,20
34,0.019071978924892524,1.1392436504364014,2,20
35,0.03721106775396821,0.8887781333178282,2,32,0.9041631496610653,0.1748999059200287,2,57
36,0.32273322646819735,0.4062637629963103,2,42,0.022980613722110882,0.5803261548280716,2,52,0.38756795274003053,0.6376904531105144,2,89
37,0.6454081600227355,0.9499142408370972,2,5,0.014411525259212538,0.8577228903770446,2,20
38,0.050875171585435676,1.0610357446055259,2,31,0.7597114973014659,1.7905975431203842,2,55
39,0.4027997205012677,1.1420964363849524,2,33,0.3701972142901635,0.3398933474506651,2,40,1.5142779781858924,0.17174833143750826,2,64,0.3141184683953735,0.39205751285470763,2,93,0.2961153063735424,1.063851586759907,2,166,0.3114425616585093,0.46424698531627656,2,191
40,0.45793281828752785,1.2213306903839112,2,5,0.0136817572409077,1.072236967086792,2,20
41,0.24952576888823147,0.7714506456485162,2,26,0.46662312438365183,0.2947227045541673,2,153,0.061596851185324965,0.4467545721841895,2,176,0.845042096549189,0.22711868956685066,2,200
42,0.2753617122118945,1.4429092176498906,2,31
43,0.037788544205136256,1.532402507464091,2,15,0.31344895965647285,0.30584804341197014,2,23
44,0.36184093257552274,1.0422590429132634,2,22,0.5658483140821623,0.23261695175710387,2,159,1.3247853326040138,0.2389470909426852,2,200
45,0.26113091176729836,1.043281352519989,2,35,0.020935121810477287,1.1427272698458504,2,52,0.58020028031893,1.2433637936909994,2,82,0.051912102519614145,0.9086248129606247,2,110,0.3795440088965625,0.9360314124160343,2,200
46,0.28172109002735096,1.1666619893577364,2,72
47,0.2930834032538582,0.7927565546262831,2,21
48,0.2649924427057312,1.1575340916370522,2,29
49,0.21037754461892075,1.4220738291740418,2,20
50,0.2650366612991231,0.7524076244410347,2,34,0.02712485040406448,0.610216865936915,2,52,0.3672367469337399,0.584269166975231,2,143
51,0.1716535836815463,0.5436171642665205,2,29
52,0.3144179002129243,1.146380390935731,2,103
53,0.2528633792021759,0.9893995854589674,2,72,0.028684121022129826,0.9702478766441345,2,102,0.23341853382188768,0.8043975532054901,2,106,0.3987706716437165,0.21004315232858062,2,138,0.08547411988155586,0.5843599356453995,2,167,0.8403265427561447,0.2393198279720364,2,200
54,0.6708609403536162,0.7118842772075108,2,7,0.024349918767019873,1.0269200886998857,2,35,0.31900195289819416,0.5547822330679212,2,42
55,0.2895428796025807,0.8373663207418041,2,190
56,0.32912725771876084,1.1251749754380838,2,139
57,0.06034829095635562,0.7417022669315338,2,25
58,0.21928654771233672,1.2644691552434648,2,28
59,0.2451372161063984,0.6195540853909084,2,21
60,0.2561237187209649,0.7071697115898132,2,16,0.017328710767388143,1.061032235622406,2,20
61,0.4606508992094286,0.7814035744239123,2,39,0.05211561583972702,0.2906862422823906,2,57,0.3381953529725649,0.666382991132282,2,78,0.062138207783717,0.5309774232538123,2,97,0.34213473379629533,0.31363242864608765,2,199
62,0.42929741257965714,1.2596824765205383,2,14,0.017231397285672655,1.3551071683565776,2,20
63,0.5156565955098191,0.6690467252181127,2,52,0.08385154026409582,1.025443976575678,2,63
64,0.13528171435583966,0.9392618208247072,2,34,0.022268173691315164,0.3110907890579917,2,45,0.2842647366466606,1.116669212899557,2,86,0.2932204320732625,0.2849761135876179,2,94,0.038372714458962544,0.23695013796289763,2,106,0.7171010097425924,1.4171213110287983,2,130,0.4553618942203737,0.5155436130506652,2,172,0.0171999388281427,0.9256118280547005,2,179,0.320789591477495,0.7910209411666507,2,200
65,0.22327957211990723,1.0884690408048958,2,29
66,0.24283702434515664,0.724015089571476,2,200
67,0.17467977920274516,1.4319538116455077,2,5,0.013667014840397614,1.1493869264920553,2,20
68,0.2689169714046425,1.4213389656981643,2,98,0.28441525955978997,0.43515741147778253,2,164,0.8507625570637711,0.21705479381812942,2,200
69,0.23636408965588665,1.2268446049791701,2,47
70,0.38059550240884293,0.9528474569320678,2,15,0.021982361549532134,1.095362663269043,2,20
71,0.26346952817051694,0.7936798413115812,2,83,0.3100938364866351,1.547614803681007,2,122,0.46394802452191863,0.5445907776936506,2,200
72,0.3097628044074384,0.5517282434795276,2,166,0.5810694961990054,1.0577834485208286,2,200
73,0.06418130062534416,1.5009381515639169,2,28,0.391279911731446,1.55299801296658,2,46
74,0.21899930360908812,1.2287769950926304,2,32,0.24808777647907423,0.693862214894362,2,174,0.27381998273141916,1.2540965126110957,2,200
75,0.2527419387965721,0.820581394163045,2,88,0.04365899122454791,0.9353871544202169,2,97
76,0.2625370894132929,0.9525656032562256,2,75,0.3784304556920971,0.40166746892712335,2,119,0.03256402122659264,1.2238009323676426,2,131,0.5074222086927073,0.42284804670249715,2,199
77,0.323324025590771,0.9153972919143382,2,84
78,0.3521945149616895,0.9827254197814248,2,77,0.03726612322333867,1.0343330171373155,2,86,0.39174517226607614,0.7879963392435119,2,129
79,0.6201098153103796,1.2084988355636597,2,8,0.016297489943883255,1.330927183230718,2,20
80,0.20241970033014065,1.1004249056180317,2,6,0.013827619740585679,1.0657131203583308,2,20
81,0.18585020505292846,0.4636301902624277,2,13,0.01807361090551105,0.9548714756965637,2,20
82,0.05054232166932191,1.0117188507112964,2,29,0.29598683371832973,0.587793584053333,2,55,0.0649307139492391,0.7013526789603695,2,86,0.31702017333731514,0.4958325241479957,2,200
83,0.41251206718236505,0.7437254479829816,2,69
84,0.43965441487272783,1.0620948672294617,2,37,0.020523994788198868,0.9473543817346747,2,48,0.2866029645285749,1.0076086514939864,2,96,0.4942299995378937,0.2940223166498087,2,155,0.2971012318804572,0.989460469616784,2,200
85,0.21999196517752975,1.3478816548983257,2,6,0.015404742533430472,1.0637057764189584,2,20
86,0.31471225367777605,1.0380571550793118,2,45,0.03888697882532267,0.9794464266818502,2,68,0.2866652150148118,0.7425891201083477,2,120,0.05019697817390342,1.272589425245921,2,138,0.620002718218625,0.5015917497296487,2,169,0.020270249573461043,0.7621679256359736,2,181,0.3123783333490603,1.2414299406503375,2,200
87,0.18569474137449227,0.9697394760755392,2,52,0.03187164578817482,1.2816240827242533,2,82,0.09123246860784287,0.5185622085224498,2,93,0.27144958006130365,0.6623514563572116,2,175,0.934356540201326,0.3663565069437027,2,189,0.6404087094752124,1.6707683584906838,2,200
88,0.27552624498502937,0.6349829100490956,2,89,0.07355869069297442,0.936343147537925,2,144,0.3454415245369196,0.8233441276983782,2,166,0.3728661648300844,0.34762680048451705,2,200
89,0.5353006045675405,0.7228317360083262,2,30
90,0.44112832320336687,1.2360984339163854,2,52,0.4497365871169411,0.3067184202373028,2,64,0.01766300909792706,0.789234323160989,2,71,0.9766873315433195,0.19248149394989014,2,76,0.052130874315912595,0.6408880696846888,2,102,0.4700227528023956,0.31159334158410834,2,200
91,0.19221939961027726,1.0671128034591675,2,5,0.014841744643383666,0.9988864143689473,2,20
92,0.21885348592853146,0.6422397579465594,2,14,0.01586179566376873,1.0804052948951721,2,20
93,0.3225370583530637,0.6686186850070953,2,20
94,0.3637466591418203,1.0153776407241821,2,12,0.01858395807234054,1.2396026104688644,2,20
95,0.31331747166509044,0.4669250785045221,2,142,0.051854252588788514,0.6043886065483093,2,167,0.5308355573936995,0.23865081234411759,2,200
96,0.3364424976133423,1.1763105300756602,2,13,0.040861622378975254,0.9594196169934375,2,60,0.7222633768642066,0.4721209925989951,2,91
97,0.2527425207683375,0.8565213746494718,2,9,0.016563422394068477,0.8654394529082559,2,20
98,0.2960331290732114,1.0677059973989214,2,28
99,0.19925934015370506,0.8014473418394724,2,6,0.01348681275686419,1.0791500551359994,2,20
100,0.1961120452445722,0.9183065884856767,2,93
101,0.340926683741331,0.9194618155216349,2,29
102,0.38892899911225115,0.8660503893482442,2,98,0.042140024218718576,0.9271428368308328,2,109,0.36353460030413326,0.7308332808315754,2,157,0.3228180133747961,1.49731893936793,2,187
103,0.44980637380019756,0.4082460218667984,2,25,0.028769936847470024,0.7642666379610698,2,40,0.2924672196430666,1.2012627629133372,2,131,0.3652831538659694,0.2834335796535015,2,151,1.0021539330472515,0.16435120503107706,2,187,0.097568513062571,0.45644135773181915,2,197,14.920808696756898,0.5808310111363729,2,200
104,0.5166228314994961,0.4872448329093321,2,53
105,0.1800928430851793,1.3415779292583465,2,20
106,0.049167479890880814,1.3459519624710083,2,20
107,0.30064109160154523,1.2159706392186753,2,94,0.28898884315008,0.25609355473092626,2,122
108,0.25005714023263376,0.9702232309750148,2,14,0.01634218275388255,1.1444032788276672,2,20
109,0.25743990239956305,0.899455409348011,2,200
110,0.055051724970171086,1.1663064360618591,2,20
111,0.3431155491285545,1.0497635897468118,2,170,0.051192747351390816,0.6706884631088802,2,184,0.28252480344737224,0.6916717067360878,2,200
112,0.3141115017835658,0.7222187684929889,2,115
113,0.26251230344741927,0.13894243112632207,2,14,0.5473886128147111,1.0499770776792006,2,36,0.03538436519131239,0.3804559639909051,2,58,0.46181943956452437,1.6543887158234913,2,70,0.440181073514092,0.23009585961699486,2,154,0.3113153163320685,1.1047804589782442,2,196,15.4000895353951,0.20975636690855026,2,200
114,0.19579092551154978,1.1764874366613536,2,39,0.5114554176693846,0.5882740789338162,2,58
115,0.33728528254463086,0.884220661343755,2,37,0.04204741064352461,0.5746566997124598,2,50,0.3643955623234672,0.7283745108172297,2,130,0.25599584042838947,1.108298282963889,2,200
116,0.2414581756046528,1.536503404378891,2,8,0.016172967217242304,1.1755229830741882,2,20
117,0.2671950511582234,0.8852679297035816,2,51
118,0.22954057583272164,0.9593168926239014,2,25,0.021509200167932473,0.9167301929914035,2,38,0.2885308027313504,0.8112045018761246,2,65
119,0.24609255342372363,0.8778739154338837,2,100
120,0.3327648487393584,0.5953310833701605,2,79,0.21489893778403435,1.656136859547008,2,90,0.31753888309868655,0.7758293363181028,2,200
121,0.25990030992717067,1.013456526256743,2,21
122,0.2502450472579862,0.3964060233986896,2,23
123,0.2946967943216348,0.8255558411280314,2,18,0.028981527263494688,0.9257249534130096,2,24,0.37456727100571857,0.7878599107265473,2,74,0.5246501382625949,0.4587787840610895,2,152,0.016646354495899712,0.8824533919493357,2,158,0.4585474624965508,0.4075714710511659,2,177,0.252123124195143,1.4743678623979741,2,199
124,0.3080244619364216,1.1891732811927795,2,16,0.7900786756671608,0.2072858094999736,2,192,0.04909494082925472,0.506999691327413,2,195,10.082524663176251,0.21605838537216188,2,200
125,0.24826582458595878,1.330292332630891,2,52,0.22294700202115694,0.811507625579834,2,102,0.03591070956557618,1.1030842512845993,2,110,0.38651017661382037,0.9425000184112124,2,182
126,0.14281047958331008,1.191267490386963,2,12,0.018297418223830644,1.0215649008750916,2,22,0.3601158197197931,0.5766939600308736,2,37
127,0.08234546319956826,0.7143929076917244,2,33,0.41473336581368975,0.7477259837918812,2,78,0.4281948584972382,0.29689313104895293,2,200
128,0.3642549625773347,0.7662007149498341,2,59
129,0.2688877152860808,1.2861043155193328,2,20
130,0.2219289007830805,0.46262431451837527,2,131
131,0.339732915429991,0.7808215638829602,2,72,0.04117668807362782,0.44648665260700954,2,93,0.46444666239299953,0.6014639752752641,2,161,0.07514849506573952,0.7628124316533407,2,176,0.5063499872073434,0.6361402620871862,2,200
132,0.22063707647057748,0.6437869111696879,2,15,0.020093400959568485,0.9696634769439697,2,20
133,0.2612062007387739,0.4145145969731467,2,21,0.041426535581274126,0.6371230830748876,2,45,0.4017136666641584,0.3631001239822757,2,76,0.08747934014534378,1.056149133046468,2,91
134,0.17197605314733977,1.0749223688815503,2,94,0.5525659711373347,0.8660672836005687,2,134,0.02222661169625977,1.184730144108043,2,151,0.23878222879772082,0.9120139057437578,2,199
135,0.018405176673166625,1.2360784500837325,2,20
136,0.20717888052897213,0.6768461535374324,2,120,0.027989854949355443,0.8813746665653429,2,139,0.24012126424345992,0.598266559488633,2,156
137,0.5434721405375724,0.31342625667651497,2,120,0.08314180060271505,0.6113064500192801,2,168,0.27324317446911833,0.44351456593722105,2,200
138,0.35744121349413116,0.48307898044586184,2,5,0.026969516186385427,0.9832923554238819,2,26
139,0.3545964078701203,0.6315057410725525,2,56
140,0.23727009880798403,1.023294860124588,2,20
141,0.21810845259410927,0.9730994871684483,2,35
142,0.23532035624760755,1.1943465886694011,2,66,0.03039547352103727,1.2087614621434892,2,80,0.8492138183555896,0.19017026697595915,2,104,0.026821037518501723,0.9308804273605347,2,112,1.026886854783536,0.1631379553249904,2,119,0.23640328958797632,1.380753807399584,2,142,0.5366290092474932,0.3054318462426846,2,194,0.049779438694821994,1.0220160682996113,2,200
143,0.1723839852585224,1.270870211877321,2,76
144,0.3100416636023351,1.3812130242586136,2,16,0.020228629806072394,1.5982339978218079,2,20
145,0.34862138240854607,0.2300454697438649,2,28
146,0.29001361609506204,0.43726332982381183,2,27,0.018823533226733993,0.3615080349975162,2,36,1.1174263687156518,0.37775786433901104,2,43,0.154245554275879,0.599083699285984,2,47,0.1044271585498623,1.3717120587825775,2,55
147,0.08140801122444898,1.1954831370600947,2,27,0.017440207663339032,1.6658557000614347,2,69,0.24249574441440094,1.0775265324683416,2,90
148,0.27830176061275336,0.8580878099191536,2,103,0.02734709045546953,1.1397259445751415,2,137,0.31004391081343935,1.2717518949508666,2,162,0.028893920029074652,0.8788250346441526,2,199
149,0.3272338954734809,1.2652300668925773,2,41,0.04210332741042374,1.1843740132547194,2,72,0.3232933630495039,1.1236976172242845,2,100
150,0.2991404257638773,0.30800246397654213,2,15,0.016279806070234642,1.1092580080032348,2,20
151,0.2601482429748655,1.2603375065711238,2,62
152,0.12419589043330874,1.0498788893222808,2,20
153,0.17792092577778446,0.806976682609982,2,27,0.6183863038837901,0.359490808318643,2,95,0.19779011715869574,1.5304558764804492,2,161,0.35722646043561535,0.39172549380196464,2,170,0.3295814101453427,1.2569228768348695,2,200
154,0.2448450234306657,0.7687632387602016,2,152
155,0.304666689101627,0.4824718441814184,2,32,0.018399514280414222,0.8139637645922209,2,51,0.6696856848479729,0.815088152885437,2,54,0.3499684875686652,1.1380743526894113,2,100,0.44137761820918187,0.2583822371756158,2,141,1.8091351272740266,0.23797396421432496,2,171,0.12275491182379981,0.4567103609442711,2,175,6.432034577198283,0.13454411447048187,2,200
156,0.3376458116026465,0.8634860437167319,2,76,0.0692201695348009,0.9561984170885647,2,110,0.4847667645247275,0.42008994950188533,2,200
157,0.37617017452891033,1.0301949679851532,2,20
158,0.3033511591055197,0.8905929649869601,2,24
159,0.24956194409131033,1.3819917513773992,2,65,0.3700120906833426,0.5704309345724491,2,169,0.01945828593137055,1.0443144765767185,2,191,0.5244586069930598,0.7223118171095848,2,199
160,0.23168609907474427,1.1749369071080134,2,65
161,0.3223839315574553,0.7078559446334839,2,200
162,0.26002180801493496,1.1222816984120167,2,76,0.34401390170947005,0.8620893160502116,2,79,0.02823285798943476,0.6608526669442654,2,95,0.3643465476179034,0.7585013603361753,2,199
163,0.30746246141996014,0.8886481907175875,2,87
164,0.01980166130798189,1.2906254649162292,2,20
165,0.4887650117861291,0.9188603791925642,2,36,0.04089128052947018,1.0856417137033798,2,87,0.7880199894929997,0.3850902259349823,2,97,0.04245873650782887,0.6878199047512479,2,106,0.522326183979596,0.3862964476364246,2,175,0.021946730710031847,1.0594025200063533,2,186,0.7728924469641936,0.35070787370204926,2,200
166,0.3436072262497355,0.9335909475386143,2,200
167,0.2641614869560612,1.2406261865909283,2,65
168,0.33107872480684675,1.5538249633930348,2,81,0.3644844256904033,0.42052029174837197,2,125,0.10167148998732356,0.310126549293918,2,156,0.6644740866737245,0.29286718233065173,2,200
169,0.2853068214627064,0.4762565072589708,2,103,0.28268537924663223,1.148725732167562,2,118
170,0.4054914225993934,0.41098823855000155,2,31,0.31508685773212286,1.11343030480371,2,100
171,0.28649886254523077,0.5297518769900004,2,6,0.014864920844193571,1.07474251304354,2,20
172,0.29801682126333745,0.9919598615169525,2,50,0.3370068391734244,0.566924995702246,2,73,0.053893269983253896,0.46026100069284437,2,93,0.49044568531114713,0.2527200435014332,2,127,0.20090601523218762,1.052478557541257,2,148
173,0.4439606168899741,0.6856127296175275,2,35
174,0.9221168826816983,0.7363172248005867,2,8,0.06937481630699671,0.6519988717102423,2,49
175,0.17875683786625376,0.8295314681362098,2,71
176,0.6289276647146375,0.9350423812866211,2,3,0.01492562614764285,1.1603708898319918,2,20
177,0.2697500332044665,0.5458543787399928,2,30
178,0.30455015565831867,1.6386641589078037,2,11,0.484249351504187,0.6726501959341543,2,38,0.3494110410621192,1.3642947459593415,2,70
179,0.23541255110781803,0.8031890461611193,2,43
180,0.33433081360466127,0.23286538527292364,2,17,0.4256360894217999,0.8050059775511423,2,41,0.02192047943412104,0.5468037757608626,2,59,0.4091931737400379,0.9674708478980594,2,77,0.01863654745778214,1.0855597768511092,2,84,0.36736422634780386,0.9571278361337525,2,140,0.4479212038898858,0.2772457574804624,2,200
181,0.2701218803314802,1.6359033357529413,2,21
182,0.46260680290718614,0.5964694321155548,2,32,0.13212591993622558,1.6713843771389552,2,46,1.231411021145485,0.21746757067739964,2,54
