0,0.5416442750630115,0.2940551286552385,2,171,0.18058962232993417,0.29158696840549336,2,200
1,0.318811687622336,1.1169751750098333,2,9,0.016787699684927986,1.1148973811756482,2,20
2,0.4390030226139123,0.49896219963172694,2,53,0.02117606135098611,1.4019153209832997,2,66,0.14336814529880038,0.9800715961239554,2,88,3.814572415496678,1.4264203111330669,2,94,0.27645210263068537,1.169572813944383,2,116,5.266796732056072,1.3239640196164448,2,122,0.09443841245725919,0.6047494113445282,2,129,8.362957549407998,0.26116553587572916,2,136,0.2298852699061637,0.6137108206748962,2,145,20.956951269433016,0.3072103038430214,2,149,0.06079710830835948,0.5063937038183213,2,159,0.38150991028550557,0.6102188359946012,2,199
3,0.25042352506366383,0.9964412237916674,2,28,0.019860803124809114,1.2828117934140293,2,61,0.23616199313018305,0.7685262560844421,2,69,0.7297989360052015,0.31484989338629954,2,106,0.19713652830285897,1.3962156891822814,2,126,0.021833720864411224,1.0220705198519158,2,159,0.2731428435027305,0.7499741762876511,2,167,0.6863839551665329,0.16277572693246783,2,200
4,0.2542717865950318,0.5174560670194954,2,145,0.7756839389798174,0.22414621519736755,2,184,0.11024520509487579,0.6770857890446981,2,199
5,0.3028233435408294,0.8553257634242376,2,12,0.02824413737026882,0.9282921212060111,2,47,0.5430184884959031,0.42371615519126254,2,59
6,0.900989186824277,0.342598557472229,2,6,0.015329053347293996,1.013318202325276,2,20
7,0.2116234503974927,0.28797471967705507,2,114
8,0.5991257654620294,0.41196321180233586,2,65,0.29790175626366583,1.3899753093719482,2,73
9,0.14516388295835253,0.44976181238889695,2,20
10,0.28908170926139004,0.6226127812082005,2,194
11,0.7146350968291514,0.5972943461459616,2,23,0.24353861452720368,1.203318465140558,2,54
12,0.1726781052626864,1.0499503795917218,2,26
13,0.5954385894207173,0.26672252246311734,2,140,3.087357899078123,0.3020530445011039,2,159,0.053367737180485035,0.3929586509863536,2,168,1.2110969295841976,0.15233863098546863,2,200
14,0.27803998593478374,1.157941624277928,2,122
15,0.34372493430861234,1.4890885591506957,2,5,0.5070165781824628,0.4153753698636324,2,44,0.3763680653746282,1.3137999385595323,2,84
16,0.858998823765642,0.9700686693191528,2,5,0.0428321138402901,1.0039362907409668,2,17,0.06001279717428658,0.3312413692474365,2,25,0.4553481780278351,0.2961291201816973,2,154,0.6748001761334916,1.1516912132501602,2,162,0.06070879568848035,0.9779107102325985,2,176,0.6277832140050557,1.1986702680587769,2,187,0.034710859213371595,0.7244265583845285,2,200
17,0.3263915743730935,0.4884081035852432,2,40,0.20528275616481742,1.3065033924011957,2,61
18,0.26467402461913986,1.7506680531161172,2,28,0.5993385550942985,0.14638909628224928,2,71
19,0.28791260033062205,0.5075764825283471,2,118,0.2037357392646204,0.9398052763938903,2,168
20,0.08667530943811476,0.6191502101719379,2,16,0.9123693935923423,1.2017018397649128,2,22
21,0.19537254824270578,1.3835718740116467,2,11,0.5825922996568954,0.34648434307477244,2,84,0.02924416733216202,0.3875621259212494,2,99,0.7849891251175862,0.24150763948758444,2,105,0.050131114048275326,0.7000185565816032,2,123,0.3699713219311002,0.4750921850080614,2,200
22,0.37835604800043154,0.7709592282772064,2,72,0.4720342761440761,0.13588266695539156,2,84
23,0.3596394507171717,0.655964344041422,2,64
24,0.4292130709471778,0.30018589135847595,2,57
25,0.2095926611446427,1.5923729981145551,2,31,0.6858112598804145,0.923847883939743,2,35,0.020975747850631183,1.0070828885743113,2,68,0.30826337299493284,0.7320688968506929,2,175
26,0.2703133890395003,0.9092768712710309,2,93
27,0.440029319134767,0.7536323964595795,2,23,0.05467461757195817,0.9307005431341089,2,46,0.3092422583094385,1.1016903255806594,2,107,0.3586056419883037,0.40651212845529827,2,114,0.968615668490064,0.25647906746183124,2,149,0.03780506542570154,0.5167125910520554,2,155,2.5791114659520655,0.14700461328029632,2,160,0.3143592126407827,0.7644164676849659,2,186,0.026955540055718485,0.9773580346788678,2,200
28,0.7549096448125442,0.11652260025342305,2,6,0.0432976961500027,0.359940026815121,2,19,0.24283591316885944,0.5354971977380606,2,71
29,0.22095721512792033,0.527772476275762,2,6,0.014638104294536661,0.9260683570589338,2,20
30,0.2718408263603502,1.2839435338974,2,22
31,0.20920473666215392,0.7977372765541076,2,20
32,0.35966698988767387,0.8343403525650501,2,16,0.060676979988761856,0.806550396558566,2,55,0.8997693690069858,0.6527349551518759,2,61,0.016261947200550235,1.090606621333531,2,68,0.38119467152578035,0.601467028260231,2,78,0.5688636348636477,0.32522857514606124,2,165,0.17394599414163678,0.2697321512869426,2,200
33,0.01388272658711769,1.1885266954248601,2,11,0.09024096632886788,0.37571457227071126,2,26
34,0.19495937781148823,1.291796123981476,2,10,0.01593114971384197,1.213040840625763,2,20
35,0.20666269867823067,0.9199758172035217,2,28,0.028770420150777205,0.9885883569717407,2,38,0.25531461471715244,0.8597593908679897,2,154
36,0.28693140216740776,0.523017406463623,2,28,0.3105282678731257,1.3216007053852081,2,58,0.03984923505799888,1.0479562770236621,2,91,0.3908108866087153,0.5972300415192175,2,200
37,0.1585839440141752,1.4850779891014099,2,10,0.01626008765140336,1.2137431144714355,2,20
38,0.2824385386713617,1.1925352703441272,2,33
39,0.30702258006222266,0.9949867526690165,2,30,0.02963474886106965,1.2302110748631614,2,58,0.7315247291134136,0.15039281659531142,2,164,0.3838986147521577,0.658155600229899,2,167,0.0172082753901026,1.0037989854812621,2,172,0.23650072633550712,1.0446240027745566,2,187,1.4214039185412404,0.12601987893382707,2,199
40,0.13204528959013734,1.2548208189010621,2,25,0.5026289942483885,0.33272660630089895,2,200
41,0.26698901577540607,0.7711144983768463,2,10,0.022798444718658814,1.4325801014900208,2,20,0.4475378501729706,0.9280736934054982,2,75,0.23899281132306002,1.5395042394336902,2,94
42,0.32701002030219906,0.7990691556650049,2,34,0.16137432280636407,1.2144866203084403,2,196
43,0.04008176012715972,0.7729108929634094,2,13,0.45103294197775784,1.1178267675897349,2,36
44,0.35214694760844595,1.0559184104204178,2,8,0.019818273806586743,0.48440656810998917,2,20,0.30431333500842017,0.5835027648852422,2,33
45,0.6640920636255512,0.6925635457038879,2,5,0.053634384827772705,0.20258475144704183,2,20,0.7943317546311609,0.717929944396019,2,24,0.22743948084704235,1.726651824437655,2,37,0.45248344431311305,0.7336782825236418,2,86,0.6100695572817382,0.32777549791226696,2,195,0.033483650261414075,0.8291088104248047,2,200
46,0.19597492423557325,0.7943539095335993,2,58,0.3173191367767049,0.2860276258510092,2,104,0.2565324858505769,1.4764088717373935,2,115,0.8154303366043386,0.20427315878240684,2,134,0.06564786970941743,0.48208893747890696,2,185,0.8121306176914888,0.17036789953708648,2,200
47,0.34019916098479186,0.8298622330029806,2,30,0.2643703261622161,1.3004959786639494,2,98
48,0.25987991940146077,1.2440679499081202,2,14,0.7547847345115994,0.2888866080479188,2,80,0.2797414345565033,1.280854631872738,2,97
49,0.4091630695431569,0.30623027642030975,2,37,0.36394065850570895,0.8888581924968295,2,109
50,0.1977741205062997,1.0733099413472553,2,86,0.6895256247171084,0.3927444592118263,2,106,0.2500456024896838,1.1619614296137017,2,200
51,0.30628340614743377,0.2552581195320402,2,7,0.016619653728245132,1.0533107427450328,2,20
52,0.03393837580009746,0.961579536136828,2,38,0.7000653091230534,1.2405712683995564,2,53,0.02277437705607851,1.0675295293331146,2,61,0.5076574189204748,0.4193143753901772,2,130,0.027476456993444802,0.8738549590110779,2,150,0.773736335326452,0.19210055535254272,2,196,0.04539639887828984,0.6450971961021423,2,200
53,0.06993000797610238,0.9181285599867502,2,12,0.6605193481764193,0.6726085676087273,2,21,0.019139579758903253,0.6447720684503254,2,40,0.8861938528163894,0.39420299604535103,2,56,0.1268774887683326,1.7084723975923326,2,65
54,0.3033408338928057,1.1093828714255132,2,33
55,0.1808050732586253,0.8491209223866463,2,8,0.0159511810047206,1.0918527245521545,2,20
56,0.272080123766621,0.6285738899157598,2,13,0.01773113354342198,1.0401459421430315,2,20
57,0.3799373337008856,0.3359439559777578,2,75,0.8497164765072599,0.10509722606397011,2,146,0.028357274111884326,0.19260424541102517,2,155,0.7236724183685019,0.16196416483985054,2,200
58,0.26707226822190455,0.9931447790427641,2,88,0.020919493820644317,0.8121045529842377,2,96,0.3573869031941842,0.8271401498628699,2,119,0.6553657774217321,0.3478253915905952,2,199
59,0.3743366399882325,1.0516019900639852,2,30
60,0.645482653944188,0.4951946046767813,2,66,0.1241155348765188,0.8516459098229041,2,79,0.19273386912527837,1.6052519394003826,2,102,0.06335169459992292,0.8907842834790548,2,111,0.34976240456605867,0.4916368335126394,2,194
61,0.42477011188143116,0.8323034863261616,2,68
62,0.3170407843302765,0.9015568520711816,2,92
63,0.33531112388187123,0.9249191630271173,2,31,0.04720219394768262,0.7131088032172277,2,57,0.345970658729758,0.7120688574181663,2,75
64,0.2961268349499178,1.412267518043518,2,5,0.015083075591019676,1.0077752192815146,2,20
65,0.36718150274768546,1.0587185149391491,2,24
66,0.29684585357005344,1.008406426595605,2,23
67,0.2510973155207844,1.0088428442294781,2,13,0.017570363437122784,1.1273819889341081,2,20
68,0.2882043409892358,0.7618855223243619,2,81
69,0.03238363343493451,0.5964276909828186,2,5,0.28904991452868256,0.8939221599522759,2,90,0.02177089086189953,0.7641989290714264,2,98,0.04056215904195123,0.6565061174333096,2,130,0.7763975277463023,0.4678887314266629,2,175,0.23233308875393802,0.5437004256248474,2,200
70,0.31564386018487484,1.0724163447107589,2,35
71,0.02604421177634144,0.9153492331504822,2,20
72,0.2606317728573334,1.1581165850162507,2,20
73,0.35065179257880796,1.0940485054796392,2,22,0.033232912037137484,1.1781357916918669,2,77,0.3393978594512284,0.43615264220293176,2,120,0.19145469968444837,0.8464738823473453,2,200
74,0.24848637468953017,1.3520225928379939,2,26
75,0.1374744042495033,1.072704615800277,2,23,0.3225147371880225,0.29785142673386467,2,77,0.23009097112097987,0.6524538360536098,2,93,0.019497666459141763,0.7852903306484222,2,105,0.21458780762061422,0.37036724601473126,2,119,0.02164166919319971,0.8180952447432058,2,146,0.2662432879560713,0.7323265862133768,2,200
76,0.2627940355058219,0.9323185920715332,2,20
77,0.14863988606200831,0.6526371770434909,2,72,0.018670341336594242,1.1091989676157634,2,78,0.3138352426692624,0.9364351607286013,2,117,0.26760593829174684,1.5633995192391532,2,138
78,0.25089354796162966,1.2058625588050256,2,26
79,0.29391571998686494,1.062914964225557,2,72,0.29467293761527585,0.25704467357421407,2,121,0.031068404656816484,0.7094852303465208,2,145,0.645993431641197,0.24230055565183814,2,200
80,0.28816747459000236,0.9869001592908587,2,14,0.02158939421254171,1.130927304426829,2,20
81,0.317964771324897,1.0619781129062176,2,32
82,0.23728816517023837,0.8375823791210468,2,65,0.6998722036825703,0.6041983432239957,2,92
83,0.033553152445725425,1.0774826569990679,2,11,0.3131521092640562,1.2231522709131242,2,31,0.7715205344565329,0.19433233390251795,2,67,0.25112897235947085,1.6466132619164207,2,89
84,0.2983520613526981,1.2688338573162372,2,13,0.049335874353492286,1.1431674264198126,2,56,0.162496829373425,1.1964660181718714,2,90
85,0.2510169632481347,0.21406205780804158,2,200
86,0.19397780657933092,1.149105521610805,2,35
87,0.4480293841389377,1.3053625736917769,2,14,0.12437079169164891,0.6899450310954341,2,41,0.6489571317624827,0.33527973313610276,2,118,0.22213187046931954,0.6766449213027954,2,164,0.024313145333195896,0.6586440727114677,2,172,0.6024173057749515,0.5986783600279263,2,200
88,0.2143272495423342,1.0049344205308235,2,87
89,0.24111659330508925,0.907063889503479,2,10,0.027730554125888054,1.0950583446593511,2,31,0.20024671845260347,1.0930140279233456,2,63
90,0.425511666270063,0.7362630069255829,2,58,0.3076975207030738,1.8632440108519335,2,71,0.06171312614144408,0.6846925456132462,2,138,0.7551775610679918,0.9181608617305755,2,148,0.49375985336088585,0.2548394317810352,2,200
91,0.43296262787339473,0.9437414050102234,2,30
92,0.09325472292036587,1.0243761694949607,2,46,0.30775948173030643,0.9095858830086728,2,93
93,0.22510632206689105,0.3797965518065861,2,7,0.014906829385705565,1.0976313444284291,2,20
94,0.018948985993215723,1.0876242646149226,2,14,0.1964712729923894,1.436192810535431,2,20
95,0.2664453724611675,0.6888668417930603,2,5,0.015668341478104066,1.0250200033187866,2,20
96,0.8646121886677345,0.19757180996239185,2,200
97,0.6263978106803205,0.5946109249539997,2,23,0.33236878595921615,1.7434649020433426,2,39,0.5369580204117219,0.7296962406900194,2,57,0.5884664352809768,0.12575145138473046,2,139,0.1830209732530113,1.7942073561928489,2,150,1.253148665855903,0.06446702697792568,2,187,0.020888959981043818,0.9452854792277018,2,196,1.8944722104998566,0.5533208250999451,2,200
98,0.2529316969506933,0.9281419588298332,2,41
99,0.19980526535890447,1.5841737613081932,2,16,0.3981407244891468,0.5397191372513771,2,66,0.038438552399517996,0.34587959655457073,2,102,0.07606258962254323,0.7545234362284342,2,105,0.33975319518537805,0.7964367309683248,2,200
100,0.18017678648331378,1.1677763167913857,2,77
101,0.2279011907062174,0.7129048865575057,2,52
102,0.26199499061802145,1.157184535637498,2,64,0.024684708245808713,0.8091472795716038,2,118,0.24495321115865828,1.0131540342613503,2,145,0.03380722829219438,0.8315991592407227,2,170,0.2544190901073555,1.0257476647694905,2,200
103,0.29326160825311465,1.193487388747079,2,21,0.050246572496817396,0.5225659780777417,2,47,0.8017011970062982,0.23364104529221852,2,77,0.2354543586446849,0.9367753974227018,2,163
104,0.2770422488285056,1.0736215949058532,2,105,0.21063426494832807,0.32228125383456546,2,123,0.02302977505086964,1.0097138758363395,2,152,0.31443824457091357,0.34468140204747516,2,200
105,0.11770126625271438,0.9759136905857161,2,51
106,0.47435504023114367,0.4156177905441701,2,87,0.21415172198744364,1.3287307574198797,2,100,0.5795370705868671,0.6001795947551727,2,200
107,0.2597002288704223,0.4547557097214919,2,13,0.017972774963397862,1.027420631476811,2,20
108,0.25507268397544786,0.8722973628988806,2,106,0.0356608943701241,0.7610923200845718,2,118,0.6728639009215638,0.47997495596823486,2,164,0.05928551202160006,0.9357597788174947,2,179,0.5015646631247058,0.5073173074495225,2,200
109,0.6822384419576895,0.13930117241714313,2,69,0.06607570529490557,0.3212204553462841,2,96,0.5040452088014978,0.29974027785162133,2,120,0.2521390715280292,1.5723961683420034,2,133,0.30859740595365315,0.28430294448679144,2,144,0.23475534280219737,1.5760790279933385,2,165,0.22809477500899827,0.660487174987793,2,174,0.022297400278390517,0.9879460997051663,2,192,0.6030993856970965,0.6786933019757271,2,200
110,0.5851832430625052,0.23612706114848456,2,48,0.28942988193998825,1.0809049208958943,2,87,0.697710938935304,0.15408335177771812,2,200
111,0.3362636189684453,0.5267779958598754,2,68
112,0.22440970861586354,0.31052633970975874,2,20
113,0.18708787141974126,1.0298737199218184,2,27,0.041195966225068846,0.8109690830821082,2,69,0.7086014518132536,0.4665385752916336,2,79
114,0.2549241809801825,0.9224699020385743,2,25,0.01882923152087159,0.8602927110411904,2,36,0.457210589016931,0.8309073795874914,2,60,0.6721149528962899,0.4351347570235913,2,73,0.030714355378025516,0.5926592531411544,2,96,0.6745482264450092,0.3960582242678788,2,155,0.24323806056880906,0.8086749924553766,2,200
115,0.23432815403305993,1.0899458991156683,2,27
116,0.22141957945065363,0.7686943588433442,2,54
117,0.26360733104679096,1.0339890212723704,2,33
118,0.4264710279005448,0.5897098383674882,2,73,0.02973447613595327,0.8483843659913098,2,127,0.44889169996395384,0.4952643580161608,2,192,0.020474427959534237,0.5956353187561035,2,197,1.2478004506565452,0.6486078500747681,2,200
119,0.39971383449390774,0.5302212554961443,2,16,0.01927552674502492,1.0355559289455414,2,20
120,0.39220580923410353,1.2442243695259094,2,14,0.021130419417900306,1.3436759511629741,2,20
121,0.22794702285640037,0.8719968795776367,2,24
122,0.3109082306757099,0.5581784068819988,2,83,0.8900254455268057,0.39929595541569496,2,114,0.023812008759924834,0.7399423122406006,2,123,3.681370815229568,0.1716847729224425,2,136,0.4675420142048697,0.3683627168647945,2,200
123,0.3559284044937352,0.1408174071305742,2,192,0.043672054670255075,0.6451425552368164,2,200
124,0.34185025193498103,0.48587021678686143,2,20
125,0.2630939161508017,0.6580995361913334,2,22,0.3040305381482991,1.5704491063952446,2,38,0.3973796323903546,0.3415281204506755,2,198
126,0.3111046663584947,1.2986116029999473,2,33
127,0.3468414374409181,1.0204344446008855,2,11,0.02725898372935659,1.2746570365769523,2,39,0.36812247682868166,1.1530238658189773,2,79
128,0.2878771325457518,0.8770074090867672,2,53,0.27244725103537665,0.5415509829715807,2,200
129,0.3004451197328311,0.4177561324089766,2,200
130,0.28410536766424443,0.7817816063761711,2,8,0.017182911081705887,1.0755047996838887,2,20
131,0.2606071574633014,0.7995355029900869,2,36
132,0.39960059004582643,0.8861668890920179,2,29,0.027596604834290193,1.2693269577893345,2,40,0.39752592097037387,0.5418104510754347,2,112,0.0602541239355669,0.3865444426025663,2,126,0.4092873830983561,0.4639624001251327,2,180,0.2675264333849233,1.0611401170492172,2,200
133,0.4439931310068462,1.3129660606384277,2,10,0.017073751778704693,0.9265597939491272,2,20
134,0.9776970492846024,0.16839619611318296,2,26,0.11009003161472425,1.0876890329214244,2,39,0.4531192856994622,0.250862271148966,2,200
135,0.4478464863644596,1.5190869688987731,2,10,0.01584507014030589,1.2553675532341004,2,20
136,0.20354751666220364,1.207970310771276,2,63
137,0.2639093676113977,1.0450476774573325,2,200
138,0.2513180948424769,1.0638453543186188,2,20
139,0.227405505121312,1.1773710777150823,2,94
140,0.2957886757322028,0.9860422881536706,2,86
141,0.066390970527983,0.9851209926605224,2,25,0.3413323279289208,1.11853746175766,2,50
142,0.34086235058747866,1.0395008155277796,2,7,0.8144117268254268,0.15031477606412277,2,110,0.5070080132211006,0.2380013257265091,2,115,0.344657921245392,0.4994465401943992,2,200
143,0.2806981555585259,1.0954476118087768,2,10,0.027729096229305143,0.9216345446865734,2,51,0.27050148680793573,1.2606937990469091,2,68
144,0.24262093631666168,0.6586943035540374,2,46
145,0.18464590919064267,0.6980096551238514,2,122,0.6291564901831489,0.3722489813963572,2,152,0.06977999683182705,0.47386730733242904,2,174,0.5310232107561503,0.3660047776423968,2,200
146,0.29236159505890824,0.7386422351454244,2,132,0.030792938687753967,0.48017307239420276,2,149,0.6716413552983794,0.5744208723306656,2,159,0.0943386082816401,0.5531394030366625,2,194,0.9556951758773323,0.6201122105121613,2,200
147,0.22512884761110682,1.5475033322970073,2,6,0.013893970961492584,1.1267815828323364,2,20
148,0.13967388972062555,1.154163298399552,2,23,0.4889899390749018,0.9781233507233698,2,60,0.3928339951416505,0.5409924282133579,2,160
149,0.16002828504635605,1.733474349975586,2,10,0.38179222578839034,0.6547762436025283,2,27
150,0.2084926906109456,0.5459375463683029,2,58,0.03436595798001603,0.7635927200317383,2,121,0.341659511607867,0.4043448437482883,2,199
151,0.21028829243897554,1.1229682713747025,2,28,0.16182865570296756,0.5572227085078204,2,55,0.6316092424720674,0.3678225614130497,2,119,1.003104699716074,0.9599319696426392,2,122,0.12266298341170816,1.063480747597558,2,150,0.4144609522634026,1.1555165362358093,2,200
152,0.3570644910503404,0.8659116564652859,2,39,0.42236210773010074,0.3182077527046204,2,64,0.04201469584623173,0.4271556626666676,2,75,0.7947343746599133,0.14189755210750982,2,94,0.0433234022687439,0.7111417392889658,2,109,0.4107761533615157,0.30703507860501605,2,178,0.2461432408199611,1.024358936331489,2,200
153,0.2678187670897887,0.8187059770370352,2,58,0.06310706666318433,0.9654847368084151,2,174,0.3995607164576039,1.1451899707317352,2,198
154,0.270627934117048,1.035808319914831,2,73
155,0.2634888996275875,0.8263253737579692,2,110,0.2866629639437495,0.32530094776302576,2,126,0.8296061264539333,0.1825096812602636,2,200
156,0.24482831007290728,0.5481447641666118,2,65
157,0.20947577672201345,1.4348590544291906,2,7,0.016125909459902908,1.0645633844228892,2,20
158,0.16746777932249188,1.3426451342446464,2,7,0.014457257810475905,1.2075148729177623,2,20
159,0.48625266105985565,0.982407248682446,2,18,0.059008816113272196,0.5561359107494355,2,48,0.5084616640801323,0.25744522566145117,2,81,0.35572531678909813,1.3846451044082642,2,98,0.6219520899029691,0.8641877429825919,2,105,0.024494414509411658,0.3049386946054605,2,118,0.42964551062865247,0.7200559008775688,2,200
160,0.8391895595165618,0.5129795829455058,2,15,0.017769734878725723,1.1282360792160033,2,20
161,0.22386506968604844,1.0765890677769978,2,12,0.041157874468649255,1.1845613171656926,2,36,0.3004442620923821,0.5065416373423676,2,103
162,0.28126401589171673,1.1270817911371271,2,94,0.19203175482246565,0.732286681731542,2,130
163,0.29962184394211894,1.6865957042445308,2,23,0.21490642934622148,0.9805267165814128,2,135
164,0.45524711799930856,0.25346382210652035,2,6,0.04386111643159553,0.7080324078217531,2,45,0.2251450649754795,0.6443537851726567,2,99,0.7974039516886525,0.24008710023968718,2,142,0.05530325083288472,0.514240202995447,2,155,0.49030573179790193,0.41475269032849205,2,200
165,0.18973261074635045,0.9947293903313431,2,51,0.17760279037495083,1.4367111402173196,2,113
166,0.2032673216763129,0.9780137444174053,2,151
167,0.33148704078208086,1.171705828338373,2,122
168,0.4112171127069197,0.8686363279819489,2,30
169,0.3422296439301617,0.7504280226571219,2,35
170,0.2348614407649322,0.6651791077713634,2,86
171,0.3331752233816928,1.1211979058053758,2,45
172,0.03966528000726963,0.7446864737818638,2,48,0.2219815106141097,0.905344557762146,2,58
173,0.20072727054416717,0.8516984057426452,2,200
174,0.27640856289491383,1.182468062097376,2,22
175,0.3412071473407939,0.8596017407435997,2,51
176,0.3053814501470568,1.4053676823774974,2,24,0.7635416403127451,0.36443386324073956,2,70,0.045427283278752284,1.0683057989392961,2,119
177,0.33055565660093567,1.1343729734420775,2,5,0.021941929480904353,0.33065642416477203,2,19,0.5389244365165751,0.2967627866042627,2,56,0.11005974484357446,1.2540419697761536,2,78
178,0.5281962304754156,0.510228709379832,2,60,0.054120209772382945,0.7310103724400202,2,72,0.6767350937840944,0.5858176222869328,2,79,0.016467486635501103,1.0573771198590596,2,85,0.3986064501846627,0.6741081483986067,2,200
179,0.7987725013745522,0.6840587019920349,2,5,0.01310438116762198,0.8725519299507141,2,20
180,0.3779402236473867,0.8725535984222705,2,52
181,0.3569630812712491,1.161479377746582,2,15,0.01616118070626442,1.313046407699585,2,20
182,0.5682088153010111,0.9698531627655029,2,9,0.015645296766843942,1.131280086257241,2,20
183,0.24499167219385665,1.0947672596999578,2,28
184,0.26583690600528953,0.6724280786390106,2,48,0.580743428449348,0.26102005399408795,2,153,0.18196903256695748,0.28818014919757845,2,178,0.22551379442303957,0.9500666789033196,2,200
185,0.018249888083297926,1.159865215420723,2,20
186,0.013330253237969502,1.0090837061405182,2,20
187,0.0163793557185099,1.122796180844307,2,20
188,0.018366069102168345,1.1772741734981538,2,20
