0,0.2068591942154387,1.184659719467163,2,14,0.015529178421406584,1.1760061383247375,2,20
1,0.46588110572160196,0.4993527089104508,2,33,0.2926178139742957,1.1140882474620168,2,74,0.8082276408422384,0.20141855704373327,2,132,0.3847750254061897,1.0378416228938747,2,169
2,0.2619912135623801,0.7488134081547076,2,130,0.533846941808475,0.44082206885019937,2,145,1.2440504993058306,0.16406012231653386,2,200
3,0.23507786502542616,0.9862843057880663,2,73
4,0.10606002288367697,0.8510337273279825,2,12,1.1847197259392837,0.048899051759924206,2,152,9.641592344321914,1.518212909048254,2,174,4.354769270219761,0.09809727966785431,2,200
5,0.03850016468562534,0.8899297884532383,2,7,0.33298696275883694,1.2615625742005139,2,48,0.2742306966131943,0.09125236958265305,2,148,0.02384776026404939,1.1431948343912761,2,193,0.7521189136962345,1.1282083988189697,2,200
6,0.21804604468037997,0.8925782604651018,2,77,0.029334568248196274,0.996647868837629,2,98,0.7994897268027709,0.08132098206118041,2,200
7,0.2617122641198076,0.8303123464186987,2,36
8,0.21778393240310132,1.3728489669164021,2,75
9,0.007298922548290501,0.7172623306512833,2,20
10,0.23845733175314635,0.5892265782906458,2,26
11,0.5985105344035968,0.7447689870993296,2,6,0.031145986688480648,1.0509250909090042,2,30,0.6574329288123546,0.3528606593608856,2,42,0.08641027941905258,1.1007942855358124,2,68
12,0.2560783126860222,0.9615741085123133,2,27,0.020690909816837008,0.914326078751508,2,44,0.2792783032833325,1.0573262090093634,2,133,1.7901462413549252,0.08914487975746838,2,200
13,0.35700028021679153,0.23791344876627665,2,148,1.0354384195043937,0.15983668846242569,2,199
14,0.5025833092844667,1.0304857889811199,2,9,0.016912933668296933,1.2856115319512107,2,20
15,0.3032843938003154,0.40111115755456866,2,66,0.06573837425642566,0.7005009929339091,2,81,0.7007087105883611,0.2080072741798994,2,200
16,0.2981925048521224,1.074173537100324,2,161,0.0355132961685861,0.9154375929098862,2,200
17,0.923376389006018,0.16231062944217395,2,93,5.310494550391992,0.07868773538932622,2,200
18,0.28365459276891836,0.9853633791208267,2,32,1.0152088339352312,0.08046508126932642,2,124,0.23200446824296186,1.1176560850519883,2,200
19,0.8827507840820814,0.31406989255372214,2,17,0.2401913404258748,0.9811401669658831,2,84
20,0.18659447706960403,0.8644189577211033,2,44
21,0.3436125878542762,0.5399149686098099,2,10,0.062038861837933196,0.9961199724312985,2,43,0.8757794541474543,0.0464041761376641,2,54,0.3283351215300353,1.3219385941823323,2,63,0.9048427216029372,0.032298146588046375,2,104,0.14471977387777266,0.1565959259867668,2,114,1.2166595906525188,0.08832499176956886,2,200
22,0.39020790273250305,0.7858634377425572,2,53,0.01935748867992359,0.6766168355941773,2,68,0.32600237100890084,1.1441861391067505,2,86
23,0.2706359680451839,0.8977392598986625,2,40
24,0.18818814164160022,0.6959555200168065,2,35
25,0.2734858781664852,1.0569658645268145,2,145,0.25775659701310405,0.7048532764116923,2,193
26,0.2110352527957409,1.0446133830330588,2,22,0.044308139542789914,1.0425866354595532,2,33,1.0406745686695689,0.05740774869918823,2,48,0.24167248376760145,0.23846879104773203,2,54,0.20554427023887756,1.0651895734998915,2,99,2.900543611763837,1.6981149836192055,2,162,1.7258021321121721,0.11968071092116206,2,200
27,0.2538718402289408,0.5860594831980191,2,13,0.018047119373356877,0.9706604480743408,2,20
28,0.26353608287212876,0.9188961694017053,2,64
29,0.1758912497974926,1.763290673494339,2,8,0.01588856821222146,1.3134966790676117,2,20
30,0.22989263070751473,0.7418303925816606,2,41,1.217130687807366,0.09725247263908386,2,66,0.2131656080776669,0.33048850297927856,2,69,0.10730489909489971,0.9003254175186157,2,85,0.9311535596126608,0.1189303778939777,2,139,0.23596172339762175,0.8912983116556387,2,200
31,0.03849771845520813,1.3222269949160124,2,19,0.2909261673198497,0.3750342060537899,2,36,0.06022278489954669,1.0646226975050839,2,58
32,0.24695986125166713,0.8002026006579399,2,24,0.05594273175125963,0.8728747630820555,2,58,0.7220504802963233,0.8520007769266764,2,73
33,0.3558900299114503,0.15235043825073677,2,44,0.25585239191558745,0.9122427478432655,2,76
34,0.19640407396344248,1.2685865089297295,2,32,1.1957917169748056,0.08797158921758334,2,200
35,0.018577978757558344,1.214362633228302,2,20
36,0.28049160494647285,0.21885361578596296,2,199
37,0.26116024410093336,1.1149865637222927,2,48,0.8281972657616277,1.2198752880096435,2,58,0.9018558588734678,0.29807480819085064,2,75,0.0439070111311142,0.24378103911876678,2,80,1.2101037920945552,0.02987900289396445,2,200
38,0.12214215005759901,1.2969047914851795,2,11,0.021167670286351567,1.1394211555782117,2,182,0.0755836153299318,0.3558223359286785,2,194,0.9047963288720394,0.2984114537636439,2,200
39,0.3526923170588925,0.4550729990005493,2,30
40,0.32572933666600196,1.327822240193685,2,15,0.9202502543239547,0.21369628310203553,2,25,0.20738049674944908,1.4370462277839924,2,54
41,0.0417231794827785,1.189755223014138,2,33,0.528767948860921,0.1000537654528251,2,59,0.023292935090762953,1.2426059246063232,2,69,1.2635014362357166,0.02247959773504097,2,200
42,0.29334951163157236,1.0933761119842529,2,20
43,0.27191020231706314,1.3642139434814453,2,10,0.9233185128277456,0.10720023661851882,2,100,0.4341467504727715,0.2689953148365021,2,103,0.25869718980683054,0.7810720517191776,2,146
44,0.5419737007084154,0.29372695088386536,2,11,0.2289855067272915,1.4825067736885764,2,22,0.7791829709128995,0.13661129346915654,2,78,1.8555689175191497,0.04198094097704723,2,136,0.35821827667085965,0.4585705811623484,2,200
45,0.21986124092747256,1.1751089990139008,2,36
46,0.02001935985821137,0.8273259798685709,2,9,0.3644230994755747,0.3413445636630058,2,29
47,0.23206587547164512,0.6324326221231391,2,191
48,0.18032686041786933,1.5227709114551544,2,4,0.013572397849761721,1.2016957625746727,2,20
49,0.2937419495945354,0.5466177550054365,2,31,0.017808540664249927,1.1014204025268555,2,37,0.27092194554462873,0.8512864279490645,2,130
50,0.2748687096661991,0.7654533982276917,2,14,0.024961811314355677,1.0351053923368454,2,30
51,0.2752034710559927,1.372542671362559,2,30
52,0.25315983128563563,1.6498503477677056,2,23,0.4102098476236644,0.8702293911150524,2,51
53,0.20775104811499945,1.2895463109016418,2,8,0.015285749684143762,1.1587963104248047,2,20
54,0.2458168023598258,0.6058312679330508,2,96
55,0.26352805959128145,1.1668829321861267,2,20
56,0.18590513435798364,1.3935170883224124,2,126
57,0.4978349784603345,0.5015499949455261,2,45,1.4574958600397547,0.04679239620038164,2,168,0.08049295487606996,0.7504963539540768,2,200
58,0.2015509971423764,1.1665355249857292,2,78,0.057142404935127906,1.1721987829488867,2,112,1.254695013533943,0.029885346623691352,2,186,0.051398066086643844,0.19662321110566458,2,192,1.247854636356829,0.1528798919171095,2,200
59,0.025472982949173818,1.2542834103107452,2,20
60,0.01819252008371862,1.175878655910492,2,20
61,0.25679097947109275,1.4311917622884114,2,6,0.01607203455170278,1.1847008637019567,2,20
62,0.22698579348431164,1.1184425078905547,2,13,2.824472700231456,1.8070019687094339,2,54,1.4062670356848466,0.2976797984892063,2,143,12.880569251921866,0.4695930273509493,2,194,0.9400523503027025,0.28714142243067425,2,200
63,0.2182594829226767,1.10809702532632,2,7,0.6508997420764233,0.20232189947464427,2,68,0.27478090495229385,1.026369109749794,2,96,0.6761687270031804,0.07104767702127758,2,153,0.035557353317508915,0.23949506878852844,2,157,0.9618122107378286,0.06000138784563819,2,200
64,0.25292365678650214,1.4096333826741865,2,93
65,0.42990541408580324,0.4602827075868845,2,16,0.24144406929031165,1.1069432784009863,2,43
66,0.25281325009725064,0.8596675464740167,2,26,0.021943687357265897,1.0292634268601735,2,38,0.9915136115079767,0.43249313959053587,2,52,0.24993143712867147,1.292838545296136,2,179,0.815130499885176,0.46391542961722926,2,198
67,0.023712303129245403,0.8486315697431565,2,20
68,0.25810750424718604,1.093345229114805,2,28
69,0.24328669445871812,1.0343284747179817,2,34,0.49054833412693194,0.41682399312655133,2,37,1.060507961615119,0.035901866529298866,2,129,0.2165067208498298,0.9752432033419609,2,161
70,0.2662983514515735,1.2721228665775723,2,18,1.4682635354436222,0.11372995128234227,2,30,0.10128383688970129,0.8187793800325105,2,63,0.613871587385819,1.181976556777954,2,72,0.023020124075388154,1.1015064886638097,2,86,0.9248154357963102,0.048597861968335654,2,128,3.8259743892338847,1.215767502784729,2,146,1.158488278907841,0.11295872981901522,2,200
71,0.27596668670779434,0.23184018284082414,2,10,0.015698378892264126,0.9277811706066131,2,20
72,0.05955126919042143,0.9348922997713089,2,20,0.25745370097769166,0.9230342521223911,2,63
73,0.25280751343579944,0.3714596516822451,2,199
74,0.07926619479067656,1.7726219177246094,2,20
75,0.21973694652675624,1.2579627204359622,2,57,0.020160172640258302,1.098244071006775,2,65,0.7951968935312356,0.42797860346342387,2,84,0.33523221773765316,1.2176052232583363,2,96
76,0.24348602148695017,0.36878398138207275,2,77,0.2599832133832843,1.014239761174894,2,128
77,0.016059163201716027,1.1636899650096892,2,20
78,0.2798309772897563,0.8245402839448717,2,27,0.0267483006315683,0.9964423633757091,2,48,1.098619224634355,0.07580734828585073,2,200
79,0.2334616063680821,0.9455858746240305,2,43
80,0.26694816676256533,0.8336824546842014,2,34
81,0.0490637073014506,0.9560567670398288,2,27,0.7421992595039435,0.104571500649819,2,53,0.028862143321751573,0.3991699293255806,2,59,0.3634264074000395,0.28885375421780807,2,72,0.037051277264680875,0.9124105337894324,2,105,0.7188065436223933,0.0538328206166625,2,169,0.02895585339677965,0.8534954786300659,2,184,0.3261816097916681,0.34714965149760246,2,200
82,0.23581247795128216,1.6778148412704468,2,8,0.018122220654015326,1.3821519215901692,2,20
83,0.7108530481551928,0.4982532072398398,2,36,0.2284122431211419,1.0775437421268887,2,99
84,0.23501892193948654,1.2097437381744385,2,6,0.014288204377508395,1.117513963154384,2,20
85,0.20666901570331772,1.3404327988624574,2,10,0.014680438724509906,1.1442436814308166,2,20
86,0.225735784669153,1.1426739672983974,2,121
87,0.2434043324466346,1.4766455405467265,2,37
88,0.3119754908169331,0.7054519891738892,2,15,0.018473502915647214,1.3760407447814942,2,20
89,0.2297045360245697,1.059617280960083,2,34
90,0.22816452900716153,1.1282067426045737,2,75
91,0.19391237082356985,1.099477158402497,2,53
92,0.38779985940888045,1.0896969828112373,2,29
93,0.18559307448874432,0.9224946815233964,2,130,1.125469613846412,0.14275796115398406,2,180,0.25767337280008124,1.4503895461559295,2,200
94,0.21609178289505038,1.107539283026249,2,109
95,0.23163336976815097,0.9634072929620743,2,68
96,0.2588206605918872,0.987710483727001,2,168
97,0.2742437550967504,0.7775741028785705,2,25,0.053071695047258775,0.8027982303074428,2,60,0.49805433678192984,0.150307256107529,2,156,0.07345625602064998,0.2989110472527417,2,167,1.0794773301170257,0.0695580058928692,2,200
98,0.23060934060254967,0.5250592208097852,2,63,0.0221245002819558,1.1004186417605426,2,100,0.2505170357408085,0.3461033270276826,2,129
99,0.23432473510272875,0.7015788013284857,2,22,0.04491811596306807,1.052507157983451,2,51,0.21085959203052068,0.6898613984768207,2,64,0.2810246858727406,1.4919859920778582,2,126
100,0.2210087624972629,0.580441284318303,2,43
101,0.263517945808623,1.224459433555603,2,25
102,0.43067908027409396,1.1024502771241325,2,14,0.018902448640584133,1.0523855487505596,2,20
103,0.23152793525121212,1.0537518312533696,2,72,0.4527017818367438,0.47362657884756726,2,90
104,0.23322123269541942,0.7828988656401634,2,8,0.01567826662777592,1.0182126760482788,2,20
105,0.8424459211628065,0.08841994782288869,2,150,0.44477716386540594,0.2812018617987633,2,154,0.24864591266105276,1.098339425480884,2,200
106,0.032813242390420196,0.5234868162208133,2,9,0.26214514415479967,1.2399818481400955,2,52,0.858352460122622,0.21262038192328284,2,69,0.26329296500903493,1.4332177877426147,2,79,1.0028659314955755,0.14239390354071343,2,107,0.08767087483245281,0.853135038977084,2,153
107,0.19752621547644103,1.3505010803540547,2,6,0.01465731693553896,1.1155140825680323,2,20
108,0.27642952340035043,0.7074592256546021,2,25,0.022584860372177166,1.0973862376477983,2,61,1.0470959146610557,0.06698542526539635,2,95,0.024324823204261395,0.4462413489818573,2,108,0.7975816441439944,0.07471179173273199,2,142,0.22405987098219435,0.5040162865604673,2,198
109,0.1688734784997359,0.5133361583468558,2,87
110,0.14287914631302953,0.8114740747571643,2,183,0.9148651219236421,0.24708322041174946,2,200
111,0.28306186127413974,0.9604503566080386,2,111
112,0.2739805522852664,1.3535542913845606,2,14,0.020738993715093777,1.2717774709065754,2,20
113,0.27535001199027304,0.35337839722633363,2,15,0.016501002069284357,1.0928383111953734,2,20
114,0.21346536223554097,0.9083494529491518,2,41
115,0.2211158772297956,0.6292600129780016,2,38
116,0.3294769907908812,0.22944143135100603,2,32,0.05539749799794134,1.0210885810000556,2,88,1.4945042372438442,0.041809990559474076,2,189,0.03888775373064896,0.5865932362420219,2,196,0.7808124226262526,0.651351660490036,2,200
117,0.22423375978966154,0.38030132133027783,2,23,0.06595014272675347,0.6424602821017756,2,56,1.0658570672929344,0.03909698884106345,2,200
118,0.051054652846975225,0.9046005206182599,2,64,0.9239485318222777,0.11396398302167654,2,80,0.06447926952808125,1.2476093504163954,2,89
119,0.249063296025885,1.0373559914908166,2,118
120,0.28411350657780776,0.9712755876652738,2,94,0.01941874650166893,0.9737600445747375,2,104,0.506066742042463,0.6262445879834039,2,174,0.11048565797614168,1.0617538040334529,2,185
121,0.24355836246350862,1.1570628907945422,2,45
122,0.2319980380453219,1.0079120993614197,2,4,0.014926662465444732,1.0392761081457138,2,20
123,0.12674408622441427,1.5374699831008911,2,6,0.013031834149368237,1.202732937676566,2,20
124,0.2355195241876131,0.5218189712298118,2,59,0.02492838189145213,0.9577455206921226,2,78,0.30830268495990776,0.6288434971462596,2,89,0.022244207922361023,0.509666308760643,2,109,0.25305570837931585,0.909898042678833,2,113,0.7393916091636865,0.22860442393127528,2,200
125,0.2701136732412008,0.6309619418212346,2,14,0.017256236574109688,1.009174406528473,2,20
126,0.2890462326140757,1.0699439317949357,2,93,0.04107081402718904,1.0509988845211187,2,166,0.333685662931646,0.760625958442688,2,195
127,0.014921202596845151,1.103403103351593,2,20
128,0.28581615120104636,0.9966764211654663,2,5,0.01446369800981584,1.0321452697118123,2,20
129,0.2593075785954572,0.7302989542484284,2,120,0.6941009404515099,0.1467762930318713,2,200
130,0.6576899727913329,0.3642252671952341,2,51,0.32197915409281347,1.0490202443166212,2,73,0.021351720750646837,1.205674934387207,2,83,0.2382128490123224,1.4446139180141946,2,106
131,0.229959701187362,0.8589667273419244,2,28,0.3719605666307031,0.4420944137705697,2,64,0.9977129827261839,0.07007002857114587,2,120,0.022680506529527193,0.9630971724788348,2,132,0.41494299748517893,0.24884113917748132,2,144,0.024730404639956547,1.2439477814568414,2,189,0.28288793002291107,1.357851960442283,2,200
132,0.2350914197749342,1.1367676307757695,2,72
133,0.2599044588009683,0.6328710407018662,2,20
134,0.3696741982166876,0.15174375275770824,2,30
135,0.5511440599640811,0.36945397071540353,2,40,1.2220385974968349,1.7397602165446562,2,57,0.30119998524163094,1.0930688000387616,2,93
136,0.16958697671247208,0.5610580283242304,2,37,0.0343918716711851,1.0136927733054528,2,76,0.9090182484129408,0.08544326765883353,2,200
137,0.2730426789143203,1.4773810863494874,2,15,0.471606997215381,0.12300400882959366,2,45,1.4370498226772253,0.03896792955917887,2,146,3.3562870791363677,1.3445775168282645,2,174,1.4060917438905791,0.11950266705109523,2,200
138,0.24232406202767004,0.3541023201495409,2,200
139,0.2659969256919609,1.255697160232358,2,41
140,0.26847521343601705,0.21254058798839306,2,29,1.410830587484668,0.03609096115095574,2,200
141,0.3633729990217328,1.1292457818984984,2,15,0.027839499711842745,1.5873295545578003,2,20
142,0.26465428248456374,1.3673244461100151,2,47
143,0.26305120366930373,0.9247837922511957,2,78
144,0.019457385680823395,0.5376131567690108,2,9,0.25720900022946297,0.5663974285125732,2,44,0.2904954818194161,1.2849965653111857,2,106
145,0.29959664050796037,0.9716771554946899,2,25
146,0.027154441436543497,1.2432828843593597,2,20
147,0.27028594931658384,0.9082085763414701,2,48,0.02741206365711104,0.7275631344980664,2,102,0.9894692265055547,0.0810865437497898,2,200
148,0.08427409936611249,0.8598405241966247,2,20
149,0.02820723794716435,0.9290666296368554,2,21,0.4539944152708144,0.3897493397196134,2,51
150,0.01811690579110943,1.2446738988161088,2,20
151,0.22949481875357458,0.9508631002335322,2,42,0.28068987664113604,1.375682243594417,2,96
152,0.3087445787343666,1.0209498128225638,2,86
153,0.01603030686323679,1.1272614479064942,2,20
154,0.2666361339949439,1.4655333533883095,2,16,1.0298419079628431,0.15499381675028506,2,178,0.016896078978621065,0.9200945391374475,2,195,0.40157770869122256,0.6224578142166137,2,200
155,0.700977669842688,0.18184475648787715,2,31,0.02854541231422835,0.7751924298905037,2,68,1.2971044342312197,0.5642861095459565,2,91,1.1731239788223555,0.25511525308384614,2,159
156,0.21678490362486502,0.8575660875865392,2,35,0.9059556546225676,0.24010349009875898,2,89,0.17274775103157802,0.824294203857206,2,142
157,0.09667195942330158,0.7166399652759234,2,30,1.1864363278406278,0.07823084084426656,2,200
158,0.2109151620250767,1.2761469980080922,2,12,0.01828001781288687,1.2596742659807205,2,20
159,0.6554294017349015,0.289569817679493,2,76
160,0.878640246687132,0.11597925672928493,2,6,0.024674808244854355,0.692958893875281,2,30,0.2527264360252266,0.31933944672346115,2,42
161,0.3943202873349753,0.9051319857438406,2,6,1.264875553294738,0.06358584224484688,2,92,2.7507880237154105,0.05621023738273868,2,200
162,0.3265543504273141,0.8460840880870819,2,4,0.016071567125289194,1.150680623948574,2,20
163,0.30689089383187884,0.42652830368641653,2,66,1.3588032637604324,0.07764353870011087,2,200
164,0.4102788763957933,1.624110758304596,2,10,0.4903979044690038,0.05680401523907979,2,25,1.4617623576141587,0.03823595821857453,2,200
165,0.7563925704598832,0.29231472836958394,2,37,0.07644923803047322,0.24682835903432634,2,46,0.8742357667035175,0.11568862862057155,2,64,0.016553305243339356,1.0070102555411202,2,71,0.9672728278672652,0.09533115886440573,2,200
166,0.28973811050504134,0.7780325356519447,2,53
167,0.36691066388119853,0.340779867890763,2,73,0.02780373379651302,1.3808556199073792,2,83,1.1910085021697734,0.07184363710574615,2,200
168,0.26820518539713245,1.0161883689108349,2,42
169,0.2926602391580596,0.8439756465739892,2,61
170,0.6186685194885112,0.9344471842050552,2,24
171,0.4694814242305793,1.184744631542879,2,17,1.023322721478643,0.07546724950851397,2,103,0.22976397152402284,0.8962913845310506,2,200
172,1.0016054152725908,0.06066175667214985,2,121,0.05496867455330907,0.29887282351652783,2,127,0.7355782369962979,0.10091218761369294,2,178
173,0.1827343309351676,1.137806514898936,2,6,0.013255868714526449,1.1076269916125707,2,20
174,0.045448593927399174,0.9268431152616229,2,28,0.49082766551386625,0.3588304128497839,2,44,0.045116536227842674,1.4444778969413357,2,63,1.0611206056497213,0.028896784553161033,2,89,0.24462457615463684,1.059984536006533,2,147
175,0.301813023842568,1.2504875864468368,2,51,1.5529292982293321,0.139793492055365,2,107
