0,0.3136773093215264,1.1255399783452351,2,24
1,0.2817976458110397,0.9452707767486572,2,61
2,0.7993985684596641,0.13032566606998444,2,15,0.18980719501273396,0.3509856045246124,2,45,0.056372035198010845,1.0009913891553879,2,69,0.3839510795330027,0.9889387847521366,2,108
3,0.31037904252550014,0.27482770413160323,2,50,0.11166384855828924,1.210224986076355,2,71,0.7512501786073728,0.08429245390864305,2,157,0.08836255124935864,0.32257494032382966,2,167,1.0028629277933787,0.06499073812455843,2,200
4,0.3147749589198441,0.9572229888290167,2,64
5,0.23463024254468387,0.5568204366642496,2,23,0.7333808407835078,0.4096187520027161,2,98,0.22836316050407438,0.5619482336536287,2,161
6,0.4143692301969737,1.2700272798538208,2,5,0.013210755887879547,1.2547647953033447,2,20
7,0.25192480307401566,0.717451356789645,2,34
8,0.22814875346376254,0.8717369613322344,2,44,0.048885209793201385,0.9103402321537336,2,68,0.04971731114737607,0.5187124460935593,2,72,0.2703954496047176,0.2809395681121456,2,139
9,1.0977208685166102,1.8487693419059117,2,24,0.22576325813853707,0.5619422316551208,2,39
10,0.24224024615435294,1.1334784882409232,2,42,0.3295899790294896,0.5200769769943366,2,101,0.6640839023202199,0.3204198753641498,2,163,0.15855846963700287,1.4396596373738468,2,200
11,0.26499211639985426,0.36725489724250066,2,42,0.9339206401934642,0.2141646971053715,2,200
12,0.2671479022643371,1.477820322627113,2,21,1.4251705047103245,0.17276627123355864,2,41,0.2507874155974824,1.3588515043258667,2,51
13,0.28298416857977643,0.6786446869373322,2,4,0.021398483995710656,0.9264565566006828,2,21,0.2485348306550326,0.9420104498391623,2,112,0.22676895527653657,0.5647434059609758,2,159
14,0.12030489931920603,1.1436915795008342,2,24
15,0.44587322480958963,0.6918294223455282,2,39,0.07776157904877543,1.0302608410517375,2,42,0.019298882678725253,1.544212250148549,2,59
16,0.40373158655957003,0.9447920803100832,2,31
17,0.02096380199134298,1.2404681205749513,2,20
18,0.6967403898521402,0.6486452254984114,2,18,0.032517550697820814,0.7397683537923373,2,31,0.8871728560891786,0.10158675577905443,2,40,0.28689238772074344,1.675161200761795,2,60,0.02037516584618212,0.6755312959353129,2,75,0.538152470090545,0.3490309938788414,2,95,0.08639101294016688,0.8037230372428894,2,112,1.1185432106026016,0.09280314475297928,2,162,0.38573088243372844,0.3831430054024646,2,200
19,0.19256558409901708,1.0296325474977492,2,20
20,0.27458375383737094,0.8785793681939443,2,24,0.05491609738452182,1.0123514934380848,2,99,0.6039130289863982,1.008778601884842,2,107
21,0.30608441931701547,1.0927704913275582,2,7,0.7115275378163317,0.2107030838727951,2,77,0.022357551662808426,1.3105177581310272,2,85,0.30865312021565444,1.5324784705513401,2,104
22,0.3077106855524872,1.3855298121770223,2,15,0.0186786412785825,1.3679213285446168,2,20
23,0.5729196709324319,0.2989855104436477,2,24,0.04167516763703877,0.597787720816476,2,31,0.6327050459847554,0.33543281505505246,2,49,0.02027182553687092,0.8754021048545837,2,59,0.30946018211590415,0.41332501306747776,2,137,0.8218860015038019,0.2555947270658281,2,200
24,0.02817897103227443,0.9984640955924988,2,20
25,0.29721881766032465,0.9393829269842668,2,33
26,0.24093046758013287,0.9884261846542358,2,15,0.02214855156682267,0.76565181016922,2,20
27,0.2990188724128766,0.8632350174280313,2,26
28,0.37238864444678804,0.9401145732402801,2,100
29,0.021354692138668044,1.0591749548912048,2,40,0.7221883970473114,0.22097028880866607,2,107,0.023015981763648694,0.576985627412796,2,112,0.7684031613473065,0.23201202895752218,2,155
30,0.24661223883297786,0.33831486841042835,2,150
31,0.2809717600540987,1.091535813668195,2,51
32,0.322833249335263,0.9670130693784325,2,93
33,0.461431307462762,1.0716657519340516,2,10,0.018177351161156104,1.2402192420429654,2,28,0.3042367911075406,1.016062697226351,2,72
34,0.27059370009763983,1.252607505200273,2,118
35,0.12290721550415493,0.9856949275539767,2,31
36,0.3203149246204911,1.1979456345240276,2,51,0.04134726634822865,1.0565182265028896,2,134,0.25188578354310526,0.9651011931044715,2,190
37,0.4506709854666085,0.9098422792222765,2,9,0.037156490811352846,0.9967757915628368,2,38,0.7696735731066195,0.26556511271384453,2,69,0.029890486843986132,0.24922517190376917,2,81,0.3706136182245076,0.4495455762371421,2,129,0.06290128271448345,0.9184510563981945,2,158,0.8633784591484813,0.06847529058103208,2,185,0.2946561627841098,1.4388617128133774,2,193,0.05844884703418228,1.470653704234532,2,200
38,0.3607559008337775,0.2860183477401733,2,10,0.018335115834921683,1.1073898375034332,2,20
39,0.1884896153061722,1.000502055599576,2,42,0.4121151358064744,0.9185966082981655,2,56,0.6611864451309246,0.22761321634845397,2,169,0.33099790623031,1.4808456103007,2,178,0.8237738982907181,0.3539597463040125,2,199
40,0.281506266561108,1.0026017506917317,2,45
41,0.3577597225683047,1.2360639423131943,2,8,0.01524472257758216,1.0602186918258667,2,20
42,0.23226295222994486,1.2837427452206611,2,80
43,0.2776506480320183,0.39263449844561127,2,19,0.4129972695417483,1.0186530322563359,2,60,0.7382398815966763,0.19555306577911744,2,112,0.3115758876883058,1.0869030464779248,2,123,0.28566708618800796,0.22736694167057672,2,129,0.9853556836763608,0.18964439084832097,2,200
44,0.22485774546750012,0.9869782527287801,2,69
45,0.13549792104854663,1.1053645919870447,2,135,0.6825161426153696,0.902913918861976,2,148,0.0325802786810808,0.5687426868826151,2,164,0.8609942613890765,0.1864112458058766,2,199
46,0.3802033585595512,0.9756024877230326,2,57
47,0.30939519692553075,1.1380090590181022,2,58,0.02204722152232857,0.9581932772451373,2,125,0.3804516744843082,0.8739778357492366,2,196,0.03506099065357777,0.9280495941638947,2,200
48,0.17065218019435208,0.803495574593544,2,200
49,0.08813299267727787,1.0134677395485996,2,57
50,0.20597301145942126,1.1852395057678222,2,10,0.015508747747496178,1.167775297164917,2,20
51,0.41735470188787743,1.1161208003759384,2,8,0.014934861873336348,1.2392547130584717,2,20
52,0.2936993661715143,0.6632770959367144,2,47
53,0.25631560301963985,0.9744393697806767,2,28,0.1976307367771112,0.34058517643383573,2,35,0.8692031624130034,0.13979693271897056,2,200
54,0.14889447755786675,0.834332263469696,2,20
55,0.28564772828157303,0.925960741259835,2,11,0.04379188160012936,1.1967207749684652,2,26,0.30015349389087426,1.0148570270373904,2,84,0.416738191203576,0.38791185701793096,2,137,1.0363090279909288,0.09060437925930681,2,166,0.0671898382890284,0.3670192481048645,2,197,1.3342867848381512,0.2621904065211614,2,200
56,0.2344310007250172,1.0564454205152465,2,164,0.0888730431225292,1.0550577210055456,2,200
57,0.21437937208146385,0.47522755986765813,2,38,0.2808154945075886,1.043033144540257,2,146
58,0.25467787635070327,0.3473002513249715,2,18,0.2808647849403187,1.5588589111963909,2,30
59,0.2932205984109179,1.4099451144536337,2,30
60,0.27926024000732336,0.7677444219589233,2,83
61,0.1497400803360488,0.1363121292420796,2,14,0.5999568103157978,0.1751716536283493,2,89,0.060836520140980316,0.3925766718387604,2,114,0.8871854774310466,0.051929237445195515,2,129,0.027460961297892477,0.5725651052263048,2,138,1.0769701374875602,0.02396234437342613,2,200
62,0.24144021500462703,0.7919468035300573,2,12,0.01603587468155182,1.0712248086929321,2,20
63,0.7608307794497735,0.27277851948198284,2,53,0.2584754191052357,0.20728600869576136,2,83
64,0.28567835963899485,0.7870374826284555,2,104,0.8731888656539558,0.2162191087549383,2,159,0.04843377396750286,0.41831178665161134,2,164,1.2468738788596534,0.17947293321291605,2,200
65,0.2924605799299318,0.963398038072789,2,47
66,0.27188714867711267,0.8585384517540167,2,81
67,0.1803734487656949,0.8329042466481527,2,75,0.017398066503097245,0.9871097888265338,2,103,0.5230084296398854,0.3022141642484468,2,200
68,0.2780963987318826,1.1295687920517392,2,36
69,0.23462446540555812,1.052625834941864,2,22
70,0.019678664511966815,1.142932054400444,2,20
71,0.17969148419328868,1.3910359484808785,2,49
72,0.3164126320183207,0.7771217171102762,2,64
73,0.024843793309380968,0.6742783129215241,2,10,0.2961384117750771,0.33184688137127805,2,23,0.01858944171565995,0.6004592676957449,2,29,0.550933735663123,0.18675752811961704,2,56,0.04343874614499711,1.030212246454679,2,69,0.5397071736754179,0.8017986741932955,2,91
74,0.24242491598302293,0.5297558009624481,2,29
75,0.3095444635395231,1.1539595007896424,2,15,0.020349071047023264,1.372373676300049,2,20
76,0.2774962644012298,1.33231680393219,2,5,0.022892115497896277,1.076023810949081,2,44,0.3430196906379331,0.12164520758848923,2,70
77,0.3033448687543106,0.8314300784989009,2,63,0.48178815535850833,0.3550702846712536,2,72,0.01773987968986453,0.6408225024739901,2,84,0.5704317212567446,0.44963780483778787,2,152,0.03148900136261647,0.7070388075980273,2,174,0.7318400165372544,0.38066776440693784,2,200
78,0.22964644870687786,0.6395615594727653,2,35,0.40044589933574337,0.3014095723628998,2,38,0.7871925744124018,0.1362783457489981,2,107
79,0.2967117599357391,0.34358190638678415,2,21,0.9361159139648224,0.1325795992626158,2,200
80,0.23115696497626645,1.344771117999636,2,29
81,0.21206356126796808,1.023415936364068,2,9,0.035665590499391255,1.2563682818899349,2,58,0.20823171060571438,0.8533912876790221,2,146
82,0.09969570642038234,1.0337623059749603,2,20
83,0.7241238848876176,0.25155229261144996,2,32,0.16537265720758457,0.5598179967630477,2,53,0.20467974645766993,0.8785203556219737,2,83
84,0.018846467663239913,1.18930943608284,2,20
85,0.4871530546787593,0.31088616820268855,2,43,0.06695520801098379,0.49843489139709835,2,96,0.5490687802110815,0.34056148764032584,2,200
86,0.22874459009397852,1.042943482813628,2,46
87,0.2828446769728354,0.9184232269752921,2,173,0.037290403905498,1.229982352256775,2,183,0.5992604290256355,0.6571823113104877,2,200
88,0.2961432197223032,1.3032869275023298,2,41,0.8747760983049766,0.14075796633958818,2,91,0.03356029876277215,0.4881675789753596,2,103,0.9617695769819256,0.0778848467413912,2,200
89,0.2517544565815013,1.5525763685053044,2,22
90,0.0740805989383361,0.6427565068006516,2,8,1.023398487831605,0.10157635039649904,2,200
91,0.07458093581505564,0.5552220176095548,2,23,0.5186742570866775,0.5577060247168821,2,40,0.02287294936777075,1.3147789456627585,2,51,0.6409955962015033,0.21706829535081082,2,200
92,0.22859051772284766,0.340016429622968,2,6,0.014468781695055022,0.9177040117127555,2,20
93,0.2937270952235993,0.6684568909307321,2,192
94,0.24023226036984044,0.8075294068881443,2,7,0.025323162039626073,1.0374858929560735,2,20
95,0.025124642876821545,0.7993346810340881,2,20
96,0.26935434290576277,1.2389050165812174,2,15,0.018064355309768437,1.2698776483535767,2,20
97,0.2702885281168774,1.347930097579956,2,35
98,0.3261011239196274,0.5881748878854817,2,118
99,0.21693680172751836,0.3809233158826828,2,5,0.01653454599599413,1.590553641319275,2,16,0.04593803211643572,0.22134489441911379,2,28
100,0.05581542724631094,0.47325996919111774,2,11,0.3127641181178438,0.32213591914328316,2,200
101,0.016269672682296534,1.1646592378616334,2,20
102,0.020545353030878073,1.2024304926395417,2,20
103,0.26186759413706256,0.8510842766703629,2,82
104,0.2642472167894217,0.5635164618492127,2,15,0.017373287883769725,0.9141540765762329,2,20
105,0.3658019075661961,1.3371218626315777,2,13,0.017512575837465367,0.9034428341048104,2,20
106,0.007298922548290501,0.7172623306512833,2,20
107,0.26232359350856094,1.3088060774301227,2,38
108,0.26225752852215495,0.8277090221643448,2,20
109,0.2693323949785004,0.9364105860392252,2,12,0.0196588302973128,1.078703060746193,2,20
110,0.7441828411373481,0.1105839881334412,2,89,0.05227756331405506,0.3357363861231577,2,110,1.1904776371333305,0.10375114157795906,2,158,0.27043810175592625,0.24691945953028543,2,200
111,0.165926984513994,1.0162281517324776,2,87,0.7781846372391686,0.39141446635836646,2,108,0.052362250745862454,0.6554367712565831,2,129,0.579246358719869,0.37152992286111997,2,175,0.07319028411210654,0.5529874075542797,2,186,1.0599896510413456,0.24364319230828965,2,200
112,0.10610902330315969,1.0846377787766632,2,27,0.02216943617048754,1.128884213812211,2,61,0.4192958221879972,0.9685175310481678,2,72,0.625428140763856,0.3205194701982099,2,115,0.20300326415226386,1.1380928682558464,2,181,0.29737281982704883,0.3688378075235768,2,200
113,0.22957917261991367,1.1438423906053816,2,7,0.01481405256241264,1.3955134068216597,2,21,0.34322478678243257,0.4928012415766716,2,29
114,0.02542181001036112,1.1187571704387664,2,20
115,0.6790635375550967,0.15299727105432087,2,54,0.01908468462892008,1.3285581535763211,2,63,0.7445226876889558,0.2607413004781749,2,137,0.04911232766286269,0.5876135665636796,2,150,0.9196433198150142,0.1360732674598694,2,200
116,0.19440624438196932,0.24111203732900321,2,128,0.8067382069415415,0.18857057629661125,2,172,0.08601559628578566,0.30279840975999833,2,182,1.0183366708073258,0.10925615429878235,2,192,0.03346335162516023,0.5490661785006523,2,200
117,0.5096464210711252,0.8388021290302277,2,36
118,0.4063519038354749,0.4152115136384964,2,16,0.027600842327489886,0.9995780803940513,2,38,0.39396652173421554,0.6472271633148193,2,63,0.9453692628100538,0.18062594761378573,2,200
119,0.05006259847239976,0.8377546012401581,2,10,0.5430924559456533,0.400606324026982,2,70
120,0.13983206442666643,1.4003869030210707,2,9,0.015203795565983958,1.2114831425926902,2,20
121,0.35463027913477246,1.090098375082016,2,20
122,0.29343741833354475,0.9997477945016355,2,49
123,0.20650561278297203,1.063187651336193,2,32
124,0.8795801116664242,0.0775029274185052,2,89,0.4289921142415081,0.19713676969210306,2,95,0.2952683936475098,0.3960521189939408,2,200
125,0.21772772144231511,0.9017182096191074,2,46,0.3131061329993151,0.48443729154489656,2,100,0.7275047536629161,0.19253557654363768,2,184,0.021082698738850558,1.139145977795124,2,200
126,0.4239555448648098,0.6297271562119325,2,24,0.042336506151629275,0.6475513084181423,2,53,0.8170617514164933,0.3795561609060868,2,76,0.18739270762606144,0.7726893703142802,2,121,0.05122103121125969,0.97264896829923,2,139
127,0.29889917837566976,0.39137779290859515,2,26
128,0.4772315704610928,0.7588110554893062,2,53,0.030269098511494157,0.8197082792009626,2,60,0.31356070699963196,0.8474788275258295,2,89
129,0.3195325867261365,0.9326089972326922,2,86,0.5304153838466831,0.4038818685904793,2,155,0.022420590199537557,0.581427446433476,2,169,0.1610479789514167,1.0232844718040959,2,200
130,0.1536374811308782,0.3958065664326703,2,27,0.8140678614779543,0.2064710408449173,2,40,0.017416922039774203,0.8378705430030823,2,65,0.20503639448730396,1.0217597354542125,2,120
131,0.2796059109240817,1.0121931827985324,2,65
132,0.5513731696842005,0.3778287463505334,2,109,0.2549465102011502,0.9344756086667378,2,124
133,0.1714675435323111,0.9131090852522081,2,62,0.639394721605732,0.49423204206708654,2,129
134,0.04042033254834887,0.7136173099279404,2,8,0.3639020677682468,1.051501934727033,2,32
135,0.27116740740336853,0.46185727583037484,2,72,0.03654758930406198,0.684869219633666,2,116,0.49403123346540595,0.24732413639624914,2,200
136,0.2794936943871494,0.9238870322704316,2,20
137,0.33491173390301615,0.8903688994737772,2,26
138,0.2697833349630069,1.265976071357727,2,4,0.015648657892372908,1.1127092987298965,2,20
139,0.5026615237437304,0.47955289342113444,2,74,0.23728340197865408,1.393892296573572,2,131
140,0.32431232102725066,1.114750662916585,2,38,1.2297059252949594,0.14066746709021655,2,148,3.3455808347283167,0.26114520172660166,2,200
141,0.052725309281998575,1.223527193069458,2,8,0.32624824240441175,1.0608960997824575,2,59
142,0.37056218363326016,1.0309227839112283,2,40,0.03242968131420134,0.9800722280213999,2,83,0.6571493346284626,0.20346748750460775,2,140,0.06128368795935769,0.23937720669941467,2,162,1.2151359234157229,0.003228551811642117,1,180,0.13203573845881086,0.25443301573395727,2,200
143,0.6190930804668089,0.18487847106797353,2,140,0.026793414758134185,0.5283734500408173,2,146,0.5101097913051552,0.30708818330808924,2,200
144,0.26109296448812597,1.1344881256421406,2,12,0.04896301482202448,0.9831553463842354,2,63,0.3661208974759357,1.0551272763146295,2,108,0.86803701402731,0.1444307066824125,2,200
145,0.27620429745438335,1.3552923007444901,2,55
146,0.20840610754100436,0.7329627079268296,2,120
147,0.10630712541712599,1.0642347514629364,2,20
148,0.264408472685061,1.4298430618486906,2,19,0.8298842616499886,0.2203110585610072,2,109,0.46478968572917506,0.6186898946762085,2,113,0.04197446502595587,0.9041398003697395,2,153,0.7923878220476767,0.13217482478060621,2,200
149,0.21358736723162172,0.8308098723491033,2,60
150,0.4560436006960079,0.503089983227118,2,53
151,0.47444616548052876,0.8151156996425829,2,38,0.5148431693605207,0.40430085733532906,2,54,1.1920888487332861,0.09903541946504998,2,181,0.11782699677643507,1.490482211112976,2,194,1.2661634043348076,0.4867413689692815,2,200
152,0.31270789006627464,0.9239781760587925,2,41
153,0.2545596035879747,1.2626657883326213,2,21
154,0.1961521931261624,1.209669809432546,2,157
155,0.24296270821741675,0.8614614511480426,2,101
156,0.43205208927047434,0.6619173577603172,2,34,4.829993336601011,1.4540438164364209,2,56,2.1629006483885447,0.5614748646815618,2,59,0.40040243314219953,0.3559784796653372,2,125,0.35487743918650366,1.063030936501243,2,147,0.431833245268149,0.21240113197632557,2,200
157,0.10884530352377715,0.9390634059906006,2,20
158,0.19490901175226769,0.8179546208942637,2,34,0.03644120391748079,0.36014318466186523,2,47,0.5868774199625932,0.5661997704529295,2,98,0.03744064798397475,0.8560477495193481,2,104,0.8032093201287636,0.15774613508471735,2,185,0.18856362950019528,0.30247845214146835,2,198
159,0.2573827183508631,1.7322653532028198,2,5,0.013769346516720453,1.134221339225769,2,20
160,0.12635486458628462,0.6482642951764559,2,19,0.6182265978282142,0.32284268810123695,2,80,0.0257626289507647,1.479104380858572,2,99,0.35798848925293403,0.6034149056350863,2,173,0.05925340007492148,1.0764725345831652,2,199
161,0.3310880932431855,0.6515562006018378,2,44
162,0.3652969817533545,1.0157186549443464,2,52,0.04533105770912157,0.9596900443236033,2,58,0.9422288683114409,0.1521321951466448,2,92,0.030268357872605844,0.41901835799217224,2,98,0.9237125305152629,0.09657390001747343,2,116,0.2770589168137292,0.6544871165681241,2,183
163,0.28298262644784583,0.7409775205600408,2,81,0.7466126048153026,0.39056352428767993,2,104,0.31176196559137154,1.4207224713431463,2,113,0.6907853976748161,0.22255944460630417,2,173,0.07248303004790096,0.6722014943758646,2,182,0.8990294537860208,0.10293388035562304,2,200
164,0.3004259860685953,1.4300208389759064,2,20,0.747135820441736,0.1846648262670407,2,72,0.5981727063295453,0.7514540385909196,2,113,0.2529994109592593,0.9187630973756313,2,177
165,0.2599263725839627,0.5473655450577829,2,51,1.443405081559448,1.6816655068561948,2,109,0.2626603324386448,0.6552488242878634,2,126,4.033543860456258,0.6006923913955688,2,130,4.911174439514278,1.816761880085386,2,159,0.4490889612020511,1.4193869189518253,2,200
166,0.014244970833637884,1.220532900094986,2,20
167,0.2700509623549964,0.43558403161855846,2,13,0.016418301118786175,0.8907785756247384,2,20
168,0.15808180149183393,1.4171560287475586,2,5,0.013535867856187303,1.0830788493156434,2,20
169,0.3532843187150819,1.0321984074332498,2,11,0.019854227457430852,1.0120859278572931,2,20
170,0.46510525166083544,0.9623602390289306,2,10,0.015694393104797384,1.3407974243164062,2,20
171,0.6940189479678291,0.8216598033905029,2,6,0.015454739023742975,1.0205576036657606,2,20
172,0.2776475233250768,0.8790386769829727,2,41
173,0.6307025863812252,0.4452118532998221,2,28,0.05556355266540382,0.7096749211058897,2,45,0.4171964929964527,1.4711358696222305,2,53
174,0.30354796444063514,0.5645253699686792,2,54,0.04544868737983482,0.6908322833478451,2,70,0.4637836894740952,0.5591835205753645,2,94,0.7027302452432654,0.195287303889499,2,145,0.26965112419719617,1.145383358001709,2,158,0.9095893475616347,0.12835119664669037,2,175,0.27108811024985324,1.1407762603326277,2,197
175,0.3970924531451128,1.0113160151701708,2,39
176,0.03533572839913028,0.6795236021280289,2,36,0.4370774475850797,0.4499370153461184,2,71,0.7136014164385547,0.1232272623533226,2,154,0.06711114950341705,0.29453449237805146,2,180,0.5188086396501281,0.36888395845890043,2,200
177,0.2817942566560266,1.51527601480484,2,26
178,0.2905568475591738,0.6982980612161998,2,37,1.0246173377863192,0.10082069904573503,2,68,0.048243102361461614,0.4279160433345371,2,77,0.5380851942886332,0.2449435695421462,2,179,0.2869583795296636,0.7642107861382621,2,200
179,0.32549821397874124,0.5738364069358163,2,23
180,0.5697489252934048,0.2158503888381852,2,18,0.27058763849378564,0.8564114909747551,2,47,0.21950847231990284,0.2300077506474086,2,54,1.0012071191007488,0.11801707292425222,2,199
181,0.2667716685795238,1.2253172159194947,2,25,0.029531011156452472,0.8076609538661109,2,61
182,0.3265072106537111,0.9035497625668844,2,45
183,0.2014826381456065,0.9408859103918076,2,80
184,0.016826744499704557,1.0017335712909698,2,4,0.3001502541269582,1.427774707476298,2,49
