0,0.24209325400778287,1.0348471572490339,2,183,0.06816980531751289,1.1521393551545984,2,200
1,0.21481766924088821,1.2902964992182595,2,56,0.04393215198554168,0.5567612083894866,2,84
2,0.017429720156422836,1.1229737609624864,2,20
3,0.5784153088772108,0.29427026274303597,2,24,0.030020165222590964,1.018308122952779,2,36,0.4206683546018022,0.3841751812071335,2,200
4,0.18294020266150143,0.5645787974198659,2,60,0.7146718686527583,0.6326827555894852,2,76
5,0.2351127809827446,0.931050680779122,2,37
6,0.33027138204548345,0.42415289878845214,2,10,0.017618659879553144,1.084184503555298,2,20
7,0.30106342840887657,1.1428291758765345,2,92
8,0.3204845471631306,1.2501833818175576,2,22
9,0.27262349258806956,0.8165653661677712,2,19,0.023898163306955378,1.3454266594302269,2,50,0.23579361917742298,1.302707513717756,2,123
10,0.3424066101401173,1.1733257293701171,2,30
11,0.24013602062436568,0.649562271802049,2,76
12,0.2843241153085759,1.0226931108368769,2,36,0.03660754448195153,0.9648428075015545,2,84,0.28982675236040845,1.1131134732016201,2,200
13,0.03090036793803885,0.1865867715742853,2,18,0.5380543884866281,0.46799055735270184,2,24,0.29763684819726166,1.764294758439064,2,40,0.328016107385206,0.5986948662127057,2,88,0.03414371799161054,0.3785362591346105,2,94,0.5335437899004035,0.3264362172416921,2,200
14,0.41214285730155115,0.7973848076967093,2,13,0.018355795893320898,1.1743304899760656,2,20
15,0.21948124276587708,1.2071423411369324,2,10,0.015200216638551263,1.3238341569900514,2,20
16,0.25172135762556497,0.9171884522854703,2,103
17,0.2976665070786997,1.6327258944511414,2,16,0.4582483365184682,0.2628596896926562,2,52
18,0.18893743391693157,0.8640927144309931,2,114,0.05433608220796053,0.5462961373004046,2,136,0.47835219332570705,0.7826279371976852,2,196,0.03238416499960872,0.7757102996110916,2,200
19,0.2903568695350458,0.8731864589452744,2,200
20,0.3652554393487574,0.636702713521221,2,79,0.034894725263004064,1.0410770141717158,2,112,0.2527214720777104,0.6017882438569233,2,199
21,0.21985663037245504,0.7308869316493194,2,197
22,0.17975872089483808,0.5331090837717056,2,8,0.016249265258775552,0.9323559204737345,2,20
23,0.27622293237755896,1.4750832163769265,2,23
24,0.2719563777623612,0.8757103566465707,2,145
25,0.23542383822602847,0.9424920976161957,2,12,0.019721373530843203,0.32835172665746587,2,31,0.3496373567541672,0.6838162794257655,2,64
26,0.19327999264019172,0.9872283670637343,2,9,0.021513371556835217,0.8543631037076315,2,24,0.42661658947732195,0.7781570892076235,2,61,0.0241218837339116,1.1350642822005532,2,83,0.39927008207283776,0.5959353229829243,2,153,0.05441675758574671,1.146942322070782,2,179,0.36420458562176194,0.3228080003034501,2,200
27,0.022580625677683434,0.8196028858423233,2,20
28,0.021243042772969536,1.025676354765892,2,20
29,0.12851048771853987,1.2222997546195984,2,20
30,0.17559408235073884,1.2695290872028895,2,7,0.013409808920190688,1.1434023838776808,2,20
31,0.209229062694634,1.101926813651989,2,77,0.028634429803988917,1.2146118751594,2,105,0.0764792872657255,0.7286792567798069,2,112,0.2777416722565915,0.5638711492220561,2,157,0.022673562632839175,1.115896509753333,2,175,0.48734025985184515,1.0840877819061279,2,200
32,0.2885852951313615,1.2622368118979714,2,11,0.025978273488852587,0.9257750242948533,2,31,0.3270932191496608,0.6911218577577162,2,160,0.130199050631239,0.7672517769038677,2,200
33,0.3241257833055931,1.1186768063183488,2,29
34,0.24569248772025828,0.9144725458962577,2,21
35,0.7083036717225377,0.7803787509600322,2,15,0.016311599248227015,1.4948803901672363,2,20
36,0.0637637459977545,0.7430428591641512,2,22,0.2246022581676181,1.107323408126831,2,40,0.26155306779190607,0.3213743978203871,2,118,0.04455951671764208,1.251453772187233,2,150
37,0.3753632180480297,1.1586417247509133,2,29,0.08612264979046633,0.7427519478581168,2,51
38,0.2580122519699746,1.3437044620513916,2,25,0.2581941310700121,0.6012299827166966,2,67,0.043494133466511,0.6236140569051106,2,82,0.41993561513542044,0.5726744209120913,2,123,0.016977084047178903,1.1483625514166695,2,130,0.40264490394125285,0.4332434073090553,2,200
39,0.2339038014610505,1.016033729627019,2,84
40,0.15311924146186634,0.46791216649421274,2,146,0.023802370748293028,0.18609763243619135,2,163,0.6038751712237587,0.531610910097758,2,193,0.04772439175756438,0.9612921476364136,2,199
41,0.27566793437101716,0.8952195718884468,2,32
42,0.19728863466695232,0.9550789532562097,2,48,0.0183004453930893,0.4333962884214189,2,93,0.2908037296380792,0.8805779167946349,2,140,0.03611938302192609,0.8460107743740082,2,156,0.3705224596846985,0.5325269848108292,2,164
43,0.2140471576557652,1.0012620668257437,2,62
44,0.3452795012862842,1.0185427774082532,2,22
45,0.4838916093652696,0.6446657061576844,2,30,0.026094484592234252,0.7003466543697175,2,51,0.2008959208219832,0.508425643046697,2,75,0.03995264120822889,0.7711437589981976,2,109,0.44624318428340004,0.38878690925511444,2,175,0.06014525806031848,0.43697780015922727,2,196,2.2252053028897536,0.30310751497745514,2,200
46,0.2767907336848265,1.388086806644093,2,55
47,0.27863874816747164,0.5994506067113031,2,79
48,0.02053751719311952,1.2240896373987198,2,20
49,0.3203988388626407,0.7581507795386844,2,54,0.03717822897804257,0.8699022779862086,2,90,0.07149315639920359,0.579979944974184,2,98,0.39635483116813824,0.3773666372702968,2,160,0.042831688632096805,1.0937472134828568,2,172,0.3106617530877813,0.9189196593231626,2,199
50,0.3263277702834208,0.5385040864348412,2,200
51,0.3711491436543948,0.9200298686822256,2,84
52,0.18339420911726653,1.2202981584950496,2,19,0.3862697330872556,0.50607068836689,2,51,1.147653362149393,0.15345821019850278,2,70,0.07997501601499349,0.641820890562875,2,98
53,0.20648646951852692,0.9110043573379517,2,200
54,0.3314674566537072,1.0827272671919603,2,13,0.031814493077789496,1.043431591774736,2,69,0.30402229911918704,1.2703723652022225,2,83,0.9043523003887406,0.1142686591906981,2,94,0.05447997404026825,0.9648387106982145,2,105,0.4280387250917262,0.46026457987333597,2,200
55,0.056434131396037125,0.5965606609980265,2,15,0.285318057220744,0.5421501750881608,2,200
56,0.45619522336074203,0.44588297124331194,2,96,0.15312518787317156,0.6042558369429215,2,119,0.1986590052344991,1.2441421089501217,2,177,0.12189134580217256,0.5341912048018497,2,200
57,0.32638513177447315,1.034669505014564,2,165,0.42246449009086934,0.611393087927033,2,199
58,0.13913118204820263,1.0569891427692615,2,38,0.3485122421455195,0.7272680576117534,2,91,0.8745170941149985,0.22724654972553254,2,106,0.027691891590554244,1.5112888514995575,2,118,0.47116465597866164,0.24201325418018713,2,200
59,0.2766687201535191,0.4561525790058837,2,49
60,0.01748143040964492,1.0962703377008438,2,20
61,0.20299143448992518,1.3873833894729615,2,5,0.013698220731271934,1.0372385422388712,2,20
62,0.24048102524045442,0.8211749536650521,2,14,0.016867183732346917,1.0811689098676045,2,20
63,0.2296698306125603,0.9712376044346736,2,65,0.40675024792829967,0.4909418453772863,2,200
64,0.2820000249022499,1.1430920362472534,2,5,0.014091770106284087,1.2704126755396525,2,20
65,0.4801771874128585,0.573829730351766,2,6,0.014286348569332943,0.9695989957877568,2,20
66,0.20599723808803858,0.6966743102440467,2,13,0.01878011857124408,1.0247176034109933,2,20
67,0.19445529915967621,1.3843804264068604,2,25
68,0.23701433031616378,0.3985189649404264,2,102
69,0.27254282199775476,0.7940813518859244,2,185
70,0.5870822195830385,0.689318975676661,2,23,0.058043306965050376,1.0717655203559182,2,56,0.7186269487493472,0.1943952962756157,2,200
71,0.2771613652017218,0.877164954940478,2,48
72,0.16313347178564663,1.1699369490146636,2,20
73,0.49661543846004413,1.1512821435928344,2,10,0.04466324167613844,1.0717926573753358,2,35,0.5083029546333171,1.2723566985899402,2,66,0.03624428746931187,1.1340758800506592,2,74,0.7681284672409445,1.0047915279865265,2,82,1.9272220748246158,0.588294913371404,2,88,0.08483413849340976,0.6924393803908907,2,117,0.27294623406295754,1.4807081790197463,2,138,0.4256746284469469,0.2741942163556814,2,154,0.3455789602647222,0.9971412653508394,2,177,0.025683532749181573,1.0559583902359009,2,182,0.8289383148746474,0.9749230212635465,2,200
74,0.291624589228909,0.5758909738582113,2,23,0.023324394231591182,0.9193647456169128,2,48,0.35391769409216,0.7902008648271914,2,75
75,0.30814453149985727,1.209170724749565,2,50
76,0.36266465331976006,0.7279645475474271,2,11,0.04199810082784283,0.9689974282917223,2,30,0.48548982173440575,0.5860674019370761,2,44,0.0191480800583408,0.9998141356876918,2,51,0.27034254159330023,0.7751673802181527,2,105
77,0.35551042193422483,0.9726802440066087,2,38
78,0.23324097527934523,0.9234780839511326,2,28
79,0.20997123360382292,1.0434724476602342,2,45
80,0.2570261149380752,0.979410679924567,2,151
81,0.02530242949949888,0.6268375235445359,2,17,0.18581946052978116,1.269908658836199,2,63,0.5514627063206097,0.3409581979478363,2,200
82,0.047090764047272984,1.0455261677503587,2,20
83,0.5349339723467031,0.348677395509951,2,165
84,0.33013957846744574,1.0206178264184431,2,22
85,0.6297388169306207,0.6906366787850857,2,80
86,0.33929479157201475,1.0076706558465958,2,60,0.28179579861861587,0.3517946642020653,2,89,0.022021985648942206,0.490683342729296,2,96,0.34260702947572025,0.32613221638732487,2,141
87,0.18063474508075666,0.9724941480727423,2,21,0.03077485915687916,0.6543084196746349,2,37
88,0.9183323713013017,0.26758233706156415,2,6,0.05143763277435006,0.723713735316662,2,53,0.39905082060179664,0.3656240233353206,2,67,0.0291936044547451,0.9670020001275199,2,81,0.39279674205087295,0.33441145438700914,2,113
89,0.36854208440814834,0.6267632989088694,2,75,0.01609088307107325,0.9261899068951607,2,83,1.6061340073667347,0.42089061935742694,2,86,0.017415687444711003,0.6852375779833112,2,93,0.49066371779993506,0.3950129080320073,2,200
90,0.3140972793040081,0.9627133066003973,2,44
91,0.2070695977220811,0.8206338223814964,2,200
92,0.21233765794455375,0.24992366249744707,2,13,0.2034337526013976,1.1334126165934972,2,55,0.058501465052409156,0.4178092490349497,2,83,0.26959065358800394,1.546719342470169,2,115,7.123453478996739,0.3665926977992058,2,119,0.02903879571074857,0.6812504529953003,2,125,3.027319648695533,0.4042634467283885,2,128,0.043607123626080414,0.5131273766358694,2,131,4.4920886300575145,0.3106297171778149,2,140,0.3955718576142928,0.7289520802597205,2,200
93,0.29659294405476866,1.0464665757285223,2,18,0.050793456489894355,0.8609759917965641,2,45,0.2235178713199071,0.8670093875039707,2,155
94,0.23593648382485105,1.0766733494671907,2,55
95,0.2511966719621176,0.4306570288538933,2,200
96,0.40382449920648755,0.8517227745369861,2,38,0.26942140532146996,1.5469182809193929,2,53,0.32783301467717185,0.4916961653267636,2,87
97,0.6872989236794746,0.7464509844779968,2,5,0.015096046723678208,1.2676978588104248,2,20
98,0.3462712583291848,1.3511586615017481,2,14,0.022165711040390133,1.2595924933751423,2,20
99,0.267295907173603,0.6632042755523035,2,124
100,0.32114081336942035,0.3558963346481323,2,25
101,0.22399221027386934,1.3837065559167128,2,78
102,0.47711727306280705,1.3155920505523682,2,5,0.013538337124449937,1.2080759286880494,2,20
103,0.26615498430844403,0.23356610136245615,2,67,0.23201395776431463,0.8077475049278953,2,78,0.06450487363337759,0.5985207307067785,2,122,0.16766611361964737,1.3006236871083579,2,152,0.3523691996355316,1.19722749970176,2,163,0.7248482595101621,0.32777705506698507,2,200
104,0.5554912309574428,0.6534337966606535,2,29,0.2496946872635437,1.3517558227885853,2,84,0.020194032993644664,0.5229790715070871,2,97,0.2554507239721415,0.9584625583250546,2,200
105,0.2587656305752456,0.7424165335568514,2,11,0.018811318135263294,0.9913291798697578,2,20
106,0.23672087258124924,0.835812474074571,2,92
107,0.2530884578271977,0.7601770831317436,2,82
108,0.37039879106352247,0.506180883400024,2,63,0.15497543308705863,1.5141166907090406,2,76,0.38501078572158215,0.3543507395421757,2,93,0.22835055657255515,1.775367333338811,2,106,0.19980178143731162,0.873552068155639,2,155
109,0.39501639628167695,1.144194945693016,2,8,0.020900838377206722,1.0315966722038057,2,44,0.31869876057098506,1.1050271297755994,2,82
110,0.09551189312106788,0.4269082917357391,2,53,0.28251088369162114,0.5071741525680964,2,184,0.022295074306557826,0.5065839166442553,2,196,2.7607531246545656,0.4791747033596039,2,200
111,0.21188450357166813,0.8961655886434927,2,164,0.24233048031606672,1.4314380305153982,2,199
112,0.21750578930710823,1.0774393933159965,2,14,0.01870828894675697,1.1611929734547932,2,20
113,0.030641137734878063,0.9461300984809273,2,38,0.31695747332326957,0.7761975696544774,2,189,0.0699309832589389,1.083793965252963,2,200
114,0.023103129424891802,1.1680581629276277,2,20
115,0.34904831844440065,0.9231395558414296,2,117
116,0.16530390519993274,1.0183658780796188,2,112
117,0.2080576135795698,0.5150256752967834,2,5,0.014978911762160462,0.9788778066635132,2,20
118,0.2553971194720677,1.201054614323836,2,52,0.016149267583926506,1.2030046343803407,2,62,0.01287355504370577,0.7944898704687754,2,74,0.29567001579669144,0.7500546936477933,2,200
119,0.3564325967674593,1.0635526329278946,2,24
120,0.4385096459616485,0.9094101649064285,2,13,0.02994435306796752,0.9875614182515577,2,35,0.2497087019087605,1.0213391521702642,2,104,0.12498485296809136,0.5538046549236963,2,167
121,0.29030470887281856,1.0667982802671545,2,68
122,0.21911254753777643,0.9918310671556191,2,61,0.035490402736964924,1.308637091091701,2,75,0.3408569210443217,1.3823326230049133,2,83,0.4791595598627428,0.2121514550720652,2,131,0.2689872802716903,0.9054717379947042,2,174
123,0.07527334509989723,1.2308241622788565,2,35,0.34661229315697656,1.1154908339182537,2,41,1.1872595805171742,0.16720312635103862,2,71,0.26136858969097193,0.840408131480217,2,99
124,0.35671437168612585,1.0891378705318158,2,26
125,0.19518517334316296,1.0012034475803375,2,24,0.0331303365380305,0.5964009498848635,2,58,0.270729522234479,0.6467543251374188,2,143,0.024693898487406486,0.9269775996605555,2,155,0.29288297278344466,0.7304837175777981,2,190,0.024570778166507354,0.8127845406532288,2,200
126,0.43649772556435346,0.8820908268292745,2,3,0.01460453168914005,1.005258237614351,2,20
127,0.2444886641846794,0.8810981560137964,2,124
128,0.07220191578156787,0.7271379731796883,2,74,0.5882919592751132,0.19574351975369075,2,200
129,0.2717640384997053,1.6240152359008788,2,10,0.044671778793816334,1.0839619601474089,2,44,0.057712078427855376,0.7864856225039277,2,100,0.606434299735022,0.651032386042855,2,155
130,0.5732315935656372,0.593497430284818,2,24,0.3378155134872763,1.4902276086310546,2,72
131,0.488048653814933,0.255742258530982,2,47,0.02160872577753872,0.4120386888583501,2,59,0.26298410079580375,0.41530686561708097,2,86
132,0.23286285028261441,0.8420359492301941,2,12,0.01703010788623074,1.0424071848392487,2,20
133,0.23870152860116367,1.44795059380324,2,46
134,0.02887883767178588,0.5195835449478843,2,11,0.33953129360117784,0.6819539842782197,2,38,0.27272795755818496,1.2830006707282293,2,80,0.14150242841296162,0.6163288116455078,2,85,0.024121090660913867,0.6477586260208716,2,111,0.3730092286419017,0.6097232950537392,2,200
135,0.2755196719881427,1.1050829001232587,2,113,0.08256861048394874,1.0520933662142073,2,148,0.36250211757161954,0.8567415366952236,2,200
136,0.39358956734804457,0.9501817779881614,2,14,0.030349992878752948,0.9371345431908317,2,60,0.3218372826127077,1.0014638863503933,2,108,0.06494234423983775,0.9559633930524191,2,132,0.401091936175482,0.9059654619242694,2,169,0.5135389309789944,0.26436632823559547,2,200
137,0.290508674667045,0.939477411625178,2,92,0.46012783884191066,0.4984372998277346,2,152,0.09150934831120931,0.32860672048160006,2,159,0.04508162197462558,1.1986086141495478,2,180,0.4872940414005591,0.34427533745765687,2,200
138,0.12435901736157992,0.4353704944252968,2,20
139,0.2001916598749657,1.124566669526853,2,38,0.5959088961606769,0.3300943560898304,2,58,0.09375814250716535,0.536830098927021,2,88,0.794005370938115,0.17707705994447073,2,103
140,0.35274005968122685,0.6548792301562795,2,57
141,0.018407689834147492,1.1551019698381424,2,20
142,0.3993361721829495,0.7560270911660688,2,58,0.15205335701583764,1.2209789829869424,2,89,0.41427506694224303,0.4790521656710004,2,152,0.21952458095766958,0.9982201072076956,2,200
143,0.0869591284108811,0.9497139724818143,2,22
144,0.2480616453487728,1.2506895002759533,2,81
145,0.5795908126967667,0.5071342674394449,2,24,0.2769514772562936,1.118018469640187,2,66,0.24368350111114434,0.6112524349133945,2,169
146,0.24221299349811434,0.9278712993974139,2,157,0.023485039430318762,0.7096297442913055,2,173,0.28472208778902935,0.7699988087018331,2,200
147,0.42747281050879044,0.9585927167246419,2,31
148,0.17883585061353865,1.1294511143977826,2,65
149,0.23350237958000217,1.2401044332619868,2,66,0.19508514378428998,0.8397243677225328,2,199
150,0.2628201963796017,0.5217945231841161,2,26,0.018451880431214186,1.084180133683341,2,33,0.309635357988705,0.9046203900074613,2,102
151,0.306360464147973,0.7090333998203278,2,20
152,0.6486416539589607,0.7360719442367554,2,4,0.021424232505139328,1.0648350034441267,2,25,0.28366860876524125,0.7630300000309944,2,109,0.021320359288718085,0.6322033859434582,2,130,0.37092229084862705,0.9998950504121327,2,151
153,0.34621843428342847,0.4266546153744986,2,43,0.03424642347165765,0.7769113719463349,2,73,0.5814817882076803,0.39601775450365884,2,143,0.044112123818059304,0.9774320051074028,2,151,0.6589314550636282,0.34138848739010946,2,179,0.028243807327828108,0.6972386240959167,2,189,0.490154867372134,0.46588084914467554,2,200
154,0.5481567977649355,0.4399682804022306,2,81,0.09932039214688346,0.39393578256879536,2,88,0.06747393450877084,1.2147679499217443,2,102,0.3592348636296133,0.819241490053094,2,125,0.7714886263457602,0.13899921568540427,2,164,0.05451011360164425,0.2990292449082647,2,178,1.2966080814220973,0.14755555391311645,2,188,0.2981337889264307,0.9046449313561121,2,200
155,0.2528728084817912,1.4030038061596097,2,21
156,0.17793307387058185,1.1352187633514403,2,5,0.013952347627628812,1.1462802171707154,2,20
157,0.2358634060405701,0.9720214505990347,2,60
158,0.26188903251702056,1.1658323407173157,2,9,0.5403032472762811,0.26079910866757655,2,56
159,0.27319579882812833,0.8188588742035717,2,199
160,0.25060112023500103,0.9934250593185425,2,40,0.4617980162246823,0.4099432962636153,2,64,0.015946806508389852,1.2997372150421143,2,71,0.2615527217677917,1.2762764543294907,2,95,0.6571692059042122,0.1822244660819278,2,129,0.28704887052912814,0.7884354293346405,2,199
161,0.10443255347144054,1.5438424659811931,2,23,0.21086580339503286,0.5460097558796406,2,63,1.117510068487327,0.22589739132672548,2,79,0.2813941487664289,1.4622251902307783,2,93,0.8345931085291994,0.21725248992443086,2,103,0.0946224052083007,0.3843344943276767,2,132,0.9426675233977955,0.24448941377076236,2,143,0.15231663258991812,0.34264882967660304,2,181,0.8589139007559823,0.18386095134835495,2,200
162,0.2519101872479863,0.8315142869121499,2,72,0.024249683794436944,1.1022151350975036,2,82,0.5803196745831252,0.358986034989357,2,100,0.045461226240949046,1.005073242717319,2,109,0.43768462858168034,0.8432950730933699,2,152,0.04950440226417139,0.5184745618275234,2,166,0.24504018261267027,1.1815644713009106,2,200
163,0.8487641992335362,0.06259392072325168,2,23
164,0.25822729764040514,1.1142561723446023,2,29
165,0.3403786475093395,0.7407169103622436,2,15,0.05182691133079398,0.869859808141535,2,70,0.5305688436974126,0.7940978658826727,2,108
166,0.2687930234304237,1.4497421804596395,2,34
167,0.3057902889994723,0.9063960962435779,2,34,0.02125899754744067,0.7693518715746263,2,51,0.33134222984370115,0.5153610357578765,2,98,0.020698165884388213,1.0682010518179998,2,107,0.2326977690728545,0.7806694809819611,2,178
168,0.4918630037159231,0.5906646885844165,2,43,0.022082850058739886,0.7436539642512798,2,59,0.7096110358094238,0.8284736076990763,2,62
169,0.24638709868048356,0.9210893075857589,2,67,0.03031780005137185,0.8068996755376695,2,193,0.6029074631800324,0.7300136089324951,2,200
170,0.33606906812807025,0.6249874018207945,2,198
171,0.08182909619037147,0.9218807419141134,2,24
172,0.10925857794788661,0.29307980669869316,2,45
173,0.2818254786179791,0.8196775095585065,2,78,0.04079149158667622,0.7940898231097631,2,113,0.28366421045881984,0.4899277188948223,2,148,0.022188944204267837,0.8327610237257821,2,155,0.5000242902117705,0.37111201669488636,2,176,0.024783276429265984,1.3587944832715122,2,187,0.19607960458253057,1.1496366063753765,2,199
174,0.2243350668398392,1.2958753659174993,2,13,0.01961959887036691,1.3005481788090296,2,20
175,0.01889470211852717,1.1944904327392578,2,20
176,0.602862019522019,1.2013500796424017,2,9,0.0171906566890571,1.4220226027748801,2,20
177,0.32769436177053163,0.9733657355491931,2,26
178,0.23601239757868128,0.4465591311454773,2,20
179,0.2852795611541359,1.2934489488601684,2,55
180,0.2597618394170772,1.0927934602859917,2,109
181,0.286391052580397,0.67280128887958,2,144,0.026498677321313946,1.0108210163957931,2,161,0.11540882747090532,0.6738406529552058,2,199
182,0.021533732175826048,1.2138597482726687,2,21,0.2804333620412928,1.0888489186763763,2,25
