0,0.9830394858898158,0.9538316978858068,2,104
20,0.5321482058998133,1.1162334451308618,2,26,0.004044667588977141,0.10546324968490066,2,75,0.5253851683592988,1.136924469947815,2,200
21,2.433366697045792,0.7611700655519962,2,200
28,0.6036386775365516,1.2570739936828614,2,200
29,0.6699281406926529,1.0083541843295096,2,200
30,0.004784796331458321,0.1990308458916843,2,40,1.7508395925384188,1.202957882767632,2,124
31,1.3061767618229665,1.0144263131496234,2,78,0.002121274725755892,0.19204180394158218,2,111,2.920152041703716,0.8023574352264404,2,116
32,1.8870112699478119,1.1863577522729571,2,114,0.002799446858737266,0.7475668638944626,2,126,1.6004077355532433,1.0966198558676732,2,199
33,1.9000986693215107,1.153286301791668,2,200
36,1.3068421427858796,0.7964726538885207,2,105,0.003931530841291081,0.43696744396136356,2,118,37.73073970332719,0.33760426929447707,2,200
