2,0.7749657421516635,0.9459579839156225,2,26
21,1.6356892145964632,0.8224439510703087,2,200
22,1.6046107222527053,0.8738622466723124,2,174
23,0.9977904284604315,1.1493838249918926,2,83
24,1.8934851868243723,0.9498424082994461,2,200
27,1.6933419048677658,1.4124891987213721,2,91,38.012547453197165,0.7757277222056138,2,186,0.43905541713776036,1.0661147023950304,2,200
29,1.3583365867366946,0.8761042302846909,2,200
31,0.49053697704027827,0.9669768384818374,2,145
32,9.931821327728304,0.4292433670908213,2,200
33,21.883639475720855,0.6634301566297099,2,42,1.0128932059350384,1.0439695800193634,2,141,0.0019886962501469807,0.08888779665832802,2,200
