0,0.5898828984373012,0.9633351954001954,2,179,39.24124831941326,1.3557496383076622,2,200
19,2.336226141850647,1.3220964716859611,2,83,108.35385650781308,1.835354899603223,2,146,1.6004431607800134,1.343938437876878,2,200
28,1.7351888625547787,0.872323676943779,2,200
30,0.6711135652857585,1.0510533562774866,2,183,0.005531096352907425,0.0706280496190576,2,200
36,2.5059613010790844,0.5681063487008214,2,200
40,0.49957661189360186,1.0100363770127296,2,200
41,0.9575058460968375,0.797398009361365,2,39
43,1.2245471171080407,0.8235635915398598,2,200
45,1.403650426546457,0.8242980112200198,2,23,0.004875039607101922,0.45544274813599056,2,41,6.338296639395987,0.5701683576002061,2,200
46,1.0415265636725846,1.1145029345154762,2,200
