0,1.2936266571200614,0.9205158166587353,2,16,0.0031339376985688844,0.1331212482586199,2,65,2.068079961373776,0.876218956708908,2,85,0.007664232566253064,0.4497835500673814,2,96,7.220420231872723,0.28713878255450365,2,162,22.45292361620377,1.532233065366745,2,182,0.007366418496054168,1.0730639845132828,2,190,82.25561306006787,1.59344522356987,2,200
2,1.2243935078207346,0.9575688423532428,2,66
7,0.620714699990529,1.23601935505867,2,20
9,1.7829790468930293,1.042066806256771,2,200
10,0.9372853136183426,0.9985195881128311,2,200
13,1.998416686817669,1.2190649658441544,2,48,0.005943457204391438,0.17124105354442315,2,99,2.832318482609186,0.8725498290640292,2,200
14,0.8106907560862167,0.7326487981995871,2,43,21.237540228298634,0.26685630323795173,2,108,2.11541662051733,1.2355614992288442,2,121,269.5609974405791,1.8834054384912764,3,149,1.0380062675751427,1.077482309995913,2,200
17,0.9302076771684855,0.8514354657381773,2,32
18,0.9536090103589135,1.229235851380133,2,155,0.0036807318893341667,0.07800779125342766,2,200
19,1.3111400938318647,0.9222784487888066,2,99,0.03454449278450496,0.3211666386702965,2,128,4.097411414397513,0.4814564103467597,2,200
