9,1.0058784296841212,1.0781227030405185,2,41
15,1.4427758564733872,0.8683240008354187,2,25
25,0.895841266706582,0.8858039491885418,2,37,0.0014055293106623001,0.14826477146366748,2,119,1.4315379753055826,0.9279586827313459,2,200
27,11.477558356016923,0.6277763114046695,2,67,0.9317292758812133,0.9734638501768527,2,113
28,0.5693210204264124,0.7562419410501973,2,89,10.772092697782115,0.36083234368630174,2,142,0.5762981272204686,0.90384909921679,2,200
30,0.46671448236445234,1.2576371431350708,2,8,8.289802297573596e-05,1.2454665799935658,2,20
31,0.5840956084444661,0.8980155222672076,2,121,0.0024793727742421566,0.13150481056846394,2,200
32,1.3609165472058136,0.843461310979232,2,103,30.113419677117406,0.8361281668095245,2,200
42,1.62011758738713,0.7017036736011505,2,60,23.544554008553266,0.3766923296664442,2,200
43,0.0017218251933201994,0.10504244267940521,2,40,0.7783554510653659,0.7162664425373078,2,90,6.721798743964126,0.5748728624799034,2,200
