0,4.732856718700471,0.439974386116554,2,87,0.044410493292697646,0.5478762254413021,2,163,4.586284281997615,0.44809751212596893,2,200
24,0.970789202835877,1.1603520863196428,2,17,0.002544108976576711,0.07901611696783599,2,94,0.47040351627302124,0.9761940722282116,2,120,0.0037299433252522204,0.11161615921882913,2,200
27,0.006470771936503965,0.3466744471240688,2,37
28,0.0017071255896016274,0.1049631404188963,2,39,1.3247697273513948,1.027524809268388,2,127
29,1.1364667870289886,1.1069650079450037,2,117,16.47143051225687,0.23757574393122055,2,184,0.007215375038679409,0.9679447081353929,2,193,48.50480815307673,1.05961708511625,2,200
30,1.1555233087699661,0.9407021164894104,2,130
33,9.517889689434046,0.16353093353765352,2,56,0.001974609000592727,0.2746203512781196,2,92,0.4711096938207119,0.773249050391089,2,189,0.004260538308362025,0.2886210578409108,2,200
34,1.3245817414090022,0.5814242254082973,2,52,42.48002662670568,0.23992245412450663,2,199
35,2.5445646059440916,0.9932272353139865,2,147,0.002459759477607719,0.2001522034406662,2,194,2.1654622698190686,1.1625081102053325,2,200
37,0.42702323146073606,1.2758179031885588,2,26,0.003780109076765616,0.06091246553459915,2,144,0.5297664647007065,1.0361390018037386,2,200
