4,4.858728698083903,0.447191459517926,2,200
5,0.8595918010828176,1.124506990114848,2,108,0.0041093806327179485,0.1390067613513277,2,149,1.508157281282641,1.1525117661438735,2,200
7,1.045053503970102,1.021261996117191,2,69,0.001920570847761461,0.0724035713338215,2,200
12,1.0563154391638627,0.9757972632495451,2,142,0.0038031266109312817,0.07132472280926745,2,200
13,2.5295137951986497,0.9062653991268642,2,134,154.5195475295341,1.3216739454955766,2,200
19,0.8785042275738955,0.7280038887994331,2,57,0.0008788002054436932,0.6288522436068609,2,70,1.845307741723631,1.242470773557822,2,118,0.00564139288960088,0.23088354706764222,2,143,0.9887649968886658,0.8860275808133578,2,200
20,0.17419908652581045,1.2116920153299968,2,6,5.4315277202996835e-05,0.9976592489651271,2,20
29,1.1110856516764904,0.8565885073608822,2,180,25.834292703983255,0.6071368426084518,2,200
32,1.5751461609228392,0.9944551846673412,2,62
34,1.0207724756330618,0.8044285597935529,2,71,21.482349652190646,0.8438433188251978,2,200
