5,0.8291478681069925,0.9951095187664032,2,200
6,0.5960527174858282,1.2539829015731812,2,11,0.0033861498261390705,0.04613536473600164,2,200
7,1.4260249783514576,1.1143577401188836,2,138
10,1.194606657713709,0.9298463020492439,2,199
15,0.9241157936408928,1.1722307446840647,2,37
16,0.529802966563352,1.5041007995605469,2,12,0.00012787217689737024,0.9886911809444427,2,20
26,1.1349687828641957,1.0663997253775597,2,200
28,4.6207909475152755,0.5696112125879154,2,128,72.64147451869424,0.22191288521592045,2,199
35,1.621714759307044,0.8090742069482804,2,200
47,5.110938690619142,0.6524564982950687,2,100,0.4438117564051291,1.0945823615789414,2,200
