0,2.0797405426373907,0.5831670101490054,2,102,0.004712572571284393,0.4030158189011783,2,143,1.8844374806273088,1.1857973261082426,2,190
19,1.2869173952710151,1.4947575807571412,2,5,0.0030736152135803665,0.06305714836093768,2,98,1.6159449348054684,1.138706121288362,2,159,0.0029751928090678264,0.2949807643890381,2,175,0.8194046328734639,1.1049383716149763,2,197
25,0.9558234714935648,0.9127519962502949,2,67,57.045720395273904,0.3119572418403219,2,199
26,1.0411973282643532,0.9112587684392929,2,200
27,0.3613824790981811,1.366675853729248,2,6,3.8079768613350055e-05,0.9942234839711871,2,20
35,1.3611418230526737,1.0633420315053728,2,36
36,1.0352117692448188,1.0272752624750137,2,200
38,1.3313175556938284,0.9744945892265865,2,182,0.0016615159284261926,0.0340898301348918,2,200
44,1.0033025246433802,1.1053263259970623,2,69
51,0.7036916089834265,0.9822224933525612,2,58
