0,1.6516850410173798,1.022467923644405,2,149,0.005610432322174074,0.07884624421450437,2,200
14,0.7999280243014614,0.7394578258196512,2,6,0.0019338761676072566,0.21932748794555665,2,31,0.6896364070024918,0.9692342010411349,2,53
17,0.6812556323581228,1.1690322212550952,2,23,0.002577396790909653,0.12201231493140166,2,76,1.393065983922311,1.0747590390118686,2,87
26,0.9482728596564027,0.9530126567809812,2,124,0.0026374053841149254,0.07129607575112268,2,200
32,1.560282889636058,0.8725862910107869,2,82,11.502196414780249,0.6460532823746855,2,170,0.007356944474767759,0.7552664279937744,2,185,212.31379179765153,0.32404084503650665,2,189,0.07024997304200124,1.016389554197138,2,200
33,1.5495880509013265,1.4267538526783818,2,23,0.003668721973596892,0.5925555285066366,2,39,1.1903036127759337,1.1881133174454723,2,147,0.0063563189871349395,0.5260136090219021,2,155
34,1.4674377356744002,0.8670724034309387,2,149,26.994989621756112,1.4356106028837317,2,200
36,1.0757899751010613,0.8941943747314376,2,199
40,0.8099847770481208,1.175755752325058,2,200
41,1.1193021807839472,1.2615252858400345,2,200
