0,1.235958739166872,1.761882228009841,2,17,0.057479605724634286,0.331366626811879,2,45,0.168179422815265,1.1565923690795898,2,50,0.589849029256867,1.6303498054805554,2,69
1,0.49048704397960086,1.8552755741845994,2,21,0.00870699463318877,0.7045572941953485,2,32,1.0980580000195277,1.8539313617206754,2,74
2,0.32710785246649127,1.7068524497454283,2,61
3,0.34976307310087396,1.771364657084147,2,30,0.009855708821371162,1.2450798352559407,2,45,3.530222888523371,1.9830539524555206,3,65,0.034429803226384864,0.47887889279964124,2,112,0.49623837716505803,1.8585511337627063,2,200
4,0.7208021696477559,1.743899365266164,2,12,0.06146526984897512,0.922550723142922,2,92
5,0.15185122708403617,1.5719175077974796,2,32,0.03359011573180214,0.1797929803530375,2,50,0.9054754914545292,1.7946257224449744,2,63,0.020525678325246634,0.14925815050418562,2,76,0.22221151894816413,1.6731039394031872,2,98,0.02312807792810313,0.1109827272593975,2,106
6,0.11265197035956884,1.2412132677577792,2,21
7,0.44429196167881196,1.8838380534770125,3,118
8,0.4438437185443737,1.6815725498729281,2,18,0.015226569592463015,0.3800558334589004,2,43,0.47499056906927734,1.8279473900794982,2,63,0.01414409238451722,0.10206123335020882,2,77,0.6299945754702697,1.7669219067602446,2,110,0.00818098967886369,0.25023051482789654,2,127,0.8317047336378889,1.8175273259480795,2,142
9,0.36166765757484265,1.6237490971883137,2,33
10,0.26906511515064446,1.7345161736011505,2,44,0.1000788301373385,0.9098724627494812,2,69,0.01691562931873014,0.1593021075515186,2,86,0.44426196638282256,1.7520850530841894,2,200
11,0.32795026238874375,1.8705221783547175,2,42
12,0.03639493114968387,0.4990716278553009,2,10,0.41019022692084567,1.7664399480118471,2,78,0.027979732656543552,0.2867029329140981,2,93,0.2096447151152169,1.7247997943092794,2,110,2.5420756359369414,1.9194509188334148,3,131
13,0.04367466553066751,0.8653906161586443,2,36,1.036747387009511,1.83880435095893,2,45
14,0.7087732874721111,1.6926024287939072,2,80
15,0.7073635967583547,1.8590173232249725,2,39
16,0.35366465523457374,1.9103259642918904,3,21,0.042342283510262584,0.6492776630016474,2,60,0.08652291183454586,1.437722905476888,2,75,0.5407021949466808,1.9062787131829695,3,97
17,0.5372630186814971,1.768220886107414,2,31
18,0.051088920961102575,0.7504479438066483,2,20,0.10708357296906326,1.8286977966626485,2,50,0.35115367013012144,1.8137365384896595,2,200
19,0.8309982382257288,1.922346392098595,3,34,0.006371820365275227,0.2034555333001273,2,41
20,0.3115265279150033,1.6718281487885274,2,76
21,0.03874019492569413,0.35412929689182954,2,17,0.9286449216213701,1.9292098500511863,3,28
22,0.04942880010201264,1.0956739981969197,2,15,0.597669446810985,1.7249996466423148,2,82,0.0084758053171145,1.1569846073786418,2,91,1.0556483945175212,1.8009902015328407,2,107,0.018669682489412608,0.3971880115568638,2,123,1.0868269324957598,1.780261468887329,2,138,0.00277525208537999,1.121755838394165,2,146,3.0974026910624874,1.8511157274246215,2,166
23,0.12509885440715157,1.0929717369377614,2,80
24,0.63167388045281,1.5736909617077222,2,22
25,0.34859055759513796,1.8978614054228131,3,57
26,0.39641972621377675,1.9352704116276331,3,21
27,0.44555514005520014,1.7579806654349617,2,46,0.016568413319377716,0.17832803070545197,2,71,0.6868710489245632,1.81040397974161,2,123,0.01736641946542212,0.4067873580115182,2,193,0.8626615020475483,1.5195823396955217,2,200
28,0.6015731861356295,1.8737850387891133,2,30
29,0.3171165561010792,1.6771703024031752,2,118
30,0.3377622363472426,1.789165932398576,2,26,0.022592177854784005,0.7699407225146013,2,60,1.2006805064620976,1.9208207627137501,3,108
31,0.37153157457112795,1.584357625246048,2,20
32,0.41749913045356585,1.5847943374666118,2,59,0.03252456227200871,0.5053500607609749,2,89,0.3714183792264637,1.586800103160468,2,177,0.026316812167285757,0.38102859129076416,2,200
33,0.03203477453206964,1.141868152401664,2,22,0.24850598347100222,1.691042895902667,2,136,0.014207955432728408,1.6435073123258703,2,153,0.293310713694091,1.7152503674680537,2,197
34,0.4904609770506865,1.8345637662070138,2,28
35,0.5272809421578484,1.798404553464351,2,131
36,0.4268987980025839,1.6882006417621265,2,22,0.09636363325045001,1.3888970255851745,2,62,0.016483403985994183,0.1235450471823032,2,75,0.48512958086852614,1.7747952237725257,2,155
37,0.03235305619871075,0.42434777567783993,2,12,0.3717553817785178,1.5858933312552317,2,47
38,0.2136437340949224,1.5457925664054022,2,9,0.014529636148045325,0.13817825317382812,2,29,0.22024994920174545,1.8795332762232997,2,143
39,1.0050544261261405,1.7656609658841733,2,27,0.1480750065949956,1.413740035026304,2,58,0.03174657330546252,0.3303458442290624,2,82,0.43477543717019973,1.7376569377051458,2,100
40,0.2525958496890357,1.7220898479746098,2,114
41,0.5801736539816841,1.6881974581629038,2,64,0.03295733092024634,0.7712235178636468,2,87,1.000955717561248,1.833095630009969,2,108
42,0.6220377798923598,1.8696588675181072,2,24,0.021322595927705825,0.22863549925386906,2,40,0.6097165270270347,1.8530646123384173,2,78,0.015356724352376753,0.17919608081380525,2,90,0.4593554480050976,1.7159815907478333,2,120
43,0.5573216040757168,1.6660858091362363,2,179,0.01951151123730968,0.27821569822051306,2,190,1.8556853703907892,1.815135645866394,2,200
44,0.22070512171363058,1.7485460555553436,2,100,0.013588802567200376,0.4792875072785786,2,114,0.9566018710411412,1.8564974956734235,2,200
45,0.2171839576707393,1.675972018390894,2,32
46,0.2593075937206161,1.85246458897988,2,48
47,0.0883791368548172,1.2679725686709087,2,18,0.7198672113600099,1.8899969512766057,3,84
48,0.3627706409996694,1.8394437899072487,2,83,1.8651570143894909,1.9450935613025317,3,127
49,0.41013941893714534,1.7237148311403063,2,90
50,0.3238981040153614,1.7766578980074583,2,131
51,0.5022436516538744,1.8238433352832137,2,174,0.06826115138937533,0.9217712718706864,2,200
52,0.24526517870767572,1.610112327116507,2,27
53,0.603184497596274,1.8902300357818604,3,15,0.007108318914774815,0.3224490135908127,2,27,0.06619313209059552,1.6733563393354416,2,35,0.5388995133550221,1.8584566712379456,2,53
54,0.08480742005622395,0.8950531769257325,2,78
55,0.025864901409677617,0.61513326867767,2,46,0.8967672148363809,1.9376430600881576,3,86,0.018772180701723273,0.4071544607480367,2,95
56,0.7975460232915699,1.9040663093328476,3,8,0.022214780714460206,0.16946037196450764,2,26,1.634439853215987,1.9047680934270224,3,41,0.024554371097294542,0.42689677476882937,2,51,3.779980667986304,1.8490218639373779,2,56,0.015201184225801648,0.244161893427372,2,66,0.35410395911663195,0.5440383777022362,2,70,0.5126756361200164,1.7951958243335997,2,126,0.14903246331975625,0.596779640763998,2,130,0.008380922727646754,0.2708339307989393,2,137,0.4577229019244544,1.8054025116420926,2,200
57,0.2467294237227789,1.8262039842739912,2,71
58,0.30966416734220276,1.697571587562561,2,40
59,0.6285012927615963,1.9261280834674834,3,40,0.017474373470918084,0.22218972038138995,2,73,0.28748626107630026,1.8827046513557435,3,133
60,1.276285655680571,1.8262659633481824,2,37,0.024343339719580314,0.3875714302062988,2,47,1.8769062683305722,1.790360322365394,2,60
61,0.3740989447845719,1.816766686928578,2,39,0.018303548899503364,0.26735695265233517,2,55,0.2109483623360924,1.5910958590046052,2,86,0.031761612152510624,0.24179090822444244,2,103,1.381876617967478,1.825493234576601,2,136
62,0.4283098577416849,1.792750362555186,2,30
63,0.466417928312041,1.8868191540241241,3,24,0.012391346821811026,0.8836511611938477,2,34,0.4473744641731348,1.8850938744015164,3,61
64,0.17814875343601402,1.6696823166637886,2,41
65,0.5141145414476833,1.8362150283960195,2,26,0.0027397769183214616,1.3952999114990234,2,34,2.842739127935229,1.925530685318841,3,43,0.08936364820363046,1.321898844312219,2,77,0.905422177247329,1.7981215776541295,2,116,0.013659711963863437,1.0520574649175007,2,125,0.5577286750592606,1.8486687515092932,2,194
66,0.3357736988681785,1.7231245778855824,2,147,0.010197211979713903,0.2695387819638619,2,160,0.4761608849893202,1.7677874224526542,2,174,0.003763083513215919,0.4939562946557999,2,184,0.18443509616657952,1.4942887723445892,2,200
