0,0.2580818569604878,1.354001602301231,2,26
1,0.39041980182574654,1.4911264306620549,2,38
2,0.41509764076185535,1.9337591975927353,3,88,0.09895257161579331,1.713450060950385,2,97,0.013810981549828644,0.1605568323974256,2,124,0.05453714752878857,1.6205573709387529,2,143,0.45156848994131443,1.924462590301246,3,200
3,0.015687556874107306,0.14720555485748663,2,41,0.34361151263008816,1.8300373792648315,2,51
4,0.24084374312410756,1.7640866611314856,2,23,0.0018246955563794348,1.577644944190979,2,28,0.38708297500593036,1.8623782992362976,2,50
5,0.31912325404302155,1.869556501507759,2,40
6,0.2918618554435611,1.8941387947957227,3,157
7,0.3648439978893072,1.6767105621260565,2,74
8,0.02019808676095885,0.23645732774023423,2,57,0.35292818782180835,1.5984988537701694,2,134
9,0.5948023687933263,1.663014441728592,2,20
10,0.3589950087914133,1.7323231788781972,2,91,1.8322798142772538,1.9169789103494175,3,160
11,1.402777887613446,1.8712359641460663,2,47,0.01841049822888261,0.2444787988295922,2,60,0.76872704330791,1.7289157443576388,2,78,0.041397031608426164,1.0546904101967811,2,98,1.3582068168329344,1.8530812561511993,2,126,0.010030847402018577,0.32457185834646224,2,136,1.679362327187958,1.81288777078901,2,143,0.013867211003270038,0.4824966758489609,2,153,0.9253155938262421,1.819886140525341,2,169
12,0.02781596506895039,1.1130796819925308,2,8,1.0301196455229398,1.8643038898706437,2,48,0.002850166765624355,1.578508687019348,2,53,0.6033961292037808,1.8316239787821185,2,110,0.011479010129149559,0.27583845669314977,2,131,0.4537215305417253,1.8147309852200886,2,174,0.021678686836753096,0.2853876296430826,2,182
13,0.4373893557287342,1.719086005137517,2,13,0.022493484420527107,0.8554428004556232,2,49,0.3244048946265287,1.5791035890579224,2,59
14,0.21872934290369433,1.5690662041306496,2,32,0.017207163734124366,0.24394895824102256,2,45,0.20488835288357793,1.6807370799960513,2,78,1.5540985861262446,1.9268077245125403,3,91
15,0.4779976878571819,1.3742670516173046,2,24
16,0.4928442194328795,1.764244991999406,2,78,0.032816733872511536,0.44461611434817316,2,98
17,0.04636532140421177,0.3854388356208801,2,15,1.9075761591797822,1.8821399904066516,3,46
18,0.5079916921410887,1.8743647120215676,2,22
19,0.7235683928776349,1.8062531239277608,2,37,0.015653552119379414,0.13203416764736176,2,62,0.4888812422914991,1.802681691116757,2,98,0.015589825771138918,0.0450306236743927,2,110,0.7337082378089488,1.749466752249097,2,173
20,0.30873036991580083,1.745404224646719,2,76
21,0.5241208626222262,1.7951564618519373,2,7,0.013455202847276951,0.2200281156433953,2,25,2.6998247134017643,1.6188643455505372,2,30
22,0.4724973937745477,1.7516190438735775,2,82,0.014809659632255416,0.7806498765945434,2,92,0.3617675086471241,1.5831192448025657,2,113
23,0.1977592125436939,1.5594971009663172,2,21
24,0.4585715199202859,1.8207136607707892,2,133
25,0.24806627871275702,1.8224504590034485,2,80,0.02721390258450205,1.12847820520401,2,100,0.41436463595512996,1.8257142994138928,2,145,0.010420113418819604,0.2207088495294253,2,163,0.35853725261142566,1.877641275525093,2,171
26,0.3609582086610002,1.6841469057675065,2,29
27,0.03561046848914622,0.5661248981400773,2,54,0.2236713696416584,1.5431853565009865,2,91,0.018365780784440736,0.19232839345932007,2,109,0.16901057303186787,1.545334080169941,2,167
28,0.5172851470315433,1.7900285881299238,2,52,0.014498997390239684,0.1599120795726776,2,70,1.682558526805169,1.8741690317789714,2,85,0.013293917709246577,1.1429261820656913,2,92,1.3775711975651503,1.887745127081871,3,116,0.007147931234598452,0.39521267637610435,2,128,3.0408899230216426,1.9367840439081192,3,136,0.03526412302267114,1.1856374168395996,2,161
29,0.34300277223782355,1.782175710034925,2,43
30,0.5377541997285853,1.7727983713150024,2,5,0.0019665582031552654,1.3519326448440552,2,13,0.3983456516595651,1.706856720149517,2,29,3.315537495703716,1.9193083863509328,3,105,0.013726582564071162,0.3008819425647909,2,116,2.140505104641481,1.9250350352880117,3,153
31,0.08485017770345049,1.4353024022919791,2,77
32,0.12132511183141795,1.6182419792298348,2,62
33,1.0637298220254519,1.8809847971972298,3,17,0.024252956022718618,0.6109114547570547,2,47,0.42895698116530223,1.7695709700677908,2,98
34,0.18471355080041926,1.415723660162517,2,49,0.019044114467816838,0.25618109545286966,2,83,0.4404205935204166,1.8137763381004333,2,93
35,0.2174943006016128,1.7261528774749402,2,86
36,0.29578652548837725,1.638870156329611,2,46
37,0.4175069735784851,1.76153228157445,2,19,0.01668633335719511,0.20351658678717083,2,37,0.5819282284955798,1.673306941986084,2,47
38,0.6064822036065498,1.817339340845744,2,24
39,0.5731480088420425,1.669604331254959,2,8,0.019364877247418186,0.5461200539554868,2,22,0.5037861641182046,1.7094532208783286,2,50
40,0.49317369336046146,1.596540022540737,2,37
41,1.1072986396906712,1.878369852900505,2,32,0.041777400968667035,1.3240315556526183,2,52,0.30438115271042776,1.9320220144171463,3,147
42,0.9945463886337966,1.950834834575653,3,20
43,0.7766602258053317,1.7998591899871825,2,20,0.019483093912063657,0.14587683147854275,2,29,0.3380780443648594,1.8132872104644775,2,124
44,0.34487999613804143,1.8343763239243451,2,170,0.002705342746794617,1.5664045810699463,2,175,0.8888240950127876,1.8334230661392212,2,200
45,0.2264370376753162,1.7706756472587586,2,30
46,1.0853313586893971,1.6253694891929626,2,8,0.013359183241749702,0.18375293662150702,2,20,0.10447922261067973,1.5231624841690063,2,33,0.8849216629668497,1.6809840406690324,2,68,0.019605848290665074,0.9762545228004456,2,76,1.7369173519990704,1.7901302427053452,2,84
47,0.3213684067139004,1.770504531444319,2,149
48,0.1313913650247242,1.5514983169494136,2,31
49,0.033989458656613694,0.6117452867329121,2,28
50,0.06426095795252054,1.6290356300093911,2,22,0.6046881741393336,1.7773767902570612,2,158,0.024245252777987225,0.4052518258492152,2,170,0.012492287987531669,1.3211304396390915,2,178,1.9676931652915932,1.8221945677484785,2,192,0.02863441299654405,1.5325941741466522,2,200
51,0.01686274714113081,0.19195003168923513,2,14,0.7562684490859808,1.8896843365260534,3,21
52,0.30846731177071474,1.7565870691429486,2,88,0.01245036538371739,0.9172594428062439,2,98,1.4261491382587292,1.8160080909729004,2,106
53,0.4774137243114178,1.8251406361417073,2,41
54,0.345592309937416,1.441374315155877,2,45
55,0.5752612266774271,1.7930790867124284,2,14,0.008834093698828798,0.1658981849749883,2,29,0.5369661261198452,1.6496659070253372,2,53
