0,0.6282611412708705,1.4814866094878225,2,33,0.03588117837619348,0.7461594397371466,2,44
1,2.3880535631534094,1.9095365275507388,3,23,0.05034677911217781,1.4627224838032442,2,40,0.015794424346176856,0.3742731737123953,2,77,0.5925798097633298,1.9132504132058885,3,95
2,0.49240094227727893,1.9471675505240758,3,48,0.007881739391728688,0.2402766805428725,2,61
3,0.31181492796973853,1.5481053292751312,2,44,0.020516709833052302,0.2375953495502472,2,51
4,0.6853727667637529,1.7694400927377125,2,63
5,0.5410655374490712,1.6650897860527039,2,20
6,0.5368612727051414,1.8007439922642063,2,111,0.022489249270207425,0.1904830440878868,2,131,0.34244785235178427,1.721613083566938,2,194
7,1.1604564163925672,1.8085424176284246,2,28,0.046575549126379345,0.45216018166027816,2,79,0.567305127186792,1.9023856218950248,3,160,0.012667647220550124,0.5756316597645099,2,173,0.7347266919484078,1.892631005357813,3,200
8,0.1860939985978256,1.7542423672146268,2,27
9,0.7259599120594329,1.7423651768611028,2,13,0.04386633876257778,0.19887330755591393,2,25,1.4264028900280672,1.8186189639262664,2,64,0.018565509181710425,0.730681985616684,2,73,2.9133107824277023,1.8727621206870446,2,86
10,0.11230140299970653,1.2788496900063295,2,52
11,0.5154560145667092,1.7768936242376054,2,28
12,0.49722393340080506,1.7018444640295847,2,175,0.0082853379021094,1.3407724022865295,2,185,0.7149909187729094,1.8039913892745971,2,200
13,0.30434658039555706,1.8030092052791429,2,115
14,0.06584962253823691,0.9612978084667309,2,37
15,0.9377307229823996,1.7040960362979345,2,28,0.0023773442623220955,1.4869820833206178,2,33,0.5642317999285809,1.6844131350517273,2,47
16,0.7023938941775761,1.7119081790248554,2,48
17,0.7181416472475576,1.8078401242533038,2,31
18,0.5561751461327681,1.7992646238383125,2,34
19,0.19933719342046177,1.227223075049765,2,34
20,0.5591277848496421,1.7838389211230807,2,45,0.0069565998915494,1.6014868872506278,2,52,0.8110067826124389,1.8244930356740952,2,68,0.030082847339232423,1.2233199429512025,2,93,0.7426395985467331,1.7575347661972045,2,108
21,2.257315315192435,1.921736295734133,3,28,0.0297973348802261,0.9559597219739642,2,63,2.7769681109568074,1.8743831340004415,2,80,0.04443164008021596,1.0196220007809726,2,102,0.9659135807099739,1.8966915011405945,3,134
22,0.440374507548497,1.755603420323339,2,29,0.005725801162503652,0.3686061352491379,2,35
23,0.685375631143865,1.8798479522977556,2,28,0.04614646165693519,0.38414237399895984,2,40,2.3382976607682875,1.8791615168253581,2,94,0.0063694626941994,1.5028539498647053,2,100,2.954132881449861,1.9484652185440063,3,125,0.08434148468322022,1.6788249909877777,2,137
24,0.5522370561090594,1.7104896647589547,2,7,0.0200884358492143,0.15397469699382782,2,22,0.5506811273452964,1.8598995738559299,2,40
25,0.9133819583791545,1.819201799956235,2,44,0.028286431951271354,0.8142192713145552,2,73,0.458104669496974,1.7967326695268804,2,95,0.006250084725429685,0.4689631919066111,2,110,0.2802905721319556,1.4023761048036463,2,161
26,0.2483904758983277,1.5353846791861714,2,69
27,0.08460796624966638,1.1549031864851713,2,32,0.20851305050499788,1.3941134214401245,2,35,0.3844152534289858,1.8720019179947522,2,182
28,0.12691319898008324,1.7605994095404942,2,48,0.05081263199604536,0.9875946366597735,2,111,0.38835484501329876,1.7654984891414642,2,171
29,0.403923271711648,1.5721605566312682,2,53
30,0.2552141806432779,1.6797441503275996,2,23
31,0.07388498703636957,0.8410560431388708,2,26,0.34744266592870854,1.8111431887655547,2,92,0.07428320327670188,0.6393442645668983,2,112,0.11989153855206236,1.3082848760816785,2,157,0.8658610237668871,1.6911669276481451,2,200
32,0.5726512265503552,1.8736089151732775,2,147
33,0.2513098875829022,1.8757229787962777,2,28
34,0.4264520596568688,1.7760266921796852,2,181
35,0.47131258599515846,1.8354488554454984,2,42
36,0.9789491794418768,1.8603062840069042,2,34,0.053837839698076935,1.028256830573082,2,54
37,0.7597053515807238,1.9226794727146626,3,32
38,0.410621328701533,1.8164971012335558,2,26
39,0.05999212363516852,0.9842892712668369,2,38,0.38800033793040767,1.661348783608639,2,104
40,2.176654234835975,1.8348433375358582,2,4,0.0037110961848576844,1.5426172018051147,2,9,1.2887359739173845,1.8035816089673475,2,53,0.013593278405833032,0.11837820261716843,2,73,2.210510937068607,1.852490560681212,2,124,0.028888907256720747,1.1789564064570837,2,131,0.8211013978224261,1.8226120834765227,2,200
41,0.2577083884772882,1.6802075880545158,2,27
42,0.6292440848985249,1.6688721648284368,2,14,0.03242848569353739,1.3397247586931502,2,49,3.1508956005548336,1.9726340983595168,3,77
43,0.643696420695653,1.814823545728411,2,35,0.03388465220295771,1.5525964498519897,2,41,0.02000996818030587,0.24342917816506493,2,59,1.0626889179316457,1.8650321808911987,2,177
44,0.2480914490554737,1.6957578034628005,2,42
45,0.5666998096199795,1.8794004619121552,2,8,0.018694964064977584,0.9408056835333506,2,26,0.6098824046951281,1.8551733791828156,2,38
46,0.6606965675106018,1.741073238315867,2,67,0.011018301396162713,0.8314827084541321,2,78,0.7997230398913981,1.7536964524875989,2,89,0.03899044697191205,1.3057811657587688,2,104,0.011924955700263262,0.1307148574428125,2,126,0.35884387323652456,1.17180585116148,2,134
47,0.7415097196255417,1.8035312272884227,2,27,0.016085217602777386,0.126365485944246,2,46,0.2933100703237912,1.7651375252753496,2,110
48,0.18765705982914402,1.7684892909867422,2,70,0.0071476719114555816,0.39836358107053316,2,83,0.08907884076886652,1.6861242983076308,2,92,1.4697765308128516,1.8784171409077115,2,110
49,0.04372096857614125,0.644178317565667,2,19,0.38361266675971234,1.7294784188270569,2,49
50,0.6074306623163258,1.9654746507776195,3,29,0.02062234533576949,0.624155161709621,2,58,0.5247013128343899,1.882069154987185,3,185
51,0.8798424285174261,1.7938716808954875,2,30,0.01002160030734202,0.22597075005372366,2,39,0.6682911863484567,1.7958428959051769,2,99,0.029855400363067438,0.685607721931056,2,118,0.5122852551666184,1.622219407558441,2,138
52,0.23098178459783544,1.6497795283794403,2,20
53,0.6723096049259473,1.7733402570088705,2,15,0.010787221389694067,1.5560471018155415,2,21,2.3235315176483424,1.8727735148535833,2,30
54,0.49667709491436607,1.720099863409996,2,40,0.0787649866740186,0.49799020703022295,2,53
55,0.21305100223137996,1.8105159912790572,2,14,0.014758943037523713,0.6138472755750021,2,32,0.40248794894281414,1.7852276491396355,2,65,0.01757737707568584,0.6963931962295815,2,92,0.4203337652320108,1.787145632505417,2,172,0.01139761882764953,0.2778312861919403,2,183,1.194165565734243,1.8967444201310475,3,195
56,0.7252673621921146,1.8942246878588642,3,27
57,0.4361656505754948,1.9523380750264876,3,39
58,0.2535808274797407,1.8527965159029574,2,74,0.015569090321324697,0.6259103622287512,2,90,0.5194109156324889,1.913896047550699,3,136
59,0.240943038117416,1.528304526540968,2,45,0.0030617313968930343,1.5717166423797608,2,50,0.6759154192889277,1.778493066628774,2,68
60,0.6876105290391723,1.7501837684397112,2,57
61,0.5639325778142947,1.8183965981006622,2,28
62,0.23887533762024946,1.7301877254172215,2,158
63,0.3551443400621455,1.69542125038717,2,87
64,1.0683080589766292,1.8232749630423153,2,34,0.0017874736832136065,1.5744543313980102,2,39,4.046511370424429,1.9406233131885529,3,59,0.01706617871806168,0.3956195240219434,2,71,2.0409714031727075,1.8550499397165634,2,88,0.075305546396983,1.7266909350519595,2,111
65,0.6177457529516175,1.861265839757146,2,74
66,0.018619727633337,0.1391677214549138,2,13,0.7184538449802298,1.8169033268223638,2,59
67,1.0336864318524797,1.8087978305355195,2,62
68,0.23546967379558106,1.593821835059386,2,52,0.030747400317821933,0.5545442013276948,2,124
69,1.0085673158390738,1.9126436433621816,3,56,0.009206326995627522,1.2260870252336775,2,63,0.3312325485046053,1.9103708838423092,3,111
70,0.08410374679321973,0.9918372366163466,2,36
