0,0.4685528392317819,1.723704646795224,2,78,0.04176616149590195,0.9758039679792192,2,114,1.0389694773824474,1.7657741199840198,2,147,0.012589319366470689,0.7177145738493312,2,169,0.9177474133215822,1.665238876496592,2,200
1,0.18767925376741218,1.5675252165113176,2,21,0.028073377298956512,0.6379401385784149,2,47,0.8544091177297087,1.7730988264083862,2,85,0.02726514117491141,0.39282694290269093,2,138,0.45965289699138234,1.7385543452368841,2,147
2,0.14211189210069564,1.455502428260504,2,51,1.8278690955193213,1.9710983633995056,3,79
3,0.8240041846675233,1.947219071180924,3,23,0.0518656986069086,1.4942157745361329,2,38,0.010856531241335553,0.34691915710767113,2,53,0.16341045525888181,1.638848655056535,2,110
4,1.1805793413676022,1.930539427132442,3,29,0.022427028610971334,0.9755060911178589,2,39,0.5672193172352085,1.8067900678690743,2,73
5,0.48013616590739583,1.717117273077673,2,98
6,0.30849529362205935,1.643492442369461,2,40
7,0.6585038086488807,1.884388776925894,3,52,0.00367858833463202,1.362868219614029,2,60,0.6448805662740487,1.9211535155773163,3,80
8,0.4750315690329001,1.7632085789333691,2,22
9,0.35159551985359927,1.575798015071921,2,73
10,0.47524440463599665,1.764455029964447,2,100
11,0.39309701310281725,1.864187552378728,2,13,0.008409642761439948,0.49957820441987777,2,22
12,0.10011406181123636,1.6861979109900338,2,21
13,0.35187185619756933,1.9456616640090942,3,16,0.02768362706547468,0.11130182072520256,2,32,0.48002266417464207,1.8968999909191597,3,73
14,0.31460925754070523,1.487167016063866,2,76,0.013083740200527877,0.2239400176331401,2,92,0.7068815402016606,1.7509252660128536,2,141,0.017676219911894372,0.2638654539982478,2,156,0.2005616696039518,1.719421334888624,2,179,2.3897738532470685,1.8342085963203794,2,200
15,0.9729744371276968,1.8131847925808118,2,46
16,0.29980212682210006,1.5037700533866882,2,12,0.11402110855430521,0.5964058438936869,2,15,0.014046477967198013,0.3651279906431834,2,39,0.6372026098248785,1.8092008470052696,2,122
17,0.24337140444648092,1.5216486140092214,2,75
18,0.24970450273160377,1.760216282946723,2,112,0.014951624623573826,0.17588318998997027,2,125,0.04198996799458457,1.3221088922940767,2,138,5.126983670206992,1.7648231089115143,2,142
19,0.39740653192741354,1.813729703426361,2,42
20,0.03310580277196421,0.5085363382542575,2,27
21,1.4629028325419928,1.8390534589456957,2,43,0.013067199630161046,0.45936643580595654,2,55,0.48851274437194914,1.7614105129241944,2,80,0.017316942898951703,1.5889285951852798,2,88,0.9437813513253565,1.7888045719376318,2,196
22,0.6286823123676826,1.9406094700098038,3,8,0.017947984122920615,0.37463657930493355,2,32,0.2778660291544765,1.7856431743677925,2,66
23,0.17195704884690047,1.6576075086406632,2,51,0.017833360751052317,0.265945744357611,2,70,2.2363152681781413,1.6549600064754486,2,74
24,0.1724459111465525,1.6785942441538761,2,19,0.0068705582400635954,0.4489376517859372,2,30,0.36447890413089745,1.8876802284609189,3,118,0.11208600422522774,1.3357814381951871,2,141,0.06047768582552201,0.7755429161302114,2,200
25,0.3459932735220183,1.7529105657339097,2,200
26,0.07549262845880436,1.2586952303738699,2,92,0.5974985066543103,1.8905248233565577,3,200
27,0.04196958099148106,0.6706837459933013,2,64,0.13369015267707518,1.300500786304474,2,109
28,0.3948249583249921,1.81634105915247,2,43
29,0.5335819303613523,1.7102491680041765,2,129
30,0.026881970384351927,0.4322235271698091,2,41,0.558972466223962,1.7768074170402859,2,110,0.007803593149763364,0.7194394204351637,2,119,0.20881529147074696,1.3645607382059097,2,153
31,0.048080046492646605,0.9465773616518293,2,35,0.3502993275713848,1.7469728898119044,2,143,0.03499324636230674,0.8145126181118416,2,176,1.0756097565300144,1.7586522897084553,2,194
32,0.4912140494970026,1.7746969660123189,2,12,0.010634453344465162,0.2856171889738603,2,23,0.6977676392089353,1.7561995274311788,2,60
33,0.8494853402136884,1.7531831302340068,2,63,0.25604851741466594,1.731674686826841,2,162,0.011034163737146564,0.23188625430238657,2,191,0.43850095652620347,1.6294069952434964,2,200
34,0.5000354832898072,1.8486296687015267,2,43
35,0.42036942606342464,1.9789751110405758,3,29,0.12080860462441155,0.4527953068415324,2,32,0.008636928270354319,0.2081434296237098,2,41,0.3023936555216463,1.63019180389551,2,106
36,0.1383626592715366,1.1999201199104046,2,29
37,0.19964715540182626,1.8440176124374072,2,48
38,0.5341165629465284,1.8212583405630929,2,7,0.014908231669294704,0.17036663110439593,2,20,1.4970754484312763,1.6742115020751953,2,26
39,0.799142009500026,1.8437555101182725,2,36
40,0.03921392548770283,0.5108644110815865,2,14,0.46004754847005197,1.7059110719946367,2,93,0.0367855551842358,0.5247941391808646,2,128,1.101084955125902,1.7588907957077027,2,138,0.008296959064545275,1.508738378683726,2,144,0.9869095244375259,1.7171140947649557,2,175
41,0.8147563216630583,1.8606517016887665,2,8,0.020661911157493204,0.6787796456080216,2,34,0.5310711720028408,1.7955930066108703,2,84,0.029228369414343494,1.0945148468017578,2,95,0.771106746268241,1.7552103167488462,2,200
42,0.4098950089713957,1.7691734769127585,2,55,0.012728360827941102,0.17034819970528284,2,67,0.5935818076769481,1.8381610810756683,2,83
43,0.15782666873108742,0.9400568225731453,2,24
44,0.8490129194242175,1.796381829148632,2,59
45,0.3607150900495427,1.64112781241255,2,106
46,0.40189258162494507,1.8766616437493302,2,41
47,0.7885027452879031,1.7010555267333984,2,11,0.02196314324551923,0.14419911553462347,2,29,0.5005400013855199,1.7242256734106276,2,47
48,0.651547143003703,1.7934416702815466,2,7,0.015517643857376999,0.5962994118531545,2,22,1.4919701068479998,1.9014972001314163,3,30
49,0.08504641309621237,1.72014058344435,2,101,1.8570525806603613,1.9379402313913618,3,115
50,0.2557337426332303,1.7834645323455334,2,96
51,0.643226012017525,1.7811608945622164,2,17,0.0036534237951592187,1.5644401113192241,2,23,0.48326500079002666,1.876354133381563,2,40,0.34540525186045967,0.9786020755767822,2,45,0.007995818298232477,0.18616151064634323,2,57,0.1767353871669661,1.66625932506893,2,80
52,1.4848401900756973,1.8497522766910381,2,67,0.06636746332933248,1.6441794786697779,2,106,1.1223976228687256,1.826607653072902,2,176
53,0.7263980456737895,1.8465990943293418,2,62
54,0.1013502585189797,1.6842409918705623,2,24,0.07694714090441525,0.6573508772999048,2,40
