0,0.585339525053291,1.8447772248371228,2,74
1,0.18783263944479936,1.6573362588882445,2,25
2,0.7483317047925624,1.7156224290529887,2,30
3,0.6456434856138995,1.8847838640213013,3,16,0.016574393803818963,0.5585953755812212,2,27,0.837509877850423,1.6647894233465195,2,43
4,0.4573906967380478,1.8399767446517945,2,50
5,0.6907651760285977,1.6638295977723365,2,51
6,0.7821462645578718,1.7643180567285288,2,23,0.008197671054852945,1.5305529435475667,2,29,0.6384184312923947,1.7749735627855574,2,106
7,1.3858523043207476,1.9067112640901045,3,22,0.004387486571770902,1.6429447174072265,2,27,0.9336774464878164,1.83861775091379,2,128,0.021577638377437446,0.20697742979973555,2,144,1.1920734215149096,1.9232682368972085,3,188,0.016561821045567787,0.951594318662371,2,195
8,0.8844307789522587,1.8523722716740199,2,7,0.039176147794183915,0.23379010137389689,2,24
9,0.6932880958920286,1.718706042425973,2,35
10,0.16149846671358087,1.794253664858201,2,119
11,0.1861287896082111,1.5815377222455067,2,46,0.004845136232322477,0.8101283311843872,2,52
12,0.4272494083984526,1.94371407561832,3,36,0.00363711706353123,1.5644085208574932,2,42,3.1728685572080257,1.870031714439392,2,46
13,0.8188876555495264,1.8804612515265482,3,57,0.008466874018439095,0.2750487744808197,2,77,0.8971711417465037,1.8706386317598058,2,124,0.017891573868870234,0.45831870215554393,2,155,0.63323941559207,1.8895608451631334,3,173
14,0.5660434576144356,1.7243436163869397,2,29,0.013862007398678683,0.971380309926139,2,47,0.25267417312312007,1.6789735447276721,2,58
15,0.4074543378454177,1.7902564406394958,2,4,0.0033559529880758496,0.7020717024803161,2,14,0.5973121959438852,1.87198147353004,2,31
16,0.43626499234188165,1.7631563901901246,2,35,0.022475572414950802,0.2566564924576703,2,52,0.6665209813064426,1.8381158288319905,2,127
17,0.2768641634819346,1.896390384098269,3,106
18,0.36967923008446024,1.5935988972584407,2,24
19,0.5848494605730459,1.9310785391751457,3,17,0.009501917871325058,0.3914026847252479,2,30
20,0.2522340401005479,1.7676005681355795,2,15,0.024789636455876212,1.236607313156128,2,20,0.01459215817649073,0.42933525339416834,2,43,0.29332328032590455,1.7470083236694336,2,59
21,0.10046608579014178,1.126418843269348,2,50,0.005710618996614358,1.2651893198490143,2,58,1.4956226717999728,1.8555430703692966,2,67
22,2.2388370548675587,1.8289617129734583,2,7,0.006447086310594047,0.8184782564640045,2,17,0.25220156329459814,1.5942875240363328,2,119,0.04388147070098685,1.5106988634381975,2,126,0.015042510925398274,0.24794011137315206,2,140,0.8193283229333707,1.808863032947887,2,151
23,0.05564102985603045,0.7338717897733052,2,15,0.2960276547963258,1.7521334290504456,2,150
24,0.5813856872349424,1.9190067327939546,3,13,0.04030215664513478,0.9535986483097076,2,37
25,0.31480344850984227,1.8443885928108579,2,21,0.00769863045430837,0.23422842759352464,2,34,0.5064413250691149,1.8460271213112809,2,75
26,0.5392284507841888,1.6833368732648737,2,68,0.020053429125201108,0.15973978371996628,2,87,0.5810199370873791,1.7182004622050695,2,129
27,3.2620935671961755,1.6946649551391602,2,4,0.03199642475982742,0.6899036262184381,2,20,0.96195379233537,1.860395401023155,2,63
28,0.019441248501184293,1.0370575189590454,2,11,1.03984255605952,1.8918352585572462,3,37,0.001241992441287687,1.6080723404884338,2,43,0.3909513197867597,1.777761603616605,2,200
29,0.34397096576348274,1.7539946759069287,2,74
30,0.4066442556861727,1.5338926513989766,2,24
31,0.4571294077460909,1.6401819331305367,2,7,0.018943507366203833,0.6775318537439619,2,42,0.3492485366093807,1.6411393425681375,2,97,0.08437614205006606,0.8750319595186455,2,200
32,0.311647752733244,1.6921847670577292,2,43
33,1.5191008830086068,1.9355168202344109,3,17,0.00450610416269727,1.5565916299819946,2,22,1.8152177452409606,1.9233897867656888,3,85,0.011123088656560615,0.18183055023352304,2,97,0.744456976892891,1.8741334676742554,2,156
34,0.29344542271008106,1.4792416192389823,2,37,0.03524739603635039,0.3656149350106716,2,57,0.6348690572837921,1.792594595308657,2,192
35,0.14887493956677086,1.2632782481334828,2,27,1.3772417092583678,1.9214001010965418,3,54,0.017217253087379335,0.3482993175001705,2,71,0.5607350796497859,1.8171717738205533,2,124
36,0.17664550572454923,1.7970471994296924,2,74
37,0.2539461540251225,1.4953691309148616,2,66
38,0.0416923704021174,0.5919898723562559,2,60,0.31873942586485154,1.5273908737933997,2,93
39,0.31888603239340535,1.723217785358429,2,40,0.007187686697919092,0.37815871462225914,2,56,0.7133400401189014,1.8018584432023945,2,89,0.00978372995159408,0.10845268269379933,2,107,0.021763701356233105,1.6353708505630493,2,114,0.679895506982284,1.7850362170826306,2,125,0.012055987890888598,0.2179960239192714,2,148,0.5773959123540098,1.8421596196981578,2,161,0.030648370565655992,0.29475983824485386,2,200
40,0.223531878611975,1.848734248643634,2,87
41,0.07158591917783595,0.9452777149585577,2,26
42,0.48917755927827367,1.527081891468593,2,35
43,0.9704838098939661,1.703719586133957,2,72
44,0.1317087331637457,1.73676598072052,2,25,0.011004330265005828,0.14828393915120294,2,42,0.0787382314476818,1.6914358209161198,2,59,3.9366662400469563,1.9076430648565292,3,67,0.022119701540500088,0.1691791189127955,2,96,0.10799904938930206,1.763235005465421,2,107,0.609509916368799,1.8390985169718344,2,169,0.059548510556225225,0.5651046345310826,2,200
45,0.05793078257777713,0.9498038206781659,2,14,0.5322448517369693,1.5831297729529588,2,65
46,0.22345642098395663,1.731062760949135,2,80,1.1244588766635093,1.8531106912483604,2,139,0.02634912473632936,0.5898318830877542,2,171,0.5371080640947671,1.7415768524696087,2,200
47,0.5078604265679414,1.7925528624118903,2,39,0.012855155736152979,0.03925771315892537,2,54,0.7401537710812744,1.8159335247457844,2,127,0.030115568676638196,0.8709770752036053,2,150
48,0.14273518157589735,1.4777220368385315,2,10,0.01500844908319583,0.11244279318130933,2,36,0.13299006710705172,1.6989387810230254,2,56,0.016081164124759337,0.11466528889205721,2,74,0.2493912689941697,1.830080784857273,2,90
49,1.354644431986019,1.847718930244446,2,50,0.013527741130985139,0.14870400130748748,2,65,0.5125572051296059,1.7153062680188347,2,116
50,0.38376998958659253,1.6176329548396762,2,63
51,0.6953996770962008,1.8250513633092245,2,90
52,0.5762902285459663,1.7076264890757473,2,22,0.03265682990440448,0.5669149822658963,2,40,0.6716048620643085,1.7716523161640874,2,175
53,0.5215785159235174,1.7259754322944802,2,47
54,1.845225709963429,1.840256134668986,2,27,0.08675265107774777,1.5511773391203447,2,38
55,0.4319628468674303,1.8635996580123901,2,19,0.03571396462840093,0.39683899398033434,2,32,0.3513999996256102,1.8129092223114438,2,140
