0,0.5040802698129258,1.7028509355058856,2,51
1,0.49574221728733286,1.6556935747464498,2,30
2,0.4645565030897374,1.71695287053178,2,41
3,0.49148887448427264,1.8409666256471113,2,11,0.019161100180106704,0.08808868192136288,2,27,1.4743220772019423,1.8111775403931027,2,69,0.05724313164564696,0.5619847026277096,2,116
4,1.0968945665321863,1.8296289951243299,2,47
5,2.0142424224184334,1.8358690798282624,2,20
6,0.36258192442187615,1.6564676180118467,2,41,0.004928222339023365,1.4651983380317688,2,47,1.2754061029099701,1.7069860219955444,2,52
7,0.05709818986836028,1.138817799942834,2,35,0.32012061471776004,1.919034245941374,3,143
8,0.3629929898372839,1.8038221878163956,2,17,0.005326447537390218,0.22169549869639532,2,31,0.5155781818235634,1.8363299334490741,2,166,0.004674255364295641,0.7012742215936835,2,177,0.469114233854745,1.8119542184083357,2,200
9,0.19637429249170374,1.7910352059773036,2,35
10,0.2360322375664665,1.7058684732399734,2,51
11,1.1190376147285401,1.7824031143653682,2,41,0.059290230729350926,0.7612572643491957,2,68
12,0.18338995239541822,1.3698490543798967,2,55
13,0.38526743188433554,1.8083553019534335,2,89,0.014500958170918616,0.3109662725644953,2,106,0.41054526446067124,1.7536732580350793,2,129,0.009339482177910481,0.22049396485090256,2,141,0.42153622742006186,1.7094767072371073,2,197
14,0.5618748033171459,1.7077513833840687,2,24
15,0.46117562719594685,1.8806097882134574,3,35
16,0.4153382709923958,1.7789575133407325,2,57
17,0.5697997362428755,1.806072433789571,2,21
18,0.3769198897932053,1.7705858591440562,2,74,0.01796222858413274,0.14175358166297278,2,92,0.2844965715131443,1.6526785612106323,2,172
19,0.2672277076377361,1.7827640175819397,2,10,0.015294737584731077,0.17082910860578218,2,34,0.06945132621853797,1.0782436728477478,2,52,0.6790975577608156,1.6514380600141443,2,98,0.011861994766558758,0.2422546082072788,2,107,0.411761031025144,1.6749492287635803,2,115
20,0.5163974184254476,1.615185075792773,2,29,0.022604611905011347,0.1426547666390737,2,41,0.8422970768115347,1.838473383585612,2,71
21,0.1446524848914451,1.738863510054511,2,111,1.357261604828966,1.9452249169349671,3,151,0.03615893125637182,0.7524764971299605,2,162,0.5785834837708096,1.9362478193483854,3,200
22,1.1103297150024396,1.8907597661018372,3,18,0.015075983411386381,0.21275517903268337,2,34,0.5735363147204918,1.844012683400741,2,138,0.05344558873533918,0.7388114854693413,2,172,1.5273053700175792,1.802397204482037,2,195
23,0.30757708907921416,1.7096821687307702,2,83,0.017610135831413003,0.15629420003720693,2,97,0.6959709144546268,1.8550104769793423,2,174,0.0966180747444221,1.5774069520143361,2,200
24,1.969055416043009,1.840655755996704,2,5,0.014390444606118798,0.3199651638666789,2,20,0.1948097146261522,1.793930857181549,2,70,0.013304427200772689,0.07169039130210876,2,95,0.5086493343619228,1.7209252180105232,2,178
25,0.807506506384923,1.8918182998895645,3,40
26,1.0834560056563771,1.919135494874074,3,52
27,0.41521843371772077,1.7462313771247864,2,16,0.06179647529004525,1.4495132152850811,2,42,0.018389992879787518,0.1753961314757665,2,57,0.6673781666383977,1.7762923584146015,2,116
28,0.40867468357057535,1.7660413005135276,2,55
29,0.32925791307295055,1.8909954148180343,3,34
30,0.6955452943864104,1.866965594291687,2,25
31,0.7746495270134559,1.7485388040542602,2,45,0.008216864478988508,1.0850166877110798,2,54,0.4015844599605433,1.739206850528717,2,72,0.019658039585524405,0.21260029822587967,2,86,0.632776293227014,1.6931935228952548,2,168,0.027388683037792537,0.737291407585144,2,188,0.9860843294702537,1.629756897687912,2,200
32,3.0245543444625262,1.9186503453688188,3,22,0.016589073395542605,0.5393409679333369,2,46,0.673875128948419,1.7556672862597875,2,74,0.012819702940865716,0.06747859567403794,2,104,0.0560093429146631,0.8967868089675903,2,134,2.0731353045286514,1.9491698992879767,3,153,0.08871913735006919,1.1621711868792772,2,185
33,0.17887213079288358,1.533434420824051,2,20
34,0.3603531142681902,1.8653642689740215,2,27,0.03542079363687234,0.49528173406918846,2,42,0.5347802657387051,1.8872098326683044,3,60
35,0.26277512116003604,1.5881556519146622,2,29
36,1.2357911352934625,1.674368909427098,2,14,0.020376261685671384,0.17404976238807043,2,32,0.5852744656341846,1.839121430084623,2,90
37,0.9140316734215959,1.9576112486067272,3,21
38,0.46442862518541506,1.7395874824788835,2,36
39,0.8490954934128508,1.8467770413817646,2,107,0.031299898914670006,1.1555430122784205,2,121
40,0.18290566552140677,1.4675931930541992,2,30
41,0.3789845682118634,1.6643441018016858,2,87
42,0.21351013805899083,1.2486138056825709,2,27,2.08326626872134,1.8934767733920703,3,49
43,0.033664802946718315,0.921580745415254,2,22,0.7047099726277439,1.84285968542099,2,44,0.03186686345149458,0.5632624387741089,2,59
44,1.0269923472762603,1.8456074655056,2,20,0.005554781516197583,1.5760806560516358,2,25,0.7299987671689518,1.84249923484666,2,81,0.0131291219045636,1.3989956114027235,2,90,1.0603692922387495,1.8463974475860596,2,95
45,0.5463491702336921,1.7428577065467834,2,20,0.01597625621544808,0.2922416902505435,2,33,0.37773488092443747,1.7190368758307564,2,78
46,0.5617467353817657,1.7019542760627215,2,43
47,0.4628331180843582,1.8023715587762685,2,65,0.0033575667814681924,1.3325618505477905,2,71,0.8709156890540435,1.8278998011036922,2,90,0.01818597167892424,0.5218248527783614,2,103,0.41967718895734774,1.800380818049113,2,163,0.013982667606265436,0.19489101734426287,2,181,0.7432006965672558,1.8022942741711934,2,187
48,0.6203373687903331,1.7352942266771871,2,62,0.02068674012149042,0.13796265636171615,2,76,0.5748141331560028,1.7229083748090834,2,118,0.010807349972903422,0.10919594824314117,2,143,1.0955173217604182,1.7446107892102973,2,186
49,1.8989268836341515,1.6944620847702025,2,5,0.014411725161007746,0.6929648200670878,2,20,0.40789167538415483,1.5513956568457863,2,75
50,0.1365470684727952,0.8726561715205511,2,27
51,0.16247082111487718,1.2913356942159158,2,27
52,1.4447181721603564,1.9258435643636262,3,26,0.016947380847737538,0.9741980098187923,2,42,0.6233112337774888,1.831065095961094,2,58
53,0.4589870299763026,1.5977224111557007,2,51,0.018033189243805613,0.17615772485733033,2,76,0.628773954924848,1.6997175216674805,2,97,0.017482297527948262,0.3467351148525874,2,106,1.0958300705018034,1.7886570566578914,2,125,0.023087862656331122,0.06682494282722473,2,140,0.6269376509258563,1.779260971329429,2,151
54,0.35930436294408985,1.8093525916337967,2,16,0.029945292431853704,0.6316186821536173,2,95,0.59083792324687,1.8393956482410432,2,115,0.014048598200684466,0.1645923064035528,2,132,9.295123878646658,1.6211611827214558,2,135
55,0.13660082319069528,1.2450179144984386,2,61
56,0.4745183491587304,1.5389665444691976,2,30
57,0.4269380644419762,1.8477439076401467,2,43
58,0.3254829446589591,1.8307314673248603,2,49
59,0.431680018115691,1.716191589832306,2,12,0.03170459623134814,0.660851698191393,2,54,0.4977280253149305,1.6701082623734766,2,103
60,0.4351866088073765,1.8224559180876787,2,34
61,0.1558977449407536,1.4068129329845822,2,29,0.017155508940889987,0.35892108688130975,2,61,0.3321143717883931,1.5964545505802805,2,143,0.037703507331072986,0.6518332384526729,2,183,0.12280324632049278,1.620749410460977,2,200
62,0.41321886515572465,1.8103635330354013,2,62
63,0.7791763206557537,1.9411426049012404,3,13,0.029193386340108016,1.146043848991394,2,28,1.0031112578286179,1.7714550728383271,2,51,0.05987617748954679,1.0745236741171942,2,78
