0,0.01339220913910795,0.4330452723162515,2,7,1.059198571965791,1.5450415427868183,2,20
1,0.8313099940779024,1.891507006826855,3,21
2,0.037514661278404256,0.5397260010242462,2,20
3,0.7469827203671261,1.7300952517467996,2,115,0.004752252769765097,1.5292850534121196,2,121,1.2121007356037414,1.7922286902155196,2,135
4,2.0229496021973508,1.8657151460647583,2,10,0.08355082277580343,1.5400232606463962,2,46,7.176061161261295,1.8066219687461853,2,50
5,1.2283016487149534,1.9504721698008085,3,38
6,0.7134746738926145,1.7722346146901449,2,30,0.014166994357401198,0.2506352420896292,2,46,0.7687127805036533,1.7590788980325063,2,106
7,0.5415957892006654,1.6547098954518635,2,18,0.011410014359725582,0.2499489516019821,2,28,1.1906216107044734,1.909663947005021,3,47
8,0.7090528386716711,1.7690550140712573,2,69
9,0.582540290712562,1.8785475743444342,2,19,0.026200248185549755,0.1105823193130822,2,48,2.41270323702024,1.8931820657518175,3,57,0.011980501151458297,1.6024847163094416,2,66,1.187066797246097,1.8491140445073446,2,81
10,0.4060972757109017,1.6337193506104606,2,28,0.035696814127191626,0.817099793176902,2,66,0.48082806432443076,1.7331219017505646,2,102
11,0.16160627407804803,1.3674535602331161,2,48
12,0.38763667457358214,1.865745719273885,2,135,0.05107190432774413,0.5977547876536846,2,143
13,0.48513510129661414,1.6212052965164185,2,25
14,0.3557438138877323,1.6699583530426025,2,38
15,0.2643542252190923,1.7237389028072356,2,20
16,0.568219431898571,1.8221797127472728,2,38,0.047423765361325594,1.2887942904517764,2,59,2.178951559678701,1.9106500582261519,3,70,0.01889393730810224,0.11402573830941144,2,87,0.7648267689903007,1.8895668685436249,3,103,0.014446018274710279,0.9443325125254117,2,116,0.42233864316770325,1.7559973001480103,2,152
17,0.9528268369603455,1.8534535030985988,2,43
18,0.2924826207173367,1.930351770693256,3,62
19,0.16790925251736458,1.5115390107745217,2,21,0.011823706589892955,0.2573388651013374,2,31
20,0.0999860280073134,0.9866608521686151,2,52,0.5737142991497479,1.8411918191348806,2,137
21,0.056167315659233365,0.7833799711045097,2,34,0.45116222377771625,1.7313776440345323,2,138
22,1.6542882147480582,1.7879399259885151,2,6,0.04195103869194292,1.0352951268995962,2,37,0.6823301907199385,1.8342144380916248,2,48
23,0.4722531140113393,1.812294840812683,2,8,0.0220081277698903,0.49505175217505426,2,39,0.6268418227154957,1.8155416250228882,2,48
24,0.3890762146956424,1.778952181339264,2,48,0.00693073821620229,0.20500033721327782,2,68,0.34520934706029327,1.7028432906942164,2,115,0.021601959639264742,0.13145085548361143,2,127,0.8070901605598686,1.76665364418711,2,155
25,0.27374729975055173,1.7385120550791422,2,75,0.048547751408195214,0.3029299729010638,2,92,0.47179719817522237,1.742007447325665,2,115
26,3.150406080423121,1.897884720411056,3,39,0.18043291430604422,1.7658262848854065,2,69,0.003940483703500931,1.5492719888687134,2,74,2.0635967827653414,1.8708887497584026,2,101,0.0782424126296912,1.1602570368693426,2,114
27,0.5905239247796917,1.8754082123438518,2,12,0.003951204150005134,1.5997329950332642,2,17,0.4312735182324001,1.8472176673619642,2,109,0.009487345210077427,1.6037379801273346,2,117,1.9883417386263424,1.9400697525809794,3,134,0.06301995196368165,0.8771858960390091,2,160
28,0.6727314640210776,1.832456886768341,2,30,0.014558376001487874,0.6140165891912248,2,39,1.4611702849007344,1.8941861449016466,3,183
29,0.3294296572116021,1.4647947311401368,2,25
30,0.10265324375975082,1.19189013062783,2,53
31,1.3848847903712107,1.7132136159472995,2,27
32,0.5477579327888172,1.8730627397696178,2,12,0.1000461635717243,1.758492198857394,2,23,0.02984820759935959,0.39101492516372516,2,46,0.5341661179154282,1.7650128219808852,2,74,0.019221241323854697,0.47078523922849586,2,101,0.7157468231283993,1.8521676792038813,2,137,0.009897553626412824,0.09565673768520355,2,148,0.30019130455036586,1.8141479219709125,2,183
33,0.6746587432460547,1.8196146601722354,2,21,0.04186603102156539,0.4054273857789881,2,38
34,0.3481280240727115,1.6901555061340332,2,40,0.025521490436002388,0.5977793923195671,2,74,0.3065854134854911,1.764929175376892,2,86
35,0.08823853245168968,1.0077706840303209,2,18,0.6920633932152471,1.676132620800109,2,102,0.016228263085667,0.4040458117212568,2,109
36,0.19942492203436962,1.6920377485679858,2,33
37,0.7467699758502782,1.6849823154901202,2,38
38,0.2244116519307712,1.7456270235556144,2,27
39,0.9291072056477221,1.8461871221661568,2,48,0.0063935485263012055,1.6797138055165608,2,54,1.6786431249638867,1.8654112876471827,2,113,0.017380943817990675,1.1990743604573337,2,135,1.4938864247496726,1.8739658689498901,2,160
40,0.8114370560232578,1.6932172112994723,2,27,0.01842091247140318,0.6931554760251727,2,34
41,0.41853566956435534,1.787481703256306,2,19,0.00809797371162559,0.9475113881958855,2,28,0.662626165093751,1.7902471423149109,2,40,0.010948330764694916,0.05911093587810929,2,77,0.773108039114086,1.753965871150677,2,142
42,0.6946150065769409,1.831630606121487,2,45,0.008066440189252273,0.5097843366009849,2,66,0.2964232018969144,1.7475172117644666,2,117
43,0.848831681377194,1.8308112643799692,2,53,0.020385642419777018,1.0704642075758715,2,66,0.9731086255973059,1.8932206189190899,3,93
44,0.44403776583147486,1.9026263427734376,3,75,0.014919788157886088,0.21369121130555868,2,91,0.28466517445961437,1.776144069685063,2,162
45,0.6236173756447546,1.8361494159235539,2,103,0.018319300886538905,0.12463330825169881,2,118
46,0.3207640399416546,1.8331873178482057,2,5,0.010045912947436212,0.13537142826960638,2,18,0.23486218093026762,1.7670591697096825,2,50
47,0.1358571668133579,1.5177337719548134,2,62,0.5973646740535139,1.8529766664076388,2,151,0.016172496657204723,1.411300388249484,2,162,0.252317808947046,0.6719643527811224,2,173
48,0.23174208606409136,1.8289339661598205,2,10,0.00603373146562871,0.8819439874755012,2,19,1.138030718290593,1.8050093108957463,2,30
49,0.28079864755554296,1.9029361846154196,3,57,0.004063274911571844,0.866501819003712,2,68,0.2587245758004694,1.7261165809631347,2,93
50,0.22129970060731297,1.8889811038970947,3,50,0.019006145895411518,1.0590998096899553,2,72,0.28870748070849944,1.7836932156767165,2,128
51,0.2868469794704819,1.7945457481675677,2,72
52,0.11820838244242794,1.6026999743088433,2,23
53,0.7220251088534413,1.8126711696386337,2,24
54,0.01951624002703899,0.11599870888810408,2,19,0.8177439001241379,1.8530815839767456,2,38,0.012722512930040782,1.1579052107087497,2,67,0.45870744312178496,1.8565882901500042,2,200
55,0.27502304901998254,1.6982918066136978,2,34
56,0.4643259765030064,1.8064563816243953,2,11,0.018831516003974282,0.3272571883657399,2,45,0.38805697532588823,1.6814647046002476,2,67
57,0.565291960752032,1.6143721995815155,2,31
58,0.7180010443746427,1.8278606441285876,2,45,0.004505990000264586,1.2328970670700072,2,55,0.9583284334667386,1.737479329109192,2,59
59,0.8612613793998223,1.7819875923253723,2,59
60,1.1186298631737974,1.8113981915844812,2,36
61,2.699181678633804,1.9836101162022557,3,29
62,0.022025095488673225,0.4199119180440903,2,20,0.5725669722825728,1.8484338888755212,2,33,0.02075080265561361,0.16846756317785808,2,47,0.4480580389120983,1.791237663000058,2,86
63,0.5658138191621024,1.460155153274536,2,25,0.009684267158828258,0.27865127905418996,2,44,0.7955874794440014,1.5799162487188976,2,68
64,0.5590464474570631,1.938316567738851,3,15,0.020963873451111493,0.15820930503747044,2,49,0.5129248169424899,1.8947967489560444,3,55
65,0.24991510889532187,1.8355332414309184,2,60
66,0.5424902996189912,1.7055003779833433,2,122
