0,0.4322657151700516,1.7589915925806219,2,55,3.5273540077021397,1.955628044465009,3,72
1,0.18922325820363223,1.771061999457223,2,28
2,0.23564440876800338,1.720636452237765,2,24
3,0.8208288507217814,1.644196799823216,2,28
4,0.5271030366328568,1.5203504899273748,2,46
5,0.7195462867493033,1.8890764923656689,3,17,0.004766000945349771,0.5266234444247352,2,26,0.28279668630932264,1.685069742067805,2,79,0.041409740501573124,0.841608773107114,2,102
6,0.7748963929846722,1.818766398863359,2,22,0.09883259744927442,1.3842422334771407,2,41,0.020169830723754004,0.478207103908062,2,53
7,0.6568253401320202,1.736473310738802,2,32,0.0011208761958617594,0.8716768324375153,2,38,2.1877502121419248,1.8283594051996868,2,53
8,0.4141269576851557,1.4817060033480327,2,12,0.010389040535044282,1.2898498624563217,2,20,0.4719179962778594,1.8914450929405984,3,109,0.01739377002859899,0.17096720210143498,2,123
9,0.5873152865141904,1.761752086026328,2,28
10,0.4687799689282667,1.770718950033188,2,20,0.042367108620074395,0.32629305952125126,2,38,0.5823384264673608,1.713879430995268,2,55
11,0.7641446605646288,1.8655107296430147,2,13,0.04300051500883592,0.9886650952200094,2,61,0.6413371458279462,1.864881992340088,2,112
12,0.10533861129196605,1.3081686013731464,2,29,0.01691661888768869,0.10938784976800282,2,41,0.09627802107475125,1.7272397062995217,2,52,0.5941777363431754,1.8338582634925842,2,72,0.022260617789168487,0.32826807262266383,2,106,1.8682157742210594,1.8990774750709534,3,130,0.1018167579822209,0.9581886792884153,2,147
13,0.30124571216982227,1.6647483130981182,2,58
14,1.0677503801535282,1.9244672258694966,3,18,0.04380036542769958,0.9712157888071877,2,74,0.40534319308474726,1.8641508436203003,2,124
15,0.6270918885197175,1.622627812474966,2,200
16,1.4549991753021019,1.8620810329914093,2,20,0.01317374381359849,1.3808506462309096,2,29,0.3253419392736384,1.7959574919480543,2,81,0.043684847702699786,0.8849435673471082,2,138,0.09299591003405791,1.4666091895872546,2,200
17,0.19925533535957327,1.6806803706982365,2,146
18,0.5199719209266813,1.9438419938087463,3,42,0.005720918412668767,0.7907996944018773,2,49,0.21485775499147305,1.8867726922035217,3,75,0.01980117031612944,0.24060651267829694,2,94,0.719538821569397,1.9383389353752136,3,104
19,0.12181491917395991,1.5469523072242737,2,40,1.2910534970512726,1.7858520845572154,2,76,0.05813646464095559,0.862325854453386,2,127,0.11506351472349795,1.6242098555420383,2,160,1.1708669893186388,1.7136895719327425,2,179
20,0.21365452581401434,1.5818315188090006,2,30,0.008447320075945775,1.5173291116952896,2,38,0.47056676081139154,1.6859721333030764,2,161,0.012715425926126518,1.4729085564613342,2,169,0.7203010192339969,1.7861445411559074,2,200
21,0.19358354387272075,1.6498048952502062,2,117
22,0.5308331662603442,1.8026715368032455,2,32
23,1.1722334452698164,1.848396748304367,2,40
24,0.7454383958715184,1.7981823980808258,2,36
25,5.002774664558711,1.72774538397789,2,4,0.01251950701430037,0.2714388450750938,2,17,0.32190159471794993,1.7772399284800544,2,78
26,0.5570688093843589,1.9447855949401855,3,24,0.005957517989833944,1.638570785522461,2,30,0.4992169517581285,1.8434069071497237,2,72,0.012841241234499222,0.16669363134047566,2,89,0.27040748743423976,1.8915784825449404,3,112
27,1.591188909665176,1.9080817699432373,3,18,0.016515373099935535,1.7780497244426183,2,25,0.7817300469765468,1.8816633942704764,3,186
28,0.4375689345819317,1.8035706622259957,2,7,0.012094785335338505,0.18952159490436316,2,23,0.810726324788011,1.8474725083018957,2,112
29,0.28613490738382263,1.642133681397689,2,38,0.0661854047316086,0.5866442322731018,2,43,0.013086998996477238,0.38406800306760347,2,56,2.619349236385451,1.831021295653449,2,65
30,0.19611603859732615,1.6947286675373714,2,24
31,0.18853968947660754,1.6710690814395284,2,43
32,0.3962224390396238,1.7558648946673372,2,129
33,0.4984235342239722,1.8043914437294006,2,14,0.016836284953535507,1.1421079337596893,2,22,1.1141759039802814,1.8401421518886791,2,56,0.028740215080138475,0.5782960576982032,2,97,0.5678343907888647,1.833074078327272,2,138,0.03253109573960984,1.6085909044041353,2,155,1.9022597857488823,1.6664034326871235,2,161
34,0.4265889941402853,1.842930087676415,2,52
35,0.9254936621589348,1.7452920566905628,2,11,0.051958975093739666,1.2717758263311079,2,42
36,0.5560456695788595,1.8297272752029727,2,99
37,0.1771196453732743,1.380935749411583,2,80
38,0.3064791272640072,1.6272522652590717,2,27
39,2.2395076935637035,1.8397711382971869,2,9,0.0931519328638626,1.6444838576846652,2,18,0.023594826518075956,0.33665027351755844,2,37,2.855704234014388,1.7927812234215115,2,60,0.021730645040366245,0.16651378484333262,2,77,0.9142702440464903,1.6429816676724343,2,108,0.016583378859510375,1.243730902671814,2,116,2.898939263546906,1.7549799415800307,2,125
40,0.28759216409547533,1.595470181966232,2,59
41,0.27892629381626843,1.866118852297465,2,15,0.013663513575989062,0.3480773883206504,2,50,4.200483093568683,1.7669474124908446,2,55
42,0.27582035569261426,1.7958051905487522,2,33
43,0.49044239633114667,1.7181249468825583,2,43
44,0.10666439708869019,1.069885681072871,2,24
45,0.14330342714755034,0.7717769470065832,2,40
46,0.7894416161383981,1.550111271764921,2,46,0.0407130639562524,1.449455651369962,2,57
47,0.4350369396999369,1.7799534460283675,2,53
48,0.16622371819928533,1.6472184441306374,2,33,3.1445447595206826,1.8724676288407425,2,62,0.463536100569733,1.769308429775816,2,128,0.017867602066955597,0.13729480973311833,2,142
49,0.34065720627053975,1.7462511327531602,2,36
50,1.695159514508045,1.909773799777031,3,40
51,0.23126325624848845,1.8186937648317087,2,92
52,0.5229570809749242,1.8330621835662098,2,41,0.0896373296306884,0.35675326125188306,2,52,1.4538940436029857,1.8978253813350903,3,69
53,0.49799487656651154,1.7723710712264567,2,34
54,0.1533759294278179,1.7738526904064675,2,23
55,0.9823432007297259,1.8829208686947823,3,16,0.11195497046710084,1.5543819155011858,2,30,0.053243710595892925,0.7810283714816684,2,93,0.8925122469033613,1.9035007890902067,3,112
56,0.6106002903217899,1.8318530321121216,2,12,0.013801368460012387,0.23680378177336284,2,26,0.17960591941011111,1.594934310668554,2,65
57,0.39625071664439443,1.8554279418552624,2,136,0.2136119381258537,0.9172592759132385,2,145,0.030316377024274085,0.6755213269165584,2,166
58,0.43809284955956734,1.8115547895431519,2,18,0.007321938451040848,0.7299260556697845,2,28,0.5600023028195426,1.9047205328941346,3,38
59,0.01828777585068019,0.1439511812094486,2,33,0.20040104304018794,1.6486735129967713,2,72,0.015826796348763012,0.11136035621166229,2,90,0.21436668577950588,1.724591659175025,2,108,0.034417070522055136,0.22408066002222207,2,121,0.5519110082979766,1.8392987966537475,2,176,0.013150075861508907,0.2806817614115201,2,189,0.4325413041811016,1.5827660343863748,2,200
60,3.0812686574600434,1.8588155126571655,2,25
61,0.25848631378129533,1.8852057791592782,3,57
62,0.2380670589425989,1.709076834447456,2,33
63,0.1949427397067156,1.747904192317616,2,22
64,0.048357403050757294,1.1282409140292335,2,68,0.5920019200847698,1.8507207848808982,2,79
65,0.561742762714274,1.826050615310669,2,10,0.023761119033413096,0.21431832512219748,2,22,0.5633220267186422,1.7508280323101924,2,48,0.009043168758560956,0.35241871476173403,2,63,0.44856863029177685,1.7627421617507935,2,102,0.048356404743121514,1.0772585272789001,2,108,0.021777313583486346,0.2918191827260531,2,134,0.5266520338607691,1.7221448979479201,2,181,0.02048341388904609,0.5296696895047238,2,200
