0,0.7978167837404838,1.8536373138427735,2,15,0.016260200521767566,0.17370464321639803,2,33,0.5119389813519072,1.8990792577916926,3,44
1,0.1539470697914344,1.718431080541303,2,31
2,0.9069841435598782,1.8552126992832532,2,33,0.03204569553118387,0.44803085923194885,2,46,1.1709152662326645,1.8565628575343711,2,148
3,1.3512791679462708,1.8791287626538957,2,14,0.007598119706208645,0.9282328188419342,2,22,1.4455459021404493,1.862649687131246,2,37,0.016452259520592306,0.6021081157352614,2,60,1.7997324767392724,1.8145119973591395,2,67,0.04808275851880514,1.4703231488957125,2,84,3.1361855236804046,1.8798385603087289,2,112,0.02367043084699961,0.16272279247641563,2,128,0.7505879226583154,1.8269877664504512,2,159
4,0.5089282397751592,1.8953362611623912,3,13,0.02690413333648393,1.5537825634605007,2,32,0.7983002079499005,1.9737741814719305,3,50
5,0.26135448665023714,1.9127702683578303,3,81
6,0.25169408986005803,1.7553340752919515,2,30,0.014735042133643262,0.40766118715206784,2,42,0.9565779734835752,1.835740251974626,2,75,0.01443227761218958,0.272368797659874,2,85,1.018292458691733,1.8330678741137187,2,97,0.010237587333241805,1.6164232889811199,2,103,1.5100607647875335,1.8970443445902605,3,155,0.114003096121414,1.7021939039230347,2,200
7,1.183871890052198,1.8648041914670894,2,39
8,0.374117569492691,1.7876332588493824,2,64
9,1.7596327512106538,1.8389212489128113,2,12,0.020944628322764666,0.22550834384229448,2,21
10,0.6252862985723565,1.8226801077524821,2,30,0.011393072562703785,0.36926737886208755,2,43,0.877164333960199,1.8977689107259115,3,58,0.013775015231737523,1.617579996585846,2,62
11,0.23670432989423593,1.2469207932209145,2,29
12,0.447254386012483,1.701834350824356,2,20
13,0.10257400935214804,1.1254489789990818,2,34
14,0.8630911739452284,1.8544289301026542,2,53,0.02780126588837464,1.1591397271706507,2,79,0.24580970483348744,1.6863927644146375,2,200
15,0.23041854763293326,1.7508938699326617,2,188,0.02280720871037934,0.727203960220019,2,200
16,0.07984155634497685,1.296803593635559,2,35
17,0.07198907258771509,1.2252157564098771,2,37,0.9896449718518383,1.7455049963558422,2,54,0.018022491482668018,1.1333620107692222,2,77,0.14530267258086177,1.4081634958585103,2,137
18,0.09387252688505193,1.4362372209628422,2,24
19,1.4264824105345677,1.7748736408021715,2,27,0.01727211435712941,1.002328372001648,2,32
20,2.9396864815258126,1.9014016900743758,3,7,0.010548333265547903,1.6071049173672993,2,13,0.9699878095789842,1.837508847316106,2,49
21,0.9591772298456208,1.8285839325851865,2,36,0.10178805872943639,1.651177352788497,2,85
22,0.17716604421174661,1.394618578932502,2,66
23,0.18946694004039397,1.6186525449156761,2,48
24,0.26810550405539607,1.6251203332628523,2,91,0.03363762314307979,1.0447318106889725,2,135,0.335718515960142,1.8512884609160885,2,166
25,0.0339705536111263,1.4684432804584504,2,40,0.3313042735901069,1.7691470725195748,2,110
26,0.5872145860910076,1.9388510651058621,3,9,0.008478146189773038,0.3657385002483021,2,20,0.40309249773583167,1.7781795144081116,2,30
27,0.4357536647424286,1.8364819117954798,2,7,0.001791493650352991,1.5621793667475383,2,13,0.3222845271097225,1.78683353215456,2,45
28,0.18689240786735956,1.661094402273496,2,60
29,0.2692656620490369,1.7170069578082063,2,43,0.009672035759216284,1.4955469710486275,2,50,0.5588336235542783,1.831743553761513,2,112,0.01414855138977939,0.392698925275069,2,138,0.4626389490030069,1.8730340372432361,2,193
30,0.06322592166646555,0.884509149600159,2,66,1.3598344952214936,1.67861716855656,2,88,0.025068013478514353,0.45743672251701356,2,108,0.8061502552519808,1.765805979569753,2,132
31,0.6196576190610695,1.7337429843567036,2,108
32,1.3340413699099856,1.913537010550499,3,8,0.07868112122878922,1.585073246842339,2,50,1.1461985712583598,1.9144836493900843,3,78,0.010499411895534267,1.5666833519935608,2,84,0.5844195429041948,1.8924439332701943,3,128,0.03745777014198393,0.7787782306020911,2,150,0.7828569487196196,1.9131186225197532,3,161
33,0.8474669209979163,1.755928261713548,2,44
34,1.3791963060390318,1.8395647704601288,2,16,0.011336625784460581,0.42218886067469913,2,28,0.20919036420102885,1.6086587519259066,2,65,2.6439031719787254,1.897679883500804,3,88
35,0.4852611544996613,1.9236292583601815,3,56
36,0.5264800954976285,1.9288368408496563,3,13,0.027668821561276438,1.1177721101986735,2,51,0.2947667268846416,1.875714271409171,2,86
37,0.8965531737031246,1.8704693126678467,2,25,0.012402511667634123,1.4389733523130417,2,33,0.3448297041360029,1.7973531338633324,2,82,0.02173755767640319,0.2797778167507865,2,93,0.4608674272751679,1.8644155302355367,2,124
38,0.513288856748649,1.5906817736449066,2,81,0.02427590964561356,0.31502349560077375,2,94,0.9947118087209281,1.7607636910218458,2,107,0.014221794651109836,0.13050814668337504,2,122,0.8351043384429429,1.8417214155197144,2,191
39,0.019464367941825458,0.6965517811477184,2,24,4.579855509468805,1.9686508178710938,3,35
40,0.46156362665947537,1.8806623488056415,3,49
41,0.4069567113524455,1.8752512693405152,2,15,0.009530043550566032,0.22639322467148304,2,31,0.5166699152911568,1.9027490392327309,3,63,0.01724665410925215,0.3505728935653513,2,74
42,0.23431320811495443,1.7261809837250484,2,105
43,0.7699269070930773,1.8753500843048097,2,75,0.02757382613216766,0.4927302022775014,2,90,0.6430727660988452,1.8742130360704787,2,137
44,0.4793336695747341,1.847316446048873,2,56
45,0.4285108625376443,1.6749372345705826,2,96
46,0.6275533436208534,1.7739407282609205,2,13,0.03959556485312135,0.5116221137890001,2,54,0.4586788601234888,1.666827917098999,2,86
47,1.5668500612834422,1.755594477057457,2,8,0.013505150692424165,1.5176775693893432,2,18,1.1749179521105138,1.7605526447296143,2,41,0.01635934672743326,0.3202131977587035,2,74,0.8915791446357725,1.7701226770877838,2,86
48,0.9019997092866395,1.7211227439484507,2,53
49,0.6135581057425674,1.823409229516983,2,44,0.02667977280675469,0.4349754194418589,2,59,0.567618604293965,1.8138316404734942,2,200
50,0.40719115758825875,1.6777828345864505,2,59
51,0.3790821211059401,1.7085731217735691,2,57,0.04275975016167722,0.24054642601145637,2,75,0.5019797821280713,1.7422438109362568,2,102
52,0.24326288508280508,1.7915937344233195,2,90
