0,1.5546726681639957,1.7772208815035613,2,46,0.013397502079922996,1.5920170375279017,2,53,0.9924192693629782,1.7448543806870778,2,65
1,0.8390309152629398,1.78613263017991,2,17,0.03205678714431133,0.7451855731010437,2,42,0.7080171760363697,1.7534289757410686,2,63,0.04896102981838619,1.077207096417745,2,93,0.013138721686067485,0.2601485080085695,2,125,0.05810835021096148,1.1918175220489502,2,135,0.8734074756368857,1.7909848278966443,2,164,0.059892047949081165,1.1735088773395703,2,187,0.03168709485007272,0.2275875359773636,2,200
2,0.04091162903847969,0.36668533831834793,2,22,0.1736193219014892,1.6054316977659862,2,52
3,0.43699752880227416,1.8821527132621179,3,91,0.02286384073431041,0.6310697213599556,2,110,0.75120317595002,1.8535715171269007,2,117
4,0.2523332894740206,1.8051946079730987,2,100
5,0.4810380186150071,1.8346547373270585,2,59
6,0.10171287571318757,0.8349002003669739,2,20,0.48209688070195655,1.7967685203926236,2,71
7,0.02714291499546059,0.4001210873777216,2,11,1.0261749563453426,1.8347141905264421,2,33
8,0.7818705875224453,1.8635765822207342,2,61
9,0.27046588352026774,1.6539792431725395,2,45
10,0.5166036614895518,1.683467557032903,2,12,0.016670447790239896,0.5051167633222498,2,35,0.28398290727406356,1.4256268044312794,2,47
11,0.296293418236717,1.741291602452596,2,30
12,0.4983980528383086,1.9569402873516082,3,40
13,1.2294098769941308,1.7034189999103546,2,4,0.017528167128577188,0.19559422880411148,2,24,1.1811953930139734,1.7561866839726765,2,33
14,1.0018501046957884,1.7493607252836227,2,24
15,0.5673643111848438,1.811221135987176,2,27,0.03739725954050832,0.6451306213503298,2,50,0.9993753230376535,1.899789231164115,3,71
16,1.084041660595438,1.8335741085883899,2,39,0.08420600081941165,1.3859773994911284,2,81
17,0.4056924584658416,1.795728539077329,2,71,0.013588766066690983,1.580246753162808,2,80,0.5540666835703996,1.7954109966754914,2,200
18,0.14736302106698138,1.5418965407780238,2,35
19,0.07460690037766422,1.445798026754501,2,47
20,0.2810606986214274,1.6452856287360191,2,64
21,0.04189814061488763,0.8563926764896937,2,35
22,0.5599075825315919,1.8071842121355461,2,66,0.021053508755304845,0.14834374595772137,2,99
23,0.6952966038722691,1.7690757274627686,2,40
24,0.2996438881364022,1.8110257567099806,2,53,0.025487997833252795,0.4294061902910471,2,93
25,0.6861747380892731,1.8012488324467728,2,41
26,0.3896470730140667,1.6975038462563565,2,95
27,0.7072272864383675,1.780753181739287,2,44,0.013451277141790204,1.5293801546096801,2,54,0.42836950324719575,1.8203142434358597,2,158
28,0.4233583462761657,1.740015298128128,2,20,0.024240387147025016,0.822038197517395,2,45,0.7390682652540652,1.738167969804061,2,64
29,1.132678769136579,1.8245397531069243,2,26,0.020096276619325695,0.3712937800507796,2,45,0.5417649705286879,1.562129613943398,2,77,0.03242730094993468,0.4414869168630013,2,103
30,0.7236611421591215,1.8225523432095845,2,24,0.004629629899715531,0.376189523935318,2,39,0.6185323679757182,1.769904911518097,2,57
31,0.12374780180063875,1.2355021194175437,2,27
32,0.6346795887274976,1.5411457022031148,2,24,0.017851227053778014,0.5015417662533846,2,35,0.607331702098611,1.5984051315872758,2,89
33,0.2782435298653686,1.9079485734303792,3,15,0.019072471812027612,0.415890635656459,2,43,0.7259572336961887,1.8706821460981626,2,80
34,0.31270147335486514,1.6453883109554168,2,31
35,0.4409318523883585,1.85639754931132,2,39,0.018884724555891023,0.6226877882367089,2,60,1.6134575976192997,1.3007663488388062,2,65
36,0.7048467928655794,1.6742714548110962,2,25,0.04383978794190728,0.7606113134305689,2,104,1.6048799344654066,1.7552991807460785,2,128
37,0.4629138906284699,1.7855451504389446,2,51
38,0.3663457500549221,1.8082659509446886,2,81,0.010503320236525624,0.3053915873169899,2,103,0.6368305209007149,1.7812987516323726,2,127,0.023038795975074935,1.2145540316899617,2,130,0.027444850760603597,0.5054234318111254,2,153,0.41965818668315114,1.8470873832702637,2,163
39,1.4896890149883726,1.8206183161846428,2,43,0.008755493907020311,1.630523681640625,2,50,2.9483810087735307,1.9090198769288904,3,67,0.024515522140738457,1.0610089302062988,2,75,1.8657124375600016,1.8408825397491455,2,92,0.030663983070209233,0.3022140583821705,2,113,0.05773515355778653,1.5873112678527832,2,126,0.9878995811007527,1.7664692783355713,2,176
40,0.2034550540761281,1.7604713208467058,2,103,0.046992816535581454,1.6648962100346882,2,112,0.031719184751355635,0.39568605012184865,2,149,0.6247932740061092,1.9584751415252686,3,174
41,0.6088780412570842,1.6044470156942094,2,14,0.018871144443223915,0.1645662458613515,2,30,0.6760952808217972,1.8397152598311262,2,71,0.023851135791119707,0.2975954934954643,2,87,0.5914820291602918,1.8352878863612812,2,135
42,0.5342902007483791,1.7171943540926333,2,27
43,0.6677765461987321,1.731232514506892,2,38,0.016029109676736892,0.3766300624067133,2,49,0.8806808725173761,1.68358562732565,2,78,0.026091298029414844,0.521450012922287,2,103,2.666234840635511,1.772990956902504,2,111
44,0.2652041652524273,1.7514953804016113,2,50,0.010410451734688766,0.27046026786168414,2,62,0.4039944083818763,1.8083566680550576,2,142
45,1.2738616481599123,1.9422476947307588,3,20
46,0.7774889012830477,1.8103607892990112,2,21
47,2.0385915147827345,1.874321460723877,2,7,0.00680853899963607,1.248092838696071,2,14,0.5732079131320341,1.9175934516466582,3,27
48,0.4928775160295686,1.865231141448021,2,32
49,0.41934328405087434,1.8120932032664616,2,24
50,0.25614862893765417,1.8417288109108254,2,27
51,2.23472781025298,1.9105589389801025,3,9,0.04614426705132007,1.2616639388725162,2,41,0.4136718015925691,1.7778999489896439,2,75
52,0.836845915809904,1.8677980128456564,2,34
53,0.9691824504174648,1.8457455039024353,2,12,0.017384076590438075,0.2651631608605385,2,26,0.33880898647885244,1.7587300155844008,2,54,0.030406587178829863,0.39884951240138006,2,73,0.6219855958251617,1.7842805768371721,2,182
54,0.8304564410872982,1.837977468231578,2,81
55,0.1787965885312184,1.5088967441216758,2,46,0.6519217719165458,1.7825205003628966,2,168,0.019322953575673554,0.5540797779193292,2,181,1.4681367402580416,1.884455869072362,3,200
56,0.7858246430581532,1.7686018124222755,2,16,0.06234656576543575,1.6400144934654235,2,26,0.02493547015052696,0.5340442032583298,2,57,0.9335483225694539,1.8185368103858752,2,96
57,0.4549234948348472,1.7322527056648618,2,21,0.014296958076905314,0.13550460232155664,2,35,0.5009593450358193,1.7459045868170888,2,149,0.012067256398447307,0.2589109746946229,2,167,0.36388122492965447,1.7551813848090894,2,200
58,0.43877733982703715,1.7739802598953247,2,106,0.0055613514591908745,1.0349357393052843,2,115,0.5182285341284786,1.8901340985298156,3,165
59,0.6380793721207592,1.7973610030280218,2,18,0.024975042562854134,0.17049071192741394,2,30,0.7222953914241478,1.7425696165835272,2,91,0.007026775217331352,1.5406153202056885,2,97,2.744085851411396,1.8204072964818854,2,116
