0,1.0149775434696888,1.8628776534911125,2,31,0.004145571816249781,1.5194716691970824,2,36,2.6635595640072105,1.8634620507558186,2,45,0.012865209781681609,1.5977071225643158,2,49
1,0.5373899700415159,1.7284715693929922,2,23,0.13468718041615435,0.9677170686649553,2,56,0.01976138355818924,0.17636811503997216,2,69,0.8243279676464373,1.776153638249352,2,90
2,1.7726244957694657,1.8301571777888708,2,7,0.01935511707663056,0.9984068351407205,2,38,0.27504165664592717,1.6898869257984739,2,104
3,0.9299743138929706,1.890298734818186,3,56
4,0.37985400408575093,1.8503321932073225,2,114
5,0.3270056239907997,1.6831596968125324,2,49
6,0.7006380197093285,1.8237976431846619,2,8,0.03465588919985911,0.9913276016712189,2,38,0.281884094010251,1.7641256516044204,2,112
7,0.49943250163833797,1.7823435507322614,2,38,0.024735918602822506,0.3959841590661269,2,51,0.9455962713271382,1.8113726377487183,2,91
8,0.2290846322272043,1.6896770681653703,2,21,0.04800576141403008,1.558658528327942,2,31,0.017072213092155043,0.12912436922391254,2,46,0.5730250202917946,1.814523120359941,2,101
9,0.10729952445700823,1.1835019553408903,2,34
10,0.191132250009582,1.8219279792573717,2,45
11,0.8546449452659013,1.9153754622847945,3,27,0.015211577631995404,0.8184248003466376,2,56,0.6426509520638908,1.8964949291327904,3,114,0.06356620659151814,0.9675882955392202,2,150
12,0.6026956725614778,1.8043237924575806,2,6,0.006534965569535875,0.7310137152671814,2,14,0.29361996231799253,1.7582806661725043,2,94,0.026997868422497205,0.5962807392251903,2,123,0.2760499835769613,1.6387424932585821,2,159,0.004659141581363426,1.5107886110033308,2,166,0.502268857629266,1.851069268058328,2,200
13,0.28765723756487127,1.7633248637704289,2,17,0.016644863508865817,0.19282382463707642,2,34,0.535370833886544,1.713813616679265,2,47
14,0.4498153499117778,1.8253019506281072,2,33
15,0.24281077461614972,1.6826987451520459,2,58,0.01257770702501889,0.118353471159935,2,78,0.09317424027989163,1.7047478193822114,2,124,0.7213572229822393,1.8050267845392227,2,164,0.01021924273906073,0.5214794494888999,2,175,0.6266130251460369,1.8487769889831542,2,200
16,0.47580050532964097,1.864006275418161,2,87
17,0.6514749071083878,1.791536590104462,2,93,0.019809888057962164,1.115931475162506,2,113,0.5625937900922424,1.6413279405811376,2,170,0.01005645144672997,1.4384957722255163,2,177,0.652328010865696,1.7304205894470215,2,200
18,0.03256564099447931,0.44752297227581345,2,60,0.7614113718009429,1.6152816396206617,2,124,0.3622445689140011,0.8844383955001831,2,127,0.024155570822637248,0.7033363101275071,2,150
19,0.35507629379477784,1.2071979232132435,2,32
20,0.2619550027295468,1.6279198605081309,2,23
21,0.2894986206296792,1.4515668153762817,2,29,0.009190723905338257,0.19883290264341566,2,47,0.5058926653764202,1.553228456146863,2,96,0.03383368017501978,0.8222935001055399,2,111
22,0.6538464725118907,1.5901389585600958,2,36
23,0.021321863751318938,0.3618145599961281,2,20
24,0.06219868263518109,0.7211966807954013,2,32
25,0.7591581039111975,1.8532608855854382,2,33
26,0.5912285427746004,1.5768786536322699,2,72,0.03019736649383613,0.6916524110169247,2,101,0.6045919814452929,1.5486873314704424,2,182,0.07950038834510288,0.9257222844494714,2,200
27,1.1610540281824382,1.8045161834784917,2,28,0.05607340054339246,0.5819079861044884,2,48,0.7790497056547696,1.7705942392349243,2,117
28,0.13262613530220796,1.6082717265401567,2,14,0.013244256282767217,0.11959348406110491,2,28,0.3990307803184855,1.638000093522619,2,89,0.01699423029997918,0.13920585624873638,2,105,0.5068430330551026,1.7452922488602114,2,176,0.0361152983166182,0.6710856494804224,2,200
29,1.2820624084649075,1.8817058552143187,3,43
30,0.6546202742962254,1.646232511316027,2,28
31,0.7188318702188924,1.856164152281625,2,35
32,0.3288124763019552,1.676488745957613,2,64,0.0077275061438122124,0.20636966505220958,2,78,0.558002760892939,1.6543136633048623,2,137,0.019210947017872595,0.5237715686521223,2,168,0.2276197233069246,1.5432652309536934,2,200
33,0.8372127888781967,1.824174544267487,2,57,0.13152147474448123,1.6739742827415467,2,107,1.6313851934342765,1.9501624970600522,3,136
34,0.05912785752002751,1.2902715846344277,2,27
35,0.04873793951093648,0.5022948205471038,2,10,0.28333004660613775,1.9319231986999512,3,25
36,0.30869047636678576,1.8744466140352447,2,29
37,0.6594202792346177,1.765760483013259,2,72
38,0.423462440447661,1.6473299418726275,2,31,0.041291902959407704,0.8486682106005518,2,69
39,0.025790254522649426,0.30417079960598664,2,17,0.5565147523797424,1.8287105560302734,2,26
40,0.24976519786800305,1.600403712012551,2,55
41,0.9256117927751087,1.7588066373552596,2,14,0.003402438129248033,1.5645110408465068,2,20,0.8060664311290732,1.8271542245691472,2,64,0.023333565155026666,0.3849334180355072,2,79,0.5916833999300565,1.770822788987841,2,107
42,0.48662421168944336,1.7396751832962036,2,25
43,0.7531570818842038,1.7302622076792595,2,78
44,0.20096684194517658,1.4761261656170799,2,21
45,1.05082338390034,1.7398736551404,2,16,0.017229642175106807,0.7920636932055155,2,49,0.5634931254275763,1.6855297883351643,2,61,0.011662838540528348,0.5586586329672072,2,70,0.7017805388207766,1.72479251202415,2,138,0.017829754479045952,0.5286361674467722,2,147,1.2102197650182318,1.7903952395043723,2,188,0.008617719616168024,1.5864744583765666,2,194,3.1055627793541247,1.8140775958697002,2,200
46,0.483293871964947,1.801588596719684,2,33,0.010731810889317479,0.3760269463062286,2,48,0.046313578701341014,1.25871542096138,2,56,0.5502257773932729,1.7953671671095348,2,140
47,0.758098307440933,1.8106912851333619,2,20
48,0.5052056696194562,1.7831327806819568,2,22,0.015155933139082195,0.18238202273845672,2,47,0.41261967565468294,1.7697337479818436,2,152
49,0.3012562025419181,1.864876966322622,2,31,0.05104254083534645,0.15506684247936522,2,45,0.4097624041938953,1.8037656622548257,2,107
50,0.07073721530905763,0.4697304003768497,2,9,0.5979811970043089,1.8877008974552154,3,29
51,0.18272785138700307,1.3251414723694324,2,40
52,0.7228427494510875,1.809365527196364,2,22
53,0.2819959237550035,1.9071612887912326,3,9,0.010871153171236055,0.13949350494405496,2,32,0.29364382926746235,1.6886056717836633,2,85
54,1.5901514565914414,1.8713825018175188,2,31,0.015747424888483366,1.0991932324000768,2,38,0.8255167293493608,1.946424309597459,3,81,0.007553933142626142,1.4242411136627198,2,91,0.41474827291153166,1.9015420145458646,3,100
55,0.10634236622807808,1.4757082584576728,2,39,0.5725702517791972,1.7354423415427114,2,90
