0,0.0073569219584447895,0.7171695530414581,2,20
1,0.36039320552915727,1.9,3,39,0.7572934932023079,0.5381849425680497,2,56,0.264895336354355,1.9,3,101
2,0.3205607224487385,1.9,3,29,0.04028505635026154,1.9,3,37
3,0.3341678338476309,1.9,3,30,0.016321759160349402,1.9,3,36,0.6588494021341414,1.9,3,46,0.08853701267324236,1.9,3,58,0.7549389628835481,1.9,3,65,0.028494502661647565,1.9,3,74,0.14929435340883548,0.29747557640075684,2,80
4,0.09111231295391732,1.9,3,10,1.6830574483163563,0.09461057186126709,2,45,0.18733106668903673,1.9,3,60,0.7385771303768409,0.2988363587194019,2,105,0.05664738521324942,0.62010258436203,2,108,1.2330504740753,0.5746017098426819,2,120,0.03684241378221403,0.61939404408137,2,123,3.8136381589287587,0.26307101746400197,2,138,11.899035069537298,0.30732653648765,2,192,0.27067543389620624,1.9,3,200
5,0.03598635203084586,1.9,3,10,0.33037775395024904,1.9,3,65,1.3838012868330143,0,0,78,5.288609741502123,0.13096821010112764,2,93,0.5293784194768899,0.3983586196388517,2,100,7.159746046082698,0.09477449314934867,2,107,0.04940022915783706,0.5478740433851877,2,110,6.796150930401275,0.12820853665471077,2,122,0.6870946529585568,0.5808656811714172,2,128,15.28635703511739,0.5287545422712961,2,134
6,0.7807597705522177,0.20738985126509385,2,34,7.165646664366261,0.15760782074469787,2,60,0.5211757245902829,0.39716891944408417,2,64,15.595830706668597,0.0842519998550415,2,72,0.7972630421316126,0.3856114347775777,2,75,14.608277491977876,0.06815537810325623,2,82,0.3300233843786749,0.4478563169638316,2,85,18.084875861679073,0.08220581969489223,2,108,0.27474884531473254,0.47557726005713147,2,111,22.401084430738468,0.15885415997194208,2,134,1.3008709307616197,0.34657175342241925,2,137,25.808845272900573,0.2223893816654499,2,150,0.07047570683480119,1.9,3,165,0.6915793026923271,1.9,3,172
7,0.2546516026046088,1.9,3,12,0.018217918179244782,1.9,3,20
8,0.030797309870466135,1.9,3,20,0.08604821321324999,1.9,3,50,0.3139997611456276,1.9,3,64,0.017516214327422244,1.9,3,70,0.24672033019843087,1.9,3,92
9,0.33105073122312445,1.9,3,8,0.04649016426027444,1.9,3,14,1.1914818576896504,0.074071423874961,2,32,7.398805048254901,0.10592222795253847,2,73,26.36776212734326,0.14135127479121798,2,94,0.321359110137611,1.9,3,107,0.018960856243098068,0.551214839403446,2,120,0.4235254991143777,1.9,3,132,0.06069752715730623,1.9,3,140,0.4826152149190425,1.9,3,152,1.3171010451262157,0.41213468462228775,2,166,0.7424797633384145,1.9,3,175,0.9724145686728154,0.3648592889308929,2,190,10.735679038285014,0.08614533642927806,2,196,0.5578239373543445,0.43774909526109695,2,200
10,0.3240784752327494,1.9,3,17,0.019870607158904527,0.8847160140673319,2,23,0.10984326868076356,0.5735019048055013,2,41,0.093378559886237,1.9,3,57,0.018707533227413278,0.474532996232693,2,70,0.22813950658256688,1.9,3,78,0.017352918824169984,0.5486895089799707,2,89,0.48543581510876804,1.9,3,92
11,0.2457654110729056,1.9,3,20
12,0.2822543552511525,1.9,3,9,0.06832552493476281,1.9,3,17,0.01814943755507333,0.4437785744667053,2,29,0.3324736529670476,1.9,3,41,0.016171911583724923,0.6350711941719055,2,51,0.6703303838937874,1.9,3,55
13,0.0918673334908105,0.6780492216348648,2,4,0.7288415924245684,0.12624881708103677,2,27,0.15746438539558316,1.9,3,35,0.9048599043844388,0.13845877349376678,2,47,0.3342955587410041,1.9,3,78,0.024576646513818044,1.9,3,93,0.6736916124993619,1.9,3,100,0.026034252811916646,1.9,3,110,0.7100710948157148,1.9,3,129,0.07173784838865062,1.9,3,143
14,0.33067759185322815,1.9,3,11,0.023166830136013356,1.9,3,17,0.31392837071586766,1.9,3,26,0.017810493223003803,1.9,3,34,0.7037315894534392,1.9,3,43,0.016986780347114275,1.9,3,50,0.20016336121727202,1.9,3,57,0.024730875898959552,1.9,3,61
15,0.3073199008075608,1.9,3,13,0.02282081528661888,1.9,3,18,0.358726921279095,1.9,3,30
16,0.3562654199535252,1.9,3,9,0.018733502496028988,0.5302111970053779,2,18,0.360855560927372,1.9,3,26,0.30929752791190057,1.9,3,32,1.8104120500479237,0.48758533000946047,2,37,0.0471255915168905,0.41131962835788727,2,41,3.3081056104819555,0.1960708573460579,2,45,0.03566213916813814,0.3515951335430145,2,48,8.802482527313774,0.2468534767627716,2,53,0.47313268935572766,0.3994729369878769,2,59,14.858175365230256,0.5320621371269226,2,64,12.34382748122451,0.8112997353076935,2,84,0.7245607182788326,0.06424812709583956,2,118,0.3032770859074508,1.9,3,167,0.06852252041986888,0.4334643483161926,2,177,0.7630639986910348,1.9,3,189
17,0.2901929208623649,1.9,3,13,0.04497740493541885,1.9,3,20
18,0.016479170099436176,0.4185227334499359,2,10,0.1460156831415956,1.9,3,13,0.017465532412668797,0.9567519766943795,2,20
19,0.26997289869133684,1.9,3,20
20,0.37818120118677867,1.9,3,4,0.022139588651803203,1.9,3,22,0.48904235712618427,1.9,3,33,0.025053388211267645,1.9,3,42,0.415966088927566,1.9,3,73
21,0.27432279388249203,1.9,3,27
22,0.24891661343702293,1.9,3,83,0.030750675826705768,1.9,3,94,0.03159022710022063,1.9,3,101,0.3787694341979964,0.8797083922794887,2,108,0.24211668298846198,1.9,3,123
23,0.2728626624590944,1.9,3,13,0.021229403650409852,1.9,3,20
24,0.33878205377104265,1.9,3,22
25,0.0581347113802914,1.9,3,33,1.5647960667218588,0.32148396223783493,2,45,0.4953271692375786,1.9,3,60
26,0.09688403573702173,1.9,3,11,0.2914585806147613,1.9,3,57,0.02364731070704263,1.9,3,78,0.3247637020272599,1.9,3,96,2.3324417225975895,0.07997113936825802,2,115,0.1328845875689631,0.550068199634552,2,119,9.929380243541454,0.07437480527621049,2,145,1.069379830601823,0.5138678650061289,2,148,19.481944705565542,0.027996422321188683,2,199
27,0.45306516679127423,1.9,3,33
28,0.023708631456274283,0.4630092138593847,2,11,0.29207540322403197,1.9,3,22,0.02132967668556856,0.6906043350696563,2,32
29,0.666285940505428,0.781297580762343,2,11,0.7790965540990394,0.2682301496204577,2,30,8.665751433311192,0.12449609884556304,2,77,18.383152070936642,0.10833662817644518,2,120,0.28927267761222836,1.9,3,172,0.5198555675284063,0.32117562823825413,2,181,0.0193982241928338,0.40563870072364805,2,186,0.8944689223763377,0.20939154710088456,2,200
30,0.028505338199097636,1.9,3,17,0.6437648175450108,1.9,3,21
31,0.477046515229004,1.9,3,27,0.024375666702929465,1.9,3,39,0.23783935636418077,1.9,3,58,0.01988745982567447,0.6444606135288874,2,82,0.3124785237811016,1.9,3,100
32,0.3632685115447233,1.9,3,22
33,0.31120558049227737,1.9,3,26,0.03184952605553861,1.9,3,41,0.8809703216448789,0.2644042106611388,2,55,0.2249190313220547,0.4151899612719013,2,86,1.4374970126473088,0.21747654250689916,2,93,0.48645696058164706,1.9,3,100,1.2483743387237516,0.23899766319506877,2,174
34,0.29673208744182356,1.9,3,9,0.022851404454946198,1.9,3,14,0.19910214836795723,1.9,3,26,0.03339112000020841,1.9,3,63,1.0364975572264368,1.9,3,77,8.192812023935009,1.9,3,83,0.41869926641539235,1.9,3,108
35,0.3980728164930578,1.9,3,15,1.1292576251782898,0.6126718322436014,2,24,0.03599247815299467,0.865996519724528,2,27,0.5356441902189514,0.6859950984225553,2,44,0.08942738552202925,1.9,3,53,1.413120631523637,0.8945664882659912,2,58,0.300335781479962,1.9,3,76,0.017949919841893796,1.9,3,82,0.18017483006625368,1.9,3,92,0.018352508223705915,1.9,3,99,0.3509159529417807,1.9,3,103,0.021214888081633618,1.9,3,109,0.3223418954145508,1.9,3,116
36,0.4340038514752741,1.9,3,31,0.018505489863645093,1.9,3,43,1.4660414268807698,0.5699859499931336,2,48,0.36435264461254285,1.9,3,68,0.05985748382741336,1.9,3,74,0.9316621692223059,0.6521087090174357,2,134,0.01743289385543315,1.9,3,141,0.29812711948076387,1.9,3,147,3.1542125743115266,0.4252721033990383,2,155
37,0.32349518444958203,1.9,3,20,3.2476358620730608,0.18709402463652872,2,31,0.23680549727540015,1.9,3,52,0.09315132737224577,1.9,3,58,0.04072171820178495,0.8179101442035875,2,77,1.0195716988339012,0.7775597146579197,2,84
38,0.4514853241125217,1.9,3,7,0.016511051231547526,1.9,3,12,0.5546167915225421,1.9,3,15,0.016937143237341388,1.9,3,20
39,0.3723705524620827,1.9,3,48
40,0.04270017145766315,1.9,3,9,0.017226143473030323,0.5481312289834023,2,29,0.1062758281026372,1.9,3,70,0.38291295879065324,1.9,3,87,0.919637736139227,0.5608665704727173,2,107,0.3020051408686954,1.9,3,143
41,0.4191313980899211,1.9,3,6,0.016957213991135187,1.9,3,14,0.46580797340525254,1.9,3,39,0.03598587592032569,0.8888263702392578,2,50
42,0.6700420941070443,1.9,3,8,0.019126007298580487,1.9,3,12,0.3163534469915711,1.9,3,66,0.29381589884275805,0.48887668337140766,2,73
43,0.2782901874068562,1.9,3,6,0.014891297777174583,1.9,3,20
44,0.2750673360223561,1.9,3,21,0.018616459147147203,0.42807800796898926,2,32,0.6325981269318168,1.9,3,37,0.029782312379997133,0.8584454189176145,2,60,0.28715613446903915,0.3629867707689603,2,66,0.02445821744877,0.44938466548919676,2,71,1.0382903744383545,0.621148145198822,2,76,0.7264005252825615,0.9082512940679278,2,97
45,0.3893901154781951,1.9,3,20
46,0.4302009559929168,1.9,3,15,0.01709039477344209,0.4973188067475955,2,27,0.6378852862389504,1.9,3,30,0.01853189379666681,1.9,3,35,0.37724284667712954,1.9,3,47,1.0545693013056407,0.8693444927533468,2,50,0.4256412177454317,1.9,3,78
47,0.3327707725955326,1.9,3,13,0.032009810870150375,0.8605922277157123,2,26,0.3007822753988729,1.9,3,76
48,0.3790379988134298,1.9,3,6,1.175570460149326,0.769797396659851,2,21,0.261780480707504,1.9,3,31
49,0.34283731824954056,1.9,3,32,0.016521540960118136,1.9,3,42,0.22117032724400978,1.9,3,52,0.016754637374923286,0.6486799418926239,2,66,0.6556312779519547,1.9,3,69
50,0.37621973818866494,1.9,3,23,1.8307760863196239,0.6864155928293864,2,26,0.2539895577121495,1.9,3,52
51,0.21328705022740604,1.9,3,48
