0,0.24526219034494906,1.9,3,9,0.016723772777703125,1.9,3,20
1,0.16013677531926057,1.9,3,8,0.018293748765036828,0.5899494175727551,2,21,0.474516037514536,1.9,3,58,0.0342451141936863,1.9,3,62,0.5442854458367544,1.9,3,82,1.033606981364123,0.550209853798151,2,90,0.06199280053813962,0.5461754977703095,2,95,1.1482406451484306,0.37158762557165964,2,102,0.021804103228400606,1.9,3,106,0.6591160591414923,1.9,3,125,0.02902284644512054,1.9,3,129,0.3291553567307653,1.9,3,142,0.026601690745613592,0.7746034044968454,2,161,0.018399896924258405,1.9,3,171,0.5554189342871455,1.9,3,181,0.021999740651955473,1.9,3,194,0.3659375503946059,1.9,3,200
2,0.38936413845583023,1.9,3,27,0.018135783067958672,0.5998129977120293,2,36,0.48569467948747125,1.9,3,72,0.02050766327415705,0.6935167529366233,2,94,0.5499634808001151,1.9,3,132
3,0.3533010665432317,1.9,3,5,0.016668573582152547,1.9,3,12,0.668969148462866,1.9,3,16,0.01984649164309545,1.9,3,20
4,0.7804142453460349,1.9,3,5,0.961581986615469,1.9,3,20,0.10164535151029415,1.9,3,29,15.724378204162216,1.9,3,37,0.09376540366705033,1.9,3,45,13.588397243085614,1.9,3,62,4.768826291135586,1.9,3,74,0.44432923341811437,1.9,3,84,0.31658304491767364,1.9,3,105,1.1492427281673776,1.9,3,120,0.13105419367359972,1.9,3,126,12.638512281377752,1.9,3,130,0.069879438740914,1.9,3,135,15.665830086364082,1.9,3,155,0.29569640781940737,1.9,3,164
5,0.276356272715279,1.9,3,26,0.01925193174414492,1.9,3,32,0.45696452062861426,1.9,3,38,1.2736686568128763,0.37098028759161633,2,44,0.0324720083710061,0.5527392774820328,2,48,1.2204039486182103,0.2738169761080491,2,67,4.363501718850592,0.22380139119923115,2,83,0.30833508388826514,1.9,3,92,1.578865297354586,0.21062474846839904,2,97,0.4029919170547508,1.9,3,108,12.042840498139146,0.5974118686639346,2,121,0.6747730594597192,0.5342162474989891,2,133,21.527701346795588,0.41965628663698834,2,139,5.93671244984895,0.9391305645306905,2,145,0.6018473757527222,1.9,3,153,28.207290486227524,1.9,3,156,0.46072089753879475,1.9,3,187,0.021726218774228624,0.6690243482589722,2,200
6,0.06978554400470456,1.9,3,16,0.7661346514196985,1.9,3,25,0.057047146941194275,0.9189666726372459,2,36,0.2929010897201386,1.9,3,58
7,0.3114987282288557,1.9,3,33
8,0.5162153456498156,1.9,3,96
9,0.019419854690737804,0.810621569554011,2,6,0.2786040332369323,1.9,3,20,0.02195832313574923,1.9,3,31,0.32259621242863085,1.9,3,47,0.017186579641587554,1.9,3,54,0.48322161550466514,1.9,3,72
10,0.2958718182116013,1.9,3,26,0.022046615237488895,1.9,3,31,0.48872150326479086,1.9,3,37,0.03223401700693793,1.9,3,45,0.32605999292020593,1.9,3,54,0.017383344029085836,1.9,3,57,0.7704500340922567,0.8200753450393676,2,67,0.02442697823791253,1.9,3,71,0.6208637905361106,1.9,3,84
11,0.3853947253824468,1.9,3,15,0.01682636276308757,0.7820322036743164,2,20
12,0.34465767679338893,1.9,3,11,0.01594197290158883,1.9,3,20
13,0.2529368812686125,1.9,3,31
14,0.44036222648113243,1.9,3,44
15,0.24948784131096752,1.9,3,30,1.0578074088262261,0.6522103473544121,2,34,0.6525104724839821,1.9,3,40
16,0.35001718478506866,1.9,3,48,9.819476110073028,1.9,3,52,0.33294096029191556,1.9,3,60,7.953072704961867,1.9,3,63,0.6090350091041843,1.9,3,70,22.626311203504773,1.9,3,94,0.19161196226381022,1.9,3,105,0.1284036151943891,1.9,3,109,0.022198664552660875,1.9,3,138,0.3135935967785591,1.9,3,148,0.017895032038687166,0.5511799945550806,2,165,0.6337701336448892,1.9,3,190,11.308028408934145,1.9,3,195,0.5340607657976749,1.9,3,200
17,0.21411679542579223,1.9,3,10,0.8906088174625146,0.8757472564192379,2,27,2.324627774407224,0.2193012237548828,2,31,8.168876465194897,0.1581576952049809,2,62,0.2898117856590775,0.4480989674727122,2,65,8.479700054627111,0.15293710802992186,2,77,0.6973153256787767,0.5532941520214081,2,80,13.354619455795548,0.11249322146177292,2,100,1.4152647574637611,0.30315569043159485,2,109,6.362844671186029,0.15899061246050727,2,181,0.6278867883303005,0.46788690487543744,2,187,8.950952574468129,0.16385409579827234,2,200
18,0.6901459444014626,1.9,3,13,0.021262772174787593,1.9,3,35,0.20734649889299525,1.9,3,54,1.4266079944759475,0.41736454765001935,2,60
19,0.28520752415139683,1.9,3,38,0.9153259522739556,0.42438104562461376,2,54,0.09500620732355501,0.8754922057452955,2,73,0.7620880784944893,0.6190840418522174,2,86
20,0.5294990619350339,1.9,3,28,0.020545510774368284,0.28627157555176663,2,41,0.3494492375502605,1.9,3,95,0.017044277189851957,0.5871599110273215,2,108,0.28375960588210103,1.9,3,125,0.01874113785948319,1.9,3,134,0.2834206066719648,1.9,3,141
21,0.04753025730472414,1.9,3,29
22,0.37912524657122476,1.9,3,62,2.330139304964009,1.9,3,70,0.4897208934610682,1.9,3,119,0.02217543429187877,1.9,3,127,0.3831186732710546,1.9,3,136,0.016706823854258184,0.7774863143761953,2,148,0.5911309486210156,1.9,3,158,0.01686519157483162,1.9,3,165,0.7788068365711208,1.9,3,177,0.018591117572435704,1.9,3,181,0.7227123041745335,1.9,3,200
23,0.01913321150249681,1.9,3,4,0.3798288335345061,1.9,3,22,0.028549612013308606,1.9,3,29,0.2682016597660982,1.9,3,56,0.01969415628258776,0.46539114266633985,2,76,0.29650819191345185,1.9,3,93,0.01723158648023909,1.9,3,101,0.22275591940369677,1.9,3,128,0.792628969070575,1.9,3,143,0.8481615157970247,1.9,3,154,7.278117397308905,1.9,3,180,0.1585298437343391,1.9,3,185,16.90300269964216,1.9,3,200
24,0.30674329287559715,1.9,3,6,0.017226409318404808,0.4422620020129464,2,17,0.4499242583284356,1.9,3,27,0.057054924875532126,0.6227688988049825,2,33
25,0.3869279151535824,1.9,3,13,0.017715491238463634,0.2603590434247797,2,24,0.5492559748149501,1.9,3,41,0.016535511155782525,1.9,3,47,0.36535949482397606,1.9,3,65,0.01789461175812929,1.9,3,72,0.39697880522421963,1.9,3,78,0.030513061556200972,1.9,3,87,0.35684987911104,1.9,3,149,0.035897994743705024,1.9,3,164,0.020112049448981848,0.8944085511294279,2,175,0.7941494635942122,1.9,3,178
26,0.45685242003124993,1.9,3,7,0.01747879508882258,1.9,3,13,0.5528789428899097,1.9,3,16,0.017603380168552455,1.9,3,23,0.2298590325000199,1.9,3,45,0.018995707317002983,0.07632147567346692,2,77,0.5762237893159663,1.9,3,80,0.024265603084027955,1.9,3,89,0.3357251267799949,1.9,3,127,0.025648605424322957,1.9,3,133,0.40790978428178726,1.9,3,142,0.018676878155025847,0.9372170090675354,2,152,0.4289117394400201,1.9,3,168,0.03844043122332573,1.9,3,173
27,0.34840517553331485,1.9,3,40,0.017017658756259702,1.9,3,45,0.6070270324517112,1.9,3,59,0.02492335557152173,1.9,3,66,0.2516015234915041,1.9,3,85,0.7038074635540801,1.9,3,89,1.4830061330429767,0.26192592024803163,2,114,0.2538925009336001,1.9,3,135,0.9249307399797007,0.5266245361417532,2,143,0.038160391831165576,1.9,3,151,0.6668248896786337,0.49176509323574247,2,172
28,0.0269070124366555,1.9,3,3,0.4791856585749242,1.9,3,7,0.020266507568594522,1.9,3,23,0.4868424635459837,0.9601433873176575,2,33,0.02066727976366956,1.9,3,51,0.3695668692163553,1.9,3,91
29,0.3136726074933709,1.9,3,51,0.019551668688093514,1.9,3,60,0.2922276657650636,1.9,3,69
30,0.3420656756964415,1.9,3,16,0.02474131190453269,1.9,3,26,0.017106741843435098,0.7278504588387229,2,37,0.399078428357629,1.9,3,51,0.019141413039046967,0.16544592036650732,2,64
31,0.36473167719596855,1.9,3,22
32,0.22849147548269863,0.9742633601029714,2,3,0.017854365986418198,0.03910226848992435,2,14,0.46434090499323843,1.9,3,30,0.022313427890983145,1.9,3,52,0.030184976807880435,0.7382479707400004,2,70,0.45659679470488873,1.9,3,110,0.022220540263840155,1.9,3,127,0.22449927115154322,0.9638120333353678,2,130
33,0.28876758250699397,1.9,3,28,0.23083295484533733,1.9,3,41,0.019724725061882005,0.9423792745385852,2,55,0.3592288097416448,1.9,3,65
34,0.5245667905141701,1.9,3,4,0.019014819460098784,0.2333666124514171,2,39,0.36322809851487675,1.9,3,45
35,0.28252487463595083,1.9,3,16,0.023411414013339574,1.9,3,26,0.25417328451337345,1.9,3,93
36,0.2575049400026458,1.9,3,26,0.01957253492136609,1.9,3,34,0.3001438034366596,1.9,3,52
37,0.7266820270293696,1.9,3,16,5.3684112420741394,0.5962781131267547,2,21,0.01722161402875809,1.9,3,30,3.6210712066868833,0.3421034425497055,2,35,0.331865004501194,0.4868248091502623,2,46,3.505018134024867,0.282353350520134,2,56,0.018446057753779763,0.7773749828338623,2,73,19.878234606101167,0.49904972314834595,2,77
38,0.669398414292156,1.9,3,13,0.0191191134181135,0.18521109223365784,2,26,0.7407817763705596,1.9,3,35
39,0.054036626505539524,1.9,3,3,0.36946344557726946,1.9,3,19,0.7501632161534734,1.9,3,25,0.03233316150390233,1.9,3,37,0.3467530002305664,1.9,3,40
40,0.7548551169133054,1.9,3,3,0.022070162686332113,1.9,3,10,0.4617008379408722,1.9,3,21
41,0.37042424942734453,1.9,3,6,0.0239141464918616,1.9,3,16,0.2823950614413922,1.9,3,27
42,0.5333094377577395,1.9,3,23
