0,0.6520312548093128,0.3653118945658207,2,28,0.017708942192769767,1.9,3,38,0.32943542818518934,1.9,3,43
1,0.9579285618094159,0.6263530254364014,2,7,0.020282381176149628,1.9,3,12,1.0348244318103819,1.9,3,28,8.747334691470995,1.9,3,38,0.126519554024325,1.9,3,41,7.652099501155939,1.9,3,47,0.548216221161639,1.9,3,50,11.986861562223282,1.9,3,58,0.413595227956178,1.9,3,61,15.868715030926982,1.9,3,70,0.09707863656566317,1.9,3,73,17.83267648480036,1.9,3,81,0.5311793978893354,1.9,3,90,17.498117489681878,1.9,3,93,0.7138445252926472,1.9,3,97,9.428585406412163,1.9,3,104,0.05688190423214869,1.9,3,107,18.533691901978074,1.9,3,116,0.4442475439634859,1.9,3,123,16.82745674937285,1.9,3,134,1.0858519720240343,1.9,3,138,16.702962252052053,1.9,3,150,2.259974678512799,1.9,3,157,0.03468161596574711,1.9,3,185,0.3100873474354621,1.9,3,200
2,0.07869251030427647,1.9,3,12,0.3242104273282523,1.9,3,29,0.016805642057048233,0.6495067238807678,2,44,0.22324325681610477,0.723949114481608,2,47
3,4.329787248014618,1.9,3,14,13.385491599174724,1.9,3,62,17.80818079898663,0.8969519521508899,2,76,17.29676553251859,0.14738614857196808,2,84,0.023327937918871174,0.35418540239334106,2,88,0.35719327583266725,0.3413901925086975,2,91,4.720798385302683,0.07910308178434981,2,138,0.46241469678774655,0.39055513590574265,2,146,6.086167141577588,0.12814550598462424,2,158,0.0541029981213815,0.3305275042851766,2,161,1.836830933159556,0.09477907763077663,2,200
4,0.7519377739524018,1.9,3,4,0.018659948298659506,0.35060699860895833,2,35,0.02102801864545376,1.9,3,45,0.6351595342941283,1.9,3,57,0.01639210041525744,1.9,3,64,0.4054948467973631,1.9,3,75,0.03381963039399523,1.9,3,89,0.7545710821329947,1.9,3,92
5,0.3665625351498736,1.9,3,17,0.01608154006429346,1.9,3,26,0.10964823636071304,0.9609229365984598,2,35,1.9927393195963967,0.13170279432897983,2,58,9.33934982379873,0.057725482366301796,2,80,0.6342157077837836,0.3649507611989975,2,86,7.517644864468955,0.13731926381587983,2,106,0.6289001661485109,0.44360315054655075,2,112,12.860804373005069,0.07973241806030273,2,121,0.4235021812785673,0.4829872747262319,2,127,20.22058373704927,0.0733660700229498,2,140,1.0529292901393446,0.5171195964018503,2,146,25.34419790903808,0.08239840544187106,2,159,1.277292436263102,0.5798181295394897,2,162,27.07173549043688,0.07979630827903747,2,167,0.40706980639791457,0.5325277745723724,2,170,9.20361420856904,0.22399315051734447,2,186,0.43642624236429284,0.48662736266851425,2,192,3.633986289659654,0.23778549581766129,2,200
6,0.2888832719063442,1.9,3,4,0.6561012384966334,0.23201716877520084,2,20,1.47077847809602,0.1119608507867445,2,77,0.048656495151729824,1.9,3,89,0.26943228531233226,1.9,3,94,0.9914839574880716,0.13922994445871423,2,121,0.7207376035378796,0.33355870579971986,2,138,6.4416769679026755,0.1907112350066503,2,141,0.01775605228541517,0.7612280746301016,2,147,0.624426246746236,0.32000002335934413,2,168,0.042320688149181225,0.418914074699084,2,174,1.0298784432125607,0.18029801547527313,2,183,0.035585343342739884,0.4496331413586934,2,186,1.5750112505589156,0.24214463432629904,2,189,0.1008021979311883,0.478167325258255,2,197,1.3282214035524014,0.5739027261734009,2,200
7,0.4788082300267686,1.9,3,21
8,0.2672800078614136,1.9,3,23,1.2166948219112725,0.29838274776935575,2,48,12.5359997685506,1.9,3,54,0.03583749100038911,1.9,3,59,8.022426827839913,1.9,3,66,0.019014148512742097,0.3152452316135168,2,82,0.12846599716381793,0.7872923782893589,2,89,0.316749433876263,1.9,3,136,1.0274106026420629,1.9,3,151
9,0.2948315655767924,1.9,3,15,0.017304577000125304,1.9,3,21,0.2845473101540256,1.9,3,47
10,0.6647508957515119,1.9,3,3,0.019257803427290224,0.39032339778813446,2,14,0.7785967689478936,0.836173415184021,2,19,0.21991427786632,1.9,3,31,0.3057424525673165,0.26911927262942,2,52,2.468400661914961,0.2645260737492488,2,65,0.32804159875810524,0.8422197103500366,2,72,4.043847040124998,0.22309745227297148,2,84,0.019533483940730786,0.6021091275744967,2,93,0.8839213902982064,0.4006532598286867,2,101,0.29474271568426236,1.9,3,108,0.827291385073824,0.34605889320373534,2,113,0.044830138615243764,0.5278538664182028,2,116,1.2095735405726395,0.24710412887302605,2,153,0.2075049479568433,0.4470765918493271,2,158,2.243559155995868,0.19351485158715928,2,200
11,0.4006285302462551,1.9,3,23
12,0.6010144964530226,1.9,3,13,0.06414818808720031,1.9,3,27
13,0.13020179504959362,1.9,3,13,0.0162483461540145,1.9,3,20
14,0.065514273976009,1.9,3,13,0.4902263048622091,1.9,3,20,0.03985511195528327,1.9,3,29,0.01839198641200429,0.18151939979621343,2,50,0.4137838212985679,1.9,3,59,0.03827306299985742,1.9,3,72,0.04554197268770598,1.9,3,91,0.5608012333912996,1.9,3,94
15,0.018397146458201806,0.4833955802023411,2,8,0.47676252285823295,1.9,3,21
16,0.20200969749288172,1.9,3,3,0.017073553069456113,1.9,3,8,0.01180764246939318,1.9,3,20
17,0.2964275421965882,1.9,3,5,0.01622615930355622,1.9,3,15,0.6178124868702287,1.9,3,19,0.017479021383988068,1.9,3,24,0.37552726521806545,1.9,3,81,0.8530781989495345,0.39464952051639557,2,89,0.26564665361841616,1.9,3,114,0.41219732156829997,0.4103199286120279,2,121,0.22447816202404694,1.9,3,134
18,0.041337013758549625,0.7734019190073014,2,20
19,0.22204182010291215,1.9,3,36
20,0.29020531349210793,1.9,3,15,0.016156503985646515,1.9,3,20
21,0.329101458463325,1.9,3,35
22,0.31998719501198536,1.9,3,24,1.030939967156491,0.5754860877990723,2,39,0.04508361165063901,1.9,3,43,0.2885985874610382,1.9,3,78
23,0.3682256640217399,1.9,3,17,0.017473913530675806,1.9,3,26,0.23785874864429762,1.9,3,46,0.024942107706566085,1.9,3,51,0.5672704109872493,1.9,3,86
24,1.3165104360616937,0.41330046355724337,2,10,0.02262316855608085,0.9016226977109909,2,14,1.4544196741269901,0.345026850104332,2,39,0.04583690709142726,0.5829779307047526,2,42,2.9372298690949608,0.29560221172869205,2,50,0.4483106291441626,0.441998291015625,2,55,6.0562013093001985,0.33336951101527496,2,72,0.3076620187965411,0.5114296674728394,2,75,10.773490698046805,0.2683875858783722,2,79,0.5274736040291202,0.46612704793612164,2,82,8.149341869493977,0.2873934246599674,2,110,0.060137432598268065,0.6084470152854919,2,113,3.913794597196659,0.31495627896352246,2,146,0.036852434963525804,0.622652554512024,2,151,8.789964702904854,0.22824678383767605,2,167,0.49998547008941374,0.43217040598392487,2,173,10.414262369109139,0.20565759539604186,2,178,0.6183457381104355,0.6341508356007662,2,189
25,0.3484751175922816,1.9,3,10,0.020584235250163202,1.9,3,15,0.26451956286577794,1.9,3,45
26,0.8312975918257504,1.9,3,4,0.01668634512582999,1.9,3,20
27,0.32160582987894915,1.9,3,15,1.2164119785899161,0.5218924880027771,2,18,0.03533591187779685,0.6976823409398397,2,21,1.2224863404184063,0.5923102796077728,2,25,0.03041952437342508,0.7785659581422806,2,29,1.0797042783979045,0.7819297289848328,2,54,1.5500213976124277,1.9,3,63,0.03023258459120268,1.9,3,75,0.2483942492654021,1.9,3,99
28,0.2990418025239303,1.9,3,8,0.06834511884217027,1.9,3,18,1.2195174402865572,1.9,3,22,20.0602943894067,1.9,3,31,0.18944379874670703,1.9,3,34,18.922714630888976,1.9,3,40,0.459345044790516,1.9,3,43,21.275604205665022,1.9,3,51,0.06136467922049295,1.9,3,54,22.929265265477675,1.9,3,64,0.3957383959669834,1.9,3,70,0.016865233714909802,0.32104692339897156,2,95,0.0194983605974051,0.7893262126229026,2,106,0.03183965410837675,1.9,3,112,0.3252494661307603,1.9,3,134,0.03497603176165496,1.9,3,141,0.4120696034672217,1.9,3,149
29,0.31299339503552087,1.9,3,95,1.0759232718974603,0.8713194131851196,2,100,0.06312775188763803,1.9,3,114,2.011208498439828,0.3406969353556633,2,124,0.10662093283349493,1.9,3,173
30,0.013527156772269596,0.9793853597207502,2,11,0.04813863881893084,0.35037955939769744,2,16,0.31689123821789,1.9,3,26,0.019437286586711715,0.13345546440945733,2,44,0.28595936870758515,1.9,3,49,0.02869409228395647,1.9,3,59,0.5329866420584762,1.9,3,63
31,0.323906590005089,1.9,3,15,0.019076465374206444,1.9,3,20,0.24169763700054947,1.9,3,23
32,0.3294922413197573,1.9,3,10,1.6866050417958116,0.6994879841804504,2,14,0.2765677356145059,1.9,3,21,0.09600142834345153,1.9,3,39
33,0.2895255719102999,1.9,3,22
34,0.005992624806740188,0.8111214821155255,2,13,0.001081878578929238,0.8931599193149142,2,22,0.006932812285763103,0.9714187383651733,2,28,0.014995710453157965,1.9,3,35,0.0978987439937135,1.9,3,39
35,0.3592982796646153,1.9,3,20
36,0.7120960605533285,1.9,3,36,0.021434102919061494,1.9,3,42,0.2977935333050157,1.9,3,53
37,0.18571681226261297,0.15821026563644408,2,10,0.016110244618959678,0.4460170492529869,2,18,0.9903935082271155,1.9,3,27,0.7220504643305912,1.9,3,45
38,0.31450425872007315,1.9,3,36,1.5467600948053015,0.5398085236549377,2,41,0.35892667448862003,1.9,3,46,0.020599588212183093,1.9,3,50
39,0.2449393242911518,1.9,3,16,0.018254753112673196,1.9,3,22,0.7788165247868535,1.9,3,39
40,0.1512357230169485,1.9,3,22,0.03022692835331235,1.9,3,33,0.3616730638358871,1.9,3,38
41,0.27113587100117337,1.9,3,20
42,0.21133100191097154,1.9,3,6,0.015001136246706442,1.9,3,20
43,0.2929905939909484,1.9,3,4,0.01921352856882609,0.33318070678607276,2,27
44,0.4559913196235706,1.9,3,20
45,0.7226869858608678,1.9,3,8,0.01670073954175767,0.42975322902202606,2,20
