0,0.3586670071929002,1.9,3,6,0.017610121934249347,1.9,3,14,0.42549387623296187,1.9,3,48,0.01752734826471574,0.30530062317848206,2,58,0.36157054555942086,1.9,3,76,0.017006482859953938,0.34295810386538506,2,92,0.46338980690896947,1.9,3,140,0.01743833870736448,0.21428602375090122,2,156,0.31034387925946916,1.9,3,172,0.01773127746846144,1.9,3,179,0.6272279547424279,1.9,3,191
1,0.36124796982339746,1.9,3,23,0.021208596678532095,0.8484438428511987,2,36,0.320912830502911,1.9,3,77
2,0.7799265332886807,1.9,3,4,0.026102017709710105,0.8629682709773382,2,52,0.3584205552602467,1.9,3,73,0.6894049493071125,0.390428493420283,2,79,0.01770886332453018,1.9,3,87,1.5678587586244295,0.15404259972274303,2,127,5.855669348468167,0.17074267427588619,2,170,0.5239500797456259,0.4002705872058868,2,180,7.761035984845551,0.14086474134371832,2,193,0.021902192028663097,1.9,3,200
3,0.5838194784105812,1.9,3,59
4,0.01898526659261625,1.9,3,20
5,0.1471043930749831,1.9,3,58,0.022032500649302875,1.9,3,67
6,0.38932788691954806,1.9,3,22
7,0.0868890165883522,1.9,3,25,0.7593197860994179,0.7658986128293551,2,38,9.884235332474292,0.22458827224644748,2,49,0.3807887207333973,0.486851026614507,2,55,12.43800372415676,0.22658265878756842,2,61,0.247556141345102,1.9,3,70
8,0.5226700900466281,1.9,3,8,0.028706795118717498,1.9,3,13,1.0469273047994514,0.24082944355905056,2,21,0.05723224058961781,0.6736728966236114,2,31,1.6142053946657833,0.2065816764320646,2,66,0.036095275481180245,1.9,3,75,6.142684947245804,0.1081567917551313,2,82,0.6121325695267249,0.3670128056636223,2,108,5.504185319251811,0.1122593991458416,2,112,0.2551533300661895,0.4204730646950858,2,119,5.919338959136974,0.15015853717923164,2,139,1.2404800781339054,0.34686906750385577,2,152,12.824731085515847,0.08464161178161358,2,181,0.7320280825418275,0.45182807246843976,2,184,15.812256177064471,0.05053604311413235,2,193,0.389550542812266,0.4099448621273041,2,196,11.047973985894957,0.21680282801389694,2,200
9,0.9041337030732358,0.37256861105561256,2,8,0.06040073426906706,0.6586429923772812,2,16,17.034438856788398,1.9,3,24,0.044396868426357976,1.9,3,33,21.331910983957,1.9,3,43,0.09307700731053505,1.9,3,48,22.449165280770657,1.9,3,62,0.12738352653659943,1.9,3,65,26.155634885960428,1.9,3,77,0.0520710982347461,1.9,3,85,18.537140435725227,1.9,3,114,0.34528653348730465,1.9,3,139
10,0.21660764430180918,1.9,3,3,0.017844739923482025,1.9,3,9,0.4968225230818246,1.9,3,17,0.5295640830057571,0.6309520492428228,2,36,6.928582211663508,0.5104445070028305,2,40,0.5849255629893375,1.9,3,63
11,0.7499159231851855,0.1687545445230272,2,27,0.04085722984131975,0.357373168071111,2,30,3.712450653767297,0.18037551268935204,2,38,0.3181682231098862,0.9253760874271393,2,42,13.041573572896127,1.9,3,50,0.20634664542182912,1.9,3,53,16.18352216048148,1.9,3,83,0.3451387410554311,1.9,3,112,0.017225268505557865,0.35175098593418413,2,125,0.03324801278482489,1.9,3,138,1.13240709107921,1.9,3,142
12,0.1292810768953089,1.9,3,15,0.02001855697845242,0.9705830216407776,2,21,0.05964156492411592,1.9,3,31,0.33540063906673495,1.9,3,43,0.016754186435304432,1.9,3,51,1.0879911443275043,1.9,3,54
13,0.3323511202550626,1.9,3,29,0.021593976823496067,1.9,3,46,0.28284589344021555,1.9,3,58,0.0166995401673451,1.9,3,65,0.5387078442878674,1.9,3,83
14,0.4276433831130036,1.9,3,36
15,0.03870811738799578,0.9058055067673708,2,39,0.6916928398735191,0.9371725420157114,2,51,0.39578932438978615,1.9,3,95,0.6691316993125125,0.6749060988426209,2,100
16,0.34161068547124884,1.9,3,23
17,0.4129056510797051,1.9,3,24,1.474222718399274,0.5683622378855944,2,40,0.8687897821599367,1.9,3,47,1.0061000529786865,0.5712329000234604,2,67,0.5345047304466524,1.9,3,76,1.450543036016936,0.4685522884130478,2,86,0.03565482435917028,0.9096864700317383,2,91,6.05893541466474,0.556935555405087,2,100,0.05026596188887255,1.9,3,103,2.6683799943432986,1.9,3,112,4.091807042921794,0.2004696453611056,2,166,0.8635117242512562,0.3657314918935299,2,186,0.4852721958798815,0.919050395488739,2,196
18,0.1518111060712639,1.9,3,11,0.01540884976921528,1.9,3,20
19,0.31706508655038534,1.9,3,12,0.018410141201575286,0.41618940234184265,2,23,0.39258003866713476,1.9,3,60
20,0.5357700565061391,1.9,3,44
21,0.29246394133718734,1.9,3,8,0.029655745968361274,1.9,3,33,0.017897630693459014,0.7371582100468297,2,64,0.3080505263003558,1.9,3,70,0.03158457677904519,1.9,3,78,0.3357305897209232,1.9,3,87,0.01889593355359671,1.9,3,105,0.7650605809884826,1.9,3,109
22,0.332088843200849,1.9,3,129
23,0.06547022891681992,1.9,3,21
24,0.14311104546677797,1.9,3,22,0.03193756524986506,1.9,3,35,0.43480240633690725,1.9,3,48
25,0.017501664787335395,0.23778532232557023,2,21,0.14846736615955491,0.2964916058949062,2,28,0.022467341132770376,0.728118515931643,2,41,0.31529436649906883,1.9,3,67,1.824569351181141,0.5965734097090635,2,78,17.1774228354375,1.9,3,96,24.298994804757143,0.7219875504573187,2,102,0.44279034095563996,1.9,3,111,27.914904516288345,0.5696915586789449,2,114,27.002247110521907,1.9,3,121,0.5884964686749921,1.9,3,125,26.9182164034584,1.9,3,134,0.08582315087504569,1.9,3,139,1.4593823073490881,1.9,3,146,8.449880232376202,1.9,3,161,0.21641226387925394,1.9,3,178
26,0.2858000673699632,1.9,3,42
27,0.2915235770443979,1.9,3,13,0.015956125854981632,1.9,3,20
28,0.28750579651474906,1.9,3,31,0.017993414111589393,0.9371819297472636,2,40,0.5063189202310986,1.9,3,52,0.02535244866953695,0.9263428364481244,2,73,0.37970813355852107,1.9,3,86,0.38451342155089896,0.8413703333247792,2,97,3.521455564070114,1.9,3,120,0.4191357397739101,1.9,3,127,8.964193224588987,1.9,3,137,0.1915469896562008,1.9,3,142,5.726167061186513,1.9,3,182
29,0.6338896133102723,1.9,3,7,0.02395927864487808,1.9,3,15,0.018709015840386634,1.9,3,22,0.6254626813360118,1.9,3,30
30,0.443670063806814,1.9,3,52,0.016744027785017553,0.9933665096759796,2,60,0.3805600971719366,1.9,3,80
31,0.03398372670492008,1.9,3,11,0.5242450776177067,1.9,3,21,0.020132633838547673,1.9,3,47,0.4765730471432368,1.9,3,66,1.0167891770926585,0.18543831507364908,2,93,1.2136314876679108,1.9,3,99,14.118520162312413,1.9,3,109,0.0777389616579912,1.9,3,118,24.670193544129713,1.9,3,131,0.019434349412133997,0.8173922300338745,2,137,0.46105320764699886,1.9,3,142,13.805333626326581,1.9,3,147
32,0.2868126421430169,1.9,3,7,0.017073089976289334,0.4253584627921765,2,20,0.6780787580429379,1.9,3,26
33,0.38361550147098894,1.9,3,5,0.028135240377911635,1.9,3,12,0.31998622098058954,1.9,3,22
34,0.4115544042041327,1.9,3,20,0.1829350351749496,0.5355205476284027,2,25,1.328979322615185,0.44754625484347343,2,33,0.037713476757045505,0.6026514545083046,2,37,0.29361383663498325,0.5581362220374021,2,48,11.944443529054267,0.3750267227490743,2,51,0.7720245875916599,1.9,3,64,2.153579878596337,0.3840175320704778,2,73,0.3762699090936279,1.9,3,115
35,0.3057588234182248,1.9,3,5,0.021209856407160353,1.9,3,12,0.23597963497146845,1.9,3,59
36,0.052438947290513384,1.9,3,24,0.3833446642374115,1.9,3,44
37,0.7927420294469507,0.9703341484069824,2,10,0.034839087601738726,0.979975700378418,2,13,0.43462544771033673,1.9,3,22,0.019484065472425864,0.49384479721387226,2,31,1.1259452335952351,0.7324178293347359,2,39,0.17008331703707685,0.7499313235282898,2,44,0.2159620786101753,1.9,3,65,1.0445655737829362,1.9,3,76,0.14025545842937104,1.9,3,80,0.02276136507537279,0.7058932714992099,2,89
38,0.6516155607802908,1.9,3,56
39,0.3548422536296626,1.9,3,26,0.0199472630349703,1.9,3,33,0.2255894531626863,1.9,3,55,0.017662263651192393,0.6403770029544831,2,65,0.3296955117266981,1.9,3,75
40,0.5739680337269305,1.9,3,6,0.02803579527033974,0.3696806568365831,2,19,0.5933028239618167,1.9,3,24
41,0.2867078964781448,1.9,3,9,0.018098294088499972,1.9,3,26,0.7847724357943272,1.9,3,29
42,0.4599929893170603,1.9,3,11,0.01937892522704237,0.37191569887929493,2,29,0.321539632050264,1.9,3,47
43,0.248107065630226,1.9,3,29,0.02913690225761551,1.9,3,36,0.757985184567404,1.9,3,43
