0,0.32799300433253464,1.9,3,11,0.018380159248795953,0.3298140734434128,2,26,0.7277674230395738,1.9,3,47
1,0.33332547027768233,1.9,3,22,0.9665764553866539,0.3453583478927612,2,27,0.3519312728133145,1.9,3,36,0.03573774696904443,1.9,3,41,0.34856224612766495,1.9,3,88,0.018824056891466715,1.9,3,95,0.386901126759899,1.9,3,129,0.01876156993176756,1.9,3,135,0.3915276309740712,1.9,3,155
2,0.33726832190861417,1.9,3,20
3,0.43318195203059157,1.9,3,20,0.019479044483065488,1.9,3,28,0.35638378181694347,1.9,3,37,0.016949950914807724,1.9,3,45,0.21689615957814212,1.9,3,49,0.0355071888838737,0.7880491776899858,2,60,0.4518697828935632,1.9,3,64,0.03474348544699528,1.9,3,84,0.37507838853624603,1.9,3,89,0.016499514697010224,0.9115422964096069,2,99,0.316638076168619,1.9,3,154
4,0.2956092052166064,1.9,3,14,0.035300995358032404,1.9,3,20
5,0.3222761939341523,1.9,3,20
6,0.029593406361930537,1.9,3,6,0.34249613173256105,1.9,3,49,0.01744885749824532,0.9147896435525682,2,58,0.2501177329242284,1.9,3,64,0.024122699359722066,0.3313733840530569,2,86,0.04738215814728024,1.9,3,115,0.2179313847723399,1.9,3,122,0.39279494502958073,1.9,3,145
7,0.4028730506539603,1.9,3,43
8,0.3087200313241808,1.9,3,35,0.7620652352364249,1.9,3,58,0.022813178344516485,0.9668095111846924,2,71,0.40974608086059355,1.9,3,170,0.01829843127999562,1.9,3,178,0.42544154037613513,1.9,3,200
9,0.2555773917339162,1.9,3,19,1.3738161285381614,0.21058623865246773,2,27,0.25767582636402625,1.9,3,56,9.204715877609505,0.09310856461524963,2,60,0.3370516600098212,0.3790094554424286,2,63,5.0131518994626925,0.17435630957285564,2,78,18.945762159131636,0.1120975911617279,2,150,0.7189828813013375,0.36687405076291824,2,168,3.2738483909103655,0.3015515662374951,2,189,0.32574357395084774,1.9,3,200
10,0.7346054188496312,1.9,3,3,0.018262517056739088,0.4754365447320436,2,22,0.07134812080196594,1.9,3,113
11,0.3654148492807005,1.9,3,3,0.02460884699710363,1.9,3,20
12,0.42741843491250325,1.9,3,41
13,0.30331187402189624,1.9,3,27,0.014996496779000163,1.9,3,42,0.3871150339488856,1.9,3,55,0.01776154782189942,1.9,3,62,0.6247420471472961,1.9,3,66
14,0.2761267296524199,1.9,3,15,0.02267656422399988,1.9,3,20
15,0.019457329898705716,0.2964260844247682,2,14,0.35707435808525995,1.9,3,76,0.02188611689698651,1.9,3,81,0.20192154589654757,1.9,3,110,0.5466352321354793,1.9,3,127,0.01893799816808417,1.9,3,132,0.3713766085726473,1.9,3,162
16,0.34060383545024164,1.9,3,25,0.47634326439026425,1.9,3,33,1.6292693576931996,0.420198621849219,2,39,0.16311300489823696,1.9,3,76
17,0.20325890864379645,1.9,3,20,0.019608528895171905,0.39219420509678976,2,34,0.24585563162449112,1.9,3,43,0.02069811841293957,1.9,3,48,0.35600352666510315,1.9,3,59
18,0.43645716711435545,0.9281406886875629,2,16,1.011513101966566,0.3528797725836436,2,25,0.29761112599914374,1.9,3,44,11.633193609935812,0.12798924686817023,2,70,0.20975196754459094,1.9,3,79,0.798855203239389,0.37416840876851765,2,86,7.0370952416367025,0.20832148380577564,2,102,0.03259013578689395,0.6323010623455048,2,106,8.111944089034584,0.14190252698384798,2,119,0.31578209573475796,0.4889371494452159,2,122,2.4683894377044617,0.25193394624417825,2,153,0.026520210744539034,0.5607362588246664,2,159,7.524729767493762,0.19303007029435215,2,193,1.001853385026899,0.38891944714954924,2,200
19,0.36006360002625887,1.9,3,41,0.04593508233660901,0.08630071154662541,2,69,0.07346712157366764,1.9,3,77
20,0.23864468101353842,1.9,3,14,0.016702298999178758,1.9,3,20,0.5211945637864992,1.9,3,24
21,0.01872924038112703,1.9,3,20
22,0.4227787681661845,1.9,3,54,0.016847156802025608,1.9,3,59,0.38165345124169375,1.9,3,95,0.020148937957702454,1.9,3,105,0.713055293410602,1.9,3,112
23,0.4490947649461679,1.9,3,40,0.02185962255563962,1.9,3,48,0.4690182375384374,1.9,3,54,0.017280636536235315,1.9,3,60,0.37603387917175085,1.9,3,95,0.0261546388761715,1.9,3,115,0.45101824079388475,1.9,3,121,0.04977721380048082,1.9,3,127,0.6062128167367126,1.9,3,153
24,0.3898200061876834,1.9,3,14,0.12917101628014083,0.44474197924137115,2,18,0.02190028804969662,0.5530506074428558,2,25,0.5492151093159464,1.9,3,33
25,0.323421889401472,1.9,3,20
26,1.369119684463821,1.9,3,6,0.44376781662419834,1.9,3,14,5.015996198887131,1.9,3,26,0.6989357285951502,1.9,3,31,9.319698240982198,1.9,3,83,0.11529784827714293,1.9,3,107,17.383099091450884,1.9,3,115,0.06841609389653992,1.9,3,133,0.02013231504132133,0.5829845125024969,2,144
27,0.4012026565726423,1.9,3,5,0.7230103756704956,1.9,3,36,0.04402098999639176,1.9,3,48,0.34684995468299745,1.9,3,77
28,0.30329430367416865,1.9,3,27,0.01830371050981516,0.512733538945516,2,39,0.31364520846873806,1.9,3,45
29,0.23300488634443892,1.9,3,32,0.018060285567461046,0.3718694767781666,2,46,0.5773416506307718,1.9,3,70,0.02315905855813663,0.8269732693831126,2,76,0.3499979404028105,1.9,3,94
30,0.3266989949125205,1.9,3,65,0.021147017736164248,0.6320822983980179,2,85,0.6700714442854363,1.9,3,89,0.019204301209120526,1.9,3,98,0.39017921530581484,1.9,3,111
31,0.3949337744185532,1.9,3,24,0.021326425647803363,1.9,3,33,0.582670866700847,1.9,3,45
32,0.3527595622900933,1.9,3,28,0.020140819460242137,0.5022073924541474,2,38,0.31614638299448883,1.9,3,83
33,0.6522256997057905,1.9,3,32,0.03227312880425265,0.3081788197159767,2,48,0.9881697570200058,0.5026046304326308,2,67,0.2494840167743628,0.9765108029047648,2,73,1.2790567285860635,0.28166811168193817,2,84,0.08932009088115055,1.9,3,89
34,0.30602768897938376,1.9,3,44
35,0.15090786030664724,1.9,3,3,0.014688801775331928,1.9,3,18,1.122999048525667,0.507756016084126,2,32,0.25460208315187255,1.9,3,49,0.03901730139840752,1.9,3,64,0.5795553469172078,1.9,3,73
36,0.3807610108312007,1.9,3,7,0.02691289589989708,1.9,3,23
37,0.1834965598052717,1.9,3,6,0.020313483902571126,1.9,3,11,0.5610310783884309,1.9,3,14,0.018441696386145318,1.9,3,21,0.6650812168804933,1.9,3,50,0.03649600911575782,1.9,3,66
38,0.2872359346173623,1.9,3,13,3.5151771857483105,0.5164963722229003,2,23,0.8538229300382556,1.9,3,32,0.17989638995936508,1.9,3,42,15.565251080842735,1.9,3,53
39,0.318704025275187,1.9,3,22,0.035587242091749384,1.9,3,32,0.36148642820834725,1.9,3,52
40,0.15049779594277374,1.9,3,6,0.013241185237003987,1.9,3,20
