0,0.20561668424420476,1.9,3,3,0.026198201620224022,1.9,3,19,0.24421956387562987,1.9,3,33,0.21789875776893247,1.9,3,46,0.019826564848581724,1.9,3,57,0.7829764724651229,1.9,3,66
1,0.053789739803772114,1.9,3,71,0.05607149086791468,1.9,3,82,1.1139119758894784,0.6092577427625656,2,86,0.02594690304808636,1.9,3,97,1.3175952428845459,0.22570449279414284,2,106,0.3175585486949754,1.9,3,113,1.413553027364707,0.2852089846363434,2,139,13.440430450929087,0.08159500262776359,2,200
2,0.25369369510771234,1.9,3,30
3,0.5806095732028791,0.8626867175102234,2,20,0.29803219752551435,1.9,3,49
4,0.24979164362068995,1.9,3,5,0.05875150253089269,1.9,3,13,0.019088083001738892,1.9,3,20
5,0.1576236891671569,1.9,3,9,0.015786130377217482,1.9,3,20
6,0.570043352724197,1.9,3,4,0.02069410544913895,1.9,3,9,0.3456993275468967,1.9,3,43,0.9287627765000407,0.7165769636631012,2,58,0.03037987619643618,1.9,3,67,1.3703581858397,0.5816003561019898,2,72,0.33096335822546297,1.9,3,82,0.022365543352699083,1.9,3,88,0.7266181888308023,1.9,3,96
7,0.03798583121116358,1.9,3,6,0.24622523847066238,1.9,3,32,0.019075605594752226,1.9,3,42,0.7867715322319102,1.9,3,46
8,0.7400510972371075,1.9,3,9,0.01628265179760746,1.9,3,15,0.31259164711010945,1.9,3,44,0.016651084722439008,0.41666145871082944,2,56,0.7965004999008896,1.9,3,66
9,0.3374301933593335,1.9,3,16,0.01615855729774552,1.9,3,23,0.31859371767538913,1.9,3,65,0.018099831486266895,1.9,3,76,0.31479596536812704,1.9,3,88,0.02138951016548579,1.9,3,93,0.4045242179405567,1.9,3,100,1.2418036191579729,0.7268270015716553,2,105,0.3264432154090034,1.9,3,117,6.8081521873501485,0.7707539200782776,2,121,0.4679280033069286,1.9,3,164,0.02893562488464773,1.9,3,171,0.4401816945411465,1.9,3,187,0.018524695166536768,0.4790824124446282,2,200
10,0.21846384791197898,1.9,3,3,0.024189949441002532,1.9,3,13,2.0028452161192387,1.9,3,17,0.3162367557806477,1.9,3,36,10.314833347799983,1.9,3,44,0.331314947821895,0.367442324757576,2,55,13.44497089121844,1.9,3,79,0.4674037469139933,1.9,3,86,27.069730500709262,1.9,3,115,0.06752077499400697,1.9,3,126,0.6534445057834881,1.9,3,132,0.01969397572836736,0.561775008837382,2,138
11,0.3601454479269459,1.9,3,14,0.02124386743714574,0.22084962328275046,2,38,0.02622456689408712,1.9,3,44,0.3145636183057064,1.9,3,98
12,0.18103840553880174,1.9,3,52,0.04376414887440498,1.9,3,58,0.5521183945711755,1.9,3,68
13,0.31783211918326887,1.9,3,21,0.018645986698147574,1.9,3,26,0.27016050254924406,1.9,3,46,0.016044302260572067,0.8204789996147156,2,51
14,0.6853608942947865,1.9,3,6,0.01898592769394817,0.9350930282047817,2,41,0.6534675151853133,1.9,3,53,0.0391612375052005,1.9,3,64,0.40887552967115115,1.9,3,100,0.018928200901443513,1.9,3,105,0.45302189653988023,1.9,3,117,0.018305529017256426,0.6783875733613968,2,137,0.7176540143957149,1.9,3,151,0.020122964147253505,1.9,3,155,0.40583699593370703,1.9,3,164,0.022094321037368005,1.9,3,172,0.4558711381913002,1.9,3,189,0.12260328948510071,1.9,3,200
15,0.3150041909169425,1.9,3,17,0.8320972221695662,0.6310953358809154,2,32,0.27903036783901525,1.9,3,42
16,0.09872478030270238,1.9,3,10,0.023555712561176726,0.6631701531864348,2,31
17,0.2056080468109467,1.9,3,6,0.014605825693269087,1.9,3,20
18,0.017921168913965196,1.9,3,20
19,0.29450057855972606,1.9,3,5,0.019046399188059598,0.25498467062910396,2,17,0.2716570545802455,1.9,3,31
20,0.7059393707894529,1.9,3,4,0.019161132019021886,0.4116926895720618,2,18,0.5537062927754465,1.9,3,25,0.018770398086391353,0.3494292363524437,2,45,0.4429197783359556,1.9,3,76,0.02504111290938735,0.5732512722412745,2,88,0.3122122098417232,0.6428070658197006,2,112,0.4194918573816397,1.9,3,137
21,0.23183581267554182,1.9,3,23,0.5496624601518214,0.7545870641867319,2,29,0.035453890686965216,0.8135799169540405,2,32,1.430757082609827,0.734849326312542,2,40,0.0687803082742318,0.8032658696174622,2,45,1.246933829326998,0.7918080925941468,2,50,0.057266024048045636,0.8891126155853272,2,55,7.747691075616168,0.8974875311056772,2,61,0.3603473788454221,1.9,3,114
22,0.3467387401699374,1.9,3,40,0.034713063275848235,1.9,3,45,0.4668040363752548,1.9,3,66,0.02090539936048167,1.9,3,70
23,0.6830818951020772,1.9,3,9,0.017980578379577186,0.9038916453719139,2,17,1.0054076685191895,0.21498026450475058,2,20,0.04385597080863557,0.42762072881062824,2,23,1.3105092991352632,0.18666142142481273,2,41,0.019291467158237395,1.9,3,48,3.0964311564106994,0.13515199720859528,2,66,8.11192373848635,0.10385818919166923,2,98,0.35666834878582454,0.4355566203594208,2,104,13.049880435810781,0.08355063199996948,2,117,0.3089471107690939,0.43106333414713544,2,120,12.709289712998949,0.07261354327201844,2,125,0.32106000927685774,0.4212360034386317,2,131,12.64698090145522,0.07558485120534897,2,139,0.13422704710994415,0.37733458280563353,2,144,1.8737643251848874,0.03399606261934553,2,151,0.04632210566315397,0.41439677278200787,2,154,1.1595094001403792,0.2020682357251644,2,162,0.030947573522206704,1.9,3,184,0.2685995719446112,1.9,3,197
24,0.340769418991848,1.9,3,24,0.01761701180090375,1.9,3,29,0.23880470126060255,1.9,3,63,0.016636689096225555,1.9,3,70,14.473942921177947,1.9,3,81,0.11424103736837371,1.9,3,84,11.370276575086198,1.9,3,162,0.03680171685759683,1.9,3,170,20.215707925599716,1.9,3,183,0.020729031337879997,1.9,3,193,2.954999768869497,1.9,3,196
25,0.6975597589138282,1.9,3,28,0.016309746050744242,0.5928959792310541,2,39,0.26451512656326504,1.9,3,43,0.024577493492758288,1.9,3,47,0.49545557340030866,1.9,3,56,0.03073775799881191,1.9,3,77,0.29008378963898357,1.9,3,81
26,0.620644507071778,1.9,3,7,0.02022263191571317,0.6696909024165227,2,20,0.6220238812739535,1.9,3,41,0.043755019597595424,0.8164098163445791,2,53,0.256141843228235,1.9,3,64,1.0393790078357634,0.9618892007403903,2,73,1.8877681353876052,0.40064002360616413,2,80,17.13826395733354,1.9,3,88,1.1282815619796127,1.9,3,93,14.77667463891092,1.9,3,107,0.32937188382889826,1.9,3,138,0.0213801218345278,1.9,3,143,0.3896496683470041,1.9,3,147
27,0.32017861803677317,1.9,3,7,0.016643088781601655,0.4485473930835724,2,21,0.630847335452471,1.9,3,25,0.017678263036074768,0.3178736167518716,2,44,0.31366098249424373,1.9,3,71,0.01811657298276615,0.4349022716283798,2,81,0.7464914727251935,1.9,3,87
28,0.5531991200246569,1.9,3,4,0.017109379705497935,0.7476241155104204,2,15,0.6775010845057882,1.9,3,27
29,0.4183932719582904,1.9,3,7,0.016547688008609097,1.9,3,13,0.21685420542021996,1.9,3,22,0.6077744682683812,1.9,3,50,0.22036305143252682,1.9,3,68
30,0.6978004347861128,1.9,3,4,0.016127025524228292,1.9,3,20
31,0.028081835543738064,1.9,3,3,0.568285591094112,1.9,3,6,0.01631012728553053,1.9,3,13,0.5810616678740136,1.9,3,24,0.12205434690228631,1.9,3,46,0.7291692975044396,1.9,3,53
32,0.3342555841531252,1.9,3,7,0.01683674132139015,1.9,3,20
33,0.31476540780675877,1.9,3,22,0.016380300509665487,1.9,3,31,0.31473393579497294,1.9,3,39
34,0.0972457040642421,1.9,3,6,0.6263333669175791,1.9,3,26
35,0.2849545311649041,1.9,3,13,0.03233762302612986,0.6713715823073136,2,32,0.05085085501105511,1.9,3,45,0.23883166312433993,1.9,3,56,1.8292651033377472,0.4185531437397003,2,61,0.24310884304029964,1.9,3,73
36,0.017696511839807614,0.37921781837940216,2,4,0.33581540564149726,1.9,3,7,0.564087487286838,1.9,3,18,0.017944111697357372,0.2801079479130832,2,29,0.41181833257589545,1.9,3,49,0.01858138925646503,0.10936338053299831,2,62
37,0.18399041502305918,1.9,3,3,0.02362498655405619,0.5804335617500803,2,26,0.21315640442583836,1.9,3,48,0.6968130515135942,0.4075283327927956,2,61
38,0.582707323731614,1.9,3,14,0.020240598958626278,0.776667361909693,2,25,0.023536188255458976,1.9,3,28,0.30743371027345884,1.9,3,40
39,0.7275195164552178,1.9,3,7,0.019303380053377464,0.4823323875665665,2,17,0.2879751953150417,1.9,3,30
40,0.019881452759207715,1.9,3,4,0.3244855982912782,1.9,3,10,0.5816712110296098,1.9,3,36
41,0.3270112282334267,1.9,3,14,1.4162860741230354,0.24338913957277933,2,23,0.020665265727487243,0.12953909114003181,2,31
42,0.43011366215450164,1.9,3,12,0.02964530719592342,1.9,3,16,0.4182220163348971,1.9,3,23
