0,0.438597805466821,1.9,3,22,0.020253273045759003,0.26247797731090994,2,39,0.671355797355646,1.9,3,89,1.3638337401040384,0.817251518368721,2,93,0.03573147589108938,1.9,3,99,0.6387756682268225,1.9,3,112,0.020423015517451692,0.47975388169288635,2,129,0.8117830035287023,1.9,3,134,0.020509927816258315,0.33122098352760077,2,150,0.3902534686794604,1.9,3,172,3.0081811036266597,0.5875466763973236,2,178,0.04570083233132144,1.9,3,181,0.6150426798816726,1.9,3,200
1,0.05728785550652503,1.9,3,20
2,0.47066430470421966,1.9,3,73,0.01870171807704577,1.9,3,81,0.7113266485470264,1.9,3,135
3,0.5926593649721068,1.9,3,15,0.02109097842230848,1.9,3,20,0.6415199656044728,1.9,3,25
4,0.11125495945764842,1.9,3,25,0.7436552196821568,1.9,3,29,0.017803927560986324,1.9,3,37,0.3478926355780071,1.9,3,49,0.016378874770067914,1.9,3,55,0.3638606731016865,1.9,3,96
5,0.018514225778986648,1.9,3,20
6,0.2286784117183698,0.38500891460312736,2,9,0.543111699267907,1.9,3,24,0.2461065036942153,1.9,3,47,11.056212333329409,1.9,3,55,0.020745963432322174,1.9,3,60,10.988306325453117,1.9,3,66,0.1701358242601661,1.9,3,87,12.82716447980318,1.9,3,95,0.16499412399802826,1.9,3,99,6.3961765858640405,1.9,3,117,0.6284397411157165,1.9,3,139,0.022467904001728472,1.9,3,147,0.36394097283303056,1.9,3,171,0.020245354444009215,1.9,3,178,0.7678979149674487,1.9,3,183
7,0.3471645645608523,1.9,3,61,0.04429589903683271,1.9,3,66,0.5064767137622948,1.9,3,84
8,0.023231116546399685,0.20178290050138126,2,22,0.29778254293309553,1.9,3,41
9,0.3099179761647981,1.9,3,4,0.024387442681717303,1.9,3,9,0.5127421824041731,1.9,3,20,0.02252272591565497,1.9,3,32,0.32925833325019394,1.9,3,125,1.2196381056816101,1.9,3,132,0.0390846186319688,1.9,3,136,0.6107730612283216,1.9,3,143,9.580508872049338,1.9,3,164,0.8314763046609895,1.9,3,172,0.039638882709823416,1.9,3,180,3.305454741270074,1.9,3,184,0.022815965215657028,1.9,3,188,0.9234959050929866,1.9,3,192,0.04227009067618433,1.9,3,200
10,0.7296903707789959,1.9,3,18,0.7558822806169033,0.43132252991199493,2,25,0.030296819026712506,1.9,3,29,0.6476032798187713,1.9,3,32,0.0186523649765307,1.9,3,37,0.5710311784367025,0.9902366101741791,2,51,1.097131806508173,0.3253415570809291,2,64,0.35593037866941296,1.9,3,74,1.9334499537739578,0.38692509063652586,2,81,11.25708296958539,0.207856265635326,2,110,0.42262604456929803,0.4566560958822568,2,116,18.741017827456705,0.13425391614437104,2,121,2.6437647886862745,0.3987695966896258,2,140,0.020799045518064285,1.9,3,151,0.7482832006889458,0.4415287992783955,2,158,6.999483920446523,0.20733469247817993,2,183,0.02033557846139643,1.9,3,188,1.594318963185376,1.9,3,191,0.017801846638612468,1.9,3,197,0.3229926303641455,1.9,3,200
11,0.3583515527701849,1.9,3,20,0.029207597952334508,0.7266380190849304,2,34,0.36148321514877096,1.9,3,79
12,0.42475605846023395,1.9,3,33,0.031421147835238195,1.9,3,45,0.3062993111035139,1.9,3,66,0.030008234864995556,0.21648601837017956,2,83,0.5073914445397738,1.9,3,104
13,0.23807765726012567,1.9,3,7,0.019120010765836776,1.9,3,12,0.01352031777390366,0.8744740411639214,2,20
14,0.6798603186275175,1.9,3,3,0.02159024807629912,1.9,3,11,0.3618397948706043,1.9,3,29
15,0.2922175114710347,1.9,3,34,0.019287498692739085,1.9,3,43,0.2410168300158619,1.9,3,87,0.019603592633038874,1.9,3,93,0.46787590482453006,1.9,3,96
16,0.33111777190261016,1.9,3,44,0.017067268091342677,1.9,3,52,0.42158747982196476,1.9,3,55,0.04351310459057327,1.9,3,70,0.02098098560366765,0.4078718105951945,2,85,0.35486552243176234,1.9,3,95,0.025276409631520984,1.9,3,101,0.5068268134772378,1.9,3,120,0.016561007098436997,0.2250224036666063,2,146,0.4100933279411056,1.9,3,162,0.019676815770474924,0.6342321820557117,2,170,0.7156746763537656,1.9,3,173
17,0.31127390460413507,1.9,3,24,0.030149563733765077,1.9,3,33,1.3340798892104533,0.38807783722877504,2,38,0.4933101955706927,1.9,3,48,23.79739798799219,1.9,3,80,0.022867934629331076,1.9,3,88,28.00318253248951,1.9,3,96,0.4005166849023131,1.9,3,105,29.062121125295278,1.9,3,111,0.8032328291878985,0.9230191310246786,2,114,0.030198333161997753,0.8205116291840872,2,120,47.149343811076356,1.9,3,124,0.2492604762673164,1.9,3,155
18,0.39083068778254226,1.9,3,15,0.017733691828715675,1.9,3,20,0.5934056644806065,1.9,3,33
19,0.021303996645480515,0.48869613877364565,2,14,0.7891667567669497,0.45663219317793846,2,22,0.0397488534818638,1.9,3,30,0.2948212153816071,1.9,3,50
20,0.4261783660314008,1.9,3,11,0.02302637842272373,0.7741779544774223,2,45,0.6412214027066029,1.9,3,54,0.018744081328191723,1.9,3,74,0.2810695099300671,1.9,3,83,0.018168124288742232,1.9,3,97,0.35265748722183116,1.9,3,100,0.019821429476854266,1.9,3,105,0.36215550008742514,1.9,3,120
21,0.024241236222526587,0.4908168613910675,2,6,0.37280753282778856,1.9,3,11,0.02039144693469378,0.28459395964940387,2,23,0.5280849189674748,1.9,3,42
22,0.33969456477637955,1.9,3,8,0.023453682676858115,1.9,3,14,0.02161111064901168,1.9,3,23,0.7814035891086719,1.9,3,28
23,0.4472278393968609,1.9,3,23,0.01712794118581778,0.6305912852287292,2,33,0.21202024509150813,1.9,3,43,0.019645168639469614,1.9,3,51,0.6406211716844382,1.9,3,61,0.041858476351649306,1.9,3,71,0.7134231654021607,1.9,3,74
24,0.45888144515949436,1.9,3,32
25,0.2906841391801724,1.9,3,64,0.016349915787028897,1.9,3,70,0.42200089905592286,1.9,3,84,12.255217692547959,1.9,3,92,0.017064065052085586,1.9,3,102,0.47920475704768783,1.9,3,108,0.01730050600146044,0.7763310571511587,2,117,0.17919106028318696,1.9,3,150,9.207764091252418,1.9,3,173,0.2865293604691786,1.9,3,177,9.288746468804652,1.9,3,193
26,0.5558199371465408,1.9,3,5,0.020959172796929035,1.9,3,11,0.6727552964487827,1.9,3,15,0.021541223305557446,1.9,3,37,0.27184612643216377,1.9,3,44,0.029403757964863535,1.9,3,67,0.2756041067508813,1.9,3,82,0.1086283629455354,0.8439570770544165,2,99,1.38223268101748,0.7950468957424164,2,103,0.31857190677468267,1.9,3,112,9.74890447957613,0.11230320834888602,2,165,1.3322814920509092,0.41134075820446014,2,171,9.533670364518555,0.14619722691449252,2,193
27,0.23303688656333932,1.9,3,3,0.028614311807951723,1.9,3,20,0.3203840853233095,1.9,3,28
28,0.3229243404579764,1.9,3,55,0.025228834050511767,0.8834944009780884,2,65,0.33383354427307316,1.9,3,115,0.021351977402994143,0.2538401078094136,2,126
29,0.5186844141808097,1.9,3,10,0.026865537761210496,1.9,3,18,0.59463480560224,1.9,3,24,0.03188989888373855,1.9,3,42,0.358854751064441,1.9,3,47
30,0.20804404034161436,1.9,3,29,0.01800110149180066,1.9,3,40,0.2759256260213047,1.9,3,70
31,0.013751633198933903,1.9,3,22
32,0.2666862926040471,1.9,3,88,0.02000145016930692,1.9,3,97,0.4766653247556594,1.9,3,155
33,0.7473731718718871,0.6392135769128799,2,8,0.01590518379073227,1.9,3,20,0.9030130389125338,1.9,3,25,0.01797907100598699,1.9,3,32,0.31270696220225863,1.9,3,43
34,0.021897469615593572,0.19459885303620938,2,27,0.21502048946963354,1.9,3,45
35,0.46442118178300285,1.9,3,3,0.02977687370273534,1.9,3,15,0.357731081669208,1.9,3,21
36,0.6266532303344862,1.9,3,33,0.018851242963723834,0.37713805834452313,2,45,0.3671250605204031,1.9,3,50,0.01870867930607777,0.08733733675696632,2,61,0.30460979496239227,1.9,3,76,0.018790806877350463,0.319667169993574,2,87,0.2787603671833123,1.9,3,91,0.019854131082649936,0.19964413815423063,2,110,0.08538856497588108,1.9,3,120
37,0.25007890919323544,1.9,3,41,0.021076920146206247,0.8265225887298584,2,53,0.05947229222429327,1.9,3,63,0.3022323109211258,1.9,3,116
38,0.06566506669207639,1.9,3,5,0.3629606886342074,1.9,3,25,0.01880347811904829,1.9,3,34
39,0.3493555593173496,1.9,3,24
40,0.2726847858766733,1.9,3,63,0.048164022136402224,1.9,3,83,0.5061338698951104,1.9,3,86,1.2498837268406615,0.3754749700427055,2,96
41,0.262751126062272,1.9,3,25,0.019808150818728762,1.9,3,35,0.12036000332148138,1.9,3,64,0.4473288348688837,1.9,3,75
42,0.44288245353014216,0.8688108722368876,2,3,0.02280810042314285,0.8236003843220797,2,25,0.9082718490726115,0.1375485211610794,2,33,0.04361163743367704,1.9,3,43,0.35301752327691144,1.9,3,91
43,0.6467406374174157,1.9,3,5,0.01739333283474948,1.9,3,12,0.30438507268686404,1.9,3,45,0.016926232367475567,1.9,3,53,0.330139859530721,1.9,3,81
44,0.4151920738882813,1.9,3,65,0.01737752212759989,1.9,3,71,0.33434117132654784,1.9,3,75
45,0.40643576336846704,1.9,3,17,0.06568970575487988,1.9,3,34
46,0.3582221841468317,1.9,3,8,1.5583623594670222,0.15861720591783524,2,20,0.035964768430369026,0.7970406115055084,2,24,1.6906218083684392,0.9526516993840536,2,27,0.020910172747453753,0.9311697582403818,2,33
47,0.49655078555758,1.9,3,24
