0,0.28951077392820324,1.9,3,20,0.019358944968208548,0.5596384465694427,2,65,0.408006119055284,1.9,3,98,0.020240504315434203,0.9145253163117629,2,111,0.3576126043163787,1.9,3,119
1,0.29006989266997263,1.9,3,29,0.030334388784488138,1.9,3,46,0.4854097942462932,1.9,3,162,0.046264577733917504,1.9,3,170,0.6342405932772007,1.9,3,181,6.5555502227972395,1.9,3,200
2,0.498396784522758,1.9,3,14,0.021296503603858905,0.8744023382663727,2,24,0.36003406521140663,1.9,3,34,0.04068772770886057,1.9,3,57,0.30061253788461517,1.9,3,77
3,0.5774338813381242,1.9,3,24,0.017124250281063482,1.9,3,31,0.2598326537075405,1.9,3,70,0.028063417004994515,1.9,3,75,0.3371175606921351,1.9,3,110,0.017109519884874053,0.6486395398775736,2,125,0.3244703732331395,1.9,3,130,0.02373695719801716,1.9,3,140,0.48390445000921234,1.9,3,156,0.017698427536178958,0.35650527477264404,2,170,0.2516784060711521,1.9,3,200
4,0.3480302182905009,1.9,3,4,0.03386381888711489,1.9,3,16,0.47376015593166015,1.9,3,23,0.33534239290761436,1.9,3,40
5,0.07271146157103843,1.9,3,8,0.015132548704239614,1.9,3,20
6,0.37138814838095924,1.9,3,44,0.01531400853591353,1.9,3,54,0.2085195622404859,1.9,3,66,0.016400061571210593,1.9,3,74,0.6017931570537286,1.9,3,80,0.018877776294295354,0.6176869502434363,2,93,0.6582770082286977,1.9,3,101,0.02464357657230439,0.8244688974486457,2,110,0.41411173637074294,1.9,3,118,0.020201640931003018,0.39085968136787413,2,158,1.1178375491790558,0.6939462820688883,2,164,0.01671977089650834,1.9,3,170,0.8349130130133462,1.9,3,177,0.045868953524262936,1.9,3,183,0.9660677769293387,0.933099647363027,2,186,0.11042173173600937,0.6225308775901794,2,191,1.5577865795501955,0.3293772339820862,2,199
7,0.8296400855371219,0.5714447076121966,2,12,0.24828633382107626,1.9,3,32,7.239897631999166,0.14067216139090688,2,108,0.23448422519089282,1.9,3,120,1.3673012448405308,0.2890292152762413,2,130,0.02023065705006936,0.6406979709863663,2,136,1.048940860717532,0.14959101900458335,2,156,0.04138135612212882,0.3555297404527664,2,160,13.05322890859375,0.1449773488221345,2,187,0.04302073641557676,1.9,3,193,0.2801926747669439,1.9,3,200
8,0.30511075506806296,1.9,3,5,0.02253774001013049,1.9,3,17,0.44329693822422933,1.9,3,27,0.019657376899883866,1.9,3,37
9,0.46291048681037994,1.9,3,33,1.029011593428373,0.6134775690734386,2,41,0.04062816988850158,1.9,3,50,0.4895131272660975,1.9,3,67
10,0.7756256377921315,1.9,3,24
11,0.2846854226431347,1.9,3,20
12,0.3716473110343231,1.9,3,10,0.02553862991067815,1.9,3,20
13,0.31202057839027514,1.9,3,47,1.39582877829073,0.49471327662467957,2,61,0.44823634527557193,1.9,3,93,0.05215537746770429,1.9,3,104,0.39029430439889007,1.9,3,154,0.027806577277024194,1.9,3,166,0.671721881518398,1.9,3,170
14,0.46597033626829987,1.9,3,15,0.04072820491351266,1.9,3,21,0.6659513464410174,1.9,3,27,0.02057220151288615,1.9,3,34,0.4395279016942247,1.9,3,53
15,0.01804923388155472,1.9,3,9,0.6682609542459027,1.9,3,20
16,0.3519230108028839,1.9,3,23
17,0.2919840295017741,1.9,3,10,0.018862566807739317,0.9681803226470947,2,20,0.3941243710551355,1.9,3,28
18,0.28382809655071917,1.9,3,73
19,0.13858266396744287,1.9,3,24,0.09157589544084738,1.9,3,30,1.01682009218705,0.9397427572144402,2,39,0.6265528693656758,1.9,3,52,21.249003472319067,1.9,3,79,0.3463739506758495,1.9,3,83,0.02448063670282761,1.9,3,100,0.43689886183174986,1.9,3,129,0.017843557631837592,0.5873505089964185,2,136,0.4623772994954354,0.6990981366899278,2,145,0.758720486877109,1.9,3,169,0.01948251004839041,1.9,3,174,0.707835004469424,1.9,3,185
20,0.5733777375080158,1.9,3,28
21,0.3645867706812772,1.9,3,17,0.01664212951430653,0.8407843817364086,2,28,1.128972689137935,0.6177501454949379,2,36,0.5668625891927707,1.9,3,55,0.017084906636546205,1.9,3,60,0.5257195701058563,1.9,3,66,0.03466785361684165,1.9,3,81,0.3520578504479281,1.9,3,136
22,0.3201086331784002,1.9,3,16,1.0856204982438633,1.9,3,25,0.02138033506210536,1.9,3,28,0.021150715110554642,0.3286050395532088,2,39,0.5574965788635248,1.9,3,80,0.02202550055149575,1.9,3,87,0.6969701948815762,1.9,3,101,0.016699387263939748,0.7288263663649559,2,117,0.37225708641897676,1.9,3,141
23,0.06683313012527238,1.9,3,16,0.2986379100620203,1.9,3,26,0.038036711883770266,1.9,3,32,0.016893627920668758,0.32851738644682843,2,55,0.30795317887195056,1.9,3,88
24,0.16398669721566958,1.9,3,5,0.017196978888467704,1.9,3,12,0.26110875700147795,1.9,3,32
25,0.33800943166114505,1.9,3,24,0.022057413354479898,1.9,3,31,0.6285571283871422,1.9,3,63,26.44410283569506,1.9,3,110,0.9180749573216742,1.9,3,119,30.765899194550197,1.9,3,157,0.5391228102720927,1.9,3,160
26,0.351776336542695,1.9,3,14,0.019459117379716423,1.9,3,20
27,0.4263955979755579,1.9,3,15,0.016268315900520792,1.9,3,20
28,0.4419469344439641,1.9,3,7,0.03729043179813307,0.5600927919149399,2,23,0.3879061643805021,1.9,3,69
29,0.40698432572073573,1.9,3,28,0.3523589034416177,1.9,3,66
30,0.3597628088690695,1.9,3,30,0.016695085915114094,1.9,3,37,0.5005227443824626,1.9,3,71,0.022461783884975845,1.9,3,77,0.2735362731415223,1.9,3,82,0.016989545799174763,1.9,3,90,0.4308987994860271,1.9,3,108
31,0.6123736934534925,1.9,3,12,0.04066605400317018,1.9,3,22,0.30059097336413604,1.9,3,32
32,0.012181452059914636,1.9,3,17,0.20120930377922933,1.9,3,25
33,0.26819661047939003,1.9,3,85
34,1.1330612356005823,0.57377939671278,2,8,0.5849348260063268,1.9,3,12,0.01879418223130399,1.9,3,18,0.47280659445830825,1.9,3,26,0.022526757491472454,1.9,3,30,0.7277746278271368,0.94962760557731,2,54,15.629514843545875,0.5977219194173813,2,58,0.16928996619798986,0.7571030259132385,2,61
35,0.3215575902472909,1.9,3,8,0.02985737833373841,1.9,3,14,0.01612842728116223,0.5270917564630508,2,26,0.4551714060011383,1.9,3,29
36,0.34350915680317606,1.9,3,43
