0,0.3364981839096888,1.9,3,23
1,0.18401949783516816,1.9,3,8,0.01738116891857851,1.9,3,19,0.594191618316771,1.9,3,25
2,0.17249589957338643,1.9,3,9,1.661358372068123,1.9,3,13,0.07970955419929275,0.6326352059841156,2,21,0.8029722670273614,0.6227325737476349,2,31,0.46506553265386097,1.9,3,45,0.05788034374790396,1.9,3,49,1.1697326024561825,1.9,3,56,0.29217966363792824,1.9,3,66,1.2877585975087855,1.9,3,78,0.5135739705897017,1.9,3,94,9.67367817438285,1.9,3,102,0.1791676647847063,1.9,3,109,13.979246948619824,1.9,3,117,0.30589306936854954,0.723382331430912,2,125,0.47154698868223266,1.9,3,128,15.614374775698252,1.9,3,132,0.164453468037825,1.9,3,140,30.143340732495762,1.9,3,143,0.0755898695938017,1.9,3,147,3.831950752865553,1.9,3,150,0.135720871637128,1.9,3,153,6.788435949512894,1.9,3,156,0.1840035442823763,0.7337639927864075,2,168,27.74413704336783,1.9,3,188,0.10769892989882093,1.9,3,200
3,0.432214996815387,1.9,3,9,0.0732986765379252,1.9,3,41,0.8543952461958253,0.5684268027544022,2,65,0.38918845431434856,1.9,3,97
4,0.22545388266953068,1.9,3,9,0.0193746241170696,0.19961800053715706,2,25,0.614892645903044,1.9,3,33
5,0.41614715387240503,1.9,3,26,0.01814220620827805,0.49040091037750244,2,38,0.4801200942852658,1.9,3,64
6,0.01631813717268338,1.9,3,8,0.5927156653535072,1.9,3,11,0.018020177824012457,0.47865021228790283,2,21,0.3164553972826508,1.9,3,42,0.01867127700451995,1.9,3,49,0.36718916549758845,1.9,3,58
7,0.26826506602687933,1.9,3,25,6.564691035444959,0.1792680738227708,2,39,0.2755550883629257,0.39759195347627,2,42,9.70319434796086,0.147793909907341,2,47,0.14420895896934827,1.9,3,58,0.693633197375793,0.45767416124758514,2,81,0.2930007696689124,1.9,3,91,1.1523023304595927,0.4573913690718738,2,113,0.025499060617309145,0.7589174956083298,2,117,0.8926401244547938,0.3911032324487513,2,128,7.788075228018515,0.27737250096268123,2,137,0.2374459106199921,0.6833976762635368,2,144,5.451860306490357,0.3190272361040115,2,149,0.29755908039633594,0.4447215398152669,2,152,13.08171304065815,0.2274139393121004,2,168,0.2813313508938159,1.9,3,200
8,0.3045831844517202,1.9,3,8,0.016563986891265946,1.9,3,16,0.3554551975729124,1.9,3,46,0.035549939651665405,1.9,3,52,0.01660436489442082,0.48555413101400646,2,66,0.3085146047947921,1.9,3,73
9,0.20435246948997618,1.9,3,13,0.017626471973401732,1.9,3,17,0.4839575363405958,1.9,3,39,0.6623672852038747,0.7006472732339587,2,46,0.2683388008423617,1.9,3,52,0.20647559212680944,0.4477976206690073,2,60,4.962009047099373,0.2195439338684082,2,83,0.4511233384223535,0.5211510583758354,2,87,10.064563075827031,0.12392526062635276,2,100,0.18867010986793734,0.46360911925633747,2,103,2.741582245825011,0.3089538691817103,2,140,15.038632269147492,0.16439119393521168,2,187,0.9384870668171482,0.32063330709934235,2,193,15.706460997869975,0.10781494776407878,2,196,0.05516193155882804,0.7951421737670898,2,200
10,0.400782219888954,1.9,3,32,0.2695640215668577,0.7235842970284548,2,43,3.626734090938787,0.5039406344294548,2,47,6.412410372513692,1.9,3,52,0.028634947061729844,0.9157337745030721,2,55,7.099561138196441,0.6851545333862304,2,60,0.38731835082406163,1.9,3,105,0.04227892197652766,1.9,3,119,1.271607940158644,0.18910142282644907,2,131,0.019576488552812705,1.9,3,137,0.4191862695998519,1.9,3,146
11,0.48868395138943477,1.9,3,40,0.02272038291452534,1.9,3,47,0.6777817055293651,1.9,3,57,0.021173199774267074,1.9,3,62,0.662585087119869,1.9,3,71,0.02034680509243045,1.9,3,86,0.6092972471223793,1.9,3,99
12,0.5619346683361645,1.9,3,34,0.018369640190240302,0.2385262741762049,2,51,0.11476143223186977,1.9,3,77,0.49637238240400045,0.2593736469745636,2,87,0.04968952265546309,0.5326042154005596,2,101,6.62047447252964,1.9,3,112,0.1675561520525335,1.9,3,115,6.290640244375609,1.9,3,118,0.02955473498878342,0.9873283306757609,2,121,7.3076412773385915,1.9,3,124,0.04080696577783508,1.9,3,127,4.1600890043931225,1.9,3,135,0.0602538183070698,1.9,3,138,1.8956493324967902,1.9,3,141,0.06186386503673686,1.9,3,147,2.105277273781864,1.9,3,150,0.04367119157720746,1.9,3,154,10.357755700348472,1.9,3,160,0.11925159924647519,1.9,3,165,11.060574397206212,1.9,3,178,0.26897803361015193,1.9,3,186,5.517869977053316,1.9,3,196,0.12643682789987204,0.8549907356500626,2,200
13,0.10619141553208634,1.9,3,6,0.014450240303366871,0.9840057151658195,2,20
14,0.33608687911470525,1.9,3,4,0.01741617995950509,0.9809215393933383,2,15,0.45213057659336037,1.9,3,19,0.017072228578751573,1.9,3,26,0.3181891034073969,1.9,3,42,0.023038844590171664,1.9,3,50,0.01854008508128286,0.8566924546446119,2,64,0.41523169433362267,1.9,3,95,0.018616545243494386,0.49161867549022037,2,107,0.3675544388457727,1.9,3,117,0.016826743922358913,1.9,3,125,0.6736642493262816,1.9,3,130
15,0.16618542074992446,1.9,3,3,0.018316649558149836,0.6492186459628019,2,14,0.6639751987565766,1.9,3,19,0.017087993969704507,0.5713881850242615,2,30,0.4362874725947957,1.9,3,42
16,0.27554666386606724,1.9,3,17,0.019383166042457114,0.47183052518151025,2,28,0.5798950459368087,0.6299849280289241,2,42,0.02975638643647559,1.9,3,49,1.3899852974050708,0.6392169296741486,2,53,0.017502183477082548,0.8308037718137106,2,62,2.036872453962868,0.2972869043930983,2,101,16.553546472772947,0.13546240727106731,2,131,1.6549287715365715,0.25477393344044685,2,147,0.5060407828881615,1.9,3,156,1.674279509388505,0.10647290674122897,2,200
17,0.2503330666300841,1.9,3,12,0.13106231932786883,0.6479654237627983,2,32,0.7838477367583347,0.426725959405303,2,48,3.976675949427323,0.9303264170885086,2,56,0.563024405218541,1.9,3,62,12.997856871898891,1.9,3,75,0.018977566275125257,1.9,3,83,18.357145992220698,1.9,3,94,0.23107516884793303,1.9,3,97,19.327982169063255,1.9,3,103,0.36856973393576026,1.9,3,110,21.659824541909828,1.9,3,113,0.0191082703205741,1.9,3,122,0.3724285157299863,1.9,3,177
18,0.3222492083932768,1.9,3,11,0.021592576940343916,0.5705589771270752,2,21,0.32179378182586427,1.9,3,60,0.633043215912676,0.8526170500894872,2,101,0.4758940456210542,1.9,3,120
19,0.5021984469340244,0.37737312593630384,2,14,0.10410520733085782,0.5984907075762749,2,18,2.742970830312561,1.9,3,34,0.882795494696228,0.22830391568796976,2,55,0.2973957944799476,1.9,3,63,1.318121512612701,0.030701270699501036,2,73,0.0433342657680026,0.23455761869748434,2,76,1.2190874255426858,0.11712540949092191,2,93,0.05780242280498786,0.3027885506550471,2,96,1.0218566230898172,0.16453012079000473,2,108,0.24027297504260137,1.9,3,119,0.020062015641856185,0.05447290952389057,2,132,0.29283001481184784,1.9,3,147,0.023762446768637886,1.9,3,162,0.32974098340161273,1.9,3,185,0.022095244300044576,0.1526215761899948,2,200
20,0.0767553551435738,1.9,3,5,0.42382777674261213,1.9,3,27,0.012932826099412695,1.9,3,57,0.0414541590842374,1.9,3,64,0.3103574383649612,1.9,3,95
21,0.3781813420129163,1.9,3,34,0.017836278147415518,0.36824736270037567,2,45,0.3251877438584899,1.9,3,93
22,0.31265977652728144,1.9,3,5,0.020912097842031543,1.9,3,14,0.3973819007594327,1.9,3,29
23,0.22105545166441562,1.9,3,32
24,0.9176478053921201,1.9,3,10,0.7922949502077029,0.39850428349831524,2,27,2.6013976032799717,1.9,3,38,1.6391676025257287,0.8669112225373586,2,44,0.018626365936187373,1.9,3,49,1.2316243209303408,0.9784271419048309,2,55,0.22270099298413343,1.9,3,120
25,0.3447760959122859,1.9,3,6,0.017413485743401715,0.1798808860282103,2,18,0.8042444124031924,1.9,3,21,0.018277948014291834,1.9,3,26,0.6947276473798478,1.9,3,43,0.03765601089974868,0.4707193122460292,2,56,0.8862658601284469,1.9,3,81,0.31937552943011693,0.9554479973656791,2,95,0.28952135143481406,1.9,3,107,0.01852535653283389,1.9,3,113,0.29911278782219497,1.9,3,123
26,0.24936061146433863,1.9,3,8,0.9660342555265429,0.7787413597106934,2,21,0.295753078159713,1.9,3,53,0.021044523240142096,1.9,3,59,0.2865282372609165,1.9,3,67
27,0.42129784492038497,1.9,3,20
28,0.2530648340015469,1.9,3,7,0.032377331769537485,1.9,3,12,0.3441492630761642,1.9,3,75,0.02224480441635633,1.9,3,99,0.321701892258462,1.9,3,146,0.018364708322062367,0.6016170452622807,2,163,0.4096897793554653,1.9,3,170
29,0.46749883185768204,1.9,3,20,0.045622842468739426,1.9,3,26,0.6089061707217606,1.9,3,49,1.2364820628966746,0.33751999338467914,2,55,0.022540500222414904,1.9,3,62,0.2589381893029646,1.9,3,71,0.02026903295490671,1.9,3,77,0.32107204957041335,1.9,3,97
30,0.448784761843398,1.9,3,12,0.03037126721065934,1.9,3,16,0.24347049192078105,1.9,3,78,0.018058757231030478,1.9,3,84,0.3514329424390913,0.9607909321784973,2,90
31,0.6129649184625846,1.9,3,19,0.018349040281620013,0.19428436864506116,2,30,0.5519468762219185,1.9,3,50,1.4586346955534168,0.4348281360254055,2,91
32,0.3558234270331108,1.9,3,81,0.016472800178734363,1.9,3,86,0.19759827873099237,1.9,3,89
33,0.22659168441581296,1.9,3,32,0.022249615165591104,0.5172225568029616,2,41,0.3621634232593889,1.9,3,59
34,0.02711507123420987,1.9,3,7,0.48868925698797616,1.9,3,20
35,0.6814539612388332,1.9,3,10,0.017316483140219576,1.9,3,20
36,0.0714476803499402,1.9,3,6,0.6031312202212761,1.9,3,22,0.025508439553761565,0.8738557887928826,2,36,0.16002899445426969,1.9,3,46
37,0.5788725705376374,1.9,3,45
38,0.32008147522921215,1.9,3,44
39,0.3633917911332529,1.9,3,23
40,0.3157944310470631,1.9,3,13,0.01823427152531892,0.22317214806874594,2,31
41,0.5377734710539173,1.9,3,15,0.01701415106973863,1.9,3,20
42,0.309368189582682,1.9,3,24
43,0.642837591302818,1.9,3,15,0.018283490303073326,0.5495487749576569,2,24
44,0.4125333507317183,1.9,3,14,1.0851808055994803,0.6127037604649862,2,23
45,0.18490264636525092,1.9,3,3,0.019654834788392677,0.19473746967943092,2,22
