0,0.11407442996087433,1.9,3,42,0.4812158644703558,1.9,3,50,0.04444519381750363,1.9,3,96,0.07204541072403779,1.9,3,106,0.02117712776769533,1.9,3,121,0.5934185429999862,1.9,3,125,0.01809104293002194,1.9,3,133,0.32508848618801134,1.9,3,171,0.7268909111873808,0.776196237268119,2,200
1,0.3412658639476233,1.9,3,12,0.037054681660298974,1.9,3,18,0.4239436942439422,1.9,3,39,0.022190610158048043,0.32061022622831936,2,68,0.14087674218058355,0.1521026392777761,2,74,0.8037437279307572,1.9,3,81,8.014058953503326,1.9,3,98,0.47008677604247734,1.9,3,133,0.839121307558012,0.1806477874517441,2,148,0.22702938283625998,1.9,3,157,1.21403864186591,0.21181311777659825,2,164,0.521446437710218,1.9,3,175
2,0.26602537325902287,1.9,3,27,0.01746650778361348,1.9,3,35,0.3374423660117625,1.9,3,51,0.01784544813479863,1.9,3,59,0.44428281657651436,1.9,3,89,10.588766046208374,1.9,3,116,0.23344047714947827,1.9,3,126,1.833974973948719,0.5426724195480347,2,131,0.26135464454820156,1.9,3,155,0.01681451868389628,0.3823073208332062,2,165,0.48219564834573486,1.9,3,200
3,0.02011087536326656,0.29541841372847555,2,20,0.2667551594221381,1.9,3,43,0.7153449472862781,1.9,3,71,0.01789725875746084,0.6928246021270752,2,81,0.3041461375863231,1.9,3,105
4,0.448549719848633,1.9,3,9,0.02030923791153341,1.9,3,18,0.31546854717263195,1.9,3,52,0.09668005025197333,1.9,3,58,7.541226930125399,1.9,3,66,1.5238421104469535,1.9,3,81,0.36429829384108636,0.46487508217493695,2,87,14.185981941263497,1.9,3,92,0.5024264639409308,1.9,3,96,13.074441013104643,1.9,3,112,0.513782161711298,1.9,3,132
5,0.4249904477956217,1.9,3,22,0.024118566618117218,1.9,3,27,0.7303756342670175,1.9,3,31,0.016522416236384747,1.9,3,36,0.6285418021430605,1.9,3,40
6,0.28366643778556117,1.9,3,15,0.7381739231024195,1.9,3,29,1.2809231548384123,0.8393609779221671,2,50
7,0.3885683264922556,1.9,3,35,0.020093063969728476,1.9,3,39
8,0.02189464772147089,1.9,3,4,0.25495161233518426,1.9,3,15,0.017374808239164305,1.9,3,20
9,0.2096748835651394,1.9,3,3,0.01785798859626644,1.9,3,20
10,0.6997360113170314,1.9,3,9,0.017106963051329232,1.9,3,14,0.3098758904250737,1.9,3,23,0.018218650160851804,0.8454030454158783,2,31,0.5163980329626069,1.9,3,43,0.01894381973223212,0.40051019191741943,2,60,1.0026752725813435,0.5784431417783101,2,75,0.25223115876195656,1.9,3,87,1.4566718179985974,0.1725650919335229,2,101,0.08613365263843675,0.2561746063557538,2,112,1.1675580944125523,0.11663560888596944,2,126,0.24092546394403583,0.3857434358861711,2,144,1.5978934850242428,0.1253037616610527,2,154,0.04678292132236737,0.41720470786094666,2,157,1.1967873605621233,0.24715685347716013,2,160,0.31785146323405566,1.9,3,171,0.8812855047118764,0.3489519916474819,2,183,5.241845172932419,0.08775374591350556,2,193,0.1035984932714967,0.6386535337993077,2,200
11,0.3043679152490396,1.9,3,56,0.3302356405704047,0.1762380599975586,2,66,1.4003897749308483,0.30259991623461246,2,74,0.9700917652820354,0.8226293087005615,2,84,0.4405609042658698,1.9,3,157,0.3362717525454171,1.9,3,171,15.249182108921415,1.9,3,200
12,0.2713109232903659,1.9,3,23,0.01772653286860078,0.4121788740158081,2,38,0.3678365358466354,1.9,3,41,0.5457223383122852,1.9,3,70,0.03135428977668507,1.9,3,84,0.8149092533845029,1.9,3,89
13,0.3134646536178317,1.9,3,28,0.0177713074885575,0.6740759882059965,2,39,0.4185621185418046,1.9,3,75
14,0.2729720027120016,1.9,3,9,0.018939465180159328,1.9,3,14,0.48348284775860817,1.9,3,22
15,0.022528783663269065,1.9,3,6,0.30262561278308436,1.9,3,10,0.017383810851602812,1.9,3,16,0.27066176282457366,1.9,3,44,0.016656791077572317,1.9,3,52,0.3288451891522757,1.9,3,83
16,0.3124901230789585,1.9,3,29,0.25657340370939846,0.6153605937957763,2,34,1.842656047608747,0.3369654913743337,2,46,0.47497390381749444,1.9,3,58,0.04650223141162003,1.9,3,69,0.3698366816471267,1.9,3,77
17,0.017256839293788725,0.43987560730714065,2,13,0.24193841330114446,1.9,3,29
18,0.1940737744743123,1.9,3,3,0.016432119066929405,1.9,3,9,0.28918179493824725,1.9,3,21,0.01734576696984975,0.4448776500565665,2,35,0.21922729178811384,1.9,3,61,0.017465849591979492,0.1733385929289986,2,78,0.3396489139348803,1.9,3,90
19,0.42928293720534266,1.9,3,21,0.01642281364836966,1.9,3,27,0.40943836022388913,1.9,3,35
20,0.3449475770631803,1.9,3,14,0.021302707539784853,1.9,3,20
21,0.30721394332534147,1.9,3,20,0.9069878646121448,0.21097885749556802,2,31,0.3725636396410481,1.9,3,41
22,0.02017094351466979,1.9,3,4,0.42452659213065824,1.9,3,8,0.016189529880140302,1.9,3,14,0.14200181347944196,1.9,3,20,0.1696892862085865,1.9,3,41,0.019098137589363365,0.6144326395458646,2,59,0.576549528428167,1.9,3,78
23,0.28159326316122646,1.9,3,30,0.7264779941817233,0.2905046601187099,2,41,7.665921700800216,0.08088804666812603,2,54,0.31270221401389636,0.38046157360076904,2,57,15.37247775831652,0.03837626725435257,2,77,1.2099124963510024,0.3731111824512482,2,87,20.552809233573043,0.0717030664285024,2,96,0.7895807732789981,0.40831787458487917,2,110,25.371609879720747,0.13721169187472418,2,123,0.8961682434205379,0.5054254680871964,2,133,21.273228061451405,0.14956418760120868,2,173,0.6796456788375583,0.3191994009194551,2,200
24,0.23233649731298686,1.9,3,21,0.025834531942490458,1.9,3,34,0.2769421492044487,1.9,3,41,1.6184831928163121,0.22804724176724753,2,77,0.6972927047761074,0.4040200561285019,2,85,0.023918435038235385,0.6028983294963837,2,91,1.5895763813179782,0.3782008396727698,2,105,0.17308169424779773,0.5526544690132141,2,110,2.3401534227844403,0.2870837837457657,2,115,0.0288331581008849,0.638620987534523,2,119,2.4860422855578626,0.32625911235809324,2,124,0.027774235627437176,0.6215522527694702,2,129,5.343639714602109,0.3553787654354459,2,150,0.212490802147342,0.4900083392858505,2,156,14.97498437205946,0.38039355278015136,2,161,0.11174853384586195,0.641664961973826,2,167,1.8975323320522735,0.5101631982968404,2,180,0.05951126439186167,1.9,3,187,1.6656705228173592,0.9644970893859863,2,194,0.15852068776320907,1.9,3,200
25,0.1725118936787002,1.9,3,94,0.020254751073854983,0.8209612992676821,2,116,0.3928222621934054,1.9,3,124,0.03197230360128628,1.9,3,155,1.1618398410323576,0.4889388332764308,2,158,0.3719373727367171,1.9,3,170,5.691779594538974,1.9,3,183,0.32427255289780954,1.9,3,191,0.026114431018814714,1.9,3,194,1.3701260087461085,0.7594618052244186,2,198
26,0.2895109274878436,1.9,3,51
27,0.39876379746702323,1.9,3,78,0.01749675210442721,1.9,3,85,0.3438062656021002,1.9,3,103
28,0.29514915124092816,1.9,3,26
29,0.4308226162315802,1.9,3,40,0.020726690644306444,1.9,3,45,0.9078180404662924,0.5264431685209274,2,49,0.024272354373909663,0.6084746599197388,2,54,7.484030587985654,0.3248301088809967,2,64,0.3472464849382752,1.9,3,80
30,0.5328791982386579,1.9,3,17,0.020693568382292634,1.9,3,21,0.7829886051331035,1.9,3,42,0.017720931980447614,1.9,3,48,0.28582186688929123,1.9,3,75,0.01853752546116167,1.9,3,96,0.3305567985647201,1.9,3,133
31,0.3282828989397745,1.9,3,23
32,0.9167812137993508,1.9,3,6,0.02272773917457727,0.963881641626358,2,32,0.27729658442492006,1.9,3,69
33,0.19807770087354726,1.9,3,16,1.1435671035385315,0.2651982605457306,2,22
34,0.2926743651871728,1.9,3,10,0.053035601148286225,0.18497415574697348,2,23
35,0.7181183338525451,1.9,3,30,0.25409604390117935,1.9,3,66
36,0.716697007900664,1.9,3,8,0.030360881357967114,1.9,3,17,0.5594437288580494,1.9,3,42
37,0.3477880859674123,1.9,3,26
38,0.35219147032043957,1.9,3,26
