0,0.3424141301180958,1.9,3,51
1,0.7196037965293229,1.9,3,6,0.050487314225912655,1.9,3,16,0.27872964401752154,1.9,3,96,11.006269910621558,1.9,3,147,0.32781509330432346,1.9,3,188,0.01835028558989119,1.9,3,197,0.16954416432818076,1.9,3,200
2,0.3337237456549287,1.9,3,35
3,0.12152399998382986,1.9,3,5,0.016903784042728864,1.9,3,20
4,0.29952855151255514,1.9,3,15,0.019533663023563692,1.9,3,20
5,0.3176183486264875,1.9,3,13,0.026535352221102124,0.9928673605124155,2,25,0.739945464600587,1.9,3,30,0.02196088563103463,1.9,3,54,0.41266911988261334,1.9,3,58,0.023892343329168446,1.9,3,68,0.40186166722947064,1.9,3,86
6,0.33980502742982954,1.9,3,15,0.01640313963488194,0.8310724258422851,2,20
7,0.5296994436626449,1.9,3,8,1.2879998105701778,0.4008658031622569,2,11,5.526533214932939,0.12321190163493156,2,63,0.5744407999467693,0.35173365970452625,2,69,4.300352187155483,0.06973677589779809,2,90,16.110081290724658,0.05945755768081416,2,182,0.4510489545032737,0.47006264328956604,2,185,24.225515229216565,0.09438458333412807,2,197,0.05458551785839793,0.6259015401204427,2,200
8,0.17681879389646152,1.9,3,3,0.020337217693276215,0.888573286079225,2,24,0.23923326868436004,1.9,3,44,0.7581928309969187,1.9,3,88,0.02284588994546924,1.9,3,91,6.222887349106055,1.9,3,107,14.547732449496104,0.8273852348327637,2,112,0.4903742176375814,1.9,3,125,0.018349088930850115,1.9,3,133,0.7259055274493513,1.9,3,142,0.020510968996519247,1.9,3,146,0.7674920429764154,1.9,3,156
9,0.599255116148893,1.9,3,22,10.04325171346949,1.9,3,28,0.216776907337807,1.9,3,38,15.774892079998258,1.9,3,62,1.2493696636796068,1.9,3,68,26.444102372378293,1.9,3,73,1.19906897833303,1.9,3,77,0.1215944361285621,1.9,3,90,27.151713366008295,1.9,3,97,0.2968083192482873,1.9,3,137
10,0.31184402037276543,1.9,3,5,0.01729673459283946,1.9,3,20
11,0.248055835220223,1.9,3,13,0.01610190394659853,1.9,3,20,0.4478437255886271,1.9,3,23,0.01778804269731678,1.9,3,32,0.5407020579138708,1.9,3,40
12,0.37850914564682064,1.9,3,11,0.05258248084139121,0.9797173887491226,2,19,0.3909448406300804,0.7784639056771994,2,35,0.029439647040556644,1.9,3,39,0.487221551273183,1.9,3,44,13.666650438536353,1.9,3,60,0.022354938513023337,0.7412647207578024,2,66,0.4878270119987829,0.8789075255393982,2,71,12.368152785632729,1.9,3,89,0.34076218256823954,1.9,3,96,22.80442785427428,1.9,3,112,0.4860047117790426,1.9,3,119,24.989285262856267,1.9,3,132,0.01726328905408905,1.9,3,141,0.6123784682834759,1.9,3,155,0.016811486567417235,1.9,3,162,0.34005184547635836,1.9,3,170
13,0.6467918429381754,1.9,3,7,0.016570577421557642,1.9,3,15,0.19818209022325106,1.9,3,26,0.6559824994163667,1.9,3,40,0.19054065250817148,0.9114571064710617,2,44,0.06272951483255555,1.9,3,49,0.6252129914985592,1.9,3,57,1.0853201370401835,1.9,3,65,0.020563736805635117,1.9,3,73,0.40111603765598086,1.9,3,85
14,0.31101825778373016,1.9,3,9,0.01653212969891416,0.5886363163590431,2,21,0.30655122879992364,1.9,3,30
15,0.4119597809832517,1.9,3,5,0.04979032662548982,1.9,3,17,0.019152998504846135,1.9,3,23,0.37926807494287923,1.9,3,64
16,0.22137521864028045,1.9,3,6,0.01998102391272311,0.563275083899498,2,14,0.2101646122441546,1.9,3,28,0.05702745343236728,0.9417494999037849,2,37,0.5086576268755002,1.9,3,54,0.020739014004244764,0.39410133545215315,2,67,0.4620076573200654,1.9,3,70,0.02019335730097923,1.9,3,77,0.28115234334397404,1.9,3,85,0.020611197786424514,1.9,3,93,0.5545678946210149,1.9,3,104,0.024329432306229314,1.9,3,122,0.30495723024027654,1.9,3,137
17,0.17143244272535066,1.9,3,20,0.019590160210112544,0.929835295677185,2,30,0.31276489214999315,1.9,3,38
18,0.5164891429795481,1.9,3,8,0.019536718408181816,0.8915421843528748,2,18,0.28337810546416814,1.9,3,25
19,0.6754715420774844,1.9,3,7,0.016432079224716276,1.9,3,13,0.3415409118282139,1.9,3,27,0.022482145504919303,1.9,3,32,0.8434666842339213,1.9,3,50
20,0.5785762107113728,0.6494105458259583,2,5,0.3257558818766834,1.9,3,8,0.019013986392507044,1.9,3,16,0.3045478780604482,1.9,3,36,0.02825966974889831,1.9,3,58,0.4113893266739475,1.9,3,66
21,0.7945904000511502,1.9,3,24,0.666885516994851,1.9,3,45
22,0.01610282064006103,1.9,3,20
23,0.018798015335784145,1.9,3,20
24,0.5054605499096881,1.9,3,11,0.018334331741855385,1.9,3,16,0.7583816131911756,1.9,3,20
25,0.7088608793900689,1.9,3,17,3.544345027897955,0.27228266628164993,2,36,0.03224131145129536,0.5460354934136072,2,42,0.8285699054042532,0.32671473832691417,2,59,2.9598654545537544,0.22479437028660493,2,76,11.14450242151333,0.21975772308580804,2,109,0.6115799252657811,0.41100604619298664,2,116,0.03095006047043738,0.5307244062423706,2,120,6.035282439582166,0.16286485724978977,2,129,0.368430180303722,1.9,3,191
26,0.03206863900716441,1.9,3,26,0.5427155615807275,0.6979984981673104,2,47,0.12129344477560383,0.7637468203902245,2,55,0.20266929313689824,1.9,3,59,8.969484247284798,1.9,3,62,2.098755301661166,0.42551978429158527,2,77,0.12037322479667031,1.9,3,87,3.047039686995544,1.9,3,99,0.09068808672828095,0.579356437921524,2,109,25.80055126685816,1.9,3,114,22.439093891492053,1.9,3,121,0.39362882375044944,1.9,3,124,15.499156850704447,1.9,3,142,15.15077788694457,0.5739261589267037,2,153,0.4807252180585542,0.3313210705916087,2,156,13.470938062280878,0.1650987242658933,2,168,0.04210635012020887,0.4932294711470604,2,172
27,0.6347887800940663,1.9,3,14,0.016411751443814942,0.8740812689065933,2,22,0.6114387116146349,1.9,3,37,0.016579132420950177,1.9,3,45,7.910268911013047,1.9,3,66,0.4860378262827955,1.9,3,69,15.122605345924704,1.9,3,104,0.28055505971519296,1.9,3,159
28,0.5201365861536607,1.9,3,5,0.015384661077369874,1.9,3,20
29,0.25699486520476983,1.9,3,43
30,0.3264931922042273,1.9,3,9,0.01660005337350586,1.9,3,20
31,0.3676162996156503,1.9,3,4,0.018246266894522436,1.9,3,10,0.13138907815668888,1.9,3,37,0.018022096615403105,1.9,3,43,0.40515980339081664,1.9,3,48
32,0.5150761829094255,1.9,3,28,0.028820178109564158,1.9,3,40,0.3245909069507865,1.9,3,57,0.021119004273598863,0.24885334273179371,2,72,0.33422518712564203,1.9,3,102
33,0.32199272204003054,1.9,3,39,0.5681072963268624,0.8735219478607178,2,44,0.016993778825944106,0.15867783554962703,2,58,0.4375796372017788,1.9,3,62,0.03503972495833366,1.9,3,70,1.1919133791772782,1.9,3,75,0.6853419242280269,1.9,3,89
34,0.3129651757708879,1.9,3,14,0.022620375860583554,1.9,3,19,0.3968326727822737,1.9,3,44,0.02598898503472942,1.9,3,50,0.4967996968246879,1.9,3,56
35,0.44865834214699274,1.9,3,34,0.024825501968987945,1.9,3,47,0.11877446437019405,1.9,3,85
36,0.501394884564574,1.9,3,53
37,0.589463249134988,1.9,3,39
38,0.6421357255857197,1.9,3,7,0.017128061977101643,0.40931395383981556,2,20,0.1809566756936678,1.9,3,34
39,0.15151573743629965,1.9,3,31
40,0.7202797917048904,1.9,3,9,0.017812916563025732,1.9,3,20
