0,0.18314633230029637,1.9,3,20,0.01735772937916111,1.9,3,26,0.3332807886784823,1.9,3,36
1,0.3706634362724668,1.9,3,16,0.019869451795520035,1.9,3,22,0.5136954008248089,1.9,3,68
2,0.29662195988650175,1.9,3,21,0.0168609050032828,0.6320374872949388,2,30,0.6393318740074135,1.9,3,38
3,0.13998862014220775,1.9,3,15,0.017139671377113048,0.2549353043238322,2,33,0.13901010866065824,1.9,3,49,1.0439047521456932,0.674687135219574,2,54,0.027876692279764203,1.9,3,66,1.4337679462337074,1.9,3,77,0.12111570310790744,1.9,3,80,15.331962817767286,1.9,3,115,0.642113428354737,1.9,3,121,16.984061415161424,1.9,3,126,0.09598872269178277,1.9,3,129,14.48461967446283,1.9,3,138,0.5507150808049587,1.9,3,147
4,0.5608123873082805,1.9,3,3,0.016450320515312113,1.9,3,20
5,0.5755627160477788,1.9,3,6,0.018657094552250297,1.9,3,10,0.5057943606451585,1.9,3,39,0.019718624425471575,1.9,3,45,0.32559379952141665,1.9,3,65,0.02995369724108983,1.9,3,72,6.307510071257172,0.14528946578502655,2,104,0.4861641333122756,1.9,3,111,9.714331701830694,0.1678301002830267,2,135,3.315182945565836,0.13132593221962452,2,151,0.36440989543384106,0.4116876638597912,2,160,2.773368714693303,0.35119511373341084,2,176,18.436646444811053,0.07437872948745887,2,200
6,0.21690770402792628,1.9,3,36,0.2646555046428154,1.9,3,43,1.1507847803403402,0.2504973590373993,2,48,0.2525878938816681,1.9,3,106
7,0.8394851396135822,1.9,3,21,0.7210609360864186,0.2816864189348723,2,40,4.530523967833337,0.14658460888400007,2,107,0.2999039960089563,1.9,3,116,0.27137355256328394,0.4988934724103837,2,137,1.7559956411581457,0.1972649246454239,2,150,0.0415926591505296,0.46791096528371173,2,153,1.5173335112557085,0.2760217084928795,2,180,0.41223392533004166,1.9,3,200
8,0.4573557999453364,1.9,3,17,0.01969332109805415,0.4158485233783722,2,27,0.7422295907012282,1.9,3,30
9,0.852736640760902,1.9,3,3,0.018699711656849204,0.8944253861904145,2,13,0.4769707205371655,1.9,3,34,0.02847654681277036,1.9,3,63,0.16086631194936682,1.9,3,72,0.43661959560960717,1.9,3,79,0.01930374406896556,1.9,3,85,0.4315202587957837,1.9,3,102,0.017365590755782787,0.9378889931572808,2,111,0.3580357694021643,1.9,3,132
10,0.03958716865017651,1.9,3,15,0.017844220395899682,0.44418386816978456,2,30,0.5078030030375201,1.9,3,39,0.019378968520381172,1.9,3,43,0.4380770709570329,1.9,3,61,0.018700842463428013,1.9,3,66,0.35896933714258406,1.9,3,85
11,0.5332372926598787,1.9,3,28
12,0.24835040279735915,1.9,3,11,0.020066948988109016,1.9,3,20,0.7623275203086964,1.9,3,31
13,0.1116631636332098,1.9,3,33,0.608857118721336,1.9,3,79,7.39705316157475,0.2570706456899643,2,93
14,0.4430569785440554,1.9,3,52,0.017765599475090633,0.293687062131034,2,70,0.7152879925191321,1.9,3,73
15,0.062266426970568556,1.9,3,8,0.35844469618074354,1.9,3,37
16,0.28986740139084705,1.9,3,28,0.017419289145651853,0.8159745269351535,2,37,0.11954906703485088,1.9,3,47,0.020542496327146147,0.494225059236799,2,61,0.3379912375962313,1.9,3,76,0.018599368652735794,0.46502176589436,2,85,0.31605471729940793,1.9,3,94,1.1069623566007154,0.3223897379178267,2,107,0.020680271123162532,0.6761175294717153,2,113,0.9630616832054709,0.6983490884304047,2,116,0.01736447644933796,1.9,3,123,0.38126734982979427,1.9,3,136
17,0.7363582706427619,1.9,3,4,0.01607250872748421,1.9,3,20
18,0.2862123422132913,1.9,3,9,0.15974271034962997,0.8170553684234619,2,14,0.32192006534141526,1.9,3,45
19,0.2222778500400745,1.9,3,15,0.6449302334233662,1.9,3,26,0.01850250852112815,0.792073130607605,2,33,0.2124209919350156,0.7674846847852071,2,36
20,0.29903339026965353,1.9,3,42
21,0.38883871242601287,1.9,3,13,0.034899727275171044,1.9,3,19,0.016553668508010568,0.5266476436094805,2,41,0.6981307918931733,1.9,3,47,0.028005233086460066,0.8044143941091455,2,93,0.29670551787966076,1.9,3,97
22,0.3204426570470083,1.9,3,36,0.02634380791055716,1.9,3,48,0.2219351819101004,1.9,3,101,0.8669573842127035,0.1199217898150285,2,113,0.3321563303777149,1.9,3,123,1.1778551507534245,0.4687594659626484,2,131,0.0312866284831054,0.9067584276199341,2,135,0.2773603457574828,1.9,3,143,9.382668496888439,1.9,3,157,0.0227790961689598,1.9,3,166,1.7838046367980194,1.9,3,170,13.594861382044657,1.9,3,179
23,0.31482042631895646,1.9,3,5,0.029133367299851255,1.9,3,16,0.5638380953000952,1.9,3,20
24,0.35632792871420543,1.9,3,28,0.016541196254370907,1.9,3,34,0.5408709570564787,1.9,3,41,0.026558782158383653,0.5842688344419003,2,65,0.24170035828290617,1.9,3,86,0.0195275308829505,0.8605357896197926,2,97,0.4599270246500858,1.9,3,112,0.06300769016760009,1.9,3,116,1.3554310128617193,1.9,3,119,0.02564178923314514,1.9,3,124,22.261010903092785,1.9,3,165
25,0.4142258803760403,1.9,3,20,0.020713177370479657,1.9,3,25,0.9218978604935031,0.47271424333254497,2,40,0.35900397395663414,1.9,3,61
26,0.30151730191709436,1.9,3,42,0.03269139054235153,1.9,3,57,0.30501285252268423,1.9,3,90
27,0.4078475736483268,1.9,3,10,1.1514188915982386,1.9,3,19,0.3069745904478277,1.9,3,41,0.041591986519138535,1.9,3,80,0.48457654895737023,1.9,3,85,0.02203622029310409,1.9,3,94,0.18659339896776017,1.9,3,103,0.01621326634795481,1.9,3,109,0.286934205404513,1.9,3,135
28,0.4744266250310593,1.9,3,40,0.6720926770681926,0.6658046609825559,2,49,0.11396433560385424,1.9,3,62,8.38301307988738,0.8467089732487997,2,65,0.2020413132078909,1.9,3,133
29,0.49552640056133823,1.9,3,81
30,0.7842594454579866,1.9,3,6,0.018576250630702527,1.9,3,10,0.648353794964721,1.9,3,27,0.016765035373155903,1.9,3,33,0.6064259054942279,1.9,3,84,0.022194204872402073,1.9,3,89,0.5924582610072423,1.9,3,99,0.02145379283825551,1.9,3,104
31,0.015070098982124342,1.9,3,11,0.33775506387564896,1.9,3,27,0.018066124195108117,0.2699143687884013,2,45,0.3956674753679707,1.9,3,91
32,0.6198102175271759,1.9,3,5,0.01772301236317744,1.9,3,12,0.37425920848134875,1.9,3,22
33,0.21735038234201137,1.9,3,4,0.020021803985760155,1.9,3,9,0.012306286562277209,1.9,3,20
34,0.8031961976991374,1.9,3,7,0.027136089795249535,1.9,3,17,0.7719276098366753,0.4612336772329667,2,34,0.027396180544590577,0.6259667873382568,2,37,1.9512321913226698,0.3910742402076721,2,40,0.1848438890992755,1.9,3,43,0.022068376971560805,0.5309310234509982,2,56,0.3808222384835093,1.9,3,72
35,0.2999462874927875,1.9,3,45,0.03478103909113467,1.9,3,60,0.25985799317626884,1.9,3,65,0.0175160271362748,0.9512135624885559,2,75,0.2987057914035179,1.9,3,83
36,0.374185992834068,1.9,3,7,0.06472409279332024,1.9,3,18,0.5541948321964797,1.9,3,52,0.02186165126581266,1.9,3,66,0.2841718372598225,1.9,3,70
37,0.504363590456791,1.9,3,26,0.01819928528447052,1.9,3,33,0.528924228836458,1.9,3,47,0.019518329511267692,0.41596819708744687,2,59
38,0.1793849506246876,1.9,3,46,0.01983413340303044,0.5688209260503451,2,58
39,0.37131759753106086,1.9,3,17,0.01984792180861924,0.13371757819102362,2,30,0.07389957026675144,1.9,3,38
40,0.3071754377448017,1.9,3,33
41,0.4563131401616488,1.9,3,30
42,0.012785725225949942,1.9,3,15,0.4695551441400631,1.9,3,23
