0,0.5638934249059953,1.9,3,19,0.026013149201070403,1.9,3,23,0.3193320598223601,1.9,3,51
1,0.29208587181294765,1.9,3,17,0.02390381145052904,1.9,3,22,0.11610673876606571,1.9,3,93,0.5290163350697064,0.2861264239136989,2,119,0.39587073243417265,1.9,3,186,0.02460691492443252,1.9,3,193,0.4805617249634986,1.9,3,200
2,0.17258111541697652,1.9,3,52
3,0.3910297832980064,1.9,3,7,0.015016491391710417,1.9,3,20
4,0.019135096537905308,0.721410106528889,2,11,0.4946395525860468,1.9,3,37,0.016857328857336464,1.9,3,43,0.38353788309521003,1.9,3,67,0.03147941782190373,1.9,3,80,0.43100909852824576,1.9,3,103,0.018415683216685224,0.5781736880540848,2,113,0.40071110067145155,1.9,3,122,0.018804332773320945,1.9,3,130,0.50023161562792,1.9,3,151,0.04586210987311089,1.9,3,158,9.66055080886116,1.9,3,184,0.020192106235872084,1.9,3,191,0.7384652014292485,1.9,3,200
5,0.4834255838733667,1.9,3,20,0.023008226092486997,1.9,3,31,0.5698285162483439,1.9,3,34,0.06721294622970238,1.9,3,40,0.016869765465685315,0.6200808696448803,2,56,0.6103849352573243,1.9,3,63,0.016468492550874358,1.9,3,68,0.3241388397716744,1.9,3,90,0.01673657591799836,0.6033241976709927,2,107,0.025765378928804608,1.9,3,114,0.3634473008692557,1.9,3,125,0.02332947879255435,0.4607987352039503,2,148,0.4236560970574551,1.9,3,161,0.021934436245024287,0.6420077847109901,2,197,0.21451450875649564,0.6249331633249918,2,200
6,0.3612682685603363,1.9,3,19,0.0219611950722545,1.9,3,26,0.23752849861174097,1.9,3,46,0.04086507246661418,1.9,3,53
7,0.23802964764223153,1.9,3,37,0.026132203173991557,0.3328732311725616,2,57,0.3211721537237118,1.9,3,127
8,0.3427110572257619,1.9,3,17,10.328862759408171,1.9,3,35,0.2510117803798635,1.9,3,57,0.01704805828539119,0.43853810131549836,2,77,0.44362514644421125,1.9,3,92,0.017789353677939563,1.9,3,97,0.7449366735429542,1.9,3,143,0.018041342108131634,1.9,3,150,0.4167304355267434,1.9,3,199
9,0.3251024409454332,1.9,3,43,0.017262584071274057,1.9,3,49,0.34368598861665894,1.9,3,63,0.019190569959297292,1.9,3,68,0.41439673711877195,1.9,3,74
10,0.28512183137216957,1.9,3,37,0.022003578626067385,0.22229973872502645,2,52,0.35160252985713564,1.9,3,96
11,0.3497929858204595,1.9,3,13,0.019093600970527126,1.9,3,20
12,0.273081010307823,1.9,3,4,0.028094814311802756,1.9,3,15,0.2865567246354856,1.9,3,51,0.019916303256532427,1.9,3,59,0.26123824013776953,1.9,3,75,0.02592176872724194,1.9,3,91,0.24574217977886845,1.9,3,119,0.633806871825947,1.9,3,156,0.02320774300343828,1.9,3,164,0.4617852900911959,1.9,3,200
13,0.3198411611868794,1.9,3,7,0.018954832725668662,0.6730134441302373,2,20,0.4119029697116812,1.9,3,36,0.5417945808806977,1.9,3,60,0.02826952700908541,1.9,3,63,1.144923257105557,1.9,3,66,0.03515069241529072,1.9,3,76,0.3597090289116449,1.9,3,81
14,0.27704044194618677,1.9,3,4,0.019241372603179242,0.7501463532447815,2,14,0.32111260330468083,1.9,3,31
15,0.35155517874767983,1.9,3,34,0.9361627041640286,0.8436547815799713,2,47,6.673642249274475,0.19756339490413666,2,61,0.2637974010197223,1.9,3,95,0.018819747497388108,0.6813723607496782,2,106,0.29408085575091003,1.9,3,140
16,0.5220373174510285,1.9,3,9,0.01909445396129072,1.9,3,17,0.4192228123057953,1.9,3,30,0.016516587420571535,1.9,3,37,0.6920349976615233,1.9,3,42,0.019028707976501538,1.9,3,52,0.43849993976898166,1.9,3,71,0.022200946576179787,1.9,3,80,0.7203920970431336,1.9,3,124,0.018729388313423606,1.9,3,129,0.7164704383146244,1.9,3,139,0.022543458480191965,0.5105712945046632,2,162,0.029414937794826918,0.9650595916642083,2,171,0.6907675142965237,1.9,3,188,7.978356656673856,1.9,3,200
17,0.27333265738639617,1.9,3,14,1.2768172942662896,0.35013253348214285,2,21,0.043977969577426994,0.9943487827594464,2,34,0.019286151067595847,1.9,3,43,0.4290130504047483,1.9,3,50,0.039368259880968606,1.9,3,53,1.1060275273799565,0.8520483871301016,2,59,0.33622702616359,1.9,3,83,0.09876653275537967,0.5482388238112131,2,89,0.9194421662548851,0.39286260803540546,2,98,0.4900625738737012,1.9,3,104,0.19189787852120807,1.9,3,122,0.018248193520401274,0.4098452760985023,2,141,0.35146257709744577,1.9,3,159,0.02365166235490139,1.9,3,163,0.5313369478206705,1.9,3,183
18,0.3058413805003327,1.9,3,4,0.01683719839486039,0.7324409067630768,2,14,0.06694550615104125,1.9,3,23,1.0970376853735886,0.22564386271617629,2,67,0.017798121365449227,0.2539391113179071,2,81,0.21337822742237594,1.9,3,84,0.018588863197245425,0.24220813539895145,2,95,0.5946488346492734,0.5309965121746063,2,120,0.3114388074419698,1.9,3,134,1.0431010410005384,0.3718302920460701,2,142,0.6276293027938035,1.9,3,147,0.07178699835857351,1.9,3,152,6.734827300544138,1.9,3,162,0.23677609700812643,1.9,3,173,1.2687880520731178,0.11051516693371993,2,186,0.025832229601319912,0.44704351100054657,2,197
19,0.28339747442271296,1.9,3,7,0.0185410039700597,0.6533019883292062,2,42,0.2575795670472211,1.9,3,97,0.022071521601688123,0.3337741494178772,2,109,0.3168991364024988,0.35893312096595764,2,113,0.7347511724639619,1.9,3,132,8.706571508571011,1.9,3,142,0.5082168964486199,0.14598244428634644,2,154,18.608698930142662,1.9,3,162,0.2301537078518559,0.44659720526801217,2,171,0.8852982372836226,0.4231109884050157,2,189,0.7814832778128653,0.933120921254158,2,193,0.01980043408308509,1.9,3,200
20,0.890887185347427,1.9,3,7,1.1227364815864815,0.9201312065124512,2,19,0.02739071407562271,0.9266838828722636,2,22,0.48152249052667584,0.9721627015816537,2,60,8.757493673833622,0.5338395953178405,2,70,0.2673419288708451,0.721045732498169,2,75,0.04243827669222947,1.9,3,80,0.6393222462648526,1.9,3,85,0.016998987832712347,0.30209098880489665,2,97,0.23990127737073164,1.9,3,114
21,0.3962116439899293,1.9,3,30
22,0.7774637741061865,1.9,3,4,0.028096611575392286,0.8387792743742466,2,20,0.5768488691815753,1.9,3,63
23,0.053255958616632966,1.9,3,11,0.017616237745578134,0.346475200727582,2,27,0.7841068492574131,0.33124273802552906,2,41,0.053877353117581364,0.44090872009595233,2,44,1.546922493798759,0.2149460963331736,2,70,0.8779519149730707,1.9,3,74,0.048773404251636655,1.9,3,78,0.7465544989459048,0.46259137491385144,2,120,15.717637264075574,0.15897725015244585,2,167,0.4375304244746964,0.5305341531833013,2,170,11.529719258410559,0.10336162269115448,2,195
24,0.6072368007863012,1.9,3,22,0.019506112167293473,1.9,3,27,0.6166104846543815,1.9,3,49,0.02107750399696745,1.9,3,55,0.6769064298054278,1.9,3,108,0.8996494084368305,1.9,3,112,0.05783129055629453,1.9,3,115,1.4113981302844623,1.9,3,128,13.018678336242965,1.9,3,135,0.0165649804884255,1.9,3,144,0.44567372164865376,1.9,3,179
25,0.023620457192762005,1.9,3,18,0.2806891015185271,1.9,3,26
26,0.31544244585145803,1.9,3,32,0.5646503064709342,1.9,3,37,1.0694168168828966,0.304864339530468,2,63
27,0.33452497358090755,1.9,3,22,0.02282628280847786,0.966847171386083,2,40,0.5388095280671904,1.9,3,47,0.01713798358489229,1.9,3,52,0.5903668711495969,1.9,3,56,0.0170254118600285,1.9,3,61,0.5136782637590803,1.9,3,84
28,0.015816778836390554,1.9,3,5,0.2702282082543356,1.9,3,10,0.01660283226756375,0.3523400276899338,2,36,0.030654650702711866,1.9,3,43,0.10171667473465354,1.9,3,60,0.9526088101965383,0.383432487475461,2,89,0.23029150231725387,1.9,3,126,2.0617746318433428,0.29344053864479064,2,131,0.09366206458399401,1.9,3,149,0.31766617937900454,1.9,3,168,0.05034335793255582,0.6761038729122707,2,175
29,0.31262736330004354,1.9,3,35,0.01795146782826243,1.9,3,42,0.7769224057812291,1.9,3,46
30,0.22650883968798852,1.9,3,20,0.01790829323494943,0.3316852003335953,2,33,0.40250855818931913,1.9,3,48,0.016253776687704048,1.9,3,54,0.4028777885605195,1.9,3,60
31,0.7500305876430056,1.9,3,7,0.018246779261985466,1.9,3,17,0.3164865883149142,1.9,3,49,0.016906807623390946,1.9,3,60,0.33091949463799425,1.9,3,69,0.01617103721897726,1.9,3,78,0.44397442717738894,1.9,3,84,0.017333927902123018,1.9,3,90,0.09924037932642749,1.9,3,99,0.5209614279295318,1.9,3,112
32,0.24454581674059692,1.9,3,10,0.020868539253379045,1.9,3,17,1.010342824169094,0.5135641060769558,2,25,0.5310487656949552,1.9,3,37,0.04151307833989733,1.9,3,45,0.5863988109675909,1.9,3,51
33,0.4998894842812245,1.9,3,7,0.1103976055413773,1.9,3,21
34,0.3547902230048445,1.9,3,9,0.8251573314478207,0.5142218271891276,2,15,0.026740070742479274,1.9,3,25,0.46981889276913325,1.9,3,29,0.0188096183415661,1.9,3,37,0.3012195594575436,1.9,3,50,0.02157097399538473,1.9,3,58,0.6530466251949164,1.9,3,67
35,0.34381261834244753,1.9,3,37,1.140603055916964,0.6396668712298076,2,52
36,0.5112179859313545,1.9,3,28
37,0.740019007237187,1.9,3,7,0.023248741967233054,0.9119896561868729,2,38,0.3665992970173596,1.9,3,56
38,0.5670810345995224,1.9,3,61,0.018243827127597236,1.9,3,67,0.23048630486195887,1.9,3,72
39,0.27692420254497513,1.9,3,15,0.03359116530692126,1.9,3,21,0.024923952762148597,0.6554882526397705,2,32,0.26499753480831856,1.9,3,47,0.016362333978768837,0.9540805339813232,2,52
40,0.39232858238717067,1.9,3,13,0.03026671314144934,0.9422721942265828,2,28,0.024158989250354666,1.9,3,37
