0,0.09008456595283669,1.9,3,42,1.3153196734014996,0.34787820652127266,2,58,0.06030494838642688,0.8016769119671413,2,65,1.1298633752306064,0.22390541569753128,2,76,0.09630832841758329,0.48442475199699403,2,81,2.9619849928051716,0.15165656805038452,2,86,0.6477848803749737,0.34417628022757446,2,97,0.3196578178351971,1.9,3,107,17.523062122254217,1.9,3,117,0.2970410601617014,1.9,3,139,0.018858331162331193,1.9,3,145,1.2422322612811862,0.6514028509457906,2,154,0.03463420863934878,1.9,3,168,0.5055958604001155,1.9,3,189,0.0455168445316428,1.9,3,200
1,0.38833540711010506,1.9,3,8,0.019767650409758163,0.38157303631305695,2,20,0.285068538749852,1.9,3,28,0.019540247155134163,0.1198602964480718,2,40,0.34205637068892886,1.9,3,45,0.01635341670877745,1.9,3,51,0.2946288619829561,1.9,3,67
2,0.3876560204035925,1.9,3,137,10.555246746180366,1.9,3,145,0.5767617110148772,1.9,3,152,9.05382931771803,1.9,3,170,0.2879711373865321,1.9,3,174,0.04933845480485137,1.9,3,184,23.328491226586088,1.9,3,195,0.27108284911566516,1.9,3,200
3,0.30278391864886445,1.9,3,6,0.016580758354636474,1.9,3,13,0.3205965292497281,1.9,3,23
4,0.2972090823045677,1.9,3,14,0.01632663777931441,1.9,3,23,0.335187602785941,1.9,3,30,0.017765716307595013,1.9,3,38,0.5721856482656181,1.9,3,45
5,0.33334186485730677,1.9,3,20,0.790604581469039,1.9,3,23,1.6111694461738109,0.40165388270428304,2,42,0.07046741741192168,1.9,3,52,0.7017402931114002,1.9,3,69
6,0.7523405723092709,1.9,3,20,0.01888236761908173,1.9,3,29,0.7036702255238056,1.9,3,40,0.01811501045127813,1.9,3,47,0.7197568640533475,1.9,3,52,0.01634974460733068,1.9,3,59,0.33076320600546394,1.9,3,81,0.048033870420104784,1.9,3,87,0.018887857802967405,0.7548802097638448,2,105,0.2731991538578801,1.9,3,120,0.02082226439900566,0.4485152413447698,2,138,0.8971731783158433,1.9,3,150,7.680405542166169,1.9,3,162,0.019476847252962736,0.1882826884587606,2,177,0.21878754495512484,1.9,3,200
7,0.01783864991750797,0.10512963399804871,2,29,0.28620178232666166,1.9,3,38
8,0.7191941729223059,1.9,3,31,0.017678534114024338,1.9,3,36,0.7936737620418798,1.9,3,40
9,0.7681859423805985,1.9,3,18,0.02813313547216559,0.8002951278768736,2,47,0.8726290411351968,0.30815933644771576,2,61,1.1743248683227798,1.9,3,67,0.04750043400679569,1.9,3,74,5.618948765937285,1.9,3,109,0.03804428125925471,1.9,3,115,6.506161477155319,1.9,3,130,0.02139980837424098,1.9,3,143,0.7159444177964273,1.9,3,155,0.023786924628678513,1.9,3,164,0.1334122686940261,1.9,3,179,0.018221841189660068,0.5137717969277326,2,196,0.16806876495473957,1.9,3,199
10,1.0623665367548722,0.9022786961152003,2,26,0.8360115111101857,1.9,3,40
11,0.41241470143363523,1.9,3,10,0.01871631514874631,0.5244686633348465,2,20,0.3693952656826928,1.9,3,33
12,0.32043308851185864,1.9,3,14,0.01557152304024659,1.9,3,21,0.2857916146015256,1.9,3,24
13,0.2731199400063332,1.9,3,13,0.019904819810123594,1.9,3,20
14,0.3149916781029918,1.9,3,5,0.01909304257464551,0.8650151274420999,2,16,0.25143721501179533,1.9,3,60,0.016920719537560254,1.9,3,68,0.37578408267752317,1.9,3,92
15,0.721852641605244,1.9,3,3,0.014334550844531094,1.9,3,20
16,0.25672685366654185,0.847747342153029,2,22,0.49325176023584466,1.9,3,36,15.09795520191726,0.2920418633864476,2,49,0.03414274955571336,1.9,3,53,0.32933823867214296,1.9,3,99
17,0.37227612261782783,1.9,3,14,0.02311983122011136,1.9,3,22,0.6872010062129513,1.9,3,34
18,0.27270819237908556,1.9,3,9,0.041059294812088955,1.9,3,15,0.020228470012328765,0.3717705113547189,2,50,0.831052438054454,1.9,3,55
19,0.13714247823676284,1.9,3,19,0.043881115820903246,1.9,3,46,1.1987456055852628,1.9,3,55,0.25933560304575476,1.9,3,69,0.01733867051403816,0.9047585844993591,2,79,0.5213158412056665,1.9,3,91,0.053823745867148894,1.9,3,103,0.42961275614525846,1.9,3,117
20,0.32405890859569103,0.9409298035833571,2,9,0.017415844744132086,1.9,3,15,1.104993230111324,0.6086524724960327,2,31,0.4557580532639539,1.9,3,40,0.03009680699078203,1.9,3,44,0.227662198084924,1.9,3,72,0.022318028091717894,1.9,3,77,0.6249462371556722,1.9,3,80
21,0.029304331926448494,1.9,3,12,0.7142733084245697,0.3452911376953125,2,28,0.7044213770459573,1.9,3,32,0.02052370389051934,1.9,3,40,0.5609228903104804,1.9,3,76,0.03961233993416326,0.7532172753260686,2,89
22,0.711226126777135,1.9,3,5,0.032468656428120087,1.9,3,14,0.6598986688572903,1.9,3,35,0.016487822002904294,1.9,3,42,0.43169575714533304,1.9,3,53
23,0.2198664008796218,1.9,3,9,0.017474822846394848,1.9,3,14,0.013385314436108589,1.9,3,20
24,0.47930526318313155,1.9,3,7,0.03157088253695677,1.9,3,14,1.061946066313728,0.15631925111467188,2,69,4.811762447395879,0.3988352228294719,2,80,24.73809298548989,1.9,3,93,0.4829477175241288,0.3696196178595225,2,96,11.261089527434272,0.15763175264000892,2,116,0.44352211218950754,0.41620201369126636,2,119,11.925142371419843,0.14721334353089333,2,127,0.4996304719387151,0.39412087947130203,2,137,14.996744287829634,0.08269462260332974,2,148,1.4112033650754212,0.13969092675157496,2,185,0.4028136945643934,1.9,3,196,0.056516071182291495,1.9,3,200
25,0.6174047306537728,1.9,3,18,0.016858237127274155,1.9,3,25,0.3989121082188846,1.9,3,45,0.0195022145480958,1.9,3,53,0.5327116763055765,1.9,3,174
26,0.33218376103854347,1.9,3,3,0.01908507331246072,1.9,3,20
27,0.04154205247893892,1.9,3,58,1.2629468148080645,1.9,3,64,0.023264585255553208,1.9,3,68,0.5843485060766545,1.9,3,78,0.017893501987522653,1.9,3,83,0.3177754080623069,1.9,3,96,14.916893043554825,1.9,3,104,0.874186198351772,1.9,3,108,13.699373601367066,1.9,3,117,1.3248565550088895,1.9,3,126,0.077794328773634,1.9,3,130,21.732847614531913,1.9,3,140,0.21295911056290795,1.9,3,143,19.923850867603424,1.9,3,152,0.06614293254907895,1.9,3,155,23.677833630783876,1.9,3,170,0.1450144562336768,1.9,3,186,20.60209708835466,1.9,3,200
28,0.01766912687304719,1.9,3,20
29,0.7109474284567002,1.9,3,9,0.01946928528712389,1.9,3,14,0.6735512776327952,1.9,3,18,0.022607104465884317,0.9178083507638228,2,37,0.6839446679408033,1.9,3,60,0.019316578319797308,0.2888262750846999,2,74,1.0183332492798232,0.7991288304328918,2,79,0.3864725176902195,1.9,3,108
30,0.7957395493157645,1.9,3,6,0.01925254059833719,1.9,3,13,0.2966688684466815,1.9,3,21,0.9367073995938651,0.43599549852884734,2,34,0.02789133040403462,0.6162476614117622,2,38,1.4461411193022935,0.4215003103017807,2,56
31,0.45702590410546134,1.9,3,8,0.7484856993754377,1.9,3,45,0.01815326666185029,1.9,3,50,0.22362870059036968,1.9,3,53
32,0.31887594634311006,1.9,3,43
33,0.27024570189095776,1.9,3,7,0.021667571786037617,1.9,3,13,0.8747906676166475,0.9434694838523865,2,38,0.40452471665092393,1.9,3,100,0.04083221523121564,1.9,3,106,0.5556099286438179,1.9,3,112
34,0.8381513708818314,1.9,3,4,0.017562338777460988,0.5130536670868213,2,17,0.22643104580522794,1.9,3,78
35,0.3080422248622521,1.9,3,35,0.9754995805514098,0.29099547531869674,2,44,0.018970460120553447,0.6692570090293884,2,49,0.9338136554678704,0.2339498739350926,2,60,0.06033844101161452,0.4960330511842455,2,67,10.898342433871967,1.9,3,79,1.1264212017364525,1.9,3,83,18.333902215999544,1.9,3,111,0.8253800187088018,1.9,3,114,31.136889666622576,1.9,3,137,0.3743094700554194,1.9,3,152,0.028656600355951398,0.9147324860095978,2,156,0.9170145106362104,1.9,3,166
36,0.4081805729247962,1.9,3,7,0.021004750571828018,1.9,3,12,0.2995360731335828,1.9,3,20,0.04114454587679619,1.9,3,30,0.48136104085846493,1.9,3,36
37,0.2698328734809625,1.9,3,47,1.4498425202475163,0.40558975338935854,2,52,0.7521599430981396,1.9,3,57,0.03562517793969775,1.9,3,70,1.4330634013982506,0.5674611568450928,2,75,0.24873168182433955,1.9,3,85,0.0568166433784231,1.9,3,108,0.38438692538434865,1.9,3,121,22.38107700317504,1.9,3,131,0.4978471325310968,1.9,3,134,19.307774336291878,1.9,3,147
38,0.36074570937408046,1.9,3,12,0.02346915698506911,1.9,3,24,0.1933276853661557,1.9,3,33
39,0.3576016171552757,1.9,3,22,7.5657113925582395,1.9,3,36,0.0900727083144841,1.9,3,42,15.983849521160346,1.9,3,53,0.5640615821581187,1.9,3,56,18.532895035263717,1.9,3,96,0.43156753482902854,1.9,3,108
40,0.27865593015693363,1.9,3,6,0.024845126335422924,1.9,3,13,0.42727896650934877,0.6976548098027706,2,29
41,0.49457984957079193,1.9,3,19,0.04670636696497423,1.9,3,24,0.2753596561772717,1.9,3,32,0.02081558767744647,1.9,3,37,0.6759555298574172,1.9,3,42,0.3890844029220789,1.9,3,59,0.01732279344093053,1.9,3,67,0.6518097327682402,1.9,3,72,0.016914327043524004,1.9,3,77,0.3256648290880954,1.9,3,118
42,0.4091469734571889,1.9,3,36
43,0.5069791490461144,1.9,3,26,0.019613037333322692,0.628208597501119,2,35,0.618691969736855,1.9,3,46
44,0.23007531368072895,1.9,3,41,0.5105666170119533,0.7137022465467453,2,45,0.01691002765551013,0.7764986716210842,2,53,0.10192786997552922,1.9,3,67,1.1921344589420269,1.9,3,80,0.02099206589020033,1.9,3,89,0.25827835796771226,1.9,3,92
45,0.7718625554282834,1.9,3,25
46,0.6878623338057591,1.9,3,5,0.017754980720487083,0.2888433893521627,2,20,0.1478479806766076,1.9,3,40
47,0.3260050314304001,1.9,3,34
