0,0.25566774381314156,1.9,3,7,0.019480728795935612,1.9,3,13,0.30611492799906426,1.9,3,27
1,0.01971541181294698,0.1364845672720357,2,19,0.6197388374611629,1.9,3,38,0.019927363379299123,0.6931185074474501,2,61,0.6086282006232889,1.9,3,82,0.3557222122291244,1.9,3,137
2,0.4703111431374252,1.9,3,20,1.8163644235786334,0.30010245740413666,2,28,10.46345039514697,0.13602450702871596,2,63,0.6758277354766116,0.38691749175389606,2,66,19.581075820950606,0.11113238411071973,2,105,1.2388781452787605,0.09208163370688756,2,123,10.65452365220567,0.0723850429058075,2,151,1.6353969378124582,0.2255493980281207,2,200
3,0.39273816225566166,1.9,3,21
4,0.01842409104385359,1.9,3,16,0.3667476745835407,1.9,3,29,0.01613100700200494,1.9,3,37,0.746228748093275,1.9,3,48,0.018104691202685944,0.20221476654211681,2,63,0.38807222346543885,1.9,3,83,0.6537630965309356,1.9,3,92,0.01718465346308773,0.3641872202808207,2,103,0.16928518854725175,0.1170075848698616,2,113,0.6430237812038841,1.9,3,128,7.379649364501512,1.9,3,142,0.7455784005157992,1.9,3,148,24.91875753637883,0.449444904923439,2,158,0.059830661632013366,0.8191699385643005,2,162,29.951134663452393,0.5438991561532021,2,166,1.8378056326013408,0.4793133106496599,2,184,0.8909605897074485,1.9,3,200
5,0.4233523490163517,1.9,3,32,4.103707797705584,1.9,3,45,0.28608284162829,1.9,3,52,10.550270229413739,1.9,3,58,0.11347359260289012,1.9,3,63,10.860893850441474,1.9,3,73,0.07458672739730642,0.7550472957747323,2,80,17.66647293535055,1.9,3,128,0.1663389469587638,1.9,3,184,0.1147775148260583,1.9,3,199
6,0.16517726048701442,1.9,3,14,0.021231848322152587,1.9,3,20
7,0.2941976488745337,1.9,3,11,0.020962896133276062,1.9,3,16,0.014651172950654651,1.9,3,20
8,0.2927555825135252,1.9,3,27,4.45709280519323,1.9,3,36,0.07323156588901837,1.9,3,40,16.340158680890752,1.9,3,44,0.4752441392435768,1.9,3,80
9,0.28349577478839466,1.9,3,10,0.016472708051163187,1.9,3,18,0.388214953133659,1.9,3,103,0.021181418122371783,1.9,3,109
10,0.3124758029118357,1.9,3,8,0.020452415867176464,0.2455616117942901,2,29,0.022760298469495625,0.6053449047936333,2,38,0.1564587884105354,0.9302760660648346,2,41
11,0.709438594596793,1.9,3,3,0.01810797802890329,0.32162215341539946,2,20,0.35388096874873093,1.9,3,33,0.025928770511070596,0.6357691947902951,2,47,0.6633410094942056,1.9,3,56,0.018019386284041483,1.9,3,63,0.7434297856798926,1.9,3,68
12,0.46665980954698083,1.9,3,17,0.03453497521016013,1.9,3,21,0.36875143825580414,1.9,3,30
13,0.3082657642804532,1.9,3,38,0.01665339295497823,1.9,3,45,0.7115571086634573,1.9,3,49,0.017467104813185183,0.9786939978599548,2,59,0.548276170615702,1.9,3,70,0.017749141172825677,0.3296746278510374,2,87,0.37454048276552143,1.9,3,103,0.024464729298297624,0.8379653004499582,2,116,0.31136464995121177,1.9,3,131
14,0.3677260774037887,1.9,3,3,0.015182658968351843,1.9,3,15,0.3524966974438317,1.9,3,32,0.05088811542163809,1.9,3,46,0.3508120459514103,1.9,3,52,0.3406673291075283,1.9,3,77
15,0.40340479653273065,1.9,3,42,1.2702790586036945,0.20162253603339195,2,62,0.17791860375393226,0.5133886138598124,2,68,10.595770639568544,0.1614723563194275,2,73,0.03835305192496761,0.641460970044136,2,77,12.573518011706302,0.19496722279056425,2,108,0.37366370613184785,0.5098250458637873,2,111,18.410649212205694,0.11966330409049988,2,116,0.7903855465554717,0.49770546952883404,2,119,19.291845851967068,0.10545657873153687,2,124,0.6591402657069163,0.48196925471226376,2,130,20.223991827358866,0.14714875375783001,2,157,0.35646139996201287,1.9,3,174,0.04745441223654226,1.9,3,181,0.720509906570109,1.9,3,186,1.3624917454579764,0.1784225712929453,2,200
16,0.25682949213941164,1.9,3,17,0.9769501645615142,0.4523954726755619,2,33,0.03729519048470319,0.7693976163864136,2,37,1.1183080777243446,0.5372321903705597,2,40,0.037427047045284316,0.9498044649759928,2,49,0.02620066252282647,1.9,3,60,0.5134615891672702,1.9,3,70,0.0368633280479067,1.9,3,74
17,0.5407366170019939,1.9,3,13,0.035433251174780446,1.9,3,27,0.5992384998512726,1.9,3,44,0.019134391458173028,0.6229538832392011,2,65,0.20214186798554676,1.9,3,84,0.01986041119292902,1.9,3,90,0.14529787870426009,1.9,3,116
18,0.4824124936247533,1.9,3,26,0.11553064011290366,0.20352306962013245,2,34
19,0.3061726480479637,1.9,3,25
20,0.3094058329678132,1.9,3,11,0.04651835419429274,1.9,3,20,1.0162314027461652,0.27923589050769804,2,30,1.3791313088889192,1.9,3,39,0.03841053217964947,0.8450684746106466,2,42,8.906111173088034,1.9,3,59,0.059962131507375366,1.9,3,63,0.4478444734037768,1.9,3,104
21,0.29643545923918013,1.9,3,5,0.01715262198483925,0.5561441412338843,2,18,0.453441601623382,1.9,3,24,0.8060607197786094,0.2299539531980242,2,45,0.2499052625486264,1.9,3,57,0.01644270021677125,1.9,3,65,0.7212958201195526,1.9,3,126,1.2155007597605858,0.5672778592390173,2,143,0.36369443252536904,0.6516402198208703,2,152,0.2781199880764582,1.9,3,175
22,0.31278980361378017,1.9,3,15,0.019614647320975783,0.3612684896763633,2,49,0.2978485715875851,1.9,3,55
23,0.47717451090572977,1.9,3,30,0.019356024944883317,0.5452466640207503,2,39,0.6598392737553503,1.9,3,69,21.126184679880613,1.9,3,83,0.022869738294290395,1.9,3,86,0.01977616972914034,0.1371962477763494,2,98,0.350845544459386,1.9,3,118,0.018594739363192753,1.9,3,129,0.4436263509586397,1.9,3,135,0.017452632387775616,1.9,3,143,0.5436880832662111,0.20262016852696738,2,149,0.054183044173890256,0.39849928617477415,2,154,1.6887985898893774,1.9,3,158,0.6704274847262138,1.9,3,166,10.228235812136132,1.9,3,169,0.25902681147786777,1.9,3,183
24,0.6044836193960845,1.9,3,5,0.015303654667388736,1.9,3,20
25,0.6883327179353781,1.9,3,35,0.02060322401106138,1.9,3,40,0.49382778285458123,1.9,3,53,0.017355474163079976,0.8878668129444123,2,63,0.4898039428825761,1.9,3,93
26,0.2827619233318591,1.9,3,50
27,0.4899107394238339,1.9,3,10,0.01719522897694527,1.9,3,18,0.28373218574625225,1.9,3,36,0.020199819019121306,1.9,3,46,0.917866067412661,1.9,3,50
28,0.3385671309369573,1.9,3,5,0.013108965766112412,1.9,3,20
29,0.5458053423239894,1.9,3,76,0.01755362430652208,1.9,3,83,0.47323542617958586,1.9,3,116,0.01818548720078886,1.9,3,123,0.24911434189340947,1.9,3,145
30,0.7822390039354912,1.9,3,23,0.03182186089611912,1.9,3,42,0.025126536024076964,1.9,3,52,0.7338535648531634,1.9,3,61,0.016072328766451215,1.9,3,70,0.46246006137062634,1.9,3,93,0.019553007195973738,1.9,3,98,0.29283697868492437,1.9,3,124,0.01845994000232898,1.9,3,132,0.2133396488618367,1.9,3,143
31,0.43607264223219655,1.9,3,53,0.016263430503332656,1.9,3,60,0.5598153963610764,1.9,3,66,0.01748182672774481,1.9,3,72,0.3090355485660089,1.9,3,101,0.06271349669703144,0.09992894004372989,2,118
32,0.40201605462552775,1.9,3,98,0.018132644769051104,1.9,3,108,0.655790636623673,1.9,3,112
33,0.6694333961961951,0.6186239052077999,2,23,5.859617503235959,0.6492213234305382,2,39,0.9285769018605863,0.6320219039916992,2,47,6.602070843964404,0.992988387743632,2,59,0.034713534695280164,1.9,3,67,13.812742918659747,1.9,3,70,15.719444400834648,1.9,3,80,0.08983845003695182,1.9,3,84,19.88686152528526,1.9,3,97
34,1.4587012386941562,0.555667269229889,2,10,0.02210257476132461,1.9,3,15,0.2979588574243834,1.9,3,21,0.5535804377646482,0.6772929046835218,2,35,0.32480483726883236,1.9,3,48
35,0.36056637863627095,1.9,3,25,0.01824226811795401,0.3235973558927837,2,44,0.6238353125351295,1.9,3,76
36,0.5118982276333611,1.9,3,4,0.022279719497476015,1.9,3,8,0.3400773281105468,1.9,3,17,0.019993025225420995,0.4528326012871482,2,28,0.7125285772529839,1.9,3,47
37,0.308380078770671,1.9,3,22
38,0.17419341937174926,1.9,3,20
39,0.09421038847424251,1.9,3,17,0.01525355607033463,1.9,3,27,0.3299222023517409,1.9,3,34,0.021221247069004204,1.9,3,39,0.2751989928014317,1.9,3,48
40,0.4142327828085947,1.9,3,21,0.01923528278939115,0.6917834430932999,2,33,0.11707119664012984,0.5975800514221191,2,38
41,0.3549271458466467,1.9,3,16,0.021328493468765884,1.9,3,20
42,0.19131633486790742,1.9,3,25
