0,0.018671031490870918,0.8238527576128641,2,6,0.40960139882260144,1.9,3,12,0.0226026749490543,0.7103226128965616,2,28,1.0927684110518519,0.5410765111446381,2,32,0.07755336365412697,1.9,3,39,1.2595734940573586,0.07756527662277221,2,44,0.036907962886455654,0.45574742555618286,2,48,1.2229904177070385,0.171294790175226,2,57,0.04132247454218592,0.4353118985891342,2,61,1.1343394431135376,0.1501938836141066,2,72,0.078171449906562,0.4835960268974304,2,76,3.432146143362958,0.1472237060467402,2,91,0.5996556433112644,0.3171426486223936,2,99,0.32094851930281615,1.9,3,109,4.472811351044358,0.16415532969910165,2,132,0.25822504221272125,1.9,3,146,7.9639784246887615,0.1552763811566613,2,157,0.25018115502145066,0.45931775371233624,2,160,8.3978435983954,0.19805190215508142,2,166,0.47113919588707137,0.4649244066741731,2,175,2.5869953939184946,0.2581722217798233,2,200
1,0.31207881731135406,1.9,3,52
2,0.2958285805330949,1.9,3,5,0.9479172610262653,0.14959872342073,2,18,0.2681786941171237,1.9,3,29,10.142893109281422,1.9,3,35,0.6652071897793457,1.9,3,43,0.025353571410126646,0.9458799958229065,2,47,6.534456006501855,0.8826461434364319,2,53,0.3140522454503462,1.9,3,62,4.8381646965449,0.25229064002633095,2,66,0.3926844032811743,0.4591124951839447,2,69,17.243423424271803,0.11448459070304344,2,98,0.3359539160010257,0.49865223467350006,2,104,11.17149285915251,0.09047470688819885,2,109,0.04820322149709057,0.5968634287516276,2,112,11.654346023292751,0.1310674212872982,2,116,0.16914438677576887,1.9,3,134,2.75481884110754,0.4593423472510444,2,152,0.03704443397671708,1.9,3,159,0.3344080003309393,1.9,3,167,0.019812959456428227,1.9,3,177,0.3839734807347176,1.9,3,200
3,0.04098529098662761,1.9,3,3,0.516593538972611,1.9,3,7,0.02116531167525133,1.9,3,21,0.5357169473507182,1.9,3,38,0.01900359844485771,1.9,3,43,0.6833618426330761,1.9,3,48,0.01753747683810824,0.7494884458455172,2,59,0.33732923615135557,1.9,3,72,0.0235319757812961,1.9,3,87,0.5800304193688826,1.9,3,112,0.026183482026238734,1.9,3,116,0.8195424094428088,1.9,3,123,12.577028435717816,1.9,3,129,0.3423354531008322,1.9,3,134,11.956944461021333,1.9,3,150,0.46033113747003784,1.9,3,167,14.848289776758575,1.9,3,183,0.8441807880127349,1.9,3,190,0.09987338683330967,1.9,3,200
4,0.47374971396737964,1.9,3,24,0.017377462026359845,1.9,3,29,0.45402993405247516,1.9,3,51,0.02560557151856359,1.9,3,57,0.5066140321233475,1.9,3,104
5,0.43855290710245265,1.9,3,23,0.017260018419088793,1.9,3,29,0.4592638749430101,1.9,3,48,0.02065812375694634,1.9,3,54,0.48518531257365005,1.9,3,64,0.017478821796297398,0.35913333743810655,2,84,0.3081088101004847,1.9,3,121
6,0.11504015231316504,1.9,3,6,0.013288057337843074,1.9,3,20
7,0.03033032637074236,1.9,3,6,0.789189597774798,1.9,3,36,0.01781788651955639,0.390385430592757,2,49,1.1007390780621908,1.9,3,56,0.37290533196993686,1.9,3,64,0.017110427876563826,1.9,3,70,0.5876390444449099,1.9,3,75,0.01934036700427648,1.9,3,81
8,0.49480469526445847,1.9,3,4,0.01924556767170813,1.9,3,9,0.30386388867812036,1.9,3,21,0.02040101635300475,1.9,3,26,0.2763474818422297,1.9,3,78,0.7682033300775101,1.9,3,99,0.019427745502761294,1.9,3,107,0.3287995905721187,1.9,3,119
9,0.5836991649406783,1.9,3,13,0.019450267038589226,1.9,3,19,0.6901490603313242,1.9,3,40
10,0.2908289813217323,1.9,3,26
11,0.43317858886981797,1.9,3,51,0.03049720300973657,1.9,3,56,0.5033261798093146,1.9,3,77,0.01634952160625475,1.9,3,83,0.537758432401752,1.9,3,116
12,0.33535087539066366,1.9,3,35,0.021234081115749995,0.8128264039754868,2,55,0.3564797099333038,1.9,3,71,1.3631913759646077,0.2233329564332962,2,75,0.32896831998693143,1.9,3,88,1.5384874829415751,0.21495745877424877,2,103,0.2331926578997644,1.9,3,122,2.5573649565666368,0.3229602836072445,2,126,0.021601281807873927,1.9,3,131,0.6963611986915302,1.9,3,138
13,0.30342728206812397,1.9,3,25,0.01684339606902986,1.9,3,31,0.5175252876460676,1.9,3,38
14,0.3621145049355459,1.9,3,15,0.01866755620833385,1.9,3,23,0.4394975533761008,1.9,3,31,0.016916031245422288,1.9,3,40,0.316458488447143,1.9,3,69,0.019729818644996653,0.545493623789619,2,86,0.25694923020223126,1.9,3,111,0.029595035707863964,1.9,3,130,0.84426655519254,1.9,3,139,10.092520184211226,1.9,3,144,0.12720677657201526,1.9,3,150,0.30285608769574446,1.9,3,165,0.025086675540557435,1.9,3,191,24.10497516030766,1.9,3,200
15,0.10353369900338129,1.9,3,82,0.02172261858931725,1.9,3,93,0.7623735271772877,1.9,3,104
16,0.26747318530646824,1.9,3,12,0.016378715168891608,1.9,3,20,0.5652571434745526,1.9,3,24,0.021394519469838634,1.9,3,28,0.11826359421279116,1.9,3,33,0.334385012494864,1.9,3,62,0.017667100813013096,0.42745774283128624,2,79,0.6924581534708394,1.9,3,85
17,0.2482619870933576,1.9,3,11,0.017421038858625993,0.49356361478567123,2,31,0.3488008167400147,1.9,3,46,0.02034364200280043,1.9,3,50
18,0.7097197103685184,1.9,3,7,0.01766947919269953,0.1576076684629216,2,24,0.6023082400869865,1.9,3,33,0.018280571368226948,1.9,3,42,0.531353965368925,1.9,3,59
19,0.3440364306354385,1.9,3,51,0.017185259523475226,0.780543178319931,2,61,0.3453233284126775,1.9,3,99
20,0.1668706748144442,1.9,3,3,0.06418869388964808,1.9,3,60,0.2025455022104276,1.9,3,74,0.020865946587625618,1.9,3,88,0.018467814034976437,0.48375359972318016,2,103,0.13891809295492197,1.9,3,111,0.018874599306199676,1.9,3,120,0.4245595111402667,1.9,3,125,0.017105632346724027,1.9,3,130,0.6549615096246427,1.9,3,136
21,0.3777507034035776,1.9,3,16,0.0535265621016596,0.9443572922186418,2,27,0.3417127970560063,1.9,3,37
22,0.7676325237780361,0.655345984867641,2,14,0.24378122685823816,1.9,3,48,0.03070915637363994,1.9,3,55,0.30923037531602227,1.9,3,81
23,0.29271567689935185,1.9,3,16,0.01881816103022261,1.9,3,22,1.3715355564766194,0.5911646212140719,2,34,0.6051727759899287,1.9,3,43,0.023952374651047992,1.9,3,47,0.5398087768910683,1.9,3,76,0.01901487105735863,1.9,3,81,0.48731601512452366,1.9,3,102,0.0179631538879062,1.9,3,108,0.3529468802647417,1.9,3,126
24,0.4538626934864766,1.9,3,3,0.016874507012842974,1.9,3,10,0.48723890912990214,1.9,3,23,0.033889701365482194,1.9,3,27,0.7287098556426947,1.9,3,43
25,0.3714016953922696,1.9,3,28,0.014818585379043675,1.9,3,47,0.3898944576873727,1.9,3,53,0.016536626231322023,1.9,3,65,0.7790868421874921,1.9,3,69,0.021126248606129015,1.9,3,75,0.3286037639894366,1.9,3,95
26,0.08186849846044826,1.9,3,18,0.27713495329368754,1.9,3,44,0.07744444860838602,1.9,3,97,0.7833580926546208,1.9,3,102
27,0.6733046083027104,1.9,3,4,0.018563106514858665,0.20001947028296335,2,25,0.6665982160496946,1.9,3,29
28,0.34585624825365924,1.9,3,50,0.020241505168873842,1.9,3,56,0.3245619452659712,1.9,3,92
29,0.5143483455411512,1.9,3,12,0.017633689264452114,0.36746264845132826,2,22,0.6975889619844049,1.9,3,28,0.022533136529455742,1.9,3,36,0.2907515878908759,1.9,3,44
30,0.5692977077756576,1.9,3,28
31,0.6042809504204666,1.9,3,6,0.021753318407659115,1.9,3,18,0.10583621579158932,1.9,3,59
32,0.3661969583644576,1.9,3,6,0.022139093206082837,1.9,3,10,0.328369018874185,1.9,3,22
33,0.2411513696117991,1.9,3,45
34,0.3493574242694899,1.9,3,22,1.2950047267892792,0.9636301398277283,2,26,0.01739843525055565,1.9,3,33,0.7207946230218601,1.9,3,40
35,0.2926362642789732,1.9,3,26
36,0.32435627706539555,1.9,3,32
37,0.4044211214336981,1.9,3,11,0.03830475340876624,1.9,3,17,0.016316182324013048,0.306198603577084,2,26
