0,0.20146756571130284,0.5651590797305107,2,200
1,0.08427045089389663,0.4904009494185448,2,200
2,0.5325613836269524,0.8131184548139572,2,20,0.5876143168855307,1.4091001152992249,2,26
3,0.09920071026517455,1.17394474019175,2,46
4,0.8780640740943318,0.8701343337694804,2,3,0.08073242838519895,1.059054536404817,2,118
5,0.32131376770176223,0.6996305998828676,2,72
6,0.34152374737584174,0.5590647017514264,2,27
7,0.4311124267378256,0.5930254757404327,2,58
8,0.19704707293274593,0.8456446719169617,2,200
9,0.5642214891162005,1.0054893225431443,2,200
10,0.22805294326565556,1.2342868248621623,2,30
11,0.024347465765814938,0.8648933156116588,2,37
12,0.6800176482219362,1.0486594041188557,2,45
13,1.0672682330475318,1.1331415474414825,2,104
14,0.3774842887526668,0.43635776817798616,2,200
15,0.3113805967501867,0.2051074824162892,2,35,1.0489009724719902,1.238896174141855,2,200
16,0.5775682133362294,1.011444507643234,2,43
17,1.0123532069206271,1.1377705037593842,2,104
18,0.49756790627163955,0.5756781843304634,2,200
19,0.5257888521278715,0.7521595542535842,2,159
20,0.23643866473739994,1.112004142999649,2,200
21,0.3860396245555529,0.36637706115841867,2,200
22,0.08380474591925363,0.7956348994263897,2,108,1.0895313644901352,1.171689692963945,2,155,0.09707076434123321,1.1114695072174072,2,171,1.4976107582386522,1.1836481382106911,2,200
23,0.20041002591912666,0.2650156566500664,2,200
24,0.3774645787523612,0.5786163187026978,2,200
25,0.4867486690383985,1.2083246599544177,2,33,0.9836768253398067,1.221391779933861,2,200
26,0.9046835055007544,1.0001942014694214,2,200
27,0.3923943944139871,0.32789205971772106,2,123
28,0.3484227946716778,0.6519495993852615,2,20
29,0.2017081295327451,0.9173711592914494,2,131
30,0.7944983582289578,1.3009860038757324,2,20
31,0.6565527037593352,1.0260997595412007,2,89
32,0.874556852870878,1.1651408846785383,2,41
33,0.14297623227453932,0.7531127047538757,2,25
34,0.19135271845541402,1.1553866331066405,2,56
35,0.20751665502548938,0.33133093583381784,2,59
36,0.5713886959127087,0.8761330374649593,2,105
37,0.2886146474030475,0.42822027012705804,2,200
38,0.23671955272968934,1.1367936784029007,2,200
39,0.15316028856588204,0.11309275753796101,2,200
