0,0.3745647694015836,0.4195941162109375,2,200
1,0.06822119752981844,1.2661468160152436,2,200
2,0.15752982267795218,0.9329813343286514,2,200
3,0.46107164507587967,0.1634071174263954,2,200
4,0.26826699740536336,0.9686359360411361,2,37
5,0.346000945400016,0.8282285518944263,2,64,2.4797649987854427,1.0193845828374226,2,67
6,1.043372518026601,1.1143680126109021,2,47
7,0.42083264379733426,0.3665861415863037,2,200
8,0.1212881039048423,0.7815629068017006,2,200
9,0.5590079576776582,0.8576796126365661,2,200
10,0.6693725081821063,1.1624752641503329,2,153
11,0.441696396073242,0.7753671740784365,2,102
12,0.348275388347416,0.835587145351782,2,82
13,0.9292832799728141,1.1923001607259114,2,15,0.24621063328200268,0.9319152729264621,2,44,0.9846726455565357,1.005805534666235,2,99,0.3203368819724033,0.964180327287995,2,200
14,0.09309563555332453,0.6887894775353226,2,51,0.7974015665879859,1.1348216501658395,2,200
15,0.48228122833245585,0.32391345605254174,2,200
16,0.07462780822961416,1.082953080534935,2,200
17,0.3695737721316471,0.740252897266514,2,121
18,0.4135460855515947,0.997312741279602,2,25
19,0.4736368109164382,1.0857641696929932,2,22
20,0.4047695990161143,1.0171253914418428,2,46
21,0.033228043183952304,0.17047735852395704,2,167,1.2231008635029026,1.3946474148676946,2,180
22,0.4822744497206125,0.6218676936626434,2,200
23,0.09872654005442846,0.8719493690878153,2,32,0.715816592982373,1.0919755785553544,2,59,0.22222864956419686,1.2403759797414144,2,89,0.8355128055592176,1.2512993162328547,2,100,0.1296362257548562,1.2715836441516877,2,200
24,0.36145066063139253,0.9387610793113709,2,200
25,0.12286175709858099,0.21276014044880867,2,200
26,0.39419834164102985,0.2575619942694902,2,200
27,0.8053135183967034,0.11879507079720497,2,200
28,0.37659410979795443,1.2001325583457947,2,200
29,0.6037003720450956,0.7181355166435242,2,200
30,0.11117031806599095,0.7332726657390595,2,200
31,0.35681709490745084,0.37664742004580615,2,82,0.7383079325226916,0.6861684433051518,2,117
32,0.29542774928162024,0.9483935649012342,2,81,0.7335405701766474,0.936790597993274,2,124
33,1.276234684294199,1.2923579857899592,2,13,0.04991212996931505,0.6819878617922465,2,49,1.193468115274127,1.2040192430669612,2,71,0.029487889810159394,1.0243638498442513,2,78,1.6436514143271532,1.1907492339611054,2,98,0.021549743402836625,0.8349001180557978,2,119,0.7628960494839323,1.4627549923383272,2,132,0.0454733274569462,0.8374023609436475,2,184,0.10258050726582198,0.7161350920796394,2,200
34,1.0530696120019059,1.138002149436785,2,46
35,0.3189110987755078,0.6140610775351525,2,200
36,0.3820163233755634,0.5834282732009888,2,200
37,0.3133553518699408,0.9117708413497262,2,46,0.7467273705710387,1.0763220268410523,2,200
38,0.16590064595172538,0.419376882314682,2,200
39,0.135649940325015,0.8247188064455986,2,200
