0,0.3475901148162789,0.9605068188905715,2,200
1,0.3696967769086376,0.7213243836164475,2,200
2,0.19997100393721143,1.0536105144023895,2,200
3,0.06674957493713592,0.6940527078509331,2,200
4,0.40903823906250225,0.3262174554169178,2,200
5,0.5805306788999296,0.5891378593444824,2,200
6,0.08930954801736395,0.7986994664719764,2,94,0.9221423643671303,1.2176085009294397,2,111
7,0.5729686631719408,0.7320590159296989,2,200
8,0.20878649667505436,1.0537381023168564,2,200
9,0.059622563775098746,0.939337500333786,2,200
10,0.21956494063859944,0.12061141708562541,2,43,0.8868487127479905,1.2382684401103428,2,78,0.7192356097868925,0.9362639727131012,2,109,0.39664962768057477,0.1277133531868458,2,129,0.9366208605122555,1.1721271204948425,2,179
11,0.8175368348263361,1.0003897404670716,2,200
12,0.5029427516960493,1.009384651184082,2,200
13,0.49269015496271945,0.6943545036537703,2,43,0.8001797931006766,1.0505698159888939,2,178
14,0.08294533731701613,0.20272423596458233,2,94,1.0440017831033366,1.2154172383821928,2,107
15,0.43038305572044816,0.547666413038969,2,200
16,0.17549541027611767,0.1190494555979967,2,200
17,0.3240449088518449,1.338809491458692,2,190
18,0.1839679486755568,1.4629155290432465,2,78
19,0.23163678597363196,0.45753158137202266,2,200
20,0.2677983625512572,0.9142415622870127,2,24
21,0.178348543700726,0.7702469940368946,2,26
22,0.17022168390844047,0.9875660332766446,2,55
23,0.13648086201428541,1.0916690254211425,2,50
24,0.8001524515754787,1.1013428623026067,2,44
25,0.7952678943236173,1.0478689798286982,2,28
26,0.7541775555669786,1.0559970438480377,2,44
27,0.1895774340814245,1.0150854632258415,2,200
28,0.34716114308184937,1.0313904682795207,2,33
29,0.16571633878244116,0.8815357375144959,2,200
30,0.219542209388243,0.436621186286211,2,200
31,0.4081169196660777,0.6054523995518685,2,200
32,0.2651991809730656,0.4343326959013939,2,200
33,0.37463672551714616,0.7735348264855074,2,83
34,0.3455579372487146,0.7845453146100044,2,200
35,0.5666087010502544,1.0352859458615702,2,62
36,0.0314185179181562,0.8162452562859184,2,38
37,0.08104330055159868,0.07998474106192589,2,200
