0,0.17943703715046466,0.9939586950672997,2,36,0.023553415733927958,0.6258602304892107,2,69,0.23545296554528064,0.9583634825153206,2,200
1,0.23111774846412547,0.943757996414647,2,99
2,0.054936982246666995,0.668820615037013,2,118,0.35421210332381114,0.7360397947997581,2,200
3,0.27768244171946294,0.6505410937429632,2,103,0.058434188640293705,0.5618660944638793,2,200
4,0.21145553538648337,0.42339044600725173,2,200
5,0.14393699400911872,1.1791760696555085,2,159
6,0.023784424197919832,0.5581293026606242,2,30,0.31257247143724387,1.4553674161434174,2,58,0.029490658081264283,0.5684281861459887,2,132,0.11547339126160983,1.2004960814819616,2,200
7,0.2931064804553949,0.7534305850664774,2,39
8,0.11720181820461555,1.0390887053886262,2,101
9,0.22125465513301248,1.0031204731762409,2,200
10,0.44017251995744017,1.4953771321861833,2,54,0.014442919892585398,0.22649597090024215,2,80,0.5103950954904245,1.5322025102727554,2,97
11,0.31621217495495124,1.141540333527286,2,147
12,0.24623611309858864,1.2372175575008053,2,169
13,0.25884223074627183,0.9313515548298998,2,164,0.019323483037120132,0.2940906108253532,2,200
14,0.06490798821712053,0.8107859360821107,2,68,0.31039383075625304,1.2793281773726146,2,164
15,0.31284390983461324,1.2241616619044338,2,29
16,0.038066389257134396,0.5347589714095947,2,94
17,0.35161090666969624,0.5330753239989281,2,200
18,0.05474652955935113,0.5962326349690557,2,32,0.25347991047933244,0.9120287299156189,2,125,0.03343730196566368,0.6998406513532003,2,200
19,0.2865255110045414,0.824805254638195,2,200
20,0.3115824414763754,1.013762167373369,2,172,0.06614795988020881,1.0393288901873998,2,200
21,0.3300414027316483,0.5936098350605494,2,71,0.03159057313738992,0.806909089943148,2,124,0.14048741014867433,0.6112214126869252,2,200
22,0.18051826599001844,1.1066367959976195,2,200
23,0.20215627367082284,0.9065434753894805,2,200
24,0.15495721370060367,1.071455021565025,2,148
25,0.145487853614063,1.2405186093459695,2,177
26,0.4127431364973426,0.5663259963194529,2,30
27,0.167065800624271,0.8249659291258803,2,111
28,0.1653579614600045,0.9522330774201287,2,45
29,0.1673736220482173,0.6305651959776878,2,200
30,0.2601471269628315,0.45011318162083624,2,200
31,0.24605999841674794,1.0181228536367417,2,200
32,0.3458776843993616,1.0116294975633975,2,162,0.04939580321130755,0.6660963634127065,2,200
33,0.29724217421518,1.2825816094875335,2,200
34,0.26011653182793787,1.2855802071094513,2,200
35,0.01627040606534053,0.6076291306265469,2,29
36,0.28539783676048164,0.8353245923152337,2,26
37,0.46400289901770553,1.4143587628076242,2,43
38,0.47975892685201016,0.5797569478551546,2,24
39,0.45349528602553274,1.2699142575263977,2,50
40,0.3130691816101141,1.0105587773852878,2,162,0.036642193916250544,0.7854134848243312,2,200
41,0.1817056193223688,1.1754293157160283,2,200
42,0.27495270374903563,1.2742996368652735,2,39,0.021215070156491964,0.7103652159372965,2,69,0.37190674802247875,1.321185999244224,2,200
43,0.25798382734615183,1.032369476827708,2,88,0.03956334400681697,0.8231353876846177,2,200
44,0.08231565015969035,0.934492339106167,2,153,0.3313983366979218,1.0588418752589124,2,200
45,0.25139314859533063,0.9237533339971229,2,158,0.018257486675259785,0.5564823228379955,2,181,0.28637229170702994,1.13488443274247,2,200
46,0.034848872065624314,0.6264221955228735,2,27,0.40835375406823465,1.1326746881008147,2,67
47,0.12209579079332337,0.7992605320991032,2,63
48,0.24449204433034483,1.0877040732990613,2,22,0.04447786818007736,0.666704508883894,2,143,0.2565510491439022,0.9826669295628866,2,200
49,0.06320527114549271,0.7704102938825433,2,143,0.33065355015089604,0.8626910950008192,2,200
50,0.2550437621569468,1.1089101861008501,2,113
51,0.2254457942771276,0.9289510195905512,2,44
52,0.23599602536456601,0.7827326601201837,2,55
53,0.2679267901060758,0.9971250414848327,2,200
54,0.30661913238446364,1.1650167510316178,2,37
55,0.051441713642088986,0.7832312546670437,2,56,0.2985022499105321,1.1319204966227214,2,125,0.03227640931282867,0.5985901514689128,2,200
56,0.3097838152902819,0.5383619266748428,2,200
57,0.15303392477408093,1.402758446686408,2,34
58,0.2070592389628686,0.8498411133885384,2,200
59,0.21084461772658059,0.753923516869545,2,200
60,0.2577201747958038,1.4823526868633194,2,51
61,0.04037538789864003,0.42194797134760653,2,165,0.1911953355656932,0.9682191031319755,2,200
62,0.25448737582147096,0.9460019620638045,2,126,0.022967587318352887,0.7117327385478549,2,153,0.3097291746660547,0.9812282831110852,2,200
63,0.23496782576655897,1.2268355852365493,2,200
64,0.05342487623848978,0.5393280518742708,2,26
65,0.3285983713031994,1.1503955334424973,2,40,0.020046312546731015,0.6671454721483691,2,69,0.2749794348014606,1.2751344251268693,2,200
66,0.2977863684200678,1.4484279876531556,2,43,0.017596158110463618,0.6830613929778337,2,75,0.1514585305414025,1.1815700196027756,2,200
67,0.26079394219101404,0.6982176768779754,2,200
68,0.3222766955846367,0.9160503612624274,2,45,0.03428224500084366,0.6705865616148169,2,133,0.30279565753220006,0.9390208365312264,2,200
69,0.2833304747035039,0.9334776818362716,2,153,0.03244727681085925,0.9639327830456673,2,200
70,0.079597938051077,0.9041015928983689,2,200
71,0.13815049917009423,1.152913797602934,2,170,0.07194865469549794,0.42255708475907644,2,200
72,0.2218826572465796,1.0613767474889755,2,200
73,0.19688363243076717,0.9586576825440533,2,99
74,0.17240570336930866,0.42679286232361424,2,52,0.22803100915477872,0.9436840817735002,2,200
75,0.3194212301235495,0.7117693120241165,2,200
76,0.29236797335112197,0.7621626114845276,2,200
77,0.31115061153764323,1.4225440121466113,2,124
78,0.17762004564919992,1.069778755745467,2,136
79,0.10750307406595509,0.8850423749887718,2,53
80,0.0997335709420148,1.188852572441101,2,40
81,0.3327908168691465,1.0258082789182663,2,200
82,0.0944325466047535,1.2295015859603882,2,200
83,0.2830750066913518,0.9638221982452605,2,180,0.03267581274725515,0.21773334592580795,2,200
84,0.28789497133848707,0.9066299469769001,2,200
85,0.2957149143060414,0.754916845858097,2,200
86,0.3494422008584813,0.6858376897217935,2,114,0.06076190615399891,0.6734031977360708,2,171
87,0.2193577214474914,0.6551714638868967,2,24
88,0.28511021881340604,1.385694071650505,2,16,0.023660475731526624,0.21163276210427284,2,84
89,0.28653297794015553,1.4313540530000997,2,117
90,0.27019059775055154,1.2737416446208953,2,40
91,0.021704420837529517,0.5219093434354092,2,47,0.2905002270640553,1.2626653301949595,2,200
92,0.20361148687357092,1.3547561699151993,2,200
93,0.23049398185390185,1.2121982389688493,2,200
94,0.1664690734012006,1.3594368515476103,2,155,0.025886801326161613,0.42201402898018175,2,181,0.32751116275582803,1.7426394851584184,2,200
95,0.32050577673306707,1.1003510916233064,2,200
96,0.30008572097165614,1.2277767152497263,2,66
97,0.27970235406003263,1.1922373941966466,2,63
98,0.20467831872618886,1.121867193778356,2,135
99,0.25714828545532153,0.983693258610764,2,173,0.03312872996276558,0.6104702662538599,2,200
100,0.3102107046601187,0.8070665236030307,2,56
101,0.2410050034360339,1.5764606048663456,2,96
102,0.3075255100218994,1.0405660612242562,2,28
103,0.0861476450282431,1.0591367316246032,2,200
104,0.3153472353820108,0.7439844834804535,2,200
105,0.2048941117139976,0.7092900260136678,2,130,0.05942029885881603,0.45661730425698416,2,200
106,0.3359765528305996,0.9575107085704804,2,200
107,0.13097347551432437,0.916914576292038,2,200
108,0.3068364920951047,0.32002229802310467,2,48
109,0.30629180241205584,0.6870220775405566,2,24
110,0.297315792167822,0.8524154641411521,2,22,0.020116186722723826,0.6190964579582214,2,63
111,0.2777432443097045,0.5887139501242802,2,29
112,0.23322713604789097,0.4570510161889566,2,37
113,0.2901337665710001,0.6853445744514466,2,25
114,0.026824611951079567,0.24449243396520615,2,18,0.2765626582388939,1.7707391060888766,2,178,0.06823501355338718,0.7064124237407338,2,200
115,0.03196673848601596,0.3823541212081909,2,75,0.3354308572328144,0.763917094707489,2,200
116,0.291524530948314,0.9778299167484581,2,167,0.01862118295627317,0.22138850526376205,2,200
117,0.3657215188435446,1.540814125019571,2,23,0.02348137206266402,0.15773143566830058,2,94
118,0.12649643620947462,0.6705418685078621,2,200
119,0.05406365342967203,0.7280606295381273,2,70,0.24023024232272264,1.0459941680614764,2,200
120,0.3644148396729249,0.9884188166625208,2,139,0.026021060761555807,0.5119554915211417,2,161,0.35841409575602867,1.0615229942859747,2,200
121,0.3096612295879202,1.573034780996817,2,27
122,0.025948868100467554,0.8442607335015839,2,51,0.2589594998552299,0.9836796008307358,2,80
123,0.2820311211127628,0.884153026342392,2,30
124,0.029873851126542013,0.2840590841240353,2,18,0.23265852315164684,0.7062327166398367,2,96
125,0.21133026903805827,1.125392653973274,2,153
126,0.26390129268441004,0.9309642053785778,2,105,0.01913989638604787,0.17324723641980777,2,127,0.2615272728918426,0.8908632952873021,2,200
127,0.3030782792256476,1.3494709779476297,2,145,0.0820627105356822,1.3562618038871073,2,200
128,0.24717805399336118,0.5332875458633198,2,85,0.08548056731107088,0.7671859629776167,2,200
129,0.2466084158029762,1.0710574321448803,2,80,0.028226663529464693,0.898136563342193,2,138,0.26626231475688655,1.2370210020772872,2,200
130,0.2065838706888414,0.8369995335286314,2,132,0.03396841872389248,0.804518420030089,2,200
131,0.2465014628918587,0.7444797847853151,2,172,0.04911004434652064,0.7886093003409249,2,200
132,0.28697432875801065,1.5998236706657132,2,137
133,0.20138293888955797,1.1350572665771805,2,166
134,0.13808337040654106,0.9885770346700531,2,97,0.025662975878603233,0.5278424389576644,2,186,0.26759228474931146,1.3011739339147295,2,200
135,0.040446367521978104,0.3555560750620706,2,14,0.2861831518267064,1.4042525092760723,2,200
136,0.2801086407899716,1.324826005321221,2,149
137,0.13916844649980672,0.8537250297516584,2,200
138,0.042798467156227704,0.5971535079076257,2,71,0.3647527076464389,0.676506653879628,2,137,0.07733770226261862,0.8493633204036288,2,200
139,0.22354177274543682,0.8166669750213623,2,200
140,0.1824247284111399,0.9852633384557871,2,52,0.02814328729007884,0.8383384405112848,2,93,0.25782041645920206,0.9921551720004216,2,200
141,0.2388876896603126,1.5278894932039322,2,155,0.04210385248144305,0.2781020353237788,2,176,0.34386043698433827,1.5608109285434086,2,200
142,0.2026770565357656,1.0268611270189285,2,200
143,0.2016559111923171,1.2781289956148933,2,68
144,0.325239182450159,0.8300612738728523,2,200
145,0.05056178585686781,0.6696366434161728,2,74,0.21202871597565665,0.7678717289652143,2,200
146,0.29008963277675015,0.6196948106586934,2,200
147,0.31052112774292334,0.8758188587427139,2,200
148,0.05417790879719732,0.7320122775041832,2,53,0.3603378443078472,0.7698949613469712,2,147,0.03902684701775807,1.0144315643130608,2,200
149,0.3896682208913522,0.9342166923341297,2,147,0.030789109911403652,0.20547957169382194,2,166,0.39313571827246835,0.9589749749969033,2,200
150,0.19819620115660314,0.829446968051695,2,155
151,0.09167170777361537,0.4008491110801697,2,25
152,0.13211613198063987,0.9694422322511673,2,200
153,0.060481694313834135,0.732485199585939,2,39,0.299686447056377,0.9519080401376914,2,170,0.05812590425633668,1.0207102696100872,2,200
154,0.20298025992934315,0.8280482533574104,2,200
155,0.2502063744335097,1.3061688786203212,2,88,0.05344744883789982,0.6881554875618372,2,127
156,0.2050074303516119,0.5901575829786591,2,158,0.055794985415743285,0.7017131433600471,2,200
157,0.3163900169572801,0.7057542431354523,2,200
158,0.037497923301265945,0.8731769731751194,2,54,0.24938728789350903,0.9259966644522262,2,200
159,0.3313873608863531,1.2924680592308582,2,71
160,0.37621412007417354,1.1161230381797342,2,17,0.041963125975292774,0.7891494733221988,2,64,0.3068462994790761,0.75887141990311,2,200
161,0.21341461597300157,0.9563066363334656,2,144
162,0.22075720929477596,0.9468233469993838,2,31
163,0.3931857309696777,0.6083791477735653,2,43
164,0.22247613307006542,1.2651768777428605,2,41
165,0.19844271549225256,1.0476791684220477,2,41,0.0173858732770334,0.8525352821205602,2,74,0.18979523308535012,1.2848211782319205,2,200
166,0.26351622121667123,1.2223318467537563,2,48
167,0.22678714204555897,0.817988251710867,2,77
168,0.21161269432563046,0.76162717739741,2,30
169,0.09394271131148256,0.8240328981326177,2,39
170,0.19180340619696382,0.7368597668409348,2,200
171,0.15400963600204226,0.5432630363106727,2,200
172,0.1946263890388399,0.6245430827140808,2,200
173,0.4038582149935576,1.3631557416915894,2,25
174,0.28979459150401754,0.6207907220721245,2,200
175,0.29845973696294703,0.8172029621392778,2,103,0.042184934517959564,0.6215797358566952,2,200
176,0.2707204368060242,1.0771984220330233,2,153,0.17716126826718076,0.5399552818308485,2,200
177,0.2999136086067486,1.1701748017911557,2,27,0.03901097890993635,0.8500649727880955,2,67,0.22949526886850719,1.1341081042038768,2,200
178,0.23381278621435403,0.820695818507153,2,115
179,0.37315799936733207,1.6239540841844347,2,27,0.03142112857324392,0.918928961455822,2,67,0.30606061545794544,1.5125036530716474,2,153
180,0.18851927196160972,0.8931151048342387,2,150
181,0.17082877637050853,0.9868073230981826,2,200
182,0.152284065248503,0.8116699650883674,2,200
183,0.23281374852190118,0.5052686347050613,2,178,0.036200347302162005,0.3923044624653729,2,200
184,0.08649568451239376,0.6135615526884795,2,200
185,0.20881434971588944,0.7400672467882762,2,167,0.04012478167522266,0.8544136421246962,2,200
186,0.27881683377723016,0.862643904660059,2,92
187,0.36476236136237344,1.357464741307793,2,141,0.011021385349514209,1.093184850432656,2,152,0.21700931316391023,1.3457601517438889,2,200
188,0.02227025505417345,0.5864753235470165,2,11,0.3107159317103062,1.266387381051716,2,49
189,0.1873149920708743,1.0564370512962342,2,20
190,0.38060636891656263,1.2063670272696507,2,73,0.03041529972455726,0.8416478346895289,2,100,0.2640549968513032,1.201839926915291,2,178
191,0.06316736803308869,0.8026199296901101,2,95,0.22338759479827158,0.766567417553493,2,200
192,0.22461362945070018,0.7018059099477435,2,126
193,0.027494348150843357,0.7970565358797709,2,51,0.2173148560097208,0.9014376918120044,2,163,0.038456083475449813,0.6981651782989502,2,200
194,0.3149249743754376,1.260962448422871,2,63
195,0.3359679497781624,1.0956611151390887,2,141
196,0.04750762300945444,0.8849199621573739,2,69,0.24654195278519045,1.1020958551013742,2,200
197,0.20311592777631518,0.8275920501351357,2,200
198,0.06129883378659998,0.7136754725800186,2,61,0.27112929700914473,0.9994513602565518,2,200
199,0.3285260087312861,0.936510177453359,2,105,0.016953883057269727,0.2507827832646992,2,128,0.25302429700933887,0.8580965043769943,2,200
200,0.3148877066518814,1.1880710124969482,2,200
201,0.28490842422054213,1.0129060648908519,2,99,0.017151490856668148,0.4397716632595769,2,126,0.2379211698294999,1.057029819166338,2,200
202,0.20317945802299953,0.8116735437512398,2,200
203,0.27681863009975877,0.9312244841926977,2,19,0.013775583139894054,0.7084178366968709,2,50,0.30339680069503056,0.9296654687411543,2,119,0.08456792467101361,0.7264841103259428,2,200
204,0.14621698427714136,0.9809042839705944,2,200
205,0.19589405387019612,0.6905187073349953,2,200
206,0.23269304069017818,0.9363948760926724,2,200
207,0.08609096558847734,0.9513067781925202,2,200
208,0.09493070023748772,1.4091111623634727,2,59
209,0.27005471335493947,0.6275110924855257,2,78,0.04650498420164679,0.7665350741810268,2,123,0.32971628166433803,0.6542603328824044,2,163,0.03494445301009784,0.7490936259965639,2,200
210,0.05510258717576551,0.9274938545007815,2,87,0.31860607876659736,1.1159200895149095,2,200
211,0.4218931341972777,0.9704577858958926,2,56,0.025512100291044396,0.35434709046338053,2,93,0.2886507593644618,0.8812800244750264,2,200
212,0.26201894175192775,1.4507516417452084,2,93,0.03500103365451514,0.7640311495165959,2,200
213,0.34266244998206563,0.5104525852203369,2,200
214,0.030653680737713834,0.3950821598691325,2,31,0.20973888768398416,1.093309955484063,2,200
215,0.07056875726835737,0.8334593666295935,2,137
216,0.31728983785550036,1.2312366962432861,2,14,0.02630064923316352,0.758255723449919,2,50,0.19443774086804863,1.14838159263134,2,200
217,0.09259657271709039,0.7636399434506893,2,200
218,0.20837424410366026,0.673769432671216,2,49
219,0.17398933956209775,1.0866316572312387,2,155
220,0.23273353131172486,1.2203381085395812,2,200
221,0.31688776890684334,0.9422736722230911,2,200
222,0.24646329421677013,1.1524521746847889,2,101
223,0.024534479790104417,0.3398370437843855,2,43
224,0.27965345060403046,1.0375313347578048,2,200
225,0.24313307638216725,0.9496169202029705,2,200
226,0.23622366354788243,0.744524231851101,2,200
227,0.2168142129731766,0.6125745257735252,2,200
228,0.22662400614716885,0.7957686740538977,2,173,0.022681707057103578,0.2137663397524092,2,200
229,0.27613634774965845,0.962629315853119,2,200
230,0.22476788449129695,0.8513031771054139,2,74
231,0.2997056474154321,0.6281123503561943,2,155,0.04636634380138296,0.7725346300337049,2,200
232,0.26498019814420404,0.9138838481903077,2,200
233,0.2593325973465777,0.868760059549384,2,146,0.04100561462593309,0.8459029164579179,2,200
234,0.3646514858252421,0.6179680358795893,2,105,0.03518432857785348,0.7944012380415394,2,136,0.2729159953223307,0.6937591973692179,2,200
235,0.027461982626906495,0.18172765102075494,2,23
236,0.43503126556342514,0.8065176989351001,2,14,0.029969092060766082,0.519010250467852,2,97
237,0.10900825991149747,0.5948108174862006,2,78,0.3195985665654821,0.8162234024923356,2,200
238,0.024314105667113443,0.4661671810371931,2,43,0.27411767517564356,1.3489327694580053,2,200
239,0.36310978598105614,0.26164003887346815,2,14,0.022352589810479502,0.5861132679841458,2,53,0.24501582043664377,0.534281729638171,2,200
240,0.019525347628448705,0.5627978074139562,2,29
241,0.2540270008876919,0.9307067233324051,2,200
242,0.20380339689155003,0.7541760551929474,2,200
243,0.31637169498900486,0.6518518775701523,2,200
244,0.16553631026019808,1.0626746249198913,2,200
245,0.4114966081909079,1.3356871781525788,2,27
246,0.07271609345007309,0.5541543641260692,2,42,0.31972504404968155,0.7113892820817006,2,200
247,0.26183937887422376,1.2899100803121735,2,158,0.008597299215725879,0.9374582529067993,2,168,0.3028703781352968,1.3423459380865097,2,200
248,0.22324222556186646,1.1755866241455077,2,200
249,0.21217704365610698,1.3071903249491816,2,23
250,0.03936669680554276,0.8389643694994584,2,106,0.3219002054006574,0.8470630177429744,2,120
251,0.2586985018106854,0.5157958473200384,2,92,0.05333108815423617,0.6071882534910131,2,200
252,0.143077460968661,0.33274409088116247,2,103
253,0.31534497049859583,1.151784652755374,2,42,0.011910507203543433,0.10675804775494796,2,68,0.28540651220241975,1.138362463315328,2,83
254,0.1737181283548657,1.0956516592126144,2,95
255,0.20297481814415086,1.060598145660601,2,190
256,0.1822902790299575,1.108092355005669,2,33
257,0.045266571763734116,0.6957389616303974,2,90,0.29717640826043124,0.9634520944320795,2,156,0.02097763381000611,0.6872106730937958,2,176,0.19211925027175508,0.7114680881301562,2,200
258,0.44234775071666316,0.9522306654188368,2,27,0.006291639777757086,0.4429144425825639,2,38,0.32676188173798576,0.8003135277674749,2,77,0.029954778295132888,0.6225499919680662,2,163,0.2498929812404191,1.0798628426886894,2,200
259,0.046395375180258276,0.6961199179291725,2,40,0.2791496408313459,0.7097551908344031,2,200
260,0.04986517697862053,0.7851602888443101,2,71,0.22802488022981612,0.6945344084917113,2,200
261,0.26468244072962294,1.5763682188658878,2,58
262,0.27259730944692484,0.8632858118414879,2,200
263,0.2886192834941549,1.2771063023805618,2,200
264,0.20241311327385497,0.867932570129633,2,200
265,0.3945182519640901,1.2838909065022188,2,51
266,0.20499586340945108,1.110345563580913,2,31
267,0.02425772436084337,0.438781534737729,2,47,0.19310516895105256,0.3869769376477385,2,200
268,0.2717235137722582,1.178928130865097,2,200
269,0.21541085821707967,0.9030928590893745,2,200
270,0.2870074969280278,0.9560067605327915,2,74,0.026351244152579997,0.44633163397128767,2,165,0.20947126474914352,0.5648981715951648,2,200
271,0.1340317115015254,0.8757291775941849,2,200
272,0.33567411235361855,0.8234967179972716,2,99,0.02556180249439895,0.5509430297783443,2,127,0.24488095583564826,0.8722893007814068,2,200
273,0.2664242181719108,0.6791450911098056,2,18,0.019681385943232304,0.5831425794073053,2,55,0.1165638790940905,0.6468009372036179,2,132,0.02366153661187921,0.74055357540355,2,200
274,0.20072172575036745,0.7342120083895597,2,77,0.026442499107930548,0.5273097864417142,2,163,0.19597642849824565,1.0113412367331016,2,200
275,0.27825429663257567,1.1284449088076751,2,96,0.03501976057095605,0.7261633518196288,2,138,0.3330136367896011,1.0136526130860852,2,200
276,0.35761281432417097,1.3130892503720064,2,104,0.022632159390226125,0.6780862067684983,2,137,0.30570846840936794,1.2780355271838961,2,200
277,0.3560963341992597,1.105745018674777,2,104,0.019036475117953505,0.7719220175887599,2,137,0.273734537209632,1.0631199772395785,2,200
278,0.11953366269377343,0.8172414514880914,2,104
279,0.4458826472582876,0.3178367242217064,2,8,0.022581186450939227,0.5580927863926954,2,79,0.18556394484115601,0.4766851235181093,2,95
280,0.04957722416276712,0.7678776009285704,2,94,0.2864158484138365,0.9172708864481944,2,200
281,0.27349819377388773,0.8998261362314224,2,20,0.04619621260843538,0.8161137506831437,2,148,0.31858750005155806,0.7473547699359747,2,200
282,0.3449731531587628,1.4971571842829385,2,45,0.02465811841540849,0.446095839927071,2,83,0.3537944260362637,1.5487668575384679,2,200
283,0.23107909082827258,1.0453422808647155,2,50
284,0.2884433025338227,0.5504391270875931,2,200
285,0.3084265244699974,1.448598865252822,2,67
286,0.042032113090341466,0.7156401879332038,2,89,0.2022768528232752,1.1973126138652768,2,200
287,0.18513517398911286,0.8852322922646999,2,200
288,0.06511866776410394,0.5143141832202673,2,40,0.30230540653811283,0.9273648574238732,2,166,0.031457809024640265,1.1485760853840754,2,192,0.6378843359962549,1.0134257525205612,2,200
289,0.2729529442568374,0.9287852670835413,2,46
290,0.15800349784044188,0.5740994598184314,2,56,0.04111089821621948,0.636206167847363,2,123,0.295479903488632,0.6974697229150054,2,200
291,0.2461730117243822,0.9760758490398013,2,145,0.0159411951610784,0.2129333795685517,2,164,0.3074174573506441,1.1227533717950184,2,200
292,0.30047981094785914,1.0949305757399528,2,124,0.01830700600860131,0.7029559974159513,2,152,0.289262351041011,1.1372407153248787,2,200
293,0.07158728161964553,0.9888304667813438,2,140,0.23717875841208294,1.3920352021853128,2,200
294,0.026838644356090954,0.7142759866830779,2,41,0.295173261845628,0.6262733873866854,2,146,0.02505969026411742,0.5587461875832599,2,169,0.26419989669193344,0.604266389723747,2,200
295,0.2797632353028134,1.4186777885143573,2,39
296,0.2665734165862664,0.8957874405951727,2,42
