0,0.10077023256213766,0.8974742864072323,2,200
1,0.2603009718671591,1.5004543727636337,2,200
2,0.3417948390524763,0.254205397516489,2,20
3,0.2814337161044854,1.3418275731982607,2,66
4,0.035754259240744025,0.8256722178898359,2,38,0.28562861486189334,0.8437178565396203,2,110,0.03274820447463608,0.9375394242150443,2,138,0.2783601394435167,0.7372437946258052,2,200
5,0.24108482127147898,1.139230894319939,2,33
6,0.1138036723808642,0.8284010430797935,2,64
7,0.07085676106639663,0.5393948789972526,2,52
8,0.34432884394838065,1.1878914483662308,2,58,0.024008278601836564,0.7109725475311279,2,95,0.2974069922490117,1.18739393835976,2,200
9,0.30833970135987754,0.5814870232343674,2,200
10,0.26830729183687696,1.0813988494873046,2,200
11,0.2538771392880899,0.5815964573994279,2,160,0.06439621883197506,0.7896743401885032,2,200
12,0.022787119002632972,0.31024621261490715,2,9,0.30986753861518435,0.8996763906308582,2,149,0.02631729840235482,0.643614603791918,2,184,0.26890479104610865,0.9990231394767761,2,200
13,0.2912960531192882,1.1238413957449107,2,26
14,0.15042178272291543,1.287362257540226,2,200
15,0.2632767753674842,0.9331293952080512,2,31,0.021405422140304144,0.3538921665061604,2,75,0.08687455183271214,0.873310806274414,2,200
16,0.27929995759492504,0.3976777156194051,2,15,0.02102497704286485,0.4182488684747236,2,156,0.26361578960432763,0.9720432270656932,2,200
17,0.1530092592704358,1.09320568371486,2,143
18,0.26816552077667094,1.2789932092030842,2,24
19,0.31846753009521905,0.8755002892934359,2,26,0.031052658587229855,0.9970322648684183,2,68,0.290404869077087,0.7624827686584357,2,200
20,0.2576874854960138,1.001729764714837,2,200
21,0.19906224901581335,1.612111370563507,2,200
22,0.28334282135809374,1.419104780469622,2,42
23,0.2372163306739658,1.4375246013913836,2,70,0.08863262249434366,0.7042774453759193,2,110
24,0.2028714740169644,0.9336242115497589,2,200
25,0.2258705967507781,0.43043550501267114,2,120,0.03390089021753626,0.4460582682272283,2,161,0.2608113035261858,0.4499257260408157,2,200
26,0.3011114893828503,1.241566321888908,2,61,0.029561983609808138,0.6237564980983734,2,163,0.3445975244683078,1.310236441122519,2,200
27,0.32282038901731724,0.7609493982407355,2,31,0.023999212444929186,0.6802522636748649,2,68,0.2663805089218884,0.9255065041961092,2,200
28,0.22379244725517417,0.7586420626938343,2,200
29,0.1827660565341435,0.15415951013565063,2,30
30,0.22292715402812716,0.10602736678616755,2,29
31,0.2418400387370739,0.044089083710024436,2,31
32,0.2133000436908503,0.09009128944440321,2,22
33,0.27518984695745136,0.0702711214189944,2,46
34,0.2897158647683207,0.8343624094048062,2,74,0.03948498787697218,0.6239112953344981,2,164,0.2848632564771927,0.8211178382237753,2,194
35,0.2219791268303412,0.9796669368445873,2,200
36,0.24571547273824162,1.4579936075210571,2,175
37,0.3295161715961745,0.8260869295508774,2,27
38,0.17468701055519967,1.5779595870887284,2,113
39,0.08527060523508642,1.2637650641528042,2,55
40,0.057442444650858696,0.8315547496080399,2,60,0.2867085734406145,0.9351292678288051,2,200
41,0.16673469658950893,0.8894555925258568,2,112,0.037599681982772276,0.6971571454230476,2,180,0.27536691298245763,1.3391232907772064,2,200
42,0.2693331177579108,1.516153957247734,2,200
43,0.17928104211545706,0.9185520628094673,2,200
44,0.10948569775239106,1.00105406672639,2,68
45,0.20155082855839893,0.7760700806975365,2,44,0.02748339842448086,0.35379181504249574,2,174,0.23413561645038297,0.8730402061572442,2,200
46,0.24583316379077924,1.0618998380975986,2,109,0.031043381268647193,0.5699944892427423,2,200
47,0.2662948635716927,0.49797425329685213,2,200
48,0.2959383389419027,1.0286643119958732,2,65
49,0.3262092090390932,0.12474599656545454,2,144,0.06731452530450918,0.5533344921256814,2,200
50,0.28837046360344104,1.0271833524471377,2,41
51,0.18178670995011417,1.0693225249648095,2,200
52,0.2634066073838593,0.7866439917683601,2,200
53,0.0878860256401755,0.7927657002355994,2,123,0.2854774854803615,0.7641250150544303,2,200
54,0.14479168495122444,1.2338527473834677,2,109
55,0.22443192467079343,0.3231983206774059,2,95,0.04845342263281339,0.5464907094126656,2,200
56,0.42861119859048763,1.8610950366105183,2,101
57,0.1793674503043282,1.1681527190092134,2,82,0.032446258444224975,0.7161058161188575,2,116,0.2839877721341284,1.4176543701940507,2,183
58,0.2262267132290779,0.963353805243969,2,96,0.06984364213756085,0.9326613980990189,2,200
59,0.2757128775745376,1.0073691319016849,2,85,0.03608833325912678,0.8399060789276572,2,136,0.28119882243912286,1.0859111715108156,2,200
60,0.2647788237959849,0.8196172118186951,2,43,0.053211937518691146,0.96976238489151,2,118,0.23265780770694486,0.8483910277122404,2,200
61,0.21789040773180232,1.4895203113555908,2,35,0.025633002223935563,0.5572424187110021,2,87,0.2589894692929141,1.6021694391965866,2,119
62,0.2520140211297594,0.482756440838178,2,30,0.031562088224908746,0.6668513464300256,2,68,0.24263645788489052,0.4835623168584072,2,200
63,0.05844663027920591,0.8318663357811815,2,68,0.2957836734753715,1.238547713467569,2,200
64,0.24705092808628512,1.5350961291790008,2,200
65,0.2910476532569615,1.4245585702186407,2,43
66,0.17832837166630425,0.5818158074113347,2,149,0.03924485922277182,0.5372688857948079,2,200
67,0.30155757156384705,0.9164754092693329,2,200
68,0.24118011972399525,0.688454540609156,2,103,0.028833898688746737,0.6808474572265849,2,171,0.33551454920213314,0.8526939729164387,2,200
69,0.3701858218555151,1.243400314758564,2,58,0.03676679734778969,0.6802568365545834,2,92,0.21268324625917204,1.1487944981566183,2,200
70,0.19348124830839367,0.11022935940487551,2,101,0.04159695283109848,1.1787155055999756,2,126,0.10338445367316913,0.263243345795451,2,200
71,0.21985619508748092,0.4070165766775608,2,200
72,0.34350188488946487,1.328330556084128,2,85
73,0.31334483415729514,0.99378164150776,2,78
74,0.3318000094821335,0.7022572149749563,2,119,0.031215113186372205,0.6746563618833369,2,174,0.28380479816488374,0.7953639328479767,2,200
75,0.2744802862652448,1.0116430749893188,2,125,0.07387073827543732,0.9071865383783976,2,200
76,0.025435253212129683,0.5690182712343004,2,9,0.3435028812476438,0.9982511510399623,2,200
77,0.022190178562254442,0.4719536671271691,2,13,0.29733836086328175,1.0921430404369648,2,78
78,0.14510815665070292,1.0964791634503532,2,68,0.018673999579695753,0.31765403483922666,2,120,0.2490114822739987,0.9680161699652672,2,200
79,0.2454623460615419,1.1576095098672912,2,43
80,0.1572024172482739,0.8130361403524876,2,200
81,0.23402520894588788,0.7491493245959282,2,200
82,0.29113364522866114,1.109681319307398,2,27
83,0.08246559706478304,0.6650613461221967,2,21
84,0.22274502504749483,1.0671286112070084,2,200
85,0.3532429487686913,1.0150080883359334,2,83,0.05186990255589442,0.6691019826537961,2,174,0.2992572242829827,1.1123839570925786,2,200
86,0.34598172630419605,1.4883032352477312,2,200
87,0.2449673207278902,1.2348385720417416,2,29
88,0.30981747047888575,1.3291505643954644,2,52
89,0.25546809748203453,0.743391431570053,2,200
90,0.22273720889644785,1.0955157178640365,2,200
91,0.28031667372171526,0.44232194480441867,2,21,0.01932405417633115,0.3602945658449943,2,125
92,0.3606374460577667,0.8129279694773934,2,22
93,0.2784201591564566,0.8317309904098511,2,100
94,0.14641213289388044,0.7996700730786395,2,67
95,0.3146618562331348,1.2896820712089538,2,200
96,0.3562474697574908,1.2795520120196873,2,45
97,0.4192119819317841,1.3517499721967257,2,65
98,0.2416825218872188,0.9046691294014454,2,200
99,0.26185017503574354,1.316275485754013,2,200
100,0.25029163391602693,1.1726465662320456,2,15,0.026895393438538338,0.3135290133856958,2,77,0.25340369426083764,1.3629484273553865,2,200
101,0.1616449544801016,1.1585961642292884,2,173,0.028239341527465073,0.4066608443304344,2,200
102,0.24677567080817533,1.5824560182435172,2,70
103,0.22204771570593793,1.330253739442144,2,56,0.039792509309678654,0.44244656676337835,2,119
104,0.3699613111480251,0.8688119186295403,2,45,0.026774025547720372,0.5894914541925703,2,80,0.3452387068043458,0.8261678253228848,2,132,0.020273652977667218,0.5253894929500187,2,200
105,0.0340578909187603,0.6727589964866638,2,13,0.13275575957131838,0.5853273831307888,2,21,0.3066096216478352,1.828580719132663,2,200
106,0.24789065623343542,1.4238291004808938,2,82,0.040897417702104276,0.6483468309044838,2,122,0.3186598554426321,1.4571667446030512,2,194
107,0.3512016923538715,1.488983543551698,2,49
108,0.2358527528288039,0.9116554146117353,2,47
109,0.23148024135135756,0.4927668550610542,2,200
110,0.22240482672238776,0.8344473114609718,2,200
111,0.29481833251256373,0.9554394902409734,2,37,0.03175685465669878,0.4028562594410832,2,200
112,0.1523235765413731,1.039120490550995,2,200
113,0.27867251716665065,0.7441817012429237,2,200
114,0.32038937388373845,0.9605989131060514,2,22,0.03825963305735103,0.609691480640322,2,86,0.25120501094537456,1.2592582639894987,2,200
115,0.034173339775217776,0.8496230159487043,2,35,0.1937777092770342,0.9292851495020318,2,200
116,0.15080033991749925,0.9838925449721581,2,113,0.031684317894102566,0.6903027509865554,2,159,0.2805389195499156,1.2409817183889993,2,200
117,0.19305755749773376,0.6578666369616986,2,200
118,0.07361417019895307,0.7807319088913929,2,87
119,0.21186228945695096,0.9517925894260406,2,200
120,0.3559875797750294,0.7813753420114518,2,200
121,0.22078336528307868,1.1061190792492457,2,126,0.03221865432398587,0.7751083694122456,2,180,0.25965035746806814,1.1729299008846283,2,200
122,0.29949405204191737,1.4193092966079712,2,25
123,0.20740754356320973,1.3835749228795369,2,24,0.02131948963176899,0.40179434554143384,2,46,0.2853429473443519,1.2876490013939994,2,186
124,0.32857565011870554,1.0048300658955294,2,17,0.01779191636337783,0.8172829264686221,2,38,0.17654312595523455,0.9889833989702626,2,200
125,0.24982344040623908,0.8513031438777321,2,95
126,0.043249688281201286,0.7784047441986891,2,104
127,0.08810638846682184,0.8193870675563812,2,200
128,0.24005924491412675,0.8320663532614708,2,200
129,0.20872173228961038,1.3863049801658183,2,85
130,0.09408161660743992,0.9952195647358895,2,200
131,0.33158514678744067,1.2527092467654835,2,110,0.025904910223193068,1.0532366275787353,2,135,0.20099124455637177,1.1528355745168832,2,200
132,0.26182483865055384,1.4285106078998462,2,74
133,0.21930760710441838,0.9114508652687072,2,200
134,0.1670741108245028,0.8736852106451988,2,200
135,0.22796210725966046,0.9885954296588898,2,200
136,0.16276287307901954,1.1732385926936046,2,83,0.033289730279225126,0.921233265983815,2,132,0.20541145784379095,1.3196533427518957,2,200
137,0.27969908990725867,0.9904820578438895,2,63
138,0.2138124401177029,0.842786385004337,2,130
139,0.07817763685275089,0.23183932327307188,2,26,0.20006878214940904,0.9081035314620226,2,200
140,0.02346999678109246,0.7894452316420418,2,35,0.1674067257038013,1.0509510074343,2,70
141,0.2643937044866172,0.6887374352186154,2,39,0.03510746991202399,0.78113010764122,2,89,0.20101802061640606,0.81445959129849,2,200
142,0.2709493208517963,0.496972331404686,2,200
143,0.23762531648814655,1.288041017651558,2,200
144,0.16338178711686466,1.1779107640061197,2,79
145,0.28652958218787944,1.0024826644282592,2,152
146,0.3213303722460905,0.5412894646326701,2,45,0.03398599289759986,0.7530070492199489,2,80,0.29400558850871533,0.61122767329216,2,200
147,0.1524884311630155,0.8922414274513721,2,200
148,0.21887987782751842,1.0424800773984508,2,152,0.05948148078298199,0.4180506778260072,2,200
149,0.13984349113209935,0.9161875779843993,2,144
150,0.3040209500483408,1.4242820471525193,2,40
151,0.2788398917042766,0.5591595411300659,2,45,0.02064366258657943,0.8238714585701624,2,81,0.11404663276319651,0.68570974369009,2,200
152,0.28352365878196234,1.4323397278785706,2,42
153,0.33076158440928066,1.3847748041152954,2,32,0.02226166900013199,0.41467108621316795,2,100
154,0.06511364065303943,0.9713051117641825,2,71,0.1787819427165933,0.43926669511853195,2,153,0.028875033175840083,0.5724027144147995,2,200
155,0.3121571919921781,0.9310979127883912,2,25
156,0.1819533752898771,1.0798248355068378,2,134
157,0.3525983985176279,1.544056051969528,2,40,0.03238742513797451,0.7578699828647986,2,122,0.26726247686774707,1.3065565457710853,2,200
158,0.1591469463206534,1.251325191820369,2,102,0.06362911801002077,0.6122472753127416,2,177
159,0.20685119608757918,1.3031080042023258,2,83,0.02578790284654203,0.8187539086148545,2,157,0.13759985221233198,1.191246883813725,2,200
160,0.19870914477786314,1.0100250774621964,2,200
161,0.19085870971185515,0.901478317476088,2,31,0.029144097533736653,0.25258209285410965,2,75,0.20205741726084453,0.7404706763042198,2,166,0.026955601983668188,0.4569133309757008,2,200
162,0.09202703793535036,0.5423158685232969,2,149,0.31170039094642976,0.409343209921145,2,200
163,0.24964515959349765,0.8735999141830996,2,166,0.04961102780429164,0.9015378128079807,2,200
164,0.3304481227689093,0.6682147942236717,2,151,0.03381724110731441,0.66038260422647,2,183,0.3151103081332975,0.6529221639913672,2,200
165,0.2361651202604163,1.1007186079025268,2,200
166,0.24704437639717558,1.207769689996258,2,153
167,0.3135838166986539,1.1136558011726096,2,27,0.01945134984742375,0.2824820083166872,2,55,0.34956743220638903,1.1667871675491333,2,180,0.054566578443551055,0.9841338694095612,2,200
168,0.3005193786591574,0.4920100896060467,2,200
169,0.17496440785801853,0.8546296851848488,2,134
170,0.19267791122754752,1.0008251128658172,2,62
171,0.1624135202084897,0.6964147329330445,2,30
172,0.1656945976861807,0.6548872905969619,2,50,0.029469546415444456,0.35459187412433485,2,189,0.37955358624395,1.0585433027961038,2,200
173,0.4529463953209412,0.8736371852102733,2,21,0.026900691346927567,0.43648157171581103,2,44,0.35561903655194305,0.9183586895465851,2,84,0.038271658573129086,0.5211050203617882,2,118,0.27633390624086734,0.9522287743847545,2,200
174,0.3083823142989433,1.370865570944409,2,86,0.024218509063844398,0.5452019349559323,2,177
175,0.17105071418133264,0.9792415472865105,2,200
176,0.21434936695243173,0.9898993388006959,2,79
177,0.30107298162163504,0.9625320738216616,2,106
178,0.15695861141197567,0.8507293470807977,2,74
179,0.27070482828175724,0.7259245965369913,2,172,0.05731465107625947,0.787204018660954,2,200
180,0.07388414292741813,0.9380272546330014,2,37,0.2959643537727793,1.201370694885956,2,200
181,0.28911887491856847,1.494233020327308,2,44
182,0.2623305329309641,0.8947918857846942,2,105,0.013205622891256817,0.3800541119916098,2,140,0.215429912770485,0.7764894505341847,2,200
183,0.2518190760515841,0.9408103722446369,2,159,0.020633399385095463,0.1687795583690916,2,187,0.2860179669088224,1.1499496148182795,2,200
184,0.23611837658660928,0.8375632491442236,2,101,0.022930286697787274,0.6558606259284481,2,163,0.32495660819667704,0.8897617588172088,2,200
185,0.31124724258346786,0.2848043318675912,2,46,0.023986376556922935,0.8415348299344381,2,121,0.2945675505356072,0.40269125224668767,2,200
186,0.2197099894801519,0.5555276536244027,2,188,0.012999165505260007,0.576277623573939,2,200
187,0.17849690014038797,0.6529510316447676,2,107,0.019916656159248324,0.2209228670055216,2,140,0.26843598322952034,0.8559004147847493,2,200
188,0.24856631974152477,1.0865449007455406,2,77,0.017738085501244526,0.6485037443874119,2,188,0.2740356081729726,1.1499430735905964,2,200
189,0.3186273296445951,0.6606439614295959,2,50,0.060471125202417424,0.88583714337576,2,113,0.33995232160327005,0.6021535938436334,2,168,0.03710758114346002,1.0423920154571533,2,200
190,0.13332272783011692,0.6147285862267018,2,200
191,0.24383124835424763,0.36490262150764463,2,25
192,0.280810499964023,0.8070621803655462,2,118
193,0.19628155654095747,1.1167860860409944,2,23
194,0.26269894091208146,0.9622308637784875,2,23
195,0.15374855127111176,0.7166851710576516,2,77
196,0.039550500209597265,0.6444551028311253,2,40
197,0.358460690617759,0.8949428030422756,2,14,0.02508537978814071,0.45690552175529603,2,137,0.20494432685721906,0.7624085913686192,2,171
198,0.2792549870211047,1.0054045041402182,2,45,0.047484130439995983,0.7613199242949485,2,145,0.2426261531875366,1.0503711982206865,2,200
199,0.1926243193907935,0.6876926397835766,2,135,0.0265989237164293,0.7248942170824323,2,170,0.32102676338785613,0.809347269932429,2,200
200,0.270075976374861,0.816758644580841,2,200
201,0.25594747370137044,0.757230327129364,2,200
202,0.0564479331594171,0.905756727900616,2,86,0.3230145871129755,1.5636463374422307,2,200
203,0.24921348566961832,0.5608380921185017,2,200
204,0.23257239616276001,1.3713886622763887,2,158
205,0.22524415171312467,0.7824577468633652,2,200
206,0.30898048589105476,1.1586140813054264,2,37,0.02088620460057491,0.31515134547067725,2,83,0.3308357041473327,1.1881723831861446,2,200
207,0.20656003003587142,0.7578702526433128,2,168,0.046960559642211006,0.7784390989691019,2,200
208,0.25922369036679366,1.5679007922901826,2,85,0.01966962475050039,0.7037121974504911,2,124,0.4273772530090608,1.711928083679893,2,179
209,0.03344992722045079,0.8585103399613324,2,51,0.35833270275655427,1.0574625998127216,2,149,0.023914760438392,0.532416832447052,2,184,0.39705467474228723,1.0374315604567528,2,200
210,0.2789705687506983,1.1062380388631659,2,118,0.057206343728843013,0.8282700660752087,2,200
211,0.28318986100715265,0.9739964784997882,2,66,0.04723464759773092,0.8976089605918297,2,131,0.31049048298731485,1.1201277193815813,2,200
212,0.2577124641693382,0.8853766673295073,2,129,0.02046927508729635,0.8833959265188738,2,162,0.15502451961150518,1.115574305121963,2,199
213,0.04354142029228769,0.6936284783813689,2,54,0.2914060734882436,0.9992947578430176,2,200
214,0.20531408866985093,1.4035525608062744,2,200
215,0.26884934855446474,1.1698995803531846,2,95,0.03653983939800554,1.0778709444506416,2,124,0.027822631450808735,0.38676985983665174,2,163,0.053427231030530965,1.257032491944053,2,174,0.48217771781624763,1.423967719078064,2,200
216,0.35826163972922903,0.8789539293006614,2,27,0.058890846280152176,0.5151387155056,2,131,0.37495071350420417,0.8445491462514021,2,200
217,0.15100114821518704,1.0427097725868224,2,200
218,0.2833183978965683,0.6250847655534745,2,200
219,0.11766902235996585,0.7342221829024228,2,55,0.033636174258947785,0.6887284098000362,2,200
220,0.22633610052072478,1.2010381797264362,2,29
221,0.11820842073581982,0.890636914051496,2,26
222,0.1915967340260699,1.0106425736195002,2,156
223,0.34872481923293225,0.7958908475161902,2,183
224,0.21321683478402426,0.7441138505287792,2,92,0.018270238380092688,0.31587265386725916,2,125,0.29460559122243485,1.01834810256958,2,200
225,0.18188867784271637,1.2534835766255856,2,200
226,0.260749981125619,1.2696240216493606,2,200
227,0.15392969489458022,1.21366399243474,2,200
228,0.025353914273464527,0.7515991568565369,2,15,0.18860790842451855,1.6596387747171764,2,200
229,0.17345179950172035,1.1865277025434706,2,27
230,0.35699540520819867,1.1927563555446672,2,81
231,0.45430304642120195,1.2580314524033491,2,17,0.03416678609281628,0.8644905174241483,2,120
232,0.27366641515111123,0.9001590463519097,2,200
233,0.35163238986682516,1.1728098313013713,2,30,0.023069161428767204,0.24233168451225057,2,64,0.4096599583906583,1.357071876525879,2,93
234,0.24011049398450354,0.6269744400118218,2,61,0.04117659574057755,0.5012705888675184,2,159,0.3121527747058444,1.0059550244633744,2,200
235,0.22061095797475264,0.7957370968425975,2,85,0.0653819245917284,0.6484952167324398,2,200
236,0.2653498412209818,0.8696823391047391,2,22
237,0.3237875822852771,0.8322092553843623,2,69
238,0.17511285887154335,0.7736320048570633,2,28
239,0.33773647284762287,0.7751350998878479,2,12,0.019412323755494447,0.6036489196121693,2,28,0.3514095188511294,1.0260339899118556,2,200
240,0.3155297563275674,0.877465165894607,2,29
241,0.31979168899411914,1.5016605854034424,2,23
242,0.3150456982924908,1.2304171183530022,2,34
243,0.18895436591583373,0.7913474428653717,2,200
244,0.26217215390505494,1.265755154689153,2,60,0.017572896425509826,0.8552439826907534,2,93,0.2924702708471601,1.526349764317274,2,125
245,0.3551240034493846,1.3291592536301449,2,116,0.02886524211967744,0.7777503654360771,2,156,0.3401344187720661,1.2237848151813855,2,200
246,0.18815614816754977,1.2172496420145036,2,200
247,0.21492075421502965,0.5721264493465423,2,200
248,0.1997783951658323,0.8388579845428467,2,100,0.028648708378620737,0.5970804828863877,2,139,0.22275652955215897,0.9660508916491554,2,181,0.019593689221418256,0.38857606916051163,2,200
249,0.2881042636723797,0.3139536769390106,2,125,0.03451874507850166,0.564962624998416,2,184,0.2721389404076933,1.0336240604519844,2,200
250,0.3469316290819116,0.5155296513908788,2,19,0.011086571990390044,0.3125557353099187,2,31
251,0.011486070974668526,0.27564013401667276,2,45
252,0.07110793089861019,0.5487307174639269,2,22
253,0.08439278543710899,0.7815420996575129,2,105,0.025933044402500084,0.9516524662736987,2,166,0.3128422195642033,1.033992753309362,2,200
254,0.2391354143731972,1.2823839313105534,2,38
255,0.39812072847638014,0.7039666225512823,2,72
256,0.2018421657840968,0.7967022395715481,2,41
257,0.29231730465561223,0.6320332859953245,2,24
258,0.28034259392815314,1.1121732519097525,2,73
259,0.2982014541775696,1.189545946334725,2,67
260,0.23952148318891428,1.2585978716611863,2,40
261,0.4636589946538991,0.9463781806138846,2,26
262,0.09511006098838744,0.9858112391971406,2,42
263,0.3034258934585741,0.24056623697280885,2,200
264,0.26107974611343915,0.8614516120690566,2,143
265,0.3144337679788662,1.1661344003677367,2,25
266,0.22474698204524035,1.1697204101085663,2,200
267,0.17769505654151443,0.8974599738369932,2,182,0.024635989206866184,0.16418200648493236,2,200
268,0.3059839102390679,0.6926530176401138,2,200
269,0.2697338920649734,0.6978200233795426,2,88
270,0.29687953426789493,0.4800285890698433,2,20
271,0.1723933042322458,0.8792988553643226,2,200
272,0.2544748622706406,0.4098449395596981,2,200
273,0.23381037312834674,1.0199962637641213,2,44,0.02602009436095484,1.082852153551011,2,86,0.21966288016008578,1.1395486497879028,2,161,0.0209254668688455,0.7170971767468886,2,183,0.3659845526753468,1.4898273453992956,2,200
274,0.3009761669480276,1.2846140654190727,2,23
275,0.07898238138233228,0.6740294390254551,2,90,0.3506276345990719,0.7928557444702495,2,200
276,0.20303081489205466,1.2455711353708196,2,108
277,0.19365814309067272,0.98040037888747,2,91
278,0.015621957662101922,0.624094796180725,2,15,0.24856536968110882,1.7052053664181683,2,200
279,0.21582666977133677,0.5169355291128158,2,100,0.026381541964544602,0.7364291716844608,2,139,0.3470419920996961,0.4411147549038842,2,181,0.023442391704084565,1.0291574660100435,2,200
280,0.2753849842906315,1.1455824966430663,2,125,0.040560513106635075,0.5325994461010664,2,164,0.27039359718605604,1.316645034485393,2,200
281,0.1505600477270225,0.786426812261343,2,200
282,0.043339361678947065,0.5172704057051585,2,130,0.2808993765020319,0.7101532178265708,2,200
283,0.14922053321358608,0.9449655923992395,2,200
284,0.03971529038629717,0.6217304365848427,2,67,0.08269060131164178,1.4685307211346097,2,85
285,0.29075630292526905,0.9649547946219351,2,51,0.022672850233039027,0.7104499056225732,2,72,0.2510050312428619,1.019812319959913,2,114
286,0.1704543699644234,0.7288623956533579,2,52
287,0.09468713214975427,0.5656768400967122,2,200
288,0.1911734041051076,0.9874757064904781,2,173,0.017920637842420338,0.5072361054243865,2,200
289,0.22677944497656483,0.27015947610139845,2,200
290,0.367859356952715,1.3818850536815455,2,61
291,0.30849793986774976,1.1938573598861695,2,110
292,0.1789963805884118,1.25807570856193,2,145
293,0.33981548676732604,1.158127405025341,2,27,0.02060722767438399,0.15886864438652992,2,55,0.24843110246088615,1.152268397808075,2,85,0.020914817869724846,0.5823441300636683,2,124,0.3911641075091176,0.8767632983979725,2,145,0.03172089355604529,0.6810155080424415,2,181,0.37663763913999776,1.0616422891616821,2,200
294,0.30105830814811835,0.9900009739398956,2,200
295,0.16935939543289624,0.8783087407052517,2,200
296,0.3329515590526932,0.43907784512548736,2,33,0.03969769635290866,0.5736590888012539,2,77,0.3161378926071186,0.5080578407136406,2,200
297,0.07455007307542982,0.9498427157048825,2,27
298,0.10673481728765781,1.1524272409696428,2,126
299,0.286061171361896,1.3211703842336482,2,22
300,0.14457588965148852,1.1729955282367643,2,61
301,0.032727607541294675,0.6634211369923183,2,21
302,0.14289234378024804,0.7313599142432213,2,200
303,0.29474480384738383,0.7340298813581466,2,200
304,0.2103222330848892,1.0846264589000756,2,71
305,0.22981479292627752,0.9963711627324422,2,150,0.05133159298408215,0.8533527743816376,2,200
306,0.23530812805235288,1.6725930793961483,2,67
307,0.08371620223583907,1.154692628410425,2,89
308,0.10911718160047996,1.0674942591786385,2,200
309,0.20102894337439753,0.5701576724819754,2,174
310,0.28678725670411875,1.0858367301523686,2,160
311,0.18260888773439865,1.4338965526846952,2,172,0.015649146027160252,0.5391973940765157,2,189,0.5082099165255866,1.5589030547575518,2,200
312,0.14906554692070323,0.4462300670146942,2,25
313,0.21978537534363518,0.8541919719882127,2,41
314,0.04651216094672989,0.8185744136571884,2,52,0.16213717961747967,0.9492558889292382,2,200
315,0.3436432156993871,1.1480453864872804,2,171,0.06759005575450427,0.9027565902677076,2,200
316,0.09807709736865076,0.862001645565033,2,200
317,0.051324435927508336,0.8059374627567106,2,124,0.01610199019439555,0.14809750848346287,2,160,0.2676825269917286,1.2943886548280716,2,200
318,0.19248418205807896,1.11524983185033,2,96,0.027211324129432994,0.5194136302631635,2,200
319,0.23384312563783738,0.9526921267310778,2,120,0.029025190894180007,0.7431337976897204,2,174,0.4048242437064133,1.1899994336641753,2,200
