0,0.26861195704239466,0.9435656294226646,2,80,0.10779766965616079,0.45595459043979647,2,115,0.017139259928135895,0.24337622970342637,2,165,0.2759421283987895,1.10205370982488,2,195
1,0.15869142539931344,1.1180463516049914,2,72
2,0.3469109706332077,1.265516277551651,2,200
3,0.15353018505130603,1.0719862030102656,2,26
4,0.08983730398404435,1.0445520520210265,2,40
5,0.2870075749676292,1.5833197221755981,2,125
6,0.09840342519118846,0.6706609465181828,2,56
7,0.27917463754652894,1.192380190701098,2,111
8,0.27978215624405783,1.0113477758739307,2,23
9,0.06781509043545622,0.8302566866789546,2,56,0.25231050952875045,0.784364497082101,2,200
10,0.08031330092958437,0.9202431344985962,2,50
11,0.09563464473676808,0.7038079887425819,2,147
12,0.3071354746255354,0.6167471972107887,2,200
13,0.202979921873057,1.3785125477747484,2,44,0.033100013863657254,1.2675670632000626,2,73,0.018940504745729912,0.3845726919288819,2,125,0.4016725026277583,1.6119257559378941,2,197
14,0.3023029069538265,1.5085317081212997,2,200
15,0.2341649788888987,0.782519925236702,2,200
16,0.22160625125374508,0.7035616880655289,2,200
17,0.3010753254143445,1.006492279323877,2,102,0.023993771371422914,0.6650065284270745,2,179,0.23869576670803258,1.1729103610629128,2,200
18,0.25924067536552464,0.9786507463455201,2,100,0.04180681302266842,0.2891825138032436,2,200
19,0.3868284097774409,0.8458242464065552,2,200
20,0.1438760803599573,1.0475670528411865,2,200
21,0.30371779150496425,0.6843134191217302,2,158,0.0530920136619767,0.8023687572706313,2,200
22,0.2292074986096082,1.1158997902274133,2,200
23,0.16948329195613346,1.0777705112036238,2,94
24,0.3568480612002298,1.6096490706716264,2,28,0.028527267277855227,0.6881000474095345,2,72,0.25476764240078803,1.129108204160418,2,107,0.03165606098612967,0.5473255179145119,2,162,0.3716031159987397,1.7358012795448303,2,200
25,0.38496807135898814,1.1923757543166478,2,48
26,0.24005432171307606,1.3751425769925119,2,200
27,0.18333089138779113,1.0730673226714134,2,200
28,0.2186158532146741,0.7745572689175606,2,200
29,0.06769104233225884,0.6835448461951632,2,99,0.37930286213590775,0.632746748756944,2,156,0.03048713804303818,0.8180802952159535,2,200
30,0.17966456337229572,0.973498327434063,2,200
31,0.15946722385703282,0.8458616690379437,2,107,0.014977106042012392,0.10649360194802285,2,147,0.24482059629051361,1.0386731454304285,2,161
32,0.03024715220508012,0.6005851829593832,2,44,0.2527983740138941,0.7892021448948444,2,200
33,0.0984345256222357,0.6904055837679792,2,108,0.3290972647341315,0.6093405387971712,2,200
34,0.1322734378546827,0.8336827707290649,2,100
35,0.2948660807675768,0.6011530126844133,2,35
36,0.22968685590794927,0.7843821063637734,2,80
37,0.27993756758803845,1.437335523366928,2,200
38,0.222332883844322,0.9282776610482306,2,168
39,0.21710595902947488,1.0375926091120793,2,65
40,0.37018459751892907,0.7490208640694618,2,40
41,0.08766273225192181,1.0063404731918126,2,128
42,0.2426510690762536,0.952227678874995,2,149,0.02187885130470839,0.13086919060775212,2,170,0.27571926699491467,0.9661524653434753,2,200
43,0.18162826135241833,1.283560821884557,2,114,0.03766503144111175,0.7058958380028258,2,200
44,0.38540016093983726,0.8908566263588992,2,22
45,0.351004579219297,1.0435426459454074,2,101,0.07610666494888242,0.5415238077576096,2,138
46,0.0927186854009952,0.6290060126781464,2,25
47,0.28828697012129734,1.2403318118304014,2,64,0.048761502000562305,0.754528358215239,2,105,0.34600890749838953,1.2211182017075388,2,200
48,0.19061264249293475,1.2455127676613897,2,139
49,0.06853496436078767,1.0551085913181304,2,200
50,0.053346900213705535,0.7253000113097104,2,66,0.24592793444807884,0.550367010173513,2,200
51,0.2877256486423287,1.245822839114977,2,23
52,0.04209901182776471,0.6289319874097904,2,48,0.28815077683949647,0.5061571103461245,2,95,0.038696290027486,0.6775003629071372,2,200
53,0.18846943652956416,0.7376908089485636,2,163,0.03683859268705223,0.9185537953634519,2,200
54,0.3338353584434949,0.19292305275553562,2,122,0.07738968966450883,0.5969445029130349,2,200
55,0.24731172817993127,1.200843588165615,2,23
56,0.20963720567530397,0.9665327462553978,2,200
57,0.04149754351256986,0.9023510121530102,2,62,0.2906238321954011,1.213717318099478,2,200
58,0.2351008041146276,1.1311759335153244,2,68
59,0.21127701743348387,0.6069904188811779,2,200
60,0.3006483393532716,0.17627969421446324,2,200
61,0.026136515827633214,1.0539450248082478,2,15,0.3039235319051118,1.0770809809366861,2,45,0.02020612223177358,0.405997898267663,2,91,0.16747942415768224,0.964817455134441,2,188
62,0.2324779527418869,1.7422041635255556,2,37,0.045015679346069086,0.8434914381076128,2,115,0.2870620817866871,1.7949142512153178,2,200
63,0.17434159584697,0.6830969214439392,2,200
64,0.10018060482737717,0.9230400811542164,2,44
65,0.04873210180821576,1.1481520795240634,2,82
66,0.18517649597604446,0.8772328176968535,2,71,0.020100376980816095,0.48630126237869264,2,96,0.18868028473560136,0.92003772350458,2,200
67,0.24944829584486036,1.3600891169748808,2,38
68,0.18134700573243978,1.5850373582637056,2,47
69,0.044455132344211924,0.5291768641307436,2,58
70,0.20943719840812924,0.8055832059152664,2,124
71,0.2945089132586224,1.1428083665668964,2,32
72,0.21960846951188726,0.6653746105730534,2,64,0.029425545133022122,0.46483270327250165,2,115,0.21108354356105236,0.8792341106078204,2,200
73,0.23696367206247496,0.7884267030977735,2,153,0.052004564762576325,0.937246744937085,2,200
74,0.3959827193906788,1.3609856619979397,2,33,0.02341052735897627,0.9192857692639033,2,105,0.2316094450979135,1.2905688775213142,2,200
75,0.33680093831194224,0.817843162244366,2,31,0.06423345203592348,0.9613933228176726,2,200
76,0.32127278903892187,0.4553006187081337,2,200
77,0.1751340949450714,0.9283727298180262,2,120,0.021122579668521373,0.571437366604805,2,170,0.35329968946619944,1.0180907607078553,2,200
78,0.030944622954589333,0.6265544310996407,2,19,0.25718059043215136,1.2804066138931467,2,98
79,0.19649045411172686,0.9772506374120712,2,200
80,0.2322443060883087,0.7825444834572929,2,35
81,0.17189392867518222,0.9344167987505595,2,90
82,0.11199189821931445,0.9865802594985085,2,87
83,0.06744133708617987,0.5266295810860973,2,62,0.2708844318606896,0.805633929642764,2,128,0.04480889785641311,0.637275353901916,2,200
84,0.14612758785606697,0.7950729821622372,2,200
85,0.1575358110310813,1.1468144717812538,2,200
86,0.295264268315447,1.4164317385716871,2,44,0.028160628592322205,0.4018783751461241,2,98,0.07249669348103027,1.0132703139231756,2,137,0.2849679507692843,1.4470777919417934,2,175
87,0.22662679413099734,0.9375213074871874,2,127,0.01297886873703834,0.6328648997516166,2,168,0.08745614634537706,0.7852055337280035,2,200
88,0.07865405516586019,0.7029951718449593,2,200
89,0.17631937079452278,1.1722536434233188,2,200
90,0.3158399625877187,0.6571591671775369,2,51,0.025950981541323533,0.44603639947516577,2,79,0.3120204253785392,0.6199054358419308,2,200
91,0.16492500317122444,1.2506969110021051,2,159,0.032576871268161826,0.7907742363650624,2,200
92,0.09532921104617062,0.8120370419861759,2,191
93,0.2586252627703619,1.0030511778593063,2,200
94,0.3533234572365104,1.0382114493328591,2,23,0.02979152898204385,1.0016180327598085,2,70,0.24424515556617304,0.93943294103329,2,200
95,0.1015708634843114,1.0791968975748334,2,35
96,0.3427208283592059,1.431268122461107,2,27,0.09123123397917808,1.3089976481028966,2,48,0.05328375074682829,0.7641568215269792,2,200
97,0.20916027696051281,1.2108782932162285,2,200
98,0.16809253317718353,1.2663163405656814,2,200
99,0.25967804219646534,1.3154611282232331,2,82,0.01513537488652863,0.6031200819545322,2,118,0.2836308718465565,1.0325079434796383,2,156,0.027874093476646617,0.738797355781902,2,200
100,0.2994496317868132,0.8850361704826355,2,34,0.02252247551006053,0.8863791823387146,2,64,0.44137160539907466,1.5649406160627093,2,99
101,0.4348209126662086,1.4006290023143475,2,78
102,0.06467884950951244,0.8653539436966625,2,67,0.22944240803038218,0.9833826104501137,2,200
103,0.08641915367718926,0.8339407165519527,2,122,0.016362308585729162,0.13935469262875044,2,148,0.21934712372541784,1.0678711510621584,2,200
104,0.38213247811377704,0.8743732987448226,2,43,0.01985562083280155,0.6752658850616879,2,79,0.4622197665702191,0.9354663218061129,2,103,0.027088823674870043,0.7093493300814961,2,146,0.3734642764871891,1.0911561383141413,2,200
105,0.30640896528761535,0.8958156031946982,2,31,0.03225411264722075,0.6592583820223809,2,71,0.25017902135292397,0.9196349199001606,2,97
106,0.2910862301359592,0.8330600762367248,2,200
107,0.26091865481970045,0.8414264068007469,2,200
108,0.29391318899111973,1.2275869228221752,2,27,0.04185747501456639,0.8070477644602457,2,132,0.2826101840215045,1.2696022303665386,2,200
109,0.16988827481440047,1.0236172162471933,2,94,0.030034485771695506,0.4550523300062526,2,149,0.23622948161120785,1.1781539449504776,2,200
110,0.26306432860805695,0.9190066302051911,2,104,0.0258485058191104,0.3200147918292454,2,146,0.25918312706454155,0.9817815091874864,2,200
111,0.22835081107010896,1.1981789300690835,2,67,0.018827321401777154,0.4204145207216865,2,86,0.26497192822642784,1.421515176994632,2,185
112,0.052940399960056984,0.6706501419842243,2,200
113,0.32608172435720756,1.1375759941339494,2,200
114,0.2963477728198243,1.1972034253725192,2,82,0.006486668295355956,0.14926018697374008,2,99,0.2291821917234051,1.1960840508489325,2,200
115,0.2680547957798943,1.0782544511556624,2,200
116,0.305772945853693,1.5025306995098406,2,65,0.034012962450801765,0.7040442120833476,2,126,0.29344409748576034,1.305264128221048,2,200
117,0.19504176269802223,0.7959829759597778,2,200
118,0.2923675787906432,1.237687143228822,2,118,0.021696925229611603,0.7942014384914089,2,155,0.26870465787806624,1.2976249323950872,2,200
119,0.2863162089860339,1.279972985999225,2,73,0.07467148955834986,1.0858909337539373,2,200
120,0.023141450988705185,0.7817563882895878,2,14,0.3494641091297434,0.1920122307955578,2,200
121,0.35863392256806714,0.41880860428015393,2,18,0.030832466639750068,0.4323609036589981,2,127,0.12225563935304432,0.5316121810919618,2,200
122,0.3033683693831634,1.3790479653920882,2,78,0.05206220300948405,0.21553790900442335,2,96,0.35692977145319943,1.6483848889668782,2,105
123,0.12764669978927673,0.9767602381110191,2,200
124,0.16286446799267032,0.6296408612241027,2,93,0.042330974764118304,0.48406471994435674,2,200
125,0.36121739013420245,0.9593447378312034,2,87,0.032993457345863474,0.519795273289536,2,120,0.2890793143084065,0.9418776333332062,2,138
126,0.2547506795968678,1.1217671819031239,2,64,0.02615340160988491,0.2628701764578913,2,115,0.26248928718815573,1.4027819577385396,2,200
127,0.25441376667043836,0.7037211939692497,2,200
128,0.21035094251883224,0.8936988891557206,2,86,0.03636248721063982,0.7453007404766385,2,149,0.1492911211670412,0.7714131205689674,2,200
129,0.2652091123029371,1.1462964112942036,2,65,0.03241324031199714,0.540786512196064,2,155,0.2715718059000429,1.3614610301123724,2,200
130,0.18695376034964262,0.6659990739822388,2,200
131,0.2608180877464219,0.39807477295398713,2,200
132,0.24876852690712525,0.7108587101688535,2,127,0.021410395003193836,0.6022198881421771,2,169,0.38694730624653806,0.9156874995077809,2,200
133,0.3091531818291055,0.9766833823588159,2,72,0.02114353525835561,0.20072241577337374,2,125,0.3007495511423608,1.012467770576477,2,200
134,0.22142263200178727,0.872966935634613,2,200
135,0.03275658683414592,0.581965138966387,2,44,0.21179773618272468,1.2603360801412349,2,158,0.02811864542075456,0.7963447854632423,2,200
136,0.4594283614019533,1.4490667240960258,2,21
137,0.23161895372365943,1.229399428866004,2,177,0.033229694778883254,0.797907292842865,2,200
138,0.27843005703862167,1.271063462893168,2,105,0.06833477381301058,1.1101331843270197,2,114,0.023675141020370112,0.5058980126071859,2,168,0.2710814051120016,1.163048293441534,2,200
139,0.14805101724341496,1.1464261227846146,2,200
140,0.39136866393287073,0.9888286498876718,2,13,0.033964175348896515,0.9465194843253311,2,62,0.2731149242602712,0.9932902940997371,2,116,0.034538619558614404,0.6897046806207344,2,183,0.32200831574649336,1.3556193323696362,2,200
141,0.13007409942473738,0.6525417850776152,2,44
142,0.052829985031971984,0.7520719915628433,2,24
143,0.08209740869081104,0.7078930448602747,2,108,0.3345781976229491,0.999750748924587,2,200
144,0.17610833777541862,0.8748973582014942,2,149,0.019497364646451097,0.23420818556438794,2,171,0.3245814442578682,0.9200052434000475,2,200
145,0.3067189815772701,1.274642014503479,2,200
146,0.23462453032073016,0.9722558802366257,2,200
147,0.2895135984660455,1.0197384970055685,2,72
148,0.14326632521198598,0.9439976852993632,2,43
149,0.1986378197726053,0.9937451227144761,2,165,0.01947668360538185,0.17080074204848364,2,178
150,0.223075177523091,0.6642648455771533,2,44,0.059594678727236644,0.755514281682479,2,200
151,0.2375959200333356,0.919426208192652,2,55
152,0.2623315636615528,0.8396910854748317,2,35
153,0.20973903573071948,0.8515088395638899,2,22
154,0.1588926640720982,1.319889067217361,2,86,0.031357893287629134,0.7349216263545187,2,200
155,0.36007631336175805,0.9577124950786432,2,96,0.02591262509597985,0.3341250162233006,2,129,0.3498051005028282,0.9171259159773169,2,200
156,0.26578686358336123,0.5131675699353218,2,200
157,0.30281511673693995,1.7394277512187688,2,71,0.09448012269799072,1.2584852543912193,2,200
158,0.053988831982181365,0.5358094862013152,2,33,0.22369613381490616,0.8465385718973811,2,200
159,0.2638392407235189,0.9710182851552963,2,200
160,0.22942197267539094,1.4424287211894988,2,200
161,0.21878123131551505,0.8673665806269034,2,156
162,0.1592835762163404,1.0435446030215214,2,38
163,0.22946953449603238,1.132236938322744,2,62,0.029433158203895783,0.45234117692425135,2,125,0.21590977602915445,1.2451061891472859,2,148
164,0.28714540670983996,1.0352809372013563,2,146,0.03154915013379246,1.0172669666784782,2,200
165,0.2634605770470761,1.355965377822999,2,62
166,0.05813145349551498,0.7602045519931896,2,37,0.23579079323750587,0.8671954819029826,2,200
167,0.23595531128507982,0.7328004191815853,2,200
168,0.1462180654185559,1.18625688418746,2,200
169,0.09789783832480245,0.9863601832389831,2,125,0.2886681635854201,1.2864162079493204,2,200
170,0.035993038837841766,0.43552370060164974,2,53
171,0.38443632985987897,1.6240989722703632,2,38,0.016897579817350922,0.6451336002868154,2,61,0.29107522763082616,1.6442956964174906,2,121
172,0.3673398378871199,1.0392134803714175,2,33,0.017566578639006424,0.20692968801144632,2,64,0.19906962089488578,0.8924592923274083,2,177,0.03418808767986695,0.39814632612725964,2,200
173,0.23729102291771997,1.3986506216666277,2,68,0.02244577234873193,0.3980190874414241,2,115,0.24318201690142832,1.4781847098294427,2,200
174,0.3198875736656976,0.589732812717557,2,64
175,0.3737814905115721,0.6845706006982825,2,91,0.029084610832655622,1.4398927413500273,2,104
176,0.2646655723386725,0.7296626129746437,2,200
177,0.24718139112932697,1.2188626146316528,2,50,0.0478629723205051,0.7311681923658951,2,96
178,0.20724861101828138,0.6455306918919086,2,200
179,0.2691850599182493,1.1546716951141673,2,121,0.02774238555591009,0.5684220246646715,2,144,0.2791563254016519,1.067816021186965,2,200
180,0.2656494498264532,0.8812235686182975,2,200
181,0.23743627703636042,0.9088525008913633,2,148,0.006329682436311389,0.308440762758255,2,153
182,0.2965183244979845,1.2703794281134444,2,89,0.10059891012624095,0.9400741052520167,2,200
183,0.250982982111495,1.016687614650562,2,116,0.02823341423400475,0.6305662803891776,2,185,0.3491828264163212,1.4819960355758668,2,200
184,0.27774886178868735,0.33744601854833506,2,118,0.03425789685709226,0.5654915385955089,2,155,0.28398071471280983,0.40740045971340605,2,200
185,0.3083201266623625,0.7300334277554094,2,107,0.025992587530720732,0.3825738143462401,2,159,0.35302831259599826,0.8873853538094497,2,200
186,0.2490870194980332,0.9205726051330566,2,200
187,0.19040946311249934,0.7274113583564759,2,200
188,0.19476234170372014,1.151927054822445,2,200
189,0.29088147242665346,0.9508798122406006,2,10,0.01415780293823817,0.7162280600321921,2,48,0.2694965534958791,1.1257019246879376,2,200
190,0.23976158963618244,1.1698421927598806,2,26
191,0.22946554970740685,1.3846319586622948,2,102,0.027999464570706126,0.8072330016981472,2,146,0.4193566693648491,1.4685220626684337,2,172,0.05183699830729404,0.9995200719152179,2,200
192,0.10962730127783951,1.2856888127326966,2,25
193,0.21364781109482558,1.3439309301972389,2,200
194,0.28079455368164197,0.9325208455324173,2,200
195,0.29425048071522564,1.2784471655333485,2,108
196,0.24575953045163448,1.3314524719843994,2,148
197,0.21036590772496033,0.9483300126915755,2,172,0.025542784475959847,1.0170989270721162,2,200
198,0.1451594604222906,1.130507425069809,2,200
199,0.3414240035506141,1.5297114900920703,2,23,0.19301859224468193,0.6861817240715027,2,82,0.29646428406497316,1.5470636308807688,2,179,0.02768272623006011,0.7057074592227027,2,200
200,0.10496681433931564,1.0518819482037516,2,132
201,0.3484557510745068,0.5061095973849297,2,200
202,0.257974635959763,0.753637673352894,2,95,0.04663706703606316,0.7231863013335637,2,200
203,0.17747264748620512,0.7830857278370276,2,41,0.010191457295477256,0.2327255074466978,2,55,0.22821000095140515,1.0931722148556575,2,162
204,0.07995101225557777,0.8291421483333846,2,133
205,0.24740707733948158,0.5675273743959574,2,52,0.03995712010069534,0.7666770875453949,2,122,0.139616995711389,0.7035473783810934,2,200
206,0.1837066025173619,1.5367784003416698,2,96
207,0.243643359034298,1.222813034057617,2,20,0.028438191721243483,1.003143852665311,2,62,0.2301781992745951,1.1623246453025124,2,128,0.03742428790105991,0.8374572023749352,2,200
208,0.2747453591055336,0.7692714935541153,2,200
209,0.30180748337693203,0.8831398060192933,2,148,0.044417435288498015,0.588843798981263,2,200
210,0.3865439422526317,1.3194783478975296,2,56
211,0.21562113081275458,1.0870252151643076,2,155,0.023790548536196384,0.26636987262301975,2,200
212,0.2843946852113122,1.0087823849916457,2,200
213,0.3330287752829116,0.7482111609500387,2,23,0.029060787018986026,0.8668305925700975,2,69,0.27676750659622945,0.7240954523778144,2,200
214,0.20395758966875827,0.9853360787034035,2,200
215,0.28788294336452075,1.1287632239492316,2,38
216,0.42807751381564985,1.2196920028952665,2,43,0.02150885258870206,0.5343576597444939,2,76
217,0.27020280136051184,1.3704956038792928,2,75,0.022569175176598615,0.5159218055861337,2,96,0.4681868753437245,1.419510985675611,2,115,0.03091171498815031,0.8264865107732277,2,188,0.35833552229652826,1.4293451408545177,2,200
218,0.28635195134208963,0.7524890540277257,2,68,0.030374638087031527,0.4946404127998555,2,115,0.2632514893049391,0.8190457822645412,2,200
219,0.070456309503969,0.8792357053329696,2,67,0.37114902190393556,0.7371472389467301,2,98
220,0.25832781294084056,1.1044103741645812,2,90,0.09030295338087843,0.9185833036899567,2,200
221,0.1990365225571409,1.0305273723736237,2,178
222,0.32789501156987666,0.9492187700538992,2,107
223,0.2863451282659537,0.26892046578228473,2,200
224,0.231438032335419,0.7632408976554871,2,200
225,0.19845234010251533,0.9223573508858681,2,200
226,0.3450851172434199,0.9433700823783875,2,200
227,0.3078922469901833,0.7802962666749954,2,200
228,0.30369469653991377,0.9930316823901553,2,33,0.018413018122796315,0.2223023017247518,2,63,0.19993835943552693,0.895425011315485,2,200
229,0.30468785834606504,0.6898831403444684,2,126
230,0.2048291602269972,1.306345405402007,2,162
231,0.3866948750286895,1.1715749228994052,2,48,0.029746100465443515,0.6785995945697878,2,89
232,0.3073078962777618,0.9784744875953797,2,187
233,0.12004377992290347,0.8144374662419644,2,82,0.016579077242612407,0.21763811343246037,2,118,0.17114895616750905,0.9159613462483011,2,200
234,0.28539941963155685,0.9524998421018774,2,44,0.020522787377052203,0.5678505546007401,2,83,0.26807342860255734,0.8600541718544499,2,145,0.03858855442066149,0.9365627375516025,2,200
235,0.2849101908643651,0.650532438474543,2,17,0.03160994170846004,0.6722869221980755,2,82,0.3392094960763237,0.7924694489624541,2,200
236,0.45169652160519186,0.9082462054032546,2,13,0.026297497472133353,0.7382393550872802,2,38,0.2512920018852892,0.9648276990578498,2,200
237,0.2719476255829644,0.9104164081811905,2,200
238,0.37929029729408975,1.258040561395533,2,34
239,0.3784346060352691,1.1879503428936005,2,52
240,0.2169679763343397,0.8464376585824149,2,126
241,0.28299960155750953,0.8163578404139166,2,73,0.011574205488514249,0.5810208595716037,2,86,0.18246087771116826,0.9603659896289601,2,103
242,0.2557784123110303,0.9053053751587867,2,200
243,0.2865964256499966,1.2120044341212826,2,76,0.06853809120085444,1.0440898042532705,2,200
244,0.10785143001410982,1.407631782385019,2,26
245,0.22664515682067823,1.0241452437639236,2,200
246,0.2493919048550082,0.985225376628694,2,21
247,0.38700611536808455,1.1270060642905857,2,69
248,0.1466684944141733,0.9271305860760056,2,107
249,0.19372446610831515,1.390861781835556,2,200
250,0.17046217698099295,1.2263910622894765,2,200
251,0.28369836899006956,0.31975862801074983,2,200
252,0.27629472207212,0.8698313933610916,2,100,0.03802343939827575,0.5091008758544922,2,200
253,0.19869843270742432,0.9627665495872497,2,200
254,0.2966622904760356,0.5562958203513046,2,29,0.06518705911750129,0.8814775891471327,2,200
255,0.24571263015845402,1.091765709951812,2,102
256,0.33049654844382365,1.0624516390372014,2,69
257,0.32648179461355764,0.5989255656798681,2,12,0.01390982714798862,0.11401484584486163,2,49,0.11765524833268982,0.8127574718223428,2,102
258,0.29697315977394795,0.6503296556143925,2,58,0.04136818828890974,0.261745443656331,2,100,0.3086841277472672,0.654806450009346,2,200
259,0.04637234157735223,0.808118051773793,2,37,0.3288420889395676,0.4549378571700465,2,200
260,0.23811274973173865,1.5191242093882285,2,121
261,0.2669333012576459,1.0870771540535822,2,18,0.038132095069798436,0.9612074333268243,2,129,0.23164059411809765,1.241635477039176,2,200
262,0.3030636949970864,0.7587630286812782,2,200
263,0.2719069589412495,1.1320837876375984,2,17,0.032793321177403176,0.8129703622597915,2,82,0.24626136337198085,1.2387274412008433,2,121
264,0.3009990512216679,1.1984850391745567,2,64,0.059608730413058746,0.9808242172002792,2,164,0.3120646595007849,1.153172532717387,2,200
265,0.05807552832647595,0.7905670121312142,2,40,0.2244519431031413,0.9482721455395222,2,200
266,0.31911366952210635,0.5877971181386634,2,79,0.035942777273227644,0.7486337785209928,2,107,0.2750291944057715,0.7165142291335649,2,200
267,0.09589444844108212,0.914457543329759,2,77
268,0.3116887058702426,0.964754296200616,2,28,0.014640286898408966,0.530548894777894,2,60,0.2749238904841776,0.9532599900450025,2,200
269,0.13131074365871698,0.7121334609389305,2,200
270,0.24376521615365254,1.3653898042440415,2,200
271,0.21407833251148375,0.6898886427283287,2,200
272,0.32496693227682943,1.05118376658513,2,65,0.037564040346242354,0.53748948745271,2,159,0.2952684009302032,1.1358416167701162,2,200
273,0.345439538347681,0.6122697393099467,2,87,0.030346687840341408,0.7563852282751978,2,200
274,0.2706956430528983,0.40758985877037046,2,95,0.04893955820615359,0.46566743964240664,2,200
275,0.22692682388282803,0.7900725793838501,2,175,0.04038388978888953,1.1285007190704346,2,200
276,0.2036749045595024,0.6076270926673457,2,53,0.019996419166186472,0.586322169303894,2,78,0.22278219129485724,0.6119098046730305,2,194
277,0.029158457180198417,0.7849014378943533,2,53
278,0.2796941369008539,1.4197429814508984,2,140
279,0.23620326223245142,0.9868617689609528,2,200
280,0.32342407736548506,1.0704230864842732,2,24,0.04862339268568835,1.0038358261508327,2,86
281,0.17926787330509195,1.0879087218642234,2,200
282,0.3172385382426501,1.0284838160953007,2,37,0.02583626057626668,0.6649287725394627,2,90,0.25748038089165054,1.1896346145206027,2,153,0.027440471140581225,0.7048127600487243,2,200
283,0.33497056262784586,1.7325560863201435,2,13,0.02763589637520595,0.5073088064789772,2,33,0.24955023731698034,1.7689059540629386,2,193
284,0.31484987549778365,0.7609347204367319,2,36
285,0.11256558721873507,0.9613960745199671,2,106
286,0.14912439135260486,0.9713854122161866,2,25
287,0.29484202652015423,0.9479929948675221,2,29
288,0.39789520541828904,1.0524828744971233,2,46,0.09186116809208902,0.9119228104527077,2,135
289,0.10208269172630464,0.7936898090251504,2,73,0.3438024804638425,0.8155097693908872,2,200
290,0.06116968224221588,0.7207728248912019,2,77,0.2399843048743901,1.089641257999389,2,200
291,0.3142140909517,1.021827969286177,2,36,0.01983096245639634,0.6224777301152548,2,69,0.2942881808483102,0.9990065125108675,2,200
292,0.33054481700641697,0.4348223701119423,2,200
293,0.2933142980739687,0.8281512619545741,2,161
294,0.3690043415382168,1.3342146813869475,2,20
295,0.2851053192348532,1.0690398343971796,2,28
296,0.2802027408943731,1.1030786523112543,2,54
297,0.11114911922500131,0.9264908214606861,2,101,0.36140310309431667,0.7042524814605713,2,181,0.032918067180637604,0.7992875889727944,2,200
298,0.2603774897051535,0.9424635342189244,2,77,0.06844176696658044,0.7816453444755683,2,136
299,0.26349542415654426,1.051950581793515,2,106,0.0364054921409024,0.7376488164067269,2,146,0.2731399755561615,1.1960475974612765,2,200
300,0.11972851457918988,0.7189606834907789,2,74
301,0.2864328798521242,0.8576466306707913,2,133,0.0493874142698713,0.831797678079178,2,200
