0,0.33834586764184116,1.150340722157405,2,26,0.026043450155500587,0.843481363190545,2,71,0.3436821572939092,1.3287335062026977,2,96
1,0.3686860856332274,0.8447730630636215,2,20
2,0.34097363623172333,1.3084917033212424,2,169,0.030346390315460024,0.5856031640883415,2,200
3,0.24384948785807514,1.1128553671714587,2,78,0.043881007353340586,0.745824182619814,2,200
4,0.11826469935021006,0.6735062370076775,2,80
5,0.3320115017167236,0.8130761855239168,2,109,0.021239309478514268,0.46579784541218366,2,163,0.2854626649333393,0.9759073676289739,2,200
6,0.2638366808307522,0.7215402498841286,2,200
7,0.23893552363589643,0.9577921937406063,2,200
8,0.2239325826053949,0.7334880450367928,2,200
9,0.21110850012827442,1.113101736675921,2,139
10,0.2581332146790988,1.0110324814915657,2,200
11,0.3081391074381063,1.4334328550181976,2,73
12,0.05513655841699515,0.9942987194428077,2,26
13,0.20777534727108732,1.5927327322332483,2,152
14,0.22485115333496652,0.6727195364236832,2,200
15,0.273425988025434,1.8414440462666173,2,31
16,0.2892630830390473,0.5594601255655288,2,200
17,0.363567952096849,1.6375120436207633,2,89
18,0.23478942139424785,0.6646038201451302,2,200
19,0.33645184669510664,1.5742884576320648,2,36
20,0.15957478405700085,1.4236554791901839,2,187
21,0.2533198954300077,0.9818249207735061,2,200
22,0.25731358720277714,0.604931726100597,2,47,0.017246676599437447,0.6144538970438989,2,138,0.24202968826504795,1.0098327090663295,2,200
23,0.21965315948876102,1.5480463242530822,2,200
24,0.23330542115993064,0.5069788250327111,2,200
25,0.2527625355922114,0.9716592553257942,2,200
26,0.21834297483567902,1.1261447730091956,2,173,0.04401308582177359,0.8143647202739009,2,200
27,0.2105886369600333,0.9954231713671942,2,148
28,0.3480613017702889,1.2809673845767975,2,20
29,0.05280340131334842,0.7942047458555963,2,72
30,0.054033730884239614,1.090143674709758,2,61
31,0.2312743163671253,1.2845485770702363,2,200
32,0.2608964978052717,0.8269414634348076,2,107,0.06963623364902348,0.7259240003042323,2,200
33,0.028690653860115555,0.4291440702620007,2,21,0.25644491887609505,0.6599757134914398,2,51
34,0.24662235948467767,1.3347732203065856,2,121
35,0.26385790218259486,1.0399867790085928,2,70
36,0.39909779726901423,0.9734981237573826,2,94,0.01826143692686742,0.17288790070093596,2,107,0.37049467303767536,1.090582957831762,2,200
37,0.23720202994672746,0.8901424095034599,2,200
38,0.32029731290214264,0.8060618937015533,2,48,0.03416759610403241,0.42026074285860415,2,102,0.24372342899068214,0.6682903132377527,2,180
39,0.24044217903856277,0.9475790873169899,2,200
40,0.18424192381341756,0.9508082833886147,2,200
41,0.4008086176297985,1.0687454750663357,2,38,0.03639050458789209,1.006964662671089,2,78,0.28712885248425635,1.140813218087566,2,176,0.040947462170907827,0.6252339606483778,2,200
42,0.11641162170049281,0.5008987653255462,2,200
43,0.27724126415450684,0.7418839511275291,2,200
44,0.2776086100099094,0.5936578461527824,2,200
45,0.24613140203279138,0.6060808002948761,2,200
46,0.26312496176776917,0.9783961743484308,2,81
47,0.05842610264891862,0.6644542717933655,2,25
48,0.27671699095590296,1.2023562925892908,2,74
49,0.23574908636403047,1.2219432762690954,2,91
50,0.05109619443882992,0.9307764532665411,2,48
51,0.03920828746627666,0.9163557465483503,2,41,0.19385671148462097,1.1026830925779827,2,100
52,0.2700363181165512,1.1539314913749694,2,200
53,0.2542486240730662,0.4614136423329887,2,159,0.05506624924097958,1.111044424336131,2,200
54,0.21213171457500768,1.2607121324539186,2,200
55,0.024606911766559204,0.5754083909771659,2,11,0.2914100917582682,1.433284430754812,2,106
56,0.400293745526252,1.4253855379004228,2,19,0.016899804085678278,0.7469121570940371,2,46,0.3063367976454101,1.32051747578841,2,59
57,0.1806415244723959,0.7949500933289528,2,200
58,0.31664049841093855,1.1805044147703383,2,54
59,0.2639603229188806,0.9820765405893326,2,200
60,0.29244703392770943,1.287791873727526,2,28,0.01001170943695148,0.44332109689712523,2,43,0.32471604629585576,1.4624554031300094,2,96,0.021588928717734646,0.7934360802173615,2,122,0.32957379389849495,1.5631868930963368,2,148,0.02438976229689747,0.6927978518334302,2,192,0.8307825367851013,1.622560441493988,2,200
61,0.3030485664232463,1.3951120966672896,2,200
62,0.29279875323232757,1.2010112775946564,2,159,0.0202553333659717,0.6405083116363076,2,176,0.34607064643712165,1.2051260024309158,2,200
63,0.3225457309709651,0.8225430631246723,2,61,0.02304292677974163,0.5032918297996124,2,109,0.2452930010442533,0.9869207706344262,2,198
64,0.05778544506991042,0.9642003744840622,2,80,0.3213771946552284,1.1736192805071672,2,200
65,0.3033355861508175,0.7845623131309237,2,28,0.048012157774668274,0.6524215302406213,2,106,0.21989856651242937,0.7987502711884519,2,200
66,0.052067583771230025,0.6182875844339529,2,24,0.3038762616952419,1.034727370601961,2,111
67,0.3630830647694567,1.1401329040527344,2,24,0.04186684808113024,0.6564005421740668,2,80,0.3161102590136215,1.1511246870303977,2,109,0.029451010975550963,0.6677652502816821,2,172,0.39705280687862105,1.4642993467194694,2,200
68,0.24378035891790586,0.8020003619790077,2,200
69,0.2805087773060176,0.4088839248470638,2,115,0.06262679358287271,0.9093432798105128,2,200
70,0.21684675609958082,0.9937106272522008,2,106
71,0.246266053810658,1.1954563240210214,2,60
72,0.1297935356321157,0.8357890152931213,2,200
73,0.061817968773982775,0.837045223414898,2,200
74,0.33315764063858044,0.38424270048737524,2,200
75,0.32132666630925455,1.0595747072865644,2,127,0.0587277223530244,1.0594926582623834,2,200
76,0.2643796765506638,1.0236894369125367,2,25,0.020754180586255,0.4836692561705907,2,43,0.28723994514421297,1.020277593545853,2,200
77,0.07265545452979559,0.7544541547624327,2,139
78,0.2705259548752074,0.9012507549277297,2,111,0.05840237853444338,0.7059270846709776,2,200
79,0.2414817847247573,1.1002774861454965,2,200
80,0.34530253626437357,0.08560109349924165,2,148,0.03668478736519655,1.0403418460717568,2,200
81,0.31024214080315826,1.5601092898443845,2,89
82,0.284760777476262,0.7899809634685516,2,50
83,0.0382938774498929,0.6850365509347218,2,164
84,0.28244907888863185,1.4226120544804468,2,72,0.02108851848958959,0.9958283534416785,2,85
85,0.09691470519453517,0.8634394583851099,2,200
86,0.23235084520302496,0.41567128701744793,2,107,0.052810774507742846,0.4487005811865612,2,200
87,0.4131126372065708,1.0647769714223927,2,29
88,0.29498646460064004,1.1666099370503036,2,122
89,0.33542980852547927,0.6230831271217715,2,62,0.027414257471712625,0.6096944666427114,2,108,0.26285148247014317,0.8690211643343386,2,200
90,0.18529162166388474,1.0377231067732762,2,76,0.027891599181341396,0.8511985966137477,2,139,0.21469165052988326,1.2571010745939661,2,200
91,0.3018608759092001,1.0810627681016922,2,200
92,0.23424293900886214,0.9289029386639595,2,200
93,0.23242850378268448,1.3141290390491485,2,200
94,0.19926433930315093,0.6138821598887444,2,200
95,0.2817130578667945,1.1751692196902106,2,85
96,0.3867899639582672,1.1577017425750353,2,161,0.03890072013405037,0.5380844955260937,2,200
97,0.23897837435455924,0.6896851048583076,2,42
98,0.16238819972435037,0.8705624681711197,2,200
99,0.34317045412925495,1.3502689498536131,2,47
100,0.4514434227332191,1.176290512084961,2,13,0.025455204259697963,0.3281475657071823,2,52,0.30326917522707264,1.1006751027675943,2,161,0.019238768200731015,0.7467292203353002,2,187,0.30508117288398157,1.4493146217786348,2,200
101,0.16026715190073665,1.1098946148286695,2,184
102,0.29980542658548287,1.0060276561808363,2,107,0.06183360383744424,0.8180339451759092,2,200
103,0.25613390562638433,1.3654030328509452,2,174,0.028212951196929046,0.8868489609314845,2,200
104,0.2924058645568308,0.749565794467926,2,200
105,0.21468426993818807,1.1283256763435272,2,83
106,0.34418419917794424,0.9949874794483184,2,200
107,0.028752135628446827,0.705445616333573,2,54,0.269187618198827,1.1512608797582862,2,200
108,0.20470619628802342,0.9246945384144784,2,200
109,0.2879820794072594,1.047819190621376,2,200
110,0.04143365544670517,0.7329644162020237,2,139,0.3143373668997791,0.7927643395960331,2,155
111,0.2817797219723597,1.500127937482751,2,23
112,0.3411596269841757,1.4223512209378757,2,65
113,0.07580756717380883,1.6895410991182513,2,102
114,0.22227567243621865,1.2652625900048475,2,52
115,0.21230823604258264,1.2384180992077558,2,39
116,0.24204966392149452,0.07071313466511521,2,51,0.05852183975245902,1.1222832997639973,2,78,0.21774196265186707,0.24733010361917684,2,200
117,0.17054951110336541,0.7958624685804049,2,48
118,0.03961878467019269,0.39458962139629183,2,21
119,0.1418369962344853,0.7517677545547485,2,26
120,0.32936882008670487,1.175093107107209,2,41
121,0.060485301036704645,0.8426907578030148,2,74,0.28053274759872865,1.0174467175725908,2,200
122,0.14393512755456336,0.8404117412865162,2,72,0.03359800133773124,0.6653489072189153,2,179,0.4586211287041317,1.0336662644431704,2,200
123,0.3100507170652151,0.9608280950784683,2,200
124,0.4394197062578902,0.7327091314575889,2,11,0.03749591624079436,0.6291982921742901,2,108
125,0.029084045627276,0.6548857127244656,2,52
126,0.2996288774578336,1.1807303943876493,2,118,0.07940766307955763,0.8578884856003087,2,200
127,0.25666536435931087,0.9976325966664498,2,151
128,0.3549910606914289,0.48574209824204445,2,200
129,0.3583564630179199,1.5831269965027317,2,132
130,0.43579102206771386,0.7457479055111225,2,13,0.016760833464960656,0.35977876575096795,2,36,0.39601043862450136,0.9279321140342659,2,179,0.03350318200361486,0.45284696278117953,2,200
131,0.2801733605458636,1.3291991353034973,2,22
132,0.2368131644869712,1.2883454167842865,2,200
133,0.29234524648141885,0.9518166443705559,2,200
134,0.2738112584241294,1.185250057893641,2,34
135,0.27819457439972006,0.9144079247852425,2,154,0.06319537146237562,0.8860636405322863,2,200
136,0.026105098186803285,0.5027364104241133,2,200
137,0.04322473780980313,0.8687010324663587,2,72,0.22892578684837858,0.7344103064388037,2,200
138,0.31829219712916706,1.0818874406814576,2,25
139,0.3085676722783502,0.3181515129712912,2,26
140,0.07855982532400468,0.8385181679564008,2,59
141,0.3129839682606496,1.1172211450338363,2,200
142,0.06406808251815364,0.9168779906772432,2,84,0.27977341543755935,1.1271524490981266,2,200
143,0.30169144074189624,0.9250533180158647,2,61
144,0.14039238659792422,0.751023565530777,2,25
145,0.03445652339274565,0.774677596594158,2,19,0.3293816162468153,1.1401252792431757,2,175
146,0.06471641990640933,0.6413543235687983,2,105,0.22750706053192463,0.3429588175133655,2,200
147,0.027699899384065998,0.5250114995986224,2,200
148,0.14873024505132806,0.5371737960312102,2,54,0.0395177848215612,0.5774596462378631,2,165,0.31968270013349104,0.6311854021889823,2,200
149,0.03540456627358223,0.6690246322473814,2,172,0.3902374092830932,0.15522331105811255,2,200
150,0.22248286200814565,1.333434151975732,2,38
151,0.19248172958640647,1.1336293924050254,2,122
152,0.04192092664205256,0.7950309216976166,2,46
153,0.3266912103135475,1.4414978623390198,2,20
154,0.19520501299196624,0.9820307637006045,2,200
155,0.1562934228283376,1.3553689214610314,2,129
156,0.3005103198573205,0.8467496391889211,2,37,0.02460285239051804,0.7456058314506043,2,84,0.3288609709066115,1.1839810417544456,2,115,0.04636466042424307,1.0411341302096844,2,179,0.35241780698126074,0.9991904809361413,2,200
157,0.2848921659208611,1.4023561966724885,2,39
158,0.27409817704725303,1.2012192179571908,2,106
159,0.15893972005626053,1.2668071588873864,2,200
160,0.06797650961747012,0.6249701634271821,2,67
161,0.2823138113270475,1.4664019147555034,2,54
162,0.23708782808287487,0.659394054710865,2,200
163,0.34282580602588975,0.9041742124618628,2,78
164,0.05210364785026587,0.6871353758348001,2,74,0.34124987870240303,0.7126636249678475,2,95
165,0.32306885593529244,0.7344388392838564,2,44
166,0.21569710060338737,0.6409800232946873,2,200
167,0.21858473040347065,1.168143245081107,2,24
168,0.0461047276718829,0.920059026479721,2,100
169,0.17495584686697838,1.5790585941738553,2,54,0.041606669623608365,0.7163846244414648,2,102,0.19105001874411442,1.613170818487803,2,162
170,0.3052400313469113,1.2564625720823965,2,62,0.05813917799129135,0.8293039876481761,2,200
171,0.25621600066325184,0.7591724246740341,2,200
172,0.3356627375898296,0.8192377290129662,2,200
173,0.26745104715285534,1.0163347899913788,2,20
174,0.30196155937228414,1.1339514802836772,2,159
175,0.0833915416380479,0.8013872671127319,2,25
176,0.2135041545214768,1.0536795224725586,2,97
177,0.2276108237174645,1.221856528712857,2,31
178,0.15289484397364303,1.3034205877617613,2,73
179,0.022657169948162796,0.6659905040264129,2,50,0.19811012369473566,0.6232198739051819,2,200
180,0.24690144354263607,0.6058139942194286,2,38,0.03173584757986138,1.0007567231248065,2,79,0.3043148509400204,0.657724407093584,2,200
181,0.03959606322680396,0.8731216899184293,2,86
182,0.21977594591268793,1.1755186888304623,2,44
183,0.24658308409452503,1.269853726029396,2,200
184,0.24990832727877102,1.0153365990694831,2,85,0.033726290903837455,0.5886278507801203,2,163,0.20472173363569657,0.8439537737820599,2,200
185,0.227309517124798,0.6696953968703747,2,200
186,0.3628361247826385,1.60000100888704,2,38
187,0.28537625914692144,1.6744136848757345,2,31
188,0.32518094864579056,0.8346278479224757,2,38,0.029713934299815448,0.6330797621182033,2,73,0.29183420306294267,0.7100310443263305,2,149,0.058716145563180534,0.855185445617227,2,200
189,0.25287538536777276,1.3382652446627616,2,200
190,0.341911745389825,1.4609377730277278,2,31
191,0.09350785546407124,0.7900151275858587,2,49
192,0.3150511326924785,1.0784617991283023,2,29
193,0.16442271067751196,0.48463126957416536,2,200
194,0.24456065484587503,0.991314591931515,2,61
195,0.040290435024672534,0.7803576709567637,2,138,0.29630531853624653,1.0466012339438162,2,200
196,0.21089600298137623,1.2393232570349715,2,131
197,0.22844543291776062,0.4594749391078949,2,200
198,0.2548962468607609,0.5781552261776395,2,72
199,0.2447653947469899,0.8338422844576281,2,43
200,0.25722619238705785,0.8806745674875047,2,36
201,0.3521520584566409,1.2177352839708329,2,200
202,0.2899903193059536,0.47872542388855466,2,63,0.02375744697815495,1.0561508616885624,2,100,0.19251051770595026,0.4964331766963005,2,200
203,0.24625960171818512,0.7954556748270989,2,40
204,0.34156170945815995,0.6660515147370177,2,154
205,0.29602835050319615,0.6063816201686859,2,200
206,0.2263862910841335,0.9585314989089966,2,27,0.01858565593735281,0.5473232515927019,2,56,0.13714432662658224,0.8944405234137247,2,142,0.016788756969072904,0.5330710883798271,2,171,0.24590560467033284,1.0442679750508275,2,200
207,0.3488219301239196,0.8772591956150837,2,78,0.04073318574649481,0.8449567431797746,2,200
208,0.058136549387487316,0.6636640341508956,2,105,0.24048335657911302,0.6786584151418585,2,200
209,0.21130786488752337,0.8722878640890122,2,200
210,0.2838432215684193,0.9962401633912866,2,44,0.0409805713556859,1.0068670029509557,2,117,0.2374423039572165,0.96939073987754,2,200
211,0.2292169808916132,1.276323075145483,2,200
212,0.3590545867198118,1.1227768337404407,2,37
213,0.17593208718729034,1.0982446110766866,2,115
214,0.048630194874945604,0.581796965428761,2,28
215,0.06485044227981605,1.1270810186222036,2,93
216,0.14185335104460056,1.1157567046937489,2,63,0.02395340559485682,0.8065287414586769,2,116,0.23335734636831484,1.1685185404050917,2,200
217,0.22091813367024662,0.7296257013082504,2,200
218,0.326425125565255,1.261889296107822,2,135
219,0.28690618671367346,0.8697252311403789,2,63,0.029198768109092933,0.4759961879915661,2,99,0.15575058055201646,0.8737154898076954,2,200
220,0.08560148101240302,1.0497315804163614,2,75
221,0.06953239575901458,0.8364650563282126,2,68
222,0.31035906392652135,1.3527192309282827,2,69
223,0.11358130438076346,1.085472047328949,2,26
224,0.2196783711864509,1.1185259342193603,2,200
225,0.06067994273484983,1.0623453676700592,2,40,0.3864003869717051,1.7050829018865312,2,68,0.02922286413707535,0.606737477750313,2,109,0.3291886272070691,1.5669104253852761,2,200
226,0.15356887911229092,1.1900011643678128,2,167,0.03247209676062168,1.2643960678216182,2,200
227,0.2286612274839871,1.3649145475029945,2,200
228,0.32207834628432297,0.7886230739263388,2,26,0.05027000906031988,0.8861408022845664,2,108,0.32788277054797826,0.5984488647917042,2,200
229,0.33195180148605286,1.4071616990225655,2,70
230,0.25531418916760906,0.9186711141467094,2,200
231,0.30145731431402945,1.5399220841271537,2,21
232,0.27143464339340645,0.5444362677633763,2,200
233,0.26735449849832865,0.6167120203375817,2,200
234,0.2754789958784437,0.76420997133191,2,149,0.03926887148151837,0.892051053982155,2,200
235,0.2805056126040335,1.1538746127715478,2,13,0.02158485765610118,0.1599851977825165,2,38,0.25800138708501325,1.2672514500111107,2,165,0.02893350181183071,0.748875801052366,2,200
236,0.09446786764555087,0.4809539647102356,2,125,0.022241020217980894,0.5674628055825526,2,174,0.212128143541783,1.2087264473621662,2,200
237,0.2667584717445586,0.878301149904728,2,200
238,0.2764798084283526,0.9307834554362941,2,37
239,0.05023635594115521,0.863226194130747,2,95,0.2592756939680318,1.345761057308742,2,200
240,0.2415869443346279,0.9801383841037751,2,200
241,0.04549083284165986,0.8177364564166879,2,106
242,0.027223255603650187,0.6874743544537089,2,23,0.3070821982271383,0.9610352990990978,2,82
243,0.2965726192679602,0.9424711453671358,2,49,0.05192111665993102,0.6255246073835425,2,121
244,0.24377217660549969,1.3027696716479766,2,156,0.043895343400329405,0.7595287283713167,2,200
245,0.20862711405278128,0.738323700428009,2,200
246,0.09963979264416051,1.41874603871946,2,27
247,0.24459408944130362,1.433196740991929,2,102
248,0.25390637414426587,0.3702093977481127,2,48
249,0.197330072857727,1.4141458230359214,2,28
250,0.21913562092875,1.1777153866631644,2,21
251,0.26391052241325347,1.0937636198397882,2,167
252,0.2289057662870475,1.4003810876607894,2,200
253,0.034919348348711424,0.55923713154571,2,43,0.3167732313399128,1.0481264318029087,2,139
254,0.3883895106670376,0.6977900025006887,2,37,0.034732687785381675,0.9122585980665117,2,79,0.3459882944795427,0.6693702684946297,2,200
255,0.04508640320486591,0.908500091117971,2,68,0.20295568285124282,1.0345509913888309,2,169,0.04249852370758373,0.7011652300434728,2,200
256,0.13247825470296737,1.2237957102281076,2,135,0.0351956598142062,0.66936108528399,2,186
257,0.27576133232630323,1.1173956548726116,2,54,0.0341725019137239,0.7558714305715901,2,166,0.28858161913342023,1.172831051489886,2,200
258,0.28396220142814405,1.0574712250210823,2,109
259,0.16257411254024778,0.6718283726274967,2,200
260,0.15244678333523645,0.9209533606667116,2,83
261,0.21526805640005986,1.133995587681676,2,182
262,0.4021497701659039,0.20838655076920987,2,200
263,0.2217582103235365,0.5921468766672271,2,56,0.024844763155133003,0.8023778200149536,2,116,0.28657681006222685,0.5794030654998052,2,200
264,0.48277330296449816,0.3725423018137614,2,24,0.03542094240762326,0.5221183943575707,2,93,0.270084304175248,0.7725695600112279,2,153,0.06099178415499292,0.38502713213575646,2,200
265,0.16601012783822897,0.6819564057023901,2,114,0.021102325597268164,0.4871038666793278,2,149,0.21025128291957804,0.6394868691762289,2,200
266,0.2615724833923904,0.43534858802269244,2,145,0.03745118352092763,0.7781114448200572,2,200
267,0.21933210515082463,0.4085038180649281,2,200
268,0.1644605495221935,1.3737912096977234,2,125
269,0.2776555873668242,1.7185507279175978,2,78
270,0.21887714952988244,1.1765680285257714,2,107
271,0.021924480032468423,0.3914185654033314,2,11,0.37131613913865236,1.2821793906828935,2,45
272,0.19139626826506492,0.44640875279903414,2,200
273,0.35431996380258174,1.0198585736751555,2,200
274,0.28579944133416285,1.498095079546883,2,126
275,0.21007068403314166,1.1111213617620215,2,113,0.037088087510088595,0.8913378544237421,2,200
276,0.13635775441368864,0.836298656463623,2,200
277,0.4217618583558755,1.1755999837602888,2,7,0.004710034606535539,1.1983484228452046,2,13,0.40414827353152116,1.27939920863886,2,100,0.018126104839375025,0.9064726721156727,2,122,0.1604886078675197,1.243655712940754,2,200
278,0.28585678979411616,1.2156308819265926,2,34
279,0.1648258709801349,0.732156496204383,2,141
280,0.24808393029986317,1.1678717744350433,2,100,0.05162864600818671,0.8083574789762497,2,200
281,0.2828933408522179,0.6860673640455518,2,42,0.022045925859731898,0.7239418356191545,2,84,0.26428938063978247,0.6493107548047756,2,200
282,0.28402478616356913,0.7146899402141571,2,112,0.07432303615046532,0.9410396638241681,2,200
283,0.29492217855025776,0.8637650345192581,2,61,0.03564109769711056,0.6844388730823994,2,93,0.25017453830528247,0.82471877726439,2,200
284,0.284929588714044,0.9729963269776213,2,167,0.035090925656740254,1.21644080768932,2,200
285,0.27551183647731486,1.3351969084143638,2,200
