0,0.27238158749838864,0.9899733304977417,2,200
1,0.33029785131870504,1.0548083678535793,2,23,0.026684757623876093,0.44098470642648896,2,52,0.25908649800633854,1.058137722112037,2,200
2,0.3131123376166341,0.9050639685988426,2,200
3,0.23366278247323996,0.5557515059411525,2,200
4,0.2784897962858572,1.0393686106801032,2,200
5,0.14378536361587219,1.1603654638926189,2,75
6,0.288317304241131,1.3491654900404124,2,52,0.01691018331645636,0.3873326852917671,2,80,0.5486760556786998,1.563975385257176,2,87
7,0.16554130911034348,0.9593459412455558,2,200
8,0.2472859204151534,1.371555957198143,2,200
9,0.20958661498753536,0.8390427149004407,2,72,0.011250217430367974,0.16151314844255862,2,95,0.06535543081055538,0.6499342513935906,2,200
10,0.1938678503579669,0.8749235899020464,2,117,0.02064505318498132,0.6029371016555363,2,162,0.1373671114354361,0.7951859173021818,2,200
11,0.23518406619316035,0.41746248453855517,2,200
12,0.2857502313346745,0.45051722350667733,2,61,0.032898587859284206,0.7848140940521703,2,94,0.32539061574054556,0.4580510021266291,2,153,0.049144925788197645,0.6971719341075167,2,200
13,0.4734766982770234,0.9668342056481735,2,23,0.027090671255250564,0.4408018098157995,2,40
14,0.02539955955705055,1.0262184639771779,2,36,0.22810902397646393,1.1099593086340993,2,133,0.03798297175544982,0.8260941225201336,2,200
15,0.3136367485768513,1.2633519411087035,2,20,0.032838020075124374,0.5280083022130433,2,113,0.1650766689395637,1.2733926091385983,2,200
16,0.31556326876375923,1.0184657718684222,2,148,0.027076125798216548,0.44753308536914677,2,200
17,0.16123071818811238,0.419528085035044,2,143,0.026050741808672888,0.8057634589964884,2,200
18,0.25436958343284344,1.082331515275515,2,26
19,0.23945562751012123,0.6840317506911391,2,118,0.07888291134014117,0.857177107799344,2,200
20,0.23724300801760578,1.1709024757146835,2,200
21,0.33947312479094793,1.2784224870253582,2,49,0.022429819260004976,0.5445195012970975,2,68,0.2980201770314069,1.2284191837816527,2,200
22,0.1250057777813792,1.2534804468931153,2,172,0.026000609202281214,0.7044372643743243,2,200
23,0.2686721919039906,0.8867781040845094,2,54,0.040544152304552855,0.7069318411396999,2,105,0.23455644071245368,0.8357400580456382,2,200
24,0.38669347100393037,1.546379684287811,2,107,0.028018683262923415,0.7275156722618983,2,133,0.2160783282985424,1.538402085873618,2,200
25,0.26367719214860147,1.1320924270153045,2,200
26,0.040447532279479746,0.8096949469712046,2,180,0.2866787426388558,1.3483925879001617,2,200
27,0.32917002754062574,0.9102170901639121,2,140,0.039500501544523094,0.8895888415778556,2,181,0.368267041479072,0.9405225076173481,2,200
28,0.28809384618648776,1.0538700248884119,2,23
29,0.03088137159425759,0.8105513128367338,2,44
30,0.10344486445648671,0.30877149701118467,2,45
31,0.025469306359248857,0.78429091703601,2,82,0.302068737853271,0.9714085591041436,2,200
32,0.23548706429246127,0.6317902749234979,2,55,0.045895288726948674,0.8300740139237766,2,200
33,0.018228071031675876,0.5649600308388472,2,32,0.30888158403979943,1.468767073419359,2,59,0.030765144245984772,0.8189656400680542,2,109,0.3112582933163434,1.4255004371366193,2,171,0.019101289609989813,0.7169370569031814,2,200
34,0.03401735993695743,0.6967642067409143,2,82,0.22824312591192336,0.6615599585791766,2,200
35,0.15707177240089543,1.0746870264410973,2,200
36,0.28331641404349855,1.0031172789633274,2,200
37,0.18681347284308805,0.7353391429781914,2,200
38,0.3097612800657147,1.375472610647028,2,22
39,0.2946692927367201,1.1252308303117753,2,200
40,0.3120300838936194,1.3679160816328866,2,98,0.028649317686175887,0.7369041919708252,2,128,0.30183468431511445,1.3084853490193684,2,200
41,0.18685468729761562,0.8912540251432464,2,86
42,0.2032429720022897,0.9373926818370819,2,36
43,0.2818736521378548,0.6110415461659432,2,200
44,0.29371134863183984,0.6378491681814193,2,200
45,0.07585742507785538,0.5215196804566817,2,55
46,0.04648376327299268,0.7643029302358627,2,40
47,0.23046822618201374,1.0248665729165076,2,200
48,0.3426820961268672,0.4893934024759561,2,121,0.02349645740514532,0.7878866553306579,2,151,0.15768207513001606,0.5513368029983676,2,200
49,0.208965676526779,1.415012200474739,2,200
50,0.3266904968000414,0.9825975623997775,2,22
51,0.29389933337785396,1.0015700340270997,2,50,0.08775848733580659,0.841867614587148,2,200
52,0.26128873385089324,1.3572693955898285,2,200
53,0.1701940073814664,1.0196083608795614,2,170,0.033658197884085264,0.47043502430121104,2,200
54,0.3160380009469739,0.9985652884233345,2,103,0.044230124368507304,0.7753336722200567,2,158,0.3322081528422886,1.0336784312599583,2,177
55,0.14596193393205179,1.0483135980367662,2,200
56,0.2329957315031662,0.7943828580743175,2,59
57,0.32597486653503877,1.0044768431782722,2,200
58,0.22891226780764395,1.0221347976475954,2,64
59,0.24977104885747356,0.7587486565113067,2,25,0.03633100029200939,0.22178286823787188,2,63
60,0.4207549988938104,0.23893468342130147,2,63,0.0322416054553759,0.3009647438707559,2,109,0.4123787688123231,0.13117541618399567,2,200
61,0.30848512207733036,1.570631450681544,2,134,0.04503435728232996,0.18354134013255438,2,152,0.32573039701937323,1.5957976239068168,2,159
62,0.25251930105077425,1.101756521771031,2,124,0.025590907057530112,0.5784068788800921,2,173,0.15356395409491497,0.9496586830527695,2,200
63,0.3418326222458825,0.6703479205408404,2,155,0.043660900440469906,0.7624434762530856,2,200
64,0.35871293194198967,0.0732886450631278,2,21,0.05495201728626538,0.9194161546564548,2,128,0.2162380210772662,0.15214614011347294,2,200
65,0.05428506955858884,0.6888043167798416,2,46
66,0.3093987923123552,0.9666557004374843,2,62
67,0.021684502784110497,0.5198749434947968,2,50,0.2971335928062296,1.4892299538073333,2,73
68,0.24235433633283016,0.8450894102454185,2,200
69,0.2428017061986052,0.8703567546606064,2,200
70,0.05318701895783072,0.7512347875162959,2,32
71,0.2808909572482731,1.3489427879208424,2,61
72,0.32952294967672,1.4843850815296173,2,200
73,0.19007673594416832,0.3464356544396735,2,151,0.025275013764836034,0.5911031626925176,2,200
74,0.032166735182862,0.6613384640735128,2,46
75,0.029613206397757687,0.43077813744544985,2,25,0.28831675884907476,1.0540072236742293,2,46
76,0.2880809000189323,0.6331109404563904,2,16,0.03606693506654438,0.6265123737975955,2,112,0.2240533749181757,0.947245255112648,2,200
77,0.23725501186125175,1.4413901072740556,2,200
78,0.26714813464849113,1.411366163359748,2,45,0.03618279468687645,0.7086000889539719,2,89,0.2509212597455828,1.3541363904725259,2,156,0.03901842737592139,0.6235739514231682,2,200
79,0.32302176340212985,1.1287298163429635,2,183
80,0.3243219890639317,0.8333277434542559,2,138,0.018525503696216333,0.7477090429692042,2,180,0.47004637346294426,0.8329632908105851,2,200
81,0.2011678235652766,0.7827375957184592,2,177
82,0.3018602721537212,0.9502704699834188,2,60,0.08210251933128253,0.8626217791012355,2,200
83,0.3695371823869848,0.7910123001784086,2,32,0.03575306929244268,0.7033888391758266,2,70
84,0.158036235352722,0.9791919665365685,2,164,0.03311474123603081,0.6201063990592957,2,200
85,0.03691436090900044,0.704672880711094,2,31,0.4349333313431998,1.5463134129842122,2,61,0.019306830264368063,0.34702461659908296,2,81,0.26003471655302773,1.39370545805717,2,130
86,0.06876297674052177,0.5589246794581413,2,20
87,0.25675168746414223,0.7678221680969,2,200
88,0.27282827285845385,0.6685379517078399,2,200
89,0.1796460143472269,0.7819267272949219,2,20
90,0.06228212491195562,1.0090280592441558,2,20
91,0.3017086733060186,0.3505065046754995,2,133,0.05706358823659524,0.9667912579294461,2,200
92,0.28645796305876403,1.4263631105422974,2,138
93,0.14905748865098228,1.235926792025566,2,200
94,0.37654884137273303,0.7634754257324414,2,39,0.044731952779783424,0.7632309984077107,2,105,0.16645849288800288,0.8081263303756714,2,200
95,0.3769655060757416,0.8283279192447662,2,200
96,0.3092775689540844,1.0268255074818928,2,27
97,0.2691523489257313,0.8353396411551985,2,172,0.019068252151700073,0.14151507403169358,2,200
98,0.25467210935066464,0.8563723704218864,2,200
99,0.2574560635546031,1.245889925211668,2,200
100,0.022269041555137307,0.7221278429031373,2,30,0.32107845655759526,1.5142053786446066,2,64,0.03383049047612616,0.8609075405531459,2,136,0.19351885341038993,1.3164868485182524,2,200
101,0.018991961176243584,0.49474498722702265,2,32,0.30248820646275193,1.110583179288631,2,171,0.01954724367363116,0.11108974752755,2,200
102,0.17261995682753178,1.1929321827739476,2,200
103,0.28134119712934175,0.7132975545525551,2,200
104,0.17065897613504746,0.753559952758881,2,166
105,0.37870134329151417,0.5976610996506431,2,22
106,0.3163924157906772,1.2280322604709202,2,45,0.028239577070804708,0.8376734229021294,2,88,0.25194621931626243,1.1809727453759737,2,200
107,0.24919784505849793,0.9984442925453186,2,200
108,0.26514419412398443,1.2298927657744463,2,34
109,0.2567868076081188,1.166477554804319,2,77
110,0.17077000372595416,1.0679888403488815,2,163,0.026404291910633298,1.1507420410981049,2,200
111,0.1252976858212394,0.8539407937615006,2,27
112,0.22499849614036113,0.6198097556384642,2,67
113,0.3083517589050559,0.5765050043904685,2,123,0.010553653814415453,0.49756715978894916,2,130
114,0.2233019021089759,1.3621478984432835,2,62
115,0.29620871496508244,0.994539451214575,2,124,0.04133664662374595,0.8510955325082729,2,200
116,0.28619381755572415,0.8585516620904972,2,195
117,0.3122883678484566,0.48618657935050225,2,31,0.01573945827157916,0.39519835608761483,2,72,0.2990754626810723,0.8462553746772535,2,105,0.016285620565925838,0.5195027017593383,2,180,0.1689187866627518,0.8283927112817764,2,200
118,0.2793379553751575,0.7469585680961609,2,200
119,0.12220261922250326,0.9301550260186195,2,200
120,0.09560404941663464,0.7477868520296537,2,91,0.3042332951522182,0.2798891545982536,2,200
121,0.11764500575979009,1.1183353927731514,2,200
122,0.31326385741875545,0.49101749442517756,2,200
123,0.3605801042285836,1.7542636471409951,2,31
124,0.2679880103917648,1.670664831995964,2,120
125,0.321255880917265,0.5715210095047951,2,200
126,0.0424591292882413,0.9463641855120659,2,200
127,0.09779382616016781,1.18392832222439,2,21
128,0.28400300588215066,0.7393389552011402,2,109,0.03318697953204734,1.0506559319274371,2,152,0.22946044848580538,0.7187651743491491,2,200
129,0.3138755433449585,0.3039065246284008,2,200
130,0.34433743316518733,0.7226849755644799,2,200
131,0.24942398396120247,1.357509078348384,2,34,0.02469066303019782,0.9106906556314037,2,65,0.3428817174840882,1.4929981420910547,2,128
132,0.16455939461992333,0.9913376206159592,2,200
133,0.26826922696694433,1.4928310864111956,2,34,0.062416575216322115,0.9441867470741272,2,49,0.012788744096137504,0.31275080582674814,2,66
134,0.15015376881048437,0.4604346337841778,2,41,0.021170972303203847,0.3947466467108045,2,76,0.3085719669614202,0.5064893063062277,2,154,0.039947918648962896,0.617562816194866,2,200
135,0.34542338192861144,0.892574571967125,2,200
136,0.18838304712110107,1.5576086032021905,2,97
137,0.15864883558106935,1.3427526191489336,2,146
138,0.32648019920058197,1.3137598204903487,2,164,0.027026840946102262,0.9760356346766154,2,200
139,0.33201423810738073,1.0373875101407368,2,30
140,0.2491802189479297,1.0117686414718627,2,200
141,0.1190560231784746,0.9395323370685097,2,119
142,0.2657003349944327,1.1965742125743772,2,82,0.005955553324936337,0.8180387616157532,2,90,0.33258284229241875,1.1907690936519253,2,152,0.038172051531632584,0.5975567082995954,2,198
143,0.33452721190154383,1.4666949285043251,2,37
144,0.3193830220597921,0.8650547111735625,2,85,0.06682639701641449,0.49845280219679294,2,200
145,0.2411833239324967,0.975411052107811,2,200
146,0.2715892163025863,1.0976030161747565,2,143,0.028333123882645857,0.7023082929745055,2,200
147,0.26230208475101047,0.9746911993393531,2,65,0.018544867298743255,0.27298050035129895,2,87,0.2951224002490392,1.033551218762862,2,200
148,0.2715102924581625,1.1142557964605444,2,34,0.022701558247119353,0.3941373995372227,2,55,0.3609879675046065,1.2024467161723547,2,90,0.024555622046088816,0.8689300857092205,2,147,0.34899058380805165,1.3010617112213712,2,200
149,0.2619907076766219,1.6042703756919274,2,13,0.020103820045212974,0.2942201431308474,2,34,0.296486388433512,1.5032954272769747,2,76
150,0.27130348544915106,0.8592091295081126,2,71,0.04835259181570427,0.7797787550392501,2,180,0.33389979545001197,1.033253365755081,2,200
151,0.20395518016627026,0.5728914831948076,2,117,0.01586015829604299,0.5365649647182889,2,162,0.4256865511154967,0.7519009677987349,2,200
152,0.26785237768807624,0.8732528745150957,2,61,0.04414498104371097,0.8363265313690514,2,200
153,0.29181767541890735,0.9467671889066697,2,200
154,0.3499059849266287,0.39787698075884864,2,42,0.023772029584607855,0.7175590964880857,2,64,0.4409180365586618,0.35441748688326163,2,200
155,0.345921931747653,1.2844150891670814,2,26,0.03191444672126979,1.3805977702140808,2,58,0.3336422983660053,1.3214687766699955,2,145
156,0.24114065531222095,1.4571880414837697,2,61
157,0.2323969512830428,0.5916015970706939,2,200
158,0.34971798194734643,1.105991441756487,2,32,0.024790129336029445,0.48901440841811045,2,109,0.31638075056100234,0.9088615257661421,2,200
159,0.09994156561698438,0.8186271833746057,2,38
160,0.29792402415720853,0.9222779864012592,2,99
161,0.21666528556377865,0.8218649184703827,2,50
162,0.2318445984147454,0.27199578545987607,2,200
163,0.3011953499282194,0.7455423812071482,2,180,0.03443892160819208,0.8659215331077575,2,200
164,0.1676790299221034,1.2584831281141802,2,88
165,0.28728086395438057,1.313422771821539,2,83,0.027159810000343176,0.838745249354321,2,106,0.34692908490380225,1.289929092725118,2,181,0.04500392834007387,0.7633028626441956,2,200
166,0.3725760803640451,0.56695278018713,2,200
167,0.14780418491244696,0.8092910455912352,2,200
168,0.29756593540937915,1.1639682871103287,2,200
169,0.2174573529763715,1.076386264392308,2,49,0.03160045827109269,0.91250095737947,2,123,0.2460891222891149,1.1070707680343033,2,200
170,0.05459853586419894,0.7799955671376521,2,101
171,0.3277766472423851,1.465044773541964,2,39
172,0.21977788156949843,0.3826993018388748,2,20,0.01550613885844132,0.17268681079149245,2,50,0.16878128780420093,0.5063318091630936,2,200
173,0.29015158287868975,1.2384568941397744,2,122,0.024318414493001362,0.5563258039951324,2,172,0.5109198205486096,1.4019797912665777,2,200
174,0.2441205782510957,1.1973775153936341,2,129
175,0.25518904037787504,0.6989681405516771,2,104,0.01896634103746636,0.3700353503227234,2,117
176,0.06191043599228632,0.44233137587221655,2,82
177,0.28980158408065365,1.127367435182844,2,105
178,0.15552730354733316,1.0015207929857846,2,87
179,0.08877533083806545,1.0738631124081819,2,23
180,0.2824298756036196,1.0050781839772274,2,95
181,0.2721975509207772,0.8826189821257311,2,68,0.030821688169940752,0.8713109116805228,2,106,0.26887547453937743,1.0332027844926144,2,200
182,0.4935919242262588,0.955659540494283,2,15,0.03539566886014417,0.7605146635068606,2,88,0.43124322809222,1.1458548924018597,2,117,0.07521972292425984,0.9504088026931486,2,200
183,0.2663846688671943,1.0432277528139262,2,104,0.056554570418250995,0.8139407041793069,2,200
184,0.20460764486800337,0.7109963412582875,2,200
185,0.2771265088339228,0.9168950238470304,2,59,0.036766699698315974,0.8890492396151766,2,106,0.20073475834437424,0.963166004799782,2,200
186,0.026844679452637576,0.46607074429911954,2,31,0.2957922576686359,1.113849752753444,2,200
187,0.08094679036780782,0.9382966007623408,2,144,0.3247229797257362,0.9477378321545464,2,200
188,0.046193458749015245,0.6403295631919589,2,28,0.32183749172076087,1.040903288162559,2,191
189,0.20817351316458257,1.0842877927422523,2,200
190,0.2624655212560719,0.9082578619321188,2,36
191,0.0429978379262049,0.6511193925951734,2,81,0.2290290507931245,0.9859249802196727,2,200
192,0.03314584089787397,0.726268606185913,2,25,0.23860321048581618,0.798054712840489,2,200
193,0.30220345703014767,0.5037905713304495,2,156
194,0.2241118925584201,0.95231237064434,2,79,0.06461086480285828,0.5503503465948026,2,200
195,0.17237088896488284,0.8565120011343992,2,133
196,0.21780928853683937,0.9940660830700037,2,66
197,0.2586487054167555,0.8208429357409477,2,200
198,0.28662930656431396,0.7599328994750977,2,200
199,0.1740529814906114,0.584934477508068,2,200
200,0.28026439548711846,0.8161475143649362,2,22,0.02912910009906614,0.5894196210680781,2,59,0.2929542462996219,0.8525908273809096,2,93
201,0.25468372039955883,0.5226040867467722,2,72,0.05305462346423902,0.3721544814761728,2,200
202,0.19891474688856173,1.022688322945645,2,76,0.029462538523710634,0.6193862126228658,2,123,0.316076791068716,1.0567379462254511,2,200
203,0.2616018467646978,0.5774872961640358,2,200
204,0.04106490434733133,0.8334139708210441,2,34
205,0.2962602423516882,0.5425294048902465,2,82,0.07622620237783585,0.6397488499681155,2,142
206,0.22889851528139651,1.1356506981427157,2,158,0.031766239861175,0.6778801736377534,2,200
207,0.2111113842806739,0.9454586020400447,2,124,0.0715228153156651,0.9404822815405695,2,200
208,0.19067150430444352,1.2454466746963617,2,131,0.06775338995404992,0.7471300277157106,2,200
209,0.09538392718732615,0.9688406916736048,2,79
210,0.3267777438848921,1.0888891643372134,2,138,0.03377761398973232,0.848083917911236,2,164,0.36548264058964436,1.0609193344910939,2,200
211,0.16346662823479963,1.2717068248987198,2,200
212,0.03319588543946123,0.845898075537248,2,88,0.3197208475833924,0.9697224602979773,2,105
213,0.16036209850959335,0.8293491508066654,2,200
214,0.20263665159082914,0.5479326185584068,2,200
215,0.2307618008201345,1.2851157929003239,2,200
216,0.27184898656362216,0.9226038831472397,2,200
217,0.2095167120035034,0.8304650494030543,2,105,0.018759291357278846,0.5075091010407556,2,184,0.2711601319712967,1.4358742237091064,2,200
218,0.09494435535965791,0.6182275272905826,2,200
219,0.16086834454195229,0.7189590081572532,2,200
220,0.2755681999684623,0.696867643892765,2,200
221,0.15359374625963285,0.9412838637344236,2,123,0.03755900178338192,0.9314194724157259,2,200
222,0.07373525458617097,0.6563612245163828,2,53
223,0.20596559769755723,1.0259664756059648,2,200
224,0.14110992249637475,0.8293361361924704,2,77
225,0.026657701038198072,0.6037245631217957,2,20
226,0.28257952305628325,0.9437436035701207,2,196
227,0.2683977169178563,1.0963211827807957,2,180,0.014837927033240102,0.317446095602853,2,194,0.7589772969535241,1.1545416315396626,2,200
228,0.03206045246516729,0.6391254320289149,2,66,0.1916507242341754,1.3242488957163114,2,200
229,0.1442211663544425,0.8428413427846376,2,86,0.043008199585875005,0.4962648785950845,2,200
230,0.21632915124384186,0.987177504748106,2,200
231,0.26958482090493263,0.49267021015286444,2,200
232,0.04632244317343195,0.6596701443195343,2,79,0.28823191571468426,0.9679984445414267,2,200
233,0.062070660917453786,1.2075456134204208,2,29
234,0.2411359039977017,1.0681442241279446,2,49,0.03200909269628762,0.48556356520756433,2,95,0.2084290390641151,1.092812122617449,2,130,0.021348153816314212,0.4876786747149059,2,172,0.2281412818087019,1.209195796932493,2,200
235,0.43695973731943694,0.6738596078753472,2,200
236,0.10437983831150843,0.8346765246987343,2,200
237,0.04510595268640634,0.4764810678633777,2,88,0.31697082575901575,0.9347108265627986,2,134
238,0.22288530688832678,0.8947798330572587,2,158,0.03757268092213946,0.5231980880101522,2,200
239,0.23363883859486662,1.4604784805895918,2,118,0.032822649986742454,0.973227056406312,2,177,0.3976536670220327,1.6575724456621252,2,200
240,0.2990363217674392,1.1219396555062495,2,33
241,0.24812579286041886,1.0412318578788213,2,70
242,0.3200845656545866,0.7805828581685605,2,23
243,0.07310138842778359,0.6764208680771767,2,47,0.32184999615602006,1.146172768336076,2,177,0.02053027829253081,0.42362071486080394,2,194
244,0.2118464537084311,0.6946102691733319,2,46,0.013945041865324399,0.20087351732783848,2,82,0.330480853314877,0.8026093009746436,2,115
245,0.3458754044044901,0.8827279531038724,2,65
246,0.32759752564426864,1.4529988583253355,2,98,0.027737985309975906,0.7800181011358897,2,128,0.2457920638923343,1.4238269941674337,2,200
247,0.20116138024778998,1.0825623683255128,2,99,0.060226148758000114,0.7831539308080578,2,200
248,0.2742656471245863,0.7223756615119644,2,79,0.033919056932285224,0.4057781799765658,2,200
249,0.11139952134286252,0.9165604733503782,2,78
250,0.1793536566959658,1.0538293648574313,2,59,0.0306747484251826,0.8848742464232067,2,122,0.2876434579589692,1.1435086711859093,2,200
251,0.29996398713301176,1.410575024286906,2,30,0.02361180664598496,0.27989318840047145,2,77,0.28279304614787126,1.4092776030302048,2,101
252,0.29269550934217675,1.3505252756570514,2,38
253,0.28279633223825057,1.4668239939446543,2,51
254,0.3446278101660472,0.9906785343632554,2,33,0.0180356099509728,0.8421237336264716,2,51,0.459248329079239,1.0274679025014242,2,81,0.025573027806205014,0.6467675797400936,2,112,0.3004840165676836,1.0043256187980825,2,200
255,0.044367614305872535,0.7731167327713322,2,37,0.2292256437124525,0.7907936966126682,2,200
256,0.3656322397708776,0.9689113721251488,2,32,0.02591937315149212,0.2785019532039568,2,109,0.30098907352865917,1.0163302028572165,2,200
257,0.3109680643055934,0.9780053658918901,2,154,0.04507640460825617,0.72685321258462,2,200
258,0.333711922471851,1.0157790813805923,2,106,0.027406477519894244,0.49764902227454716,2,142,0.37675820522659303,1.1585219810748923,2,200
259,0.2243156008224849,0.9819983201367515,2,56,0.045366862896057354,0.8997929013437695,2,200
260,0.25181760179275375,1.0343226025933805,2,92,0.02302294859425744,0.3111226274853661,2,113,0.28487593105034575,0.9524568792047172,2,200
261,0.29700099788075157,1.3675061120200402,2,97,0.015692819358247942,0.7205181442774259,2,110,0.13867504881940568,1.237586009171274,2,200
262,0.26013541701069465,0.5670380568417319,2,137,0.012708003643093742,0.6797342215265546,2,151,0.16890882678294475,0.8919646204734335,2,200
263,0.3597701914143668,0.8016644603497273,2,74,0.03879182818752416,0.6732539118282379,2,200
264,0.027965917003055393,0.4430177978106907,2,14,0.3061076351362449,1.8243251570633479,2,70
265,0.2842248353324654,1.7685786437988282,2,25
266,0.29897985431257335,0.9606411683559418,2,200
267,0.08786661182128265,0.7347302436828613,2,146,0.02674232121398884,0.7693990755964208,2,200
268,0.23975060656588448,1.227745361328125,2,200
269,0.1748703169986965,1.4007695887399756,2,46
270,0.023540217759765822,0.25479089988000464,2,33
271,0.2716109462196964,1.539901765299515,2,71
272,0.23789818348625438,0.3913146248459816,2,200
273,0.4513247158164208,1.0843826433022816,2,24
274,0.24850518185321457,0.9203377785506072,2,27
275,0.2946854819285758,1.2965001258693758,2,61
276,0.2945331589065858,0.9748158942569386,2,22
277,0.3284659847718979,0.8509801959991455,2,200
278,0.3585608266650099,1.1980043745040894,2,25
279,0.02508137597619304,1.0638839602470398,2,20
280,0.039409457208851625,0.4261815943568945,2,200
281,0.33398486659620796,0.939873735109965,2,24,0.024719631227585036,0.6309931470501807,2,55,0.20030447879774382,1.0643846920558384,2,90,0.026038249472703237,0.7282978913240266,2,147,0.3339836097021361,1.0034158870858967,2,200
282,0.03713800184359428,0.7531174903046595,2,73,0.21933818852979534,0.7540057538306877,2,146,0.024825942420022305,0.8733216601389425,2,200
283,0.2870806424703372,1.303889635969831,2,191
284,0.023897188033361886,0.5440185589175071,2,31,0.32310051473355805,0.8836017053508194,2,200
285,0.288612428507378,0.8709194577973465,2,58,0.02791786489412279,0.6786031971375147,2,88,0.30681249905606367,0.9841503181108614,2,129,0.05390795544347833,0.7469710233260174,2,178
286,0.34298966364957145,0.3205780372023582,2,20
287,0.19654905197423986,1.1040101432800293,2,200
288,0.27644747855120355,0.9549762976580652,2,58,0.020792064219607272,0.9694179048140844,2,82,0.22319211735870143,0.9505915794261667,2,125
289,0.18202514580769813,0.8910435688668403,2,69
290,0.2334149605325833,0.8539008563756942,2,200
291,0.31212898070247513,1.065451224085311,2,71,0.021592533896011495,0.18291650339961052,2,95,0.22483557539870594,0.8389530451067032,2,157,0.050786287113405826,0.37253591418266296,2,200
