0,0.2769501077769303,1.5650054734945298,2,200
1,0.3072645076433887,0.9681621068716049,2,200
2,0.2779832411579627,1.2727538108825684,2,200
3,0.17156991900918184,0.9174244609475136,2,200
4,0.2667460767742742,1.3057003708986135,2,52
5,0.16878473405955718,1.157432664691666,2,81
6,0.16798108887106528,0.5244032264244362,2,122,0.04595802763095569,0.7725409502402331,2,200
7,0.18277320692822469,0.7652749329243066,2,106
8,0.24540419714817055,0.7587391808629036,2,64
9,0.30037508811702957,0.6003869447377649,2,101
10,0.12059006616600675,0.5723370622098446,2,200
11,0.07148269090531537,0.5902374802600769,2,105,0.3005484735554619,0.7785606152132938,2,200
12,0.3641759132391226,1.4089845216499184,2,106,0.036927195524470144,1.2159584505217416,2,134,0.3335602488068343,1.375062108039856,2,171,0.023319309777289368,0.9726992845535278,2,200
13,0.13683451501545055,0.9480892390012741,2,200
14,0.32984706409407266,0.6730528270326009,2,41,0.0778971967325975,0.6245500711525012,2,200
15,0.11463153682409091,0.7072858902812004,2,200
16,0.2582319248148454,0.9407211444149278,2,73,0.020827701171406334,0.5986418305559361,2,120,0.21010416094282683,0.9789427801966667,2,200
17,0.24971596217992356,1.063027799763578,2,188
18,0.32681049737476825,1.0427479004859925,2,200
19,0.31623867080436624,0.4749130514535037,2,55,0.06375992512052933,0.7239803946577013,2,183,0.48228870506356974,0.8118013003293205,2,200
20,0.022919455872941485,0.6636060277620951,2,33
21,0.1855063294043364,0.9809131708741188,2,200
22,0.2600095825486916,1.0998721271753311,2,200
23,0.274226017764989,0.5016338630020618,2,200
24,0.20484905984585633,0.9677981500327587,2,200
25,0.1870152718339561,0.9998998532908551,2,138
26,0.12753002177491518,1.2148319200233177,2,135
27,0.048264957214113134,0.36125398489336175,2,48,0.25320037372874166,1.1799759432889414,2,117,0.023441363803524108,0.4255844834778044,2,153,0.23011297289468013,1.030465147712014,2,197
28,0.14283205521697148,0.8829068859666586,2,200
29,0.20916932705821464,0.6329276752471924,2,200
30,0.2685322821473883,1.0472806066274643,2,200
31,0.31919575414470003,0.9335286301725051,2,34,0.03230222449699312,0.6853975523601878,2,89,0.29212095802425914,0.9379078117576806,2,200
32,0.3385194472839262,1.0034718698263168,2,200
33,0.37802412935679647,0.7652301476115272,2,42,0.038183842899005116,0.6210960082469448,2,166,0.346195866646876,1.111437169944539,2,200
34,0.31217867646539915,1.3691984996199609,2,200
35,0.26904828934635205,0.9496309345876667,2,142,0.05062053254809976,0.49692171349607667,2,200
36,0.23250491443177498,1.054470419883728,2,18,0.012797539643293785,0.35240297134105975,2,31,0.2929649138157968,1.1803593593236257,2,200
37,0.15537593044698766,0.7813844237572107,2,78
38,0.19883812573097984,0.8477507320317355,2,165,0.02241733338984216,0.23157181640466054,2,180
39,0.04202067310386476,0.4206880824640393,2,32,0.29656734882490865,1.0531905839840572,2,80
40,0.36762846454393067,1.2164570318685997,2,37
41,0.025985741541768755,1.2561246037483216,2,10,0.393870408393157,0.5623634109894434,2,46
42,0.1581854722825766,0.7362518807999173,2,133,0.017794962840438047,0.24083556731541952,2,148
43,0.22246546839258147,1.2621002930019973,2,109,0.03532536669417834,0.9112143820904671,2,156,0.30443735638053926,1.4042817733504556,2,200
44,0.3225113409710458,0.2233822111040354,2,200
45,0.2896089198116872,0.8547047001700248,2,62,0.0417901329632978,0.8415880840603668,2,163,0.3173190526776501,1.021440634856353,2,200
46,0.2603123319018815,0.7979949905591852,2,68
47,0.18921333532525297,0.8565760623467596,2,76
48,0.32104079867079616,0.6447771347087362,2,161,0.01769657031681869,0.4406238358754378,2,200
49,0.275517838892671,0.5456327406727538,2,98,0.05125051172332909,0.5520787864339118,2,200
50,0.29470404957988783,0.9250114758809408,2,21
51,0.18773592383978166,0.6532642602920532,2,20
52,0.26620342053204266,1.2028429746627807,2,35,0.019965274077822878,0.5480841644879045,2,64,0.26972378039897443,1.1743698603398092,2,101
53,0.3267195173249803,1.0227158069610596,2,39
54,0.3186679039774137,1.071743464251177,2,109
55,0.2723885319207191,1.5131176666515629,2,82,0.037215149336443584,0.7516211992086366,2,125,0.36830859093514373,1.5849208148320515,2,200
56,0.22490018817473287,1.3550337058305741,2,200
57,0.286201835987097,0.42754667371511457,2,200
58,0.25708289279446495,1.1439850360155106,2,200
59,0.2690126790379934,0.8149035152792931,2,200
60,0.19889096453874724,0.7921286301147303,2,169,0.031124389611260964,0.980463243299915,2,200
61,0.4050439498138589,1.36467257196253,2,55
62,0.3790953191215762,1.2061789765649913,2,49,0.03408632968524425,0.7569393120028756,2,159,0.3466131508813833,1.1944134613362754,2,200
63,0.312044134294053,0.8302599143337559,2,37
64,0.3034260385503984,0.6866732343383457,2,23
65,0.050427618949842,1.1377658815610976,2,21
66,0.3695890045754257,0.6994974672794342,2,10,0.029102361710803406,0.6557840602611428,2,77,0.29016211945660736,0.6292449613896812,2,200
67,0.27445444098187516,0.9312884263370348,2,92,0.01403168763788843,0.14593309120220296,2,126,0.25070696087966937,1.021568705906739,2,200
68,0.26473137478969205,0.8493576049804688,2,106,0.02089657832621426,0.5623638282219569,2,130,0.18848214627317422,0.7047106921672821,2,200
69,0.19055325442034918,0.8315575803225895,2,106,0.01993009123882495,0.2640265878289938,2,122,0.33898207540446473,1.0113043861511426,2,200
70,0.26045201036992016,1.2219441598653793,2,200
71,0.19380146733273823,1.120006792843342,2,200
72,0.4578294262857016,1.3642351262423458,2,49
73,0.310819527894403,1.1791018141167504,2,56,0.040652421703147944,1.053470162458198,2,99,0.24003734275089034,1.1101230565864262,2,200
74,0.29284925797538686,1.183435401909954,2,182
75,0.31129010352788977,1.3599214994907378,2,200
76,0.2835802006679301,0.7538211279445224,2,27
77,0.1569169425483725,1.5010782474279403,2,200
78,0.35727096957572607,0.6837257418036461,2,200
79,0.11475733876224903,1.0661293041706086,2,200
80,0.2642143969545502,0.9522476355944361,2,112,0.027613001958650955,0.49800252372568304,2,156,0.1732435928704469,0.736455247822133,2,200
81,0.33207223125202606,1.0369711410999298,2,200
82,0.2513501528399666,0.7553637918673064,2,95,0.05845383136191392,0.765076757186935,2,179,0.363291954555517,0.5704142947991689,2,200
83,0.22608524689041523,1.438954715617001,2,128,0.03082788347201597,0.9607797036779687,2,175,0.23442856984285762,1.4182860946655274,2,200
84,0.26354833296599767,1.2705427374158587,2,105,0.05685122448860292,1.097019248538547,2,159,0.02011772746587392,0.5219367640774425,2,200
85,0.31731809930831273,0.7082032623887062,2,200
86,0.024176090408678526,0.5247500903076596,2,54,0.1852016948297715,0.8409338320295016,2,126,0.03055421174222117,0.6022661859924728,2,200
87,0.24024078792257852,1.0310323910279708,2,110,0.02188358464696368,0.38797241563980395,2,136,0.24493299761608986,1.017170200124383,2,200
88,0.048022973324842344,0.9196421146392822,2,30,0.29022770427166883,0.7282164096832275,2,101,0.04394202245550191,0.9810620354754584,2,157,0.40939145320848275,0.5676326238831808,2,200
89,0.21182527491957764,1.0762890872359276,2,200
90,0.16170108324554058,0.8646139266162083,2,116,0.05344214831949127,0.8982351471980413,2,200
91,0.2869114967916636,0.844677040874958,2,200
92,0.1502321478664433,0.806279351230429,2,119,0.04496413611984446,0.9638107823736873,2,200
93,0.19385030183575452,1.0779436050899445,2,63
94,0.13396732598448238,0.7219606763124466,2,200
95,0.3575630499523521,1.2114869325191944,2,77,0.0478100589447808,0.9579630262321897,2,113
96,0.32838198332566504,1.1189721565980177,2,65
97,0.20940767691466486,0.7756162993609905,2,48,0.05971695109111591,0.8894169781553117,2,200
98,0.22063514163118245,0.36009622186422346,2,200
99,0.3461552641951219,0.7764121443033218,2,76
100,0.2262019449677587,1.1106138998462307,2,31
101,0.2817239773652365,1.2461118683757553,2,83,0.016849823078827788,0.3504196218514847,2,142,0.22629746731924036,1.22672143681296,2,200
102,0.220961361081091,1.083828894553646,2,155,0.05313164418030911,0.7175712353653378,2,200
103,0.22638534557425039,1.2032313897059514,2,65
104,0.06206884346465954,0.9567169643737174,2,37
105,0.2416362127627259,1.3499426489526576,2,44
106,0.3401675618960868,1.039606735110283,2,24,0.015158072873492865,0.5321936950087547,2,64,0.30249988547648193,1.1970400700875379,2,173
107,0.2925561592085469,1.1800726266468273,2,170,0.0644842023958955,0.9441013077894846,2,200
108,0.04669524681575641,0.8342944242888026,2,72
109,0.3005523193162457,0.9811450511217117,2,40
110,0.22530264239154935,0.9389823520183563,2,200
111,0.20411644200028586,0.9033410159870983,2,160,0.01843428321232645,0.42632676381617785,2,192,0.7377219283480507,1.0878093838691711,2,200
112,0.23754379561739442,1.0987575232425584,2,107,0.06948214784262882,0.7686458582519203,2,200
113,0.0418509880106322,0.6743995242090111,2,166,0.2516220409224801,0.897562291692285,2,200
114,0.16344899083714945,0.8566334931552411,2,200
115,0.2605296654831545,0.5198793189227581,2,200
116,0.15071453661593856,1.157972892847928,2,55
117,0.16380062895309844,1.002241169151507,2,38
118,0.3413201389640024,0.8336554800576352,2,188,0.033421971632996636,0.42885204156239826,2,200
119,0.31352933582369935,1.4793045709007664,2,19,0.017028827732818618,0.44201138615608215,2,42,0.29575008906045136,1.478470754623413,2,62
120,0.136146070883745,0.5062968986374992,2,42
121,0.21603806514077464,1.1034949768334628,2,200
122,0.287211258283608,1.1435743409395218,2,200
123,0.1510622480436744,0.9036629612743855,2,200
124,0.37881975004781215,0.801693469285965,2,28,0.03197829283412252,0.7675656366348267,2,78,0.466846327884742,0.7821239674532855,2,132,0.018290924846469898,0.3155446787675222,2,147,0.1636303573660268,0.7753788086603273,2,200
125,0.2269798358507529,1.1502581572313921,2,109,0.01896716552653672,0.6585917252081411,2,136,0.25556653669025703,1.114125244319439,2,200
126,0.09672517171778522,1.0055881834799243,2,31
127,0.2639762030796599,0.6082756623625756,2,200
128,0.2988391963268878,0.7999351391196251,2,200
129,0.061213157184508114,0.8888812885304128,2,121,0.31631777355108415,1.3474960749662375,2,200
130,0.0981350722716229,0.657872786745429,2,200
131,0.22382827895268048,1.3640860680377844,2,33,0.02191950845487118,0.7532095611095428,2,63,0.3392762758522788,1.1633394022245664,2,100,0.025125294698463384,0.5163924108658519,2,156,0.31635305188202817,1.383811292323199,2,200
132,0.2604880747124283,0.7702246978878975,2,32,0.03164868493369771,0.9696526082594004,2,99,0.2305780636804929,0.9689547419548035,2,147,0.03478296535108226,0.8333745115208175,2,200
133,0.17688468840948363,1.1619796334278016,2,168,0.042989675144162756,0.7104210406541824,2,200
134,0.18417698523533282,1.4365973294555368,2,154
135,0.30333121835342963,0.7966916251182556,2,25,0.0325541930873571,0.707474306677327,2,91
136,0.31798088386589757,0.8098758161067963,2,20
137,0.1488198539518782,1.8135673451045202,2,63
138,0.07173453588933049,0.7034299336373806,2,32,0.19230293506394705,1.8110664051312666,2,84
139,0.1545351101565809,1.1557930188960042,2,116
140,0.24855227693490117,0.5302113954161034,2,122,0.07955328834961743,0.636529551866727,2,200
141,0.22529900634893987,0.6152729603648186,2,200
142,0.3517662872397597,0.8973621129989624,2,45,0.03746703936586158,0.9961968551982533,2,133,0.2260585059277676,0.9767250498728965,2,200
143,0.04759272087019904,0.6543973750538297,2,18,0.3188332718917806,1.2243069816421677,2,200
144,0.2194900537025579,1.0278691213864546,2,52
145,0.2864629263128787,1.04806625458502,2,31
146,0.3736019621968559,0.5216810993191336,2,147,0.03221827726453448,0.7324594956523968,2,200
147,0.214088619540066,1.1683181704476822,2,86,0.028078821033529846,0.48570324951096583,2,162,0.2814029526384145,1.2491520266783864,2,200
148,0.2004711191127482,0.9796339675784111,2,200
149,0.28626265233976067,0.8800879114866257,2,200
150,0.29624725131483387,0.7769402769249929,2,71
151,0.3853698252921975,1.5801910489797593,2,40,0.02330632979778762,0.7935132348176205,2,73,0.47540326066013316,1.708808000271137,2,99
152,0.29473300433946037,1.1857174535592396,2,36
153,0.24955253029256047,0.9271967029152204,2,199
154,0.3142902824381307,1.09605524332627,2,23
155,0.16337336370026467,0.8273936263785875,2,121,0.03407624063434813,0.9017478235160248,2,200
156,0.28705601071271464,0.8715416464209557,2,200
157,0.20518920175113034,1.1057088248497617,2,113
158,0.13306711908645402,1.0147169260417714,2,85,0.03652183753438187,0.528165299922992,2,163,0.34022932884765944,1.1783283658929773,2,200
159,0.034834316645522105,0.6102983290102424,2,82,0.2060567824723509,1.4715018297656108,2,200
160,0.3266746258785757,0.7430548739433288,2,200
161,0.4035791949779522,0.7383060485124588,2,20
162,0.36366861505539894,1.0880219126210628,2,103,0.030198023277786548,0.9603498730904017,2,142,0.3265059715691818,1.0466005534961307,2,200
163,0.24519713175650504,1.0180942493677139,2,200
164,0.21657919636855164,0.8847964319586754,2,200
165,0.26243447599647063,1.2258363856988794,2,136
166,0.3695097256554056,0.9474904944257039,2,82
167,0.14088645571576433,1.056432231943658,2,94
168,0.15348255829279317,0.9440372428207686,2,165
169,0.26960221967921305,0.7549787362416586,2,24,0.01987784433607923,0.47315891400763865,2,62,0.21940941880593337,0.9560108824052672,2,200
170,0.14590865126940072,0.9149112778902054,2,200
171,0.08543809214331202,0.7239726581388995,2,84,0.4087503377102267,1.0017244324964636,2,118
172,0.04054989881177003,0.4530383435388406,2,36,0.283883681873959,1.162632910216727,2,200
173,0.1824683033674475,1.012314918935299,2,200
174,0.06111570910428234,0.8627569845744542,2,28
175,0.23441565652576526,0.7135465934469893,2,37
176,0.21862430394158772,0.8637156061606832,2,101
177,0.2730770656779304,0.8495904613624919,2,22
178,0.30015330552318076,0.8312760635217031,2,150,0.033392311528240334,0.649260710477829,2,200
179,0.25675268544100177,0.8617808810422118,2,71,0.01747195330758067,0.2547105909199328,2,108,0.3890067417144997,1.0396029949188232,2,126,0.018386774127184213,0.6241247742562681,2,163,0.17776622180277943,0.6294240323272912,2,200
180,0.2567980065134877,0.7748280909596658,2,49
181,0.037693998994626686,0.6870345631499349,2,81,0.3629175967806712,0.3725713386255152,2,98
182,0.310156987323703,1.242019824359728,2,23
183,0.056344093147353086,0.7062102146446705,2,56,0.20094287109259257,0.978381461567349,2,200
184,0.24395039708004482,1.5836311196381192,2,53
185,0.27970364673513337,0.8282875113126611,2,119,0.05087242168679685,1.0218802366727664,2,200
186,0.26122174783172625,0.8069542118906975,2,200
187,0.41988237926629424,1.2481992942530935,2,41,0.022002634974438932,0.6487259735231814,2,87,0.25227922736404146,1.300485782918677,2,200
188,0.025417599848845222,0.5718002193852475,2,38,0.14518958187204042,0.9645754485218613,2,200
189,0.25243694182850995,0.9268879628181458,2,200
190,0.1651988836871434,1.464674553004178,2,55,0.03623738680523103,0.5109938383102417,2,107,0.3174383996775241,1.7966264703057029,2,129
191,0.1275310708144711,0.5245982795953751,2,20
192,0.2106226541653607,0.9347781737645467,2,24
193,0.03408098994843907,0.7373358570499184,2,81
194,0.04968676166533914,0.8700908784930771,2,74,0.35477303854350106,1.2657942652702332,2,164,0.04335106084823274,0.6936147113641103,2,200
195,0.34339378790959946,1.247652361347417,2,157,0.0582286570867333,0.5325650863869246,2,200
196,0.17391135176244174,1.029420593455434,2,200
197,0.3092173479025741,1.4004867225885391,2,40,0.03539274808026707,0.6846701374108141,2,84,0.21432096196449152,1.4409888729904636,2,183
198,0.03911905432845545,0.7409492012907247,2,61,0.3381746229900768,1.0444081397283644,2,82,0.013198792058231303,0.4213767842106197,2,105,0.2820030870271612,1.0916359888182745,2,141,0.04360506451452896,0.5016665004067502,2,200
199,0.3015867282542582,0.5418697834014893,2,45,0.03436395248467168,0.6102521568536758,2,103,0.2139511826863054,0.5856345615436122,2,200
200,0.3143867519627249,1.4895574707876553,2,88,0.025874013034697163,0.706543962697725,2,125,0.2757798561253668,1.4793570741017659,2,200
201,0.2191185788522988,1.4494432790859326,2,74
202,0.26148481360350634,1.3524161531375005,2,52
203,0.3019827341817855,0.5576288965344429,2,200
204,0.16949031539776202,0.8245633179491216,2,165
205,0.30844741256582836,1.750171764787421,2,83,0.015911708298324393,0.296159099539121,2,143,0.30389707540906746,1.7028729434598957,2,200
206,0.18497878030962212,0.9967468768831284,2,126,0.023044217911592533,0.653673450689058,2,163,0.14320433882543088,1.0523050218015104,2,200
207,0.12713920146357646,1.2896456980705262,2,200
208,0.24670276015880718,0.5373584459722042,2,200
209,0.28167441007769356,0.9410224795341492,2,200
210,0.20835017828453176,0.9746065879690236,2,29
211,0.3024067559389038,1.151106429511103,2,58
212,0.30072201863682774,0.5621498147053505,2,67,0.08953965828890215,0.7063745785700647,2,200
213,0.3486547943777663,0.976449619118984,2,104,0.04382876809088206,0.736476461092631,2,152,0.23658638302038373,0.9791491975386938,2,200
214,0.281648377789012,0.5833852830529213,2,200
215,0.2775974094535614,0.8771512117236853,2,32,0.037614598155596125,0.8717160474008588,2,99,0.2660599240099085,0.9505394183356186,2,157,0.04755230538771713,0.608646082323651,2,200
216,0.021756231785320553,0.48144822305356955,2,71,0.22198959750731395,1.2172660859007585,2,147,0.03330283135317863,0.5679295754657602,2,200
217,0.2511337283699043,0.5446292574589069,2,13,0.015664632973139674,0.17883004183354584,2,36,0.25311381018853557,0.7636907318743263,2,200
218,0.31272317452282844,0.9483466199103822,2,47
219,0.31996780917930606,0.4926738701760769,2,24
220,0.2579737103361195,1.2681557767093181,2,160,0.020595737285611947,0.20891491721073788,2,190,0.3090026997308575,1.4632151961326598,2,200
221,0.3397759393613153,1.109449056478647,2,65
222,0.2740779591142548,0.9812336041274683,2,179,0.021331093838627975,0.3945835885547456,2,200
223,0.26913692776015974,0.9149978724122048,2,200
224,0.02508084058497981,0.2727934690848203,2,71,0.2806754608241291,0.8142450345579044,2,200
225,0.31212146261457935,0.6379686305599828,2,62,0.045327751097399484,0.8320952575616162,2,161,0.2784226806704196,0.7679466391221071,2,200
226,0.22647846289302254,1.1190541911125182,2,200
227,0.24831351398546325,0.4709048493206501,2,200
228,0.19933935445562795,0.6788672333955765,2,200
229,0.18256600790786154,0.6701670429110527,2,200
230,0.2563256312504073,0.5733288204669953,2,200
231,0.02692492583706628,0.6181195369407312,2,67,0.24338068387580636,1.0047194335771643,2,113,0.019411959598556038,0.4923267662525177,2,134,0.30797758593359925,1.0513976414998372,2,200
232,0.3100517852851388,0.3439115156730016,2,30
233,0.3374294110360966,0.9622724904852399,2,59
234,0.3504148673613693,0.8338559026067908,2,22
235,0.32195097620160856,1.10119021770566,2,86
236,0.019280826781187695,0.23740079874793688,2,24,0.23647616570825206,1.0576840815219013,2,200
237,0.2777295355533981,1.3326693735224135,2,94,0.020490602936401137,0.24772949581560882,2,117,0.29362721433669564,1.285274598909461,2,140
238,0.23983845517474087,1.2722517764568329,2,200
239,0.22641593769081428,0.7234054148197174,2,20
240,0.2551874478302414,0.8494891552254558,2,64
241,0.23448654282346604,0.3314656415581703,2,200
242,0.40635594232135336,0.7558455630844715,2,51,0.023780735480405556,0.5841380375273088,2,85,0.2245186441568941,0.7783928039399061,2,129,0.04578214864713879,0.6428876181303615,2,200
243,0.15944985397759653,0.9189011608299457,2,95,0.0134984521382372,0.14474619059793412,2,126,0.10854068951186382,0.8982045966628436,2,200
244,0.13386705166068338,0.7033027023077011,2,20
245,0.20468236850685023,0.9318887559991134,2,38
246,0.1961208038636489,1.0991258177815415,2,164,0.04114451243476949,0.9730752838982476,2,200
247,0.3399593109089569,0.6934962630271911,2,200
248,0.2405944356146258,1.2241212224960327,2,200
249,0.40236286078922173,1.2627890322889601,2,28,0.05952207241159486,0.9915064624015321,2,75,0.3256009348885225,1.2725300350189208,2,200
250,0.32305427763497274,0.894057311910264,2,94
251,0.2869866235179764,0.7121083989287867,2,33
252,0.26807669374118964,0.9994223380088806,2,200
253,0.29315117593188694,1.4467927678426107,2,75,0.05471316141615908,0.9990962867736817,2,200
254,0.3435948759944557,0.5652169015096582,2,46,0.026520663808196784,0.7529227124883774,2,93,0.19668800446664866,0.8104984570886488,2,200
255,0.2735181098906965,1.1083719044923783,2,200
256,0.27355240056180513,1.1397632517904606,2,53
257,0.1931718812523366,1.1231856084039025,2,141,0.012358059940681091,0.6881056609361068,2,164,0.25553569852535585,1.1714798841211531,2,200
258,0.31138479492668414,0.9677072013578107,2,62,0.07866700381515061,0.8191653014957041,2,200
259,0.2317367829145937,1.293795961014768,2,47,0.0267781213019505,0.4994664713740349,2,75,0.22024502402725118,1.2349375036896253,2,197
260,0.04871470124085056,1.0565101951360703,2,36,0.26909082199177575,1.3285695568817417,2,200
261,0.018921389020919926,0.2583257458333311,2,29,0.13268894839685122,0.7260379393024055,2,200
262,0.024260461282004434,0.6272735977172852,2,100,0.21391009488008453,0.8124787199253939,2,198
263,0.028949203970731932,0.795541511194126,2,74,0.294039578900663,0.9851714479923248,2,174
264,0.32933049343637305,1.0974758361515247,2,38,0.026049322379412442,0.783995154656862,2,76,0.3331150486128114,1.1580036155513076,2,137
265,0.2822785395179626,1.176833521236073,2,66
266,0.2891656003601656,0.8672563721249987,2,143,0.050485124720205436,0.8359166969332779,2,200
267,0.2212451408970047,0.9088575407862663,2,200
268,0.3354393169847202,1.2268233335018157,2,200
269,0.08346340182051222,0.37688203958364636,2,26
270,0.3122817713536299,0.2071832469664514,2,64
271,0.2917178363484862,0.48899735350693974,2,56
272,0.21270015742863313,0.6888712893426419,2,200
273,0.24095798553212663,1.0070631757378579,2,80,0.030605677648190166,0.5562864691019058,2,104
274,0.22151092905775777,1.020745305289999,2,171
275,0.2136203575535055,1.568962433455903,2,162
276,0.24595045632253523,1.670527745038271,2,32
277,0.25283544846266515,0.7302369376023611,2,36,0.028043508551709482,0.8190319915028179,2,104,0.20581069864629725,1.1216398026003982,2,170
278,0.3305757792820625,1.6012945678872121,2,71,0.06209208822494009,0.8209869762261709,2,200
279,0.3471550768517089,1.2681576465738231,2,87
280,0.12873996708235866,0.6735025119781494,2,200
281,0.22957662703657808,0.7746717762947083,2,200
282,0.21487194308196605,1.062892765402794,2,200
283,0.32443726484787366,0.8479426676886422,2,175,0.023533396177001873,0.31720578014850614,2,200
284,0.295217540068882,0.8705988395703982,2,73,0.021395934561715034,0.612551786005497,2,121,0.373246234180862,0.7041026726365089,2,145,0.019473563967939676,0.5477327223007495,2,171,0.37684344139209375,0.8848454993346642,2,200
285,0.2344555101164186,0.6696653366088867,2,200
286,0.1927325036408405,0.3167754115909338,2,200
287,0.3168207786437562,1.6218187634004366,2,109
288,0.46769870015862924,1.6766282750500574,2,36
289,0.25384574998972254,0.9279924937656947,2,70
290,0.21031860991171078,1.382339358329773,2,49
291,0.3403849009442884,0.7843146096257603,2,34,0.034513863908918425,0.8686841185446139,2,88,0.2600937071171282,0.8554883144118569,2,143,0.047658417394845776,0.7555366043458905,2,200
292,0.04272236087649688,1.0061954673131306,2,75,0.30979869202593785,0.37850182318687436,2,200
293,0.27522424251250327,0.9468007836230966,2,43,0.057339042930394525,0.7003507437529387,2,70,0.017934196860598377,0.17909266525193265,2,108,0.2845806917589674,1.0962000605852709,2,200
294,0.32609718442727403,0.7335286086797714,2,200
295,0.3117076964972414,1.291036330991321,2,36,0.02964495252685584,0.8967736763613564,2,106,0.37817914870625063,1.3818997817654763,2,168,0.03433950296259179,0.7716464139521122,2,200
296,0.24769266541819301,0.7919261342770344,2,37
297,0.2869281750666283,0.7751898496381698,2,62
298,0.2588229164462594,0.40511728468395414,2,21
299,0.2735249353307658,0.688246910061155,2,42,0.03434478528937675,0.31005658466240454,2,71,0.2926800023475391,0.9296657326295203,2,168
300,0.02456930231844294,0.4278009630608977,2,57
301,0.31504860545065067,0.9345484679395503,2,55,0.07789234975066284,0.8473728717263065,2,122
302,0.2992564193992996,1.5405136629154808,2,38
303,0.33241708385173624,1.1669816970825195,2,32
304,0.23976386004864084,1.1774114102125168,2,200
305,0.1612660277994726,1.133836141228676,2,200
306,0.3226757579451962,0.5464965619251761,2,142,0.034396054532167424,0.7525600303303112,2,175,0.2688454745079802,0.5956585240364075,2,200
