0,0.04006207514165299,0.9559114019076029,2,30
1,0.2741854025292498,0.8073982071308863,2,42
2,0.25139904483205494,0.9864432102925068,2,74
3,0.35754658752101964,1.1832207324314703,2,163,0.029286464736652175,0.7003023431107804,2,200
4,0.3021174243578758,0.826720440609855,2,161,0.015992002739826594,0.18917629681527615,2,177,0.24228524455168235,0.8070942681768666,2,200
5,0.025408048369413055,0.3546185028553009,2,25,0.29367479768660054,1.083562126159668,2,200
6,0.35651334529956824,0.7906254331270853,2,15,0.04914011059021612,0.7077742422987151,2,164,0.2803563613112877,0.7844208859735065,2,200
7,0.2077205250888421,0.7638380825519562,2,24
8,0.061342885902669834,0.7589936052696614,2,79
9,0.2319316003820583,1.212689313177879,2,104
10,0.27235407092697483,0.6114317506551743,2,200
11,0.20963031286688733,0.8535610762356365,2,177,0.027967886128055282,0.6797725661941196,2,200
12,0.18816535570410073,0.7314132813714508,2,117,0.013802734935418334,0.6532808291912079,2,142,0.08187284302597227,0.8430933952331543,2,200
13,0.1342732845491958,1.1061918247829785,2,77
14,0.3886245895803845,0.8601193922970977,2,112
15,0.09841509721125759,0.7508913356065751,2,200
16,0.20561625761137672,0.9550845124000726,2,43,0.03145077535217852,0.7750068081391824,2,117,0.18373291806293957,1.0371083351502937,2,200
17,0.22077789357213873,0.9995461973277006,2,132,0.05698034567659705,0.7550018493305234,2,200
18,0.3616176057991158,1.29422908782959,2,200
19,0.2869259789239989,1.729080228095359,2,94,0.051583543499926436,0.8568256659465924,2,151,0.33956416555535107,1.8484806823730469,2,176,0.025172350697598444,0.6391652723153433,2,200
20,0.31926805508678013,0.8738763486185381,2,31,0.031861166641026464,0.41315083167975464,2,110,0.2632756550285048,0.9936753299501208,2,200
21,0.23172100328081552,1.103165871463716,2,128
22,0.2559771699549192,0.828424069143477,2,42,0.028156202747608685,0.6313087620386263,2,83,0.2633084001728325,0.8846003219612644,2,200
23,0.318359053462008,0.77817342877388,2,40
24,0.2697589051572442,0.9901162654161453,2,200
25,0.16029748211569345,0.9407184953274934,2,23
26,0.27588524131718856,0.8435294429461161,2,24
27,0.2527209678158705,1.2701138176701285,2,44
28,0.3629968343114856,1.5382188575368532,2,71
29,0.3270790061339051,1.0545439193415087,2,43
30,0.23117143892126718,1.2796424931287766,2,200
31,0.20305937250062653,0.9511104246973991,2,200
32,0.18106269989320115,0.8442518824338913,2,200
33,0.022929157883079313,0.2993139834740223,2,39,0.303240430182146,0.6173392100995329,2,158
34,0.1882770607446145,1.0695818781852722,2,20
35,0.07841355225172825,0.9598177027555159,2,162,0.4388381874722929,0.7565399157373529,2,200
36,0.2361071979882322,1.2441560568348053,2,31
37,0.31669901053784416,1.5539490969284722,2,46
38,0.26268752822732183,1.6159869740749229,2,116
39,0.16724044459232684,1.4537250657140472,2,81
40,0.1209240287893552,0.8746890930665864,2,72
41,0.06442551427190456,1.073065375936204,2,69,0.2826443405203164,1.0268377036583134,2,110
42,0.16190769295769009,0.24482105319437228,2,38
43,0.29020199651645073,0.3647314951651626,2,144
44,0.24900595282125013,0.7919507706165314,2,200
45,0.20949065794746347,0.8322575968503952,2,200
46,0.26225192120962837,0.7055722583060297,2,149,0.03137733902573625,0.7748373225331306,2,181,0.2871686765857824,0.5794908435721147,2,200
47,0.1170599153974174,0.6363951931261036,2,73,0.03893547947624534,0.43754292942407563,2,200
48,0.09022322330022271,0.737463386952877,2,200
49,0.23173880520246531,1.0646673321723938,2,200
50,0.029121999879747614,0.738761002367193,2,22
51,0.10431656301665267,0.7694734778159704,2,39
52,0.04659422573852883,0.8960613754846282,2,118,0.2436786724512279,1.0465963264790976,2,200
53,0.042748463923065895,0.9387468728493518,2,127,0.1674678560110614,1.1397197262881553,2,200
54,0.3071736700203519,1.156652739468743,2,170,0.06034594276682778,1.0724831819534302,2,200
55,0.44503558538010757,1.6849759757518767,2,20,0.03246665489525987,0.7743778511097557,2,58,0.2817910454207288,1.560339339681574,2,95
56,0.29265819800369236,1.2305687189102172,2,20
57,0.27598015841073076,1.1325851821899413,2,200
58,0.31356257789587255,0.7724420249462127,2,20,0.025079006751120896,0.9011730551719666,2,53,0.20108641110684924,0.7246688898323345,2,200
59,0.21076413525345206,0.6048086893558502,2,200
60,0.26242638978117727,1.5249980314105165,2,51
61,0.22437312062392842,0.8644544520229102,2,200
62,0.27315194578880875,0.9605085030198097,2,200
63,0.32141115320868185,1.3677124441070045,2,149,0.016971371529101293,0.5768116116523743,2,168,0.33552060020123387,1.4285724386572838,2,200
64,0.3027244950808284,0.6439116387576848,2,91,0.028425398426025993,0.9443158597657175,2,124,0.23340676793210233,0.6096520768968683,2,200
65,0.22898414956790816,0.7743389600515366,2,200
66,0.2851840940630567,0.8576066008210183,2,200
67,0.0763806095161621,0.7213957550979796,2,42
68,0.3123064929158006,1.3632937586098386,2,114
69,0.20252234744239606,0.9006012192368508,2,200
70,0.05623476627306957,0.7320889237523079,2,200
71,0.21485947962140636,0.5311068294942379,2,200
72,0.16267073639575994,0.8808555042743683,2,200
73,0.03165954678076911,0.4578612044050887,2,37,0.257317606107888,1.29489295248605,2,200
74,0.24073552197209003,0.7049014362692833,2,200
75,0.27440245585508305,1.188278504531749,2,137
76,0.19273735627872898,0.8800388406484555,2,156,0.02724241152630747,0.8059442381967198,2,200
77,0.28642150773812014,0.7470966970920563,2,200
78,0.20013555797783136,0.740510730445385,2,200
79,0.048317906317221195,0.8286444817270552,2,35,0.3361134408826727,1.3919197752557952,2,93,0.020081169992976065,0.5133874515692393,2,111,0.33514321267121006,1.3976727643709503,2,200
80,0.3010734519754048,1.0380105050568729,2,97
81,0.12998047576395994,0.6620155026018619,2,200
82,0.21279606807036636,1.024392860757429,2,177,0.027124732841150336,0.46168701026750647,2,200
83,0.31251592279654633,0.46069427703817684,2,192
84,0.06254978081193313,0.45729594707489013,2,200
85,0.19007865292144122,1.3833424213685488,2,76,0.017335687107877962,0.09409181305340358,2,111,0.19750382165842442,1.3801382364851704,2,200
86,0.4397315225461817,0.9089736683028085,2,14,0.03370334116409152,0.6808995059076345,2,120,0.18826087103987763,0.9620529532432556,2,200
87,0.27102086616559673,0.8892967767575208,2,170,0.048127725881956365,0.743451980749766,2,200
88,0.05415412698305331,0.45424344539642336,2,85,0.26746342998925915,0.571043693770965,2,133,0.027602650788948697,0.4179654171069463,2,163,0.3049661116859812,0.5693091999840092,2,200
89,0.23900845624921974,0.8541518347603935,2,35
90,0.20726558712757162,1.0538790933017073,2,145
91,0.23907009073924204,0.6223933038115501,2,200
92,0.16183196895449778,1.0283362362119886,2,45,0.03753550451928728,0.9134148945573901,2,106,0.2884002845018517,1.032731204590899,2,200
93,0.20568054630728014,0.947177710103207,2,122,0.03430947050149244,0.6173362900049258,2,200
94,0.2370535131819474,0.49137522652745247,2,64,0.04128535332821487,0.1565253235399723,2,104,0.3040327410817134,0.662704844182978,2,200
95,0.11026948871439343,0.8470091652870179,2,200
96,0.263881348449256,0.6035596373677253,2,200
97,0.04317294328116096,0.6718311042621218,2,29
98,0.25063138227735704,1.4779171258211137,2,40
99,0.04377767676241753,1.1117965303934538,2,26,0.32468178909115164,1.2060011403682904,2,182
100,0.043221235757153705,1.145509407438081,2,58,0.174652671906644,1.068726998819432,2,200
101,0.1296058184654648,1.3102752244056657,2,172
102,0.23544228938846404,1.2778665474974191,2,104,0.05992295969528657,0.6259337855236871,2,188,0.2503644765362115,1.634728382031123,2,200
103,0.2699402919835544,0.07828797698020935,2,200
104,0.04604464833256188,0.8191326163253005,2,49
105,0.06046046281322909,0.8502844391867171,2,86
106,0.27252208528619304,0.8679003664851188,2,200
107,0.17663397452761712,0.6734943593420634,2,164,0.03458015185382974,0.9227904064787759,2,200
108,0.2617358536923351,0.7256674223086413,2,170,0.044999233485855855,0.6825892329216003,2,200
109,0.03351862620673044,0.6367611720206889,2,47,0.29464252874806474,1.160981035232544,2,87,0.019006735153867735,0.691224422454834,2,112,0.10338548932973943,1.0401928634806112,2,200
110,0.3056797330190476,1.2999784098221705,2,52
111,0.09555226090987537,0.876205184161663,2,200
112,0.31409038108678394,0.7428403963913789,2,74
113,0.3044582243515058,0.7750291938651098,2,73
114,0.18069187532609512,1.1097633630037307,2,200
115,0.23731046797672123,0.5409463275756154,2,140,0.04967891194566505,0.6240277379751206,2,200
116,0.13690812257904553,0.4099364840623104,2,66,0.03361030582565873,0.8646667312298503,2,122,0.3823328130560456,0.11572418763087346,2,200
117,0.2935928848460957,0.8301217028072903,2,140,0.05601291946463069,0.7926500469446183,2,200
118,0.23764963488224433,1.0401370057956778,2,139,0.07740035386170219,0.5700243740785317,2,200
119,0.24578636525246203,0.9235594888864938,2,59,0.045445600265263876,0.6576188616454601,2,155,0.2917887816521847,0.9782916016048855,2,200
120,0.3269533558238299,1.2501203997494423,2,73,0.036933483391396314,0.5574941959711585,2,174,0.36265494877183835,1.2187756575070894,2,200
121,0.2267892972739557,0.9876817971467972,2,200
122,0.03183649398141865,0.5570762359044131,2,34,0.29678536608390793,0.9023017684618632,2,58,0.016274630573664906,0.18984475533167522,2,88,0.14386060611107637,0.8350382499835071,2,156
123,0.2525963174938035,0.6329018445242018,2,21
124,0.15688734614062416,1.2051550775766373,2,200
125,0.05702689156855876,0.9082138144745017,2,53,0.34560125988182844,1.373789087489799,2,161,0.014466047071778856,0.8137211939867806,2,178,0.1538810807689452,1.200496868653731,2,200
126,0.2787379974370908,1.5836688813041238,2,85,0.039210670186455104,0.7150831434824695,2,158,0.2885217786959307,1.4979560233297802,2,200
127,0.36151435270104787,1.3493684359959193,2,63,0.03722875353762405,0.8494349792599678,2,87
128,0.1922309486745945,1.04658103129443,2,85
129,0.2404231970961309,0.8771988839105843,2,153,0.04423942221234319,0.4088930256189184,2,200
130,0.057517394073702134,0.8300236737026888,2,85,0.23399719959394355,1.0472834825515747,2,200
131,0.20404962771649995,0.9415257366710021,2,122,0.03460372707231832,0.5322115696393527,2,200
132,0.20206279124962442,0.9606402432477033,2,135,0.030138902253544157,0.5171553098238432,2,200
133,0.14724242138562565,1.17555478900671,2,200
134,0.3726000531523565,1.1100963935619448,2,82,0.030081435025872995,0.7474464286457408,2,104,0.2977679680438514,1.1408160289128622,2,164
135,0.31667057227300544,0.7562457102537156,2,200
136,0.05151447788966621,0.7697677985420377,2,127,0.19047845469652439,0.6814200069806348,2,200
137,0.28571982305006655,1.48661592301358,2,89
138,0.20302213896921567,0.9382244667410851,2,200
139,0.04696954136448647,0.6782616686702955,2,101,0.27053080021378006,0.8518071018084131,2,200
140,0.22250017313682277,1.082346660196781,2,200
141,0.31094485982135894,1.1492293837236212,2,187,0.03728908374358152,0.4381698014644476,2,200
142,0.29225067790040377,1.259930693440967,2,36
143,0.19983516572529655,0.9839022084286339,2,95,0.027270813295076562,0.45223228777608565,2,126,0.2891481632786317,1.0000179651621226,2,200
144,0.27853889896294287,1.1270869557674115,2,26
145,0.24758337357638402,0.9029970199170739,2,99,0.022058835926377415,1.0911611406891435,2,126,0.23649900551925956,0.7536123918520438,2,200
146,0.2546315807078133,0.6183236318826676,2,200
147,0.12987588515579815,0.9307601983845234,2,200
148,0.22729190245450895,0.9246032454750754,2,33
149,0.32830337933679005,0.9978226287024362,2,35,0.02851587185615464,0.47507319718599317,2,135,0.16119097955957928,0.744555014371872,2,200
150,0.03165898136081447,0.4010598490635554,2,45
151,0.2704040084979078,0.8470704165101052,2,200
152,0.2511826135256933,0.9647953133583069,2,125,0.01664659730761945,0.5314398256937662,2,200
153,0.29661658860504503,1.1084947752952576,2,200
154,0.08926389049976687,1.155909277297355,2,74
155,0.15761649894283195,0.7823001426458359,2,200
156,0.2814136545202832,1.0402118849754334,2,200
157,0.040803047453071555,0.9276578625043234,2,30,0.23741068739509832,1.27763669208153,2,127,0.028643442455156806,0.9211312784598424,2,153,0.4310423716854584,1.479676988389757,2,171
158,0.135651489660941,0.7934290561825037,2,200
159,0.13694570731895464,0.825380125194788,2,200
160,0.28006044623257553,0.6013320869207383,2,200
161,0.21129507391833705,0.9585847772400955,2,29
162,0.2672439247983946,1.4890281391143798,2,200
163,0.3544187239348961,0.9510654145479203,2,200
164,0.26819821236114905,1.0841848796606064,2,200
165,0.22491415523811312,0.6039621059236855,2,58,0.028330472944494183,0.695462608948732,2,97,0.2727405136398899,0.5152924486155649,2,200
166,0.0752314225107564,0.7594995408465988,2,76
167,0.14674953583899097,0.8423060390353203,2,200
168,0.07472979118900512,0.8488902343979364,2,79
169,0.26058920938721014,1.0713781479908073,2,115
170,0.17999666874454862,1.1316401988518339,2,119,0.041278559381795865,0.6220325240317512,2,187
171,0.29975688647993093,1.51521790822347,2,15,0.016238711892324967,0.31164685368537903,2,90
172,0.31377542761025856,1.158504010438919,2,200
173,0.1808955982992698,1.2128231543302537,2,200
174,0.545482962326624,0.9535009920597076,2,20,0.03389650141438894,0.6697140641155697,2,62,0.2912633247075542,1.0777088991109876,2,200
175,0.3547224669165836,1.2279304163430327,2,93,0.025311739291848098,0.8992136554284529,2,126,0.418557139977939,1.289747458989503,2,187,0.02550795818457679,0.3142270101950719,2,200
176,0.07407113459987363,0.6771545283598442,2,146,0.33606784748527996,0.7258107971262049,2,200
177,0.3293355906732149,1.1488452410697938,2,50
178,0.26278864777839617,0.8613749907677433,2,83,0.0827693615155266,0.61422119036727,2,192
179,0.3017500074657879,0.37374449864029885,2,200
180,0.23049989612521699,1.153227462850768,2,58
181,0.31443776638497917,0.6118569302379637,2,133,0.06628843343141655,0.640193126094875,2,200
182,0.33623368462615233,1.6432952847745683,2,36
183,0.30297187476408766,0.9495757907629013,2,200
184,0.27407451774197333,0.5417683753371239,2,200
185,0.3085891528343268,0.4949479886889458,2,200
186,0.29399863716916663,0.5786808350682259,2,200
187,0.019730823696599,0.5299258995056152,2,25
188,0.2543859485900536,0.9627645860115687,2,72
189,0.2807475546742701,0.8744102177023888,2,200
190,0.28792076841325787,0.6997222222628132,2,124,0.017199451455126975,0.4360916893929243,2,140,0.26486981824526157,0.6340934048096339,2,200
191,0.2630398762448821,1.3645794870507004,2,117
192,0.18168563212419075,0.8030924680829048,2,200
193,0.2014529902082919,1.1617287781834602,2,200
194,0.24964834834759186,0.7075731533765793,2,200
195,0.08171468871720083,0.7611520402133465,2,200
196,0.2741416993650631,1.1607215023040771,2,200
197,0.1201673074439458,0.6640032670646906,2,200
198,0.39805099650684206,1.09515776236852,2,36,0.020692770097423735,0.6885633617639542,2,60,0.23455336986756176,1.1011581667831967,2,200
199,0.23119677451697562,0.8935462675596538,2,19,0.022995312937805868,0.6768529795938067,2,55,0.26461020657158224,1.0546915619461625,2,163,0.05067685739971047,0.9296539135881372,2,200
200,0.2245270010153428,0.5976081334541892,2,107,0.04491632928778593,0.6584556868640326,2,200
201,0.27641700786001894,0.7550618236555773,2,68
202,0.2625870605276134,0.9324110705744136,2,88
203,0.26464594073360687,0.8082327118941716,2,42
204,0.046972334693026786,0.5467962753246812,2,170,0.31948066027447997,0.9396073162555695,2,200
205,0.259483172484348,1.2708909207582473,2,200
206,0.14354210790067845,1.1333303825528014,2,102,0.02652809175334165,1.0760366002718607,2,132,0.3075863723303216,1.3649744714299838,2,180,0.021822412736582742,0.3036444716155529,2,200
207,0.28479376062400136,1.0528295999765396,2,200
208,0.2758714148249765,0.8933235364730912,2,99,0.02157111664825569,0.9583667605011551,2,126,0.16552346298520207,0.8960521535293476,2,200
209,0.22197043276379275,0.3084364385902882,2,200
210,0.2772447243193445,0.7796903408092001,2,46
211,0.1483521947421528,0.9965255051851273,2,200
212,0.19409144620912985,1.588523082316868,2,126
213,0.382722530759882,1.0714963239592474,2,74
214,0.35730236420839706,1.0153486847877502,2,50
215,0.06923950894901981,0.715126790702343,2,200
216,0.32708279131497925,1.4640372888541515,2,81
217,0.286508084851042,0.9280266785621643,2,200
218,0.2898359211260871,1.1200596181357778,2,123,0.016439192715707648,0.35599785877598655,2,141,0.31430437190626453,1.153802823212187,2,200
219,0.13647596384258823,1.192266682936595,2,130,0.0229331783602725,0.6452446229625166,2,187,0.4436777478440325,1.5458076367011437,2,200
220,0.25181914418679646,0.9670994434601221,2,39
221,0.1305080435814815,0.9382646895945073,2,80
222,0.17200754881362193,1.0390232301527453,2,62,0.036525441971481866,0.7843490093946457,2,114,0.23077904487198994,1.0394472202589347,2,200
223,0.24250455053732203,0.7316361078619957,2,200
224,0.24134930858631157,1.2453718471030395,2,96,0.024324793735996577,0.4604466613382101,2,128,0.5506048454568566,1.4523523151874542,2,136
225,0.08080606596757935,1.2343705508016771,2,31
226,0.26047519104206013,0.8105864351987839,2,200
227,0.2660582524175742,1.1570047111046025,2,82
228,0.2775869151279777,1.401204771731966,2,199
229,0.43327897560530865,0.5421686555658068,2,42,0.023760700822283928,0.7665785958127278,2,83,0.1719341053097098,0.7097355753947527,2,200
230,0.43266365881469254,1.2515042332502513,2,52
231,0.36662114539095236,1.1745866249347556,2,29,0.02038522988345177,0.3290593538965498,2,92,0.10574718093102152,0.9936983324587345,2,188
232,0.18919311459433427,1.2366622686386108,2,25
233,0.26954286612682615,1.0634761388812746,2,112
234,0.331412114108492,1.5883888048785073,2,56
235,0.037917243545723504,0.21727111047886788,2,47,0.36054769385252,1.0232207259616337,2,84
236,0.06395141352829697,0.964355690682188,2,47
237,0.13764807632488893,0.8241332158446312,2,200
238,0.3062875778872555,1.421626212244684,2,176,0.026355750367191892,1.3224764913320541,2,200
239,0.20835392554511542,0.4000036275635163,2,144,0.025446005268470663,0.5760813861020974,2,200
240,0.3336894084753019,0.6246814407458922,2,147,0.023093369789180335,0.5389843660372274,2,174,0.29336835144993473,0.5834149431723815,2,200
241,0.2699344896050165,0.8861459186673164,2,200
242,0.28125071801752116,0.8804137916632102,2,71,0.01685601281210919,0.2027632806982313,2,92,0.15394232349035797,0.797934425925767,2,200
243,0.3611821149020257,0.49763935804367065,2,24,0.06936572247021654,0.6788374393839728,2,200
244,0.20873361244974867,1.0874671088824481,2,159
245,0.18336405325685004,1.0255570158643543,2,106
246,0.21093431905615903,1.1912772357463837,2,20
247,0.20430224131934482,0.5139137499034405,2,200
248,0.3316923204389246,1.1113912537693977,2,32,0.025746797524944267,0.5409366481525953,2,75,0.21684084517321417,1.1397313542366028,2,200
249,0.1943521214695873,1.6968536131522234,2,68,0.03091865280446237,0.8557272969551806,2,121,0.1828260927649975,1.4098075388206377,2,157
250,0.2807860660517913,1.025824857801199,2,200
251,0.1617170946528892,0.9609272301197052,2,200
252,0.13484130640235542,0.7293603090735955,2,123,0.03600368290976149,0.4312554210811466,2,200
253,0.1668517060228477,0.588228896856308,2,200
254,0.0812919254068538,0.8516408321334095,2,123,0.27438978416147547,0.7052427429657477,2,200
255,0.2766698859456694,0.8449387347698212,2,200
256,0.18519745655996597,0.9647742531448603,2,200
257,0.35319712759071537,0.8576529771089554,2,200
258,0.2683650573476033,0.9235807823580365,2,172,0.05442094818458183,0.9794413191931588,2,200
259,0.3576525665143941,1.0565132129760015,2,42
260,0.3197549793190119,0.9104034289335593,2,39
261,0.11839844089229663,0.7738704306906775,2,76,0.021507523776841946,0.10455388882580925,2,110,0.25950146729791973,0.9852431827121311,2,200
262,0.26727671985859675,1.2196839024891724,2,148,0.026056519767161612,0.6779759164367404,2,176,0.27567817249558463,1.2673497051000595,2,200
263,0.29755954147570224,1.10745330010691,2,31,0.029508894993848272,0.34156928805610803,2,110,0.3243688767382986,0.9827900487801124,2,139,0.020300864620701256,0.38675493664211696,2,157,0.31447325034066026,1.1207994721656622,2,200
264,0.29570072715310153,1.3433336330826875,2,157
265,0.2865117054226881,1.1914366418123246,2,200
266,0.26062214759244584,1.0447412379086018,2,200
267,0.24459605375107293,1.091777595281601,2,200
268,0.031039382084585305,0.27409697820742923,2,18,0.26043692476713914,0.9763228183037767,2,125,0.03302582942926806,0.719456185499827,2,200
269,0.30324626304921104,0.6340276805254129,2,26
270,0.3321052723915682,0.5884706896543502,2,200
271,0.25604222549182737,1.1268205597430845,2,79,0.06375488609089731,1.0918881666561788,2,200
272,0.05156773794993876,0.9211489112897852,2,87,0.3604052929816906,0.7716243514972451,2,200
273,0.4491670336322457,0.7861449824912208,2,28
274,0.3446677131889642,1.0159852439165116,2,200
275,0.3286651232707469,1.1015458045334652,2,87,0.08655861997952707,0.817088785688434,2,200
276,0.2610680439760468,0.9642909866571426,2,200
277,0.041742464325220836,1.1192468575068883,2,28,0.2674092391689291,1.14821543958452,2,91,0.03491188661306954,0.9563555140649119,2,122,0.2873207870418283,1.2724252755825336,2,200
278,0.14067359213026392,0.9389381688833237,2,200
279,0.33380346614156503,1.3088605678081513,2,200
280,0.1976382739086093,0.9729360553414322,2,172,0.026641275533277498,0.630542767899377,2,200
281,0.3165659654062271,0.8904566932347865,2,153
282,0.05851773707020906,0.7312503138253855,2,43
283,0.34228242050709995,1.4489523722575262,2,26
284,0.2948813307150131,0.9265486977718494,2,135,0.02667878305046828,0.5037232454006488,2,200
285,0.10632869849881858,1.0158489788732221,2,62
286,0.27965738683408936,0.8865186779395394,2,23,0.024114267404053234,0.8659532683236258,2,58,0.16742149299271958,0.9892063237411876,2,200
287,0.3264432196652526,0.7262075626850129,2,200
288,0.01687066622543383,0.7300668771450336,2,26
289,0.39260538327910305,1.0747572935145835,2,46
290,0.290981048180369,0.7636402079037258,2,21
291,0.28620564751857025,1.0458858972787857,2,200
292,0.25619073072991844,0.6394985258579254,2,50,0.020937710966181987,0.703181437083653,2,85,0.22374059488739517,0.5887729046137437,2,200
293,0.4152276493603483,0.9622613276754107,2,14,0.026464147681025858,0.22602032566512073,2,41
294,0.06321877508546711,1.0648392227388197,2,62
295,0.29278176593092664,1.4352530199905922,2,29,0.018040486662498637,0.5554670450233278,2,92,0.37560499693854904,1.520956815557277,2,139,0.023005628613564956,0.7145866538797107,2,167,0.37082917122652875,1.6001068498149063,2,200
296,0.2066275697764015,0.5941014437377453,2,200
297,0.33192131816473996,0.8156785906200678,2,71,0.07629192774202602,0.7753853723984356,2,200
298,0.17089667868459418,1.264525438264265,2,118,0.024186689580541407,0.908739918156674,2,137
299,0.22083167561813413,0.4051026197580191,2,26
300,0.05143440573100224,0.7408561512179996,2,138
301,0.21120514605845106,1.0293537324666977,2,200
302,0.25970752031732175,0.8613161465525627,2,200
303,0.26570298392388003,1.0057574845850468,2,96,0.09397382621817703,0.7625509087856,2,200
304,0.4530933986091733,1.3270352215602481,2,29,0.04341793028304134,0.7544825894888058,2,72,0.3203327192445505,1.2209188262932003,2,200
305,0.3150327116719556,1.0803802717815747,2,22,0.027314795991485084,0.8770069445882525,2,57,0.28249392919953215,1.1482703180874094,2,142,0.056847893422765965,0.9675870476097896,2,200
306,0.3033933836129182,1.4058482325077057,2,200
307,0.12580018565647524,1.0596713846921921,2,200
308,0.018952531170270143,0.7566898062422469,2,37,0.3127846351175226,1.5056245705660651,2,122,0.04048125427951984,0.8659121990203857,2,200
309,0.2580352750494464,1.0435289474634024,2,65
