0,0.24458858095253513,0.9167383730411529,2,20
1,0.23041818554377608,1.5815386880527844,2,99
2,0.2636417339652794,1.1582990458607674,2,200
3,0.27750308401133117,1.0606275697549183,2,72,0.02610884429187648,1.1070185820261638,2,117,0.2826838204181777,0.860689436096743,2,200
4,0.2774586222222103,0.7882545508375955,2,109,0.031606537635564085,0.755921207594149,2,175,0.32258911688653136,0.8245317578315735,2,200
5,0.30046785436233303,0.9498142202695211,2,144
6,0.29266702567158476,1.4185051411952612,2,106,0.024159712618528843,0.7061884525147352,2,150,0.2932504902830415,1.4727601194381714,2,200
7,0.06674256491879067,0.5882996384302775,2,75
8,0.3007283600164142,0.491170942162474,2,48
9,0.32448661680715524,1.3614965438842774,2,65
10,0.20540561331094778,0.9282343586285909,2,33,0.029750579287801237,0.7575613517652858,2,121
11,0.3133638563221083,0.9485746423403422,2,96
12,0.2633513855127223,1.5395277895425494,2,76
13,0.3033071836875118,1.2950880544526235,2,70,0.03708116577062384,0.6859202927417969,2,159,0.2471190820173924,1.2128402140082382,2,200
14,0.31413424563469616,1.3512784665357982,2,141,0.07727809444180933,0.9793504931158938,2,200
15,0.1779898730237604,0.8055156613886356,2,200
16,0.25118879139060646,0.9440056985616684,2,200
17,0.11650205546682721,0.9289555209875107,2,200
18,0.1400790423581481,0.7271496716141701,2,200
19,0.26024637594308775,0.7740017777681351,2,200
20,0.3358384918307952,0.8337671619653702,2,200
21,0.2090002656581792,0.6751815676689148,2,29
22,0.21062374139447693,0.8846608405763453,2,165,0.019549339666693186,0.3250745162367821,2,187,0.26885148309943807,0.9724088907241821,2,200
23,0.13150414652786976,0.7627995538970699,2,92
24,0.3229515395810901,0.9940592348575592,2,20
25,0.04236621536500362,0.6029758039695113,2,67,0.32029525024872096,0.6351880258984036,2,112,0.046595933965958194,0.6934559257193045,2,200
26,0.23165492627443174,0.7121290773153305,2,200
27,0.1526562777743998,0.9095131650567054,2,200
28,0.2275719356466328,0.8743584947731659,2,131
29,0.21804773396731578,0.8472179947672663,2,111
30,0.26161505987982275,1.3922195688883463,2,75,0.036742449166475205,0.7155013435027179,2,143,0.2386284380164255,1.3509771384690936,2,200
31,0.1965409741082908,0.9705237805843353,2,200
32,0.1477792939191594,0.9412060485945808,2,90
33,0.2601359704687323,1.345150528550148,2,200
34,0.2516426697969518,0.9602783262729645,2,200
35,0.042571092414872676,0.606331090927124,2,25
36,0.05580121555530416,0.8425559891808417,2,124,0.09161206561587565,1.3118523250926624,2,135,0.2626196242490182,1.318089584203867,2,200
37,0.3279142138121509,1.5959961957791273,2,68
38,0.19818261643414278,0.8639242795991225,2,71,0.031012986153884977,0.5999984452801366,2,102,0.2816118133379396,1.1145582001428216,2,200
39,0.20898205255820135,1.2747450643777847,2,200
40,0.20899908458493785,0.9733986739814281,2,200
41,0.23804919181686182,1.5509396999785043,2,103,0.09684720327687346,0.6841900646686554,2,109,0.02485852425600881,0.6911118449643254,2,173,0.3407312496534905,1.562573269561485,2,200
42,0.34500389272213927,1.490804678460826,2,115,0.03470556948387194,1.0128769539296627,2,147,0.40132981669037876,1.4642674540573697,2,200
43,0.2429333569321811,1.6394509536674224,2,166
44,0.26960350006649514,1.2139684056567255,2,107,0.03244386823120392,0.6066720737860753,2,159,0.3021301404284032,1.2438862440062732,2,200
45,0.2490064375907474,0.6423201447725296,2,200
46,0.24629640290342864,1.1197437124867593,2,62
47,0.22738297007255479,1.3138759286849053,2,91
48,0.25230543470667577,0.636563212275505,2,200
49,0.15402005078434847,0.6797524897638195,2,167,0.02901259094767477,0.8602528463710438,2,200
50,0.2674771597207196,0.7698264212221713,2,185,0.020129888823447763,0.6308008313179017,2,200
51,0.18551066846001818,0.8454146680958343,2,132,0.048697347438829516,0.6961851821226233,2,200
52,0.25983047189621294,0.9615440142154693,2,200
53,0.18971463091441895,0.9279014167189598,2,200
54,0.24809908140751535,1.242067535718282,2,72,0.055599764372856124,1.069834589958191,2,133,0.30550310650663676,1.4039988446591505,2,200
55,0.07559435721306144,0.5381323900379118,2,122,0.07648297655180013,0.9724056627601385,2,154,0.272294445106467,1.0664715637331423,2,200
56,0.18371187476862602,0.470077960466852,2,49
57,0.24240743236933474,1.5283752060853517,2,104
58,0.22465584728345184,0.9601649776101112,2,200
59,0.22347100685592428,1.2625579350134906,2,170,0.02059107204810734,0.5359572348269549,2,192,0.4701126212637583,1.409289374947548,2,200
60,0.052575019290344166,0.7645045282348754,2,63,0.21622076880597693,0.822314384644919,2,200
61,0.2504186615577678,0.5791577422618865,2,200
62,0.1840775538380884,0.6699346715211868,2,200
63,0.31573900930302273,0.8343081322312355,2,200
64,0.1242464780488933,0.8910748658690063,2,159
65,0.08160770349331024,0.8319801740157299,2,195
66,0.4707355387746033,0.23898552730679512,2,12,0.02012737777638672,0.7313601064682007,2,37,0.2958507189316002,0.37272998542825053,2,158,0.042124896002753924,0.48818634379477727,2,200
67,0.0415741594462687,0.4447703118766508,2,62,0.19464405292823556,0.7173249531483304,2,200
68,0.3532506764403339,1.1466809873995574,2,23
69,0.35194864674473253,1.154334698120753,2,60,0.06740121244212655,0.8189609802521027,2,171
70,0.08831077685030166,0.9012184456775063,2,133
71,0.1672731318611086,0.8579785792451156,2,38
72,0.36917259648799233,0.2691477339601878,2,132,0.017944092343750054,0.4904247638252046,2,150,0.308726381957425,0.40806319534778596,2,200
73,0.3208190046629334,0.33823465804258984,2,12,0.021210760914279665,0.8757648038864135,2,37,0.3067244739926722,0.8113625502783405,2,158,0.029921710998229767,0.6630907768294925,2,200
74,0.15980386338071398,0.9106207130090246,2,106,0.029906843499657155,0.9292198151958232,2,155,0.2856038493765815,0.8911209278636508,2,200
75,0.24937268937953536,0.6783002147078514,2,200
76,0.22053313748955064,1.151550897359848,2,200
77,0.21544709856573774,0.9254271127283573,2,48,0.024004365328280482,0.35769478538457083,2,65,0.36425008485263477,0.8137866020202636,2,200
78,0.046049945237883624,1.0015530960900443,2,35,0.26648054397802295,1.38424466538617,2,162,0.024566603085455788,0.49302760550850316,2,200
79,0.20497563228380686,0.9395507553219795,2,200
80,0.2729707325076763,1.1144679557709467,2,42,0.03075783383481401,0.6887979825337728,2,87,0.45622962167835257,1.126802235841751,2,117,0.033167079955324294,1.1136874596277873,2,147,0.26855370426667646,1.423247955880075,2,200
81,0.15453597878280748,0.5251637513935566,2,200
82,0.14243865001389555,0.6742784257233143,2,200
83,0.3068940108066165,1.0482378432154655,2,200
84,0.2968501782187192,1.037613911628723,2,200
85,0.2567133936752944,1.5730168056488036,2,200
86,0.23832896675875548,0.7336655527353286,2,20
87,0.2904874578268886,0.6813794924662664,2,143
88,0.31789516247927546,0.7160058104991913,2,200
89,0.4294253497573775,1.5003576450741167,2,97,0.016442210923910263,0.24493682296837077,2,114,0.23624521749189273,1.505773828473202,2,200
90,0.0825719644638663,0.6330715620771368,2,47
91,0.2369564558966165,1.2456730557423012,2,51
92,0.12176316978670082,0.9057476571628026,2,35
93,0.13457032695519883,1.0322957208210772,2,44
94,0.2789981355630715,0.8900907437006632,2,54
95,0.28551214730083707,1.4160873393217723,2,36
96,0.3243190790383475,1.4114578331218046,2,34
97,0.2076985612162658,0.8770259106159211,2,200
98,0.2906089747444321,0.7176987354954084,2,48
99,0.2636454161065078,0.7644514603522218,2,103,0.047124790924063686,0.6289491419939651,2,200
100,0.2941236824861588,0.783116545677185,2,200
101,0.1677254961950363,0.8952653172769045,2,38,0.02617239342400276,0.7107591576435986,2,72,0.22195923637598897,0.8756251391023397,2,200
102,0.3255527441250457,1.3292725414037705,2,200
103,0.09735781447202567,0.8535403761267663,2,200
104,0.2482775844909952,1.320323738646,2,47
105,0.2802087845972542,0.7861895158886909,2,200
106,0.2627237921801558,0.7738442611694336,2,200
107,0.5420972674965103,1.64239963889122,2,20
108,0.2113672488049485,1.0911783060785067,2,59
109,0.3575209358160423,1.344570020834605,2,12,0.03227458359118046,0.9789779605688872,2,66,0.2908165714168197,1.0191912860483736,2,140,0.0503531056504658,0.6802747795979182,2,200
110,0.10935729811085569,0.7800234973430633,2,200
111,0.04514886450731321,0.7520860327915712,2,110,0.3384852192176234,1.272430970118596,2,136
112,0.21218456737643873,0.7400795835256576,2,200
113,0.03806368348581543,0.38261943935386594,2,62,0.23059320420489954,0.7871605127617933,2,200
114,0.32157987679270766,1.2648580360133745,2,171
115,0.26461817563495854,0.8038334344562731,2,95,0.023629539456790683,0.8092868800820976,2,124,0.2356405166079406,0.7536783767373938,2,200
116,0.05809337609902346,0.5641486867294683,2,154,0.32628916069796055,0.5669798637213914,2,200
117,0.20622038226109668,0.8355572137236595,2,200
118,0.18797570341958703,0.9941036462783813,2,200
119,0.02704109426873586,0.3504899740219116,2,22,0.2857438803889938,1.5300259287677593,2,89
120,0.25552042244140155,0.9468155182324923,2,26
121,0.24695543505437026,1.164648968371607,2,168,0.020248769891010522,0.44264062866568565,2,200
122,0.3584615328598169,1.5418230199044751,2,62,0.018096866683769443,0.5110592712958654,2,92,0.3637209027214823,1.6178163591637669,2,175
123,0.19597530666754312,0.9890841577947139,2,200
124,0.21846947697456287,0.7270054674587367,2,163,0.026092450622741178,1.0701137716705735,2,200
125,0.06106555325069517,0.6580789719636624,2,26,0.32291133883605627,1.037515812000986,2,144
126,0.3674430235309551,0.5755849285051227,2,32,0.04398398410522336,0.397941869661564,2,159,0.30884385172607476,0.3456844305846749,2,200
127,0.23836746556476263,1.025662304162979,2,200
128,0.19399898122608064,0.9829612050950527,2,200
129,0.0769407320006101,0.8099236936867237,2,200
130,0.12464311296478148,1.1850525897741317,2,200
131,0.21488282832458505,1.1895850837230681,2,70,0.03877422889540623,0.8941410702207814,2,139,0.23422400452306685,1.332945315564265,2,200
132,0.04043852515386019,0.6728052191245251,2,78
133,0.2765919139803474,0.8440481966192072,2,44
134,0.5102120176092356,1.69146349353175,2,62,0.025960766136792456,0.7985625467517159,2,172,0.42626213324841444,1.6269349429918372,2,195
135,0.04874363314621149,0.8135994551703334,2,64
136,0.34716104865605396,0.28708139757315315,2,30
137,0.15287901935805556,1.0213980065451729,2,135,0.021294937337380044,0.14354063524649693,2,200
138,0.060577865445793674,0.8370582461357117,2,23
139,0.21299206797363665,1.1647915801405906,2,200
140,0.05226818511049307,0.6556893601721409,2,102,0.23436946246631302,1.2574689059841389,2,200
141,0.10439627798677538,0.8630171275474656,2,71
142,0.2990895943256328,1.516752035021782,2,200
143,0.30185792598409883,0.6458841654658317,2,200
144,0.27380079505255256,1.078184338594904,2,151,0.07288958692181254,0.8239362075620768,2,200
145,0.22208219477799682,1.3020872753343464,2,162
146,0.2908040092223397,1.7156975931591458,2,153,0.026756839054041116,0.928113362618855,2,181
147,0.1525181442305026,0.8696426025032997,2,200
148,0.31391535059529296,1.3015649008750916,2,200
149,0.3682206439012347,1.279821346676539,2,63
150,0.26597844863935416,0.7147555410861969,2,200
151,0.07107091701966192,0.6803562844671854,2,41
152,0.2557474548244812,1.4537702988887178,2,138
153,0.08115403990534772,0.7482737143834431,2,90,0.017493422845226668,0.7754065903221689,2,131,0.25139399738034085,0.770480549853781,2,200
154,0.25692493257517796,0.7758412903547287,2,200
155,0.1977222865611085,0.7715827172001203,2,90,0.02781093896915373,0.33634929586615825,2,162,0.29854057492393304,0.9265525639057159,2,200
156,0.147011685296457,0.6540600961446762,2,200
157,0.1692984342549674,0.38890911534428596,2,200
158,0.26495178765315947,0.8676583829522133,2,200
159,0.27330051536996447,1.1418281054693806,2,121
160,0.05602633753258126,0.7632085462159748,2,79,0.265350552666902,1.119502191083977,2,162,0.0329496832838988,0.5888219154194781,2,200
161,0.24017509371018567,1.0077247106245835,2,137
162,0.3616079995819696,1.800806294788014,2,11,0.025418661011222463,0.22415167322525612,2,24,0.30425413957925945,1.8148296108612647,2,154
163,0.257378649839721,1.186630212208804,2,68,0.019245774966242635,0.48220559358596804,2,93,0.35353053374358373,1.2031277886060912,2,200
164,0.1910774937187218,0.6205581739544869,2,200
165,0.2795410152358698,0.7631731110811234,2,200
166,0.2540873710271234,0.7616063994169235,2,200
167,0.26890846022635007,1.5435600431486107,2,87,0.02419596571696049,0.637165457737155,2,128,0.2246668802465691,1.5620826698011823,2,200
168,0.22687823741851232,1.5460790453605282,2,103,0.03396264307489014,0.7961488229887826,2,173,0.4312703752328292,1.416206920588458,2,200
169,0.3563640515296119,1.1421461653709413,2,200
170,0.26214019068104694,0.7601501321792603,2,200
171,0.290208540800546,0.6555572435259819,2,200
172,0.34539207069318595,1.5273141556007916,2,43
173,0.26668370514004525,1.2863851703446487,2,29
174,0.14481484242841916,1.2846101500093936,2,80,0.03671780753284182,0.6311312230621896,2,121
175,0.17984129187774456,1.2177326689937158,2,167
176,0.19439321681821783,0.9995471385604177,2,179
177,0.24559061314828473,0.6675319120287895,2,200
178,0.2860329764149735,1.0040896773338317,2,200
179,0.21979904384714707,1.520843505859375,2,200
180,0.37512356583136475,1.5516942809609806,2,34
181,0.47165277575298825,1.7422141619582674,2,67
182,0.256257599193125,0.4398533894121647,2,200
183,0.3242979223700403,0.5258217475243977,2,28,0.04572997208400855,0.6988633871078491,2,118,0.3357689649115826,0.3958032160270505,2,200
184,0.03839110125999389,0.8052654199454249,2,98,0.28957268984193607,0.9767380952835083,2,116
185,0.30793676394396124,0.7256339091062546,2,200
186,0.17900418970600515,0.9676278432210287,2,24
187,0.24893234812634954,1.062536262486079,2,73
188,0.2511202355806716,0.33844913192093373,2,200
189,0.04613751983513385,0.816259832282341,2,191,0.6358439785223876,0.9999596807691786,2,200
190,0.2609303134249024,1.47033189949782,2,46
191,0.11903243178491357,0.687510479837656,2,200
192,0.2026504804366774,0.8517223939299583,2,200
193,0.22994181085182452,1.1111495059728622,2,200
194,0.3149716676361506,1.183138973572675,2,68,0.022212607645841296,0.7228248381614685,2,93,0.25852773667033024,1.1762559904116336,2,200
195,0.28371288260401917,0.9378747141361237,2,200
196,0.2248713467648209,0.9915836683341435,2,140
197,0.1698749057676005,0.7667267686128616,2,200
198,0.23686351108475545,1.3995916857776871,2,166
199,0.4366208654891986,0.8007837317206643,2,22
200,0.11548901036331517,1.0282945433123545,2,44
201,0.27340859786481403,1.194655863544609,2,79
202,0.4058430203671958,0.8561383504420519,2,32,0.024201982267184733,0.2459190409434469,2,51,0.4464031224486787,0.8466172637166204,2,88,0.05612761390825472,0.546669386726405,2,200
203,0.060698896443548415,0.6186122737824917,2,200
204,0.30002887863754407,0.7746946227550506,2,200
205,0.2994366308192929,1.581834718082728,2,89,0.018530468205822905,0.5317100775869269,2,184,0.3260380201539876,1.5592520982027054,2,200
206,0.19874227286446758,0.5777534317970275,2,125
207,0.2959652402145226,0.38212153536302074,2,27
208,0.3140602142337681,0.5739222101950914,2,89,0.10472000592934115,0.9320274177972261,2,200
209,0.34608665952115425,1.199488826096058,2,32
210,0.2766984880669505,0.9067341913195217,2,34
211,0.1670084457707094,1.0070631834864616,2,200
212,0.21068369391114433,1.276354462504387,2,200
213,0.2011062396000054,0.8865860188007355,2,200
214,0.03316008607710509,0.7098077371716499,2,40,0.25544211097038805,1.2297044225037097,2,200
215,0.20214373860577312,0.8650780577212572,2,200
216,0.04964117126599116,0.8337325703713202,2,31,0.2802993274855691,0.7979277536159254,2,162,0.03306916097362341,0.42153936899022054,2,200
217,0.3735601006437471,1.5688409353124684,2,58
218,0.14703401621652543,0.9067999652028084,2,200
219,0.32778521142618183,0.8481675184435314,2,180,0.04207125923339319,0.3592353448271751,2,200
220,0.048601260056881056,0.6796683517887312,2,136,0.356533440484322,0.28958962694741786,2,200
221,0.21424767472504858,0.8595373272895813,2,40,0.036686469740632784,0.8167982794800583,2,89,0.2872658346334177,0.9230332995114261,2,162,0.01962824187018647,0.7468311990562239,2,200
222,0.1627682164849502,0.8669997550961044,2,144
223,0.21997830590014128,0.9608931244909763,2,200
224,0.31352134550056154,1.2006364631652833,2,200
225,0.34245511366337644,0.7645649635791778,2,200
226,0.048184822045219955,0.525333557691839,2,72
227,0.2629547510200668,1.18581765294075,2,20
228,0.16459624748332768,0.9492091814225371,2,88,0.020326154281260653,0.449476058163294,2,129,0.21808540447603592,1.0541378171355635,2,156
229,0.09445891211425261,0.7411990080071592,2,87,0.02495716317002632,0.8307732320451117,2,164,0.2421400686469799,1.0924855603112116,2,200
230,0.2031008643788313,0.9474016013741493,2,200
231,0.1614909550335639,0.9616295207291842,2,200
232,0.16493773527141656,0.36579548448324206,2,200
233,0.26835965168517045,0.9251409769058228,2,38,0.061838728383862375,0.7661280094841381,2,200
234,0.26788248743868026,1.265805920487956,2,76,0.024939106581977767,0.8951422964654318,2,117,0.19489516770345885,1.1219731504658619,2,200
235,0.33847822116038845,1.4049755231193874,2,23
236,0.14935680347661942,0.9523260001687036,2,138,0.04852088460166948,0.709922973186739,2,200
237,0.32060070666972773,0.6467687429920319,2,31
238,0.34122532019073193,1.2428753226995468,2,32
239,0.19404167311071144,1.1397297334431404,2,199
240,0.10071197225213212,0.6442750902473926,2,200
241,0.17659421673363912,0.8341915837213314,2,179,0.03142006010550603,0.8658972041947501,2,200
242,0.333440427345394,1.31355591442274,2,23
243,0.24992242490132296,0.6047098330549292,2,148,0.013088605179898823,0.7197137908502058,2,159
244,0.132051449149614,0.9255195564031601,2,200
245,0.18992255346931183,0.7976053041219712,2,200
246,0.09671976267020854,0.5546191359689723,2,191
247,0.2606546607939033,1.0518888402608484,2,153,0.024471213533022482,0.7546345224747291,2,179,0.2945765182721046,0.7974442782856169,2,200
248,0.10304497461790585,1.2412629743868655,2,176
249,0.30846880360122086,1.2556567907333374,2,200
250,0.24570394118503516,1.3485721814167964,2,154
251,0.3109670169600072,1.357644498348236,2,20
252,0.27377672203648223,0.45242851972579956,2,17,0.018269986727016296,0.3565640043705068,2,64,0.2954347859102286,0.9178171249536368,2,90,0.02846901592241516,0.4555782426487316,2,200
253,0.15800255083715142,0.9002235317230225,2,200
254,0.32714488570484346,0.8114517274892555,2,53
255,0.3264615260690794,0.9497799606465581,2,134,0.04007591862899535,0.6776375951188983,2,200
256,0.3069766692197337,1.2425008535385131,2,25
257,0.3177197365351925,0.8522938585281372,2,50,0.030573628759086643,0.32584487507119775,2,82
258,0.2128563202759407,0.9166329126609,2,133
259,0.26883798199426157,0.6009686097502709,2,200
260,0.33195895882673426,1.6049868237404596,2,42
261,0.2666402856807909,1.6464851363649908,2,106,0.03421967348852339,0.8766006745544135,2,157,0.16876870665962945,1.4930738543355189,2,200
262,0.2810222834512246,1.125855675858,2,184
263,0.06294132371837968,0.767956317961216,2,40,0.2646664325823641,1.2801891461014747,2,200
264,0.23066507812709428,0.6884016675107619,2,17,0.01981444312113373,0.24618362812768846,2,59,0.25268940137893814,0.8133431859050236,2,200
265,0.024434930245556815,0.8301451007525126,2,21,0.2507687426060885,0.781193260560956,2,135,0.025890871984577648,0.17890192018105433,2,200
266,0.2999093143969833,1.4318916631299397,2,43
267,0.2522157619040329,0.827459746883029,2,63,0.01935708256116813,0.2544146044687791,2,85,0.315720033726292,0.8215704498083695,2,200
268,0.2968894052386124,0.9918293356895447,2,28,0.040835689565003795,0.8450238275527954,2,78,0.24875145178086186,1.1981143907445375,2,200
269,0.26145758498664434,0.880489721254337,2,163,0.019014715662724686,0.28686250204389746,2,185,0.293747883565398,0.8000564455986023,2,200
270,0.25585866088925685,0.3920773914986593,2,163,0.015111407459608938,0.6327569536540819,2,186,0.24598682760585086,0.5715273874146598,2,200
271,0.23430883230298682,1.0859711672130383,2,133,0.03855616508065059,0.7333428233861923,2,173,0.2684977983324226,1.0648942965048331,2,200
272,0.019740600979206838,0.3564204952933572,2,22,0.16084099992012518,0.9135942713516515,2,63
273,0.3449885292210605,0.9495726782083511,2,200
274,0.16956437671883076,0.9081126394867897,2,200
275,0.19859712464055193,0.9147554097405399,2,83,0.021290578508257763,0.3052666038274765,2,118,0.23763426288413805,0.9220723907152811,2,139
276,0.3289102337492558,0.2931589975953102,2,20
277,0.2642668281755355,0.8648222543691334,2,38
278,0.15406131590459995,1.4023207503557205,2,200
279,0.09499326680839734,0.6527319222934975,2,121,0.30664030261438846,0.40175688983518865,2,200
280,0.2574319864118459,1.3926453786109811,2,67,0.02811612767392929,0.8919020944968202,2,200
281,0.25773767388561525,1.6444527498663288,2,73
282,0.2869872198917582,0.9804593974351883,2,200
283,0.09368220795370391,0.9414875221853497,2,119
