0,0.05166833438744851,0.8176390727361044,2,33
1,0.11112861900951587,1.011508397758007,2,200
2,0.21590648525215847,1.0996071972064119,2,67
3,0.24175569498665148,1.2677921447260627,2,58
4,0.19183960519042573,0.9829935335612797,2,143,0.022949687143324116,0.28626132638830887,2,181,0.35235059081068176,0.9753721607358832,2,200
5,0.2926920704164807,1.0551481973834154,2,82,0.05219580904028007,0.9316545876406007,2,200
6,0.2915120573989807,0.5333323994278908,2,200
7,0.11177261680725437,0.8262820011377334,2,200
8,0.27607168098002327,0.822932705992744,2,21
9,0.09564652657086482,0.8393780349782018,2,132
10,0.3232243110317854,0.8947062826517856,2,66,0.042232307625283634,0.7039787628148731,2,104,0.33414250660598704,0.7141801764567693,2,200
11,0.0775462155568752,0.8552552929520607,2,200
12,0.1619712355603476,0.8332817262411117,2,200
13,0.3182346195291667,0.8869475033548143,2,45,0.039900210862042346,0.7323194659525348,2,200
14,0.13623990117003568,0.6807631316050043,2,106,0.022935492879967087,0.9241574048995972,2,141,0.3052242445334842,0.5602117857690585,2,200
15,0.05215783509521914,0.5092541106411668,2,61,0.1603593172536455,0.6027829458387636,2,200
16,0.292286209268377,1.29475891080677,2,117
17,0.2803193246380046,0.4754668328226829,2,49,0.030281034294869624,0.269548827437339,2,157
18,0.33939498507895544,0.9623783774997877,2,138,0.037623325516038385,0.8820508515292947,2,182
19,0.2664470823972265,0.5697707140445709,2,200
20,0.2658991200672008,1.34127191839547,2,29,0.0217631539682171,0.4767898063485821,2,125,0.18903404183370576,1.1741594505310058,2,200
21,0.27653169101542713,0.5928274166016352,2,21,0.03627688290591923,0.7381035035306757,2,65,0.2913544310257403,0.6390331446284979,2,136
22,0.2810073430352781,0.9603592016194996,2,76,0.02470433808314948,0.32312079744283545,2,119,0.2849519621962401,0.9693482799662484,2,200
23,0.37722171768690155,1.0602765816908617,2,65,0.03426929546473185,0.6918745290707139,2,133,0.3693271283259638,1.0481582497482869,2,200
24,0.28710031699956334,0.7368947005093988,2,134,0.022396033670615715,0.546305054064953,2,200
25,0.06822237943184009,0.856836058696111,2,30,0.28715634067140344,1.5706697702407837,2,177,0.04577959027513636,0.3894176334142685,2,200
26,0.04608570624135959,1.0297189875145178,2,173,0.2632838343750867,1.0178242656919692,2,200
27,0.3024446241839043,0.6561213062919733,2,131
28,0.06114241415071179,0.5805561964158659,2,135,0.27747568114966353,0.4793290903935066,2,200
29,0.3218309267845626,1.2823208812624216,2,64,0.06268436422280256,0.9789088501575145,2,158,0.02737271094550395,0.5114244045246215,2,200
30,0.28668288793959823,1.1494182670203439,2,137
31,0.24499408654047958,0.8833608892560005,2,200
32,0.30422026464440266,1.696081925034523,2,200
33,0.13173167969459357,1.7309015691280365,2,12,0.049035743543470504,0.46713552872339886,2,33,0.24208877066124376,1.7441141920931198,2,101,0.049772428145772936,0.6535556643474393,2,142,0.22881639161628467,1.8066549604589288,2,197
34,0.14376613846099598,0.687908579537898,2,162,0.023107773879745653,0.8075020987736551,2,200
35,0.18078241155035166,0.666936269402504,2,20
36,0.4029313913209429,0.9556731496538434,2,21
37,0.34116326655106366,0.4845818246519843,2,43
38,0.24077602919514987,1.343385507663091,2,72
39,0.15911543211279128,1.266104860007763,2,200
40,0.2412257196653336,1.1341654087106388,2,48,0.05586508535347817,0.9302135890564033,2,161,0.26517893905103956,1.2181616196265588,2,200
41,0.3181772513744091,1.4046743106842041,2,50,0.048972553763051235,0.5667440423677708,2,108,0.2880986108084516,1.3135613371164372,2,186
42,0.30737037967904196,0.8149583110683842,2,190
43,0.294337843031389,1.2351362812519073,2,200
44,0.15746760376283814,1.1486252948641777,2,200
45,0.22931559769385865,0.9217736434936523,2,200
46,0.08746535479399971,0.7447096751286433,2,39
47,0.293860983214969,1.1403593722876015,2,77,0.045177676385836155,0.6521721834816584,2,200
48,0.19771421465935263,1.2136030311767871,2,26,0.021441385675266485,0.2794357822276652,2,90,0.0241007366264175,1.0379963432039534,2,104,0.2072393824473638,1.132246295766284,2,200
49,0.26901576539803324,1.0638909830201058,2,186,0.03074241307020527,0.7893904745578766,2,200
50,0.2704172512348639,1.0282384065481334,2,26
51,0.21284734671140726,1.052349525548163,2,168,0.0392649927308222,0.5523983808234334,2,200
52,0.30179003372077773,1.1231467758399853,2,138
53,0.05645529509941205,0.5536976139012136,2,76,0.24097980234133043,0.6333930171453036,2,115
54,0.04015328341217874,0.8467261085384771,2,76,0.170436607752763,0.9576624808833003,2,140
55,0.11822628016781303,0.7284305791556835,2,200
56,0.06750875677424482,0.9613631891576867,2,190
57,0.28767528738789955,1.7131825468756936,2,77
58,0.2924239396539969,0.694282019579852,2,27
59,0.2565839245023555,1.2483954628308613,2,30
60,0.2709886634077255,0.9660156201571226,2,160
61,0.31074220524814816,0.7477006477278632,2,37
62,0.35268767809880697,0.9031811356544495,2,50,0.02282864662815054,0.9030954878209001,2,168,0.2573882157741602,0.6224849801510572,2,200
63,0.30124065060666827,0.6181895565986634,2,200
64,0.21175542038906772,0.7930852198600769,2,200
65,0.2233460341211624,0.5636715996265411,2,200
66,0.30705452886901746,0.5518341412586448,2,113,0.03675709761543003,0.6549026386157887,2,150,0.23615065973687133,0.569313485622406,2,200
67,0.18634825621710116,1.0902960991659085,2,119,0.048341342191166696,0.852484064337648,2,200
68,0.1631206495662126,0.961821836233139,2,200
69,0.27780528537085025,1.1398139737901234,2,21
70,0.0383257398157196,0.6992382880968925,2,117,0.2923464649553101,1.0234675458137026,2,164
71,0.1862587336830718,0.8928874476253986,2,200
72,0.3050873894656307,0.397949862129548,2,153,0.0498316662781935,0.6382187921950158,2,200
73,0.3345116251840616,0.9658750527434878,2,108
74,0.16477131075372087,1.4636062850122866,2,23
75,0.34047960138566874,0.4071177887916565,2,200
76,0.2246566702670628,1.585054444230121,2,138
77,0.25635741661297645,1.296582974575378,2,182,0.016683917209599955,0.3670491642422146,2,200
78,0.2544197715851578,1.2588594615459443,2,20,0.021562400198262225,0.5141390670429576,2,42,0.30349614175118167,1.4242320823669434,2,167,0.048323674549505764,0.7768403400074352,2,200
79,0.23398367964952332,0.8324659853491164,2,131,0.01693539025190939,0.10495503289975981,2,200
80,0.15575739352817505,0.49653546800909115,2,129,0.036229619484204806,0.5290503602632335,2,200
81,0.3090446161291834,0.9031690644181293,2,23,0.036277211240275796,0.8822558177635074,2,87,0.24537941211424882,1.1217954063837507,2,200
82,0.028829131881500845,0.32303342372179034,2,20,0.22388269589197726,1.5525955511973455,2,33
83,0.033839293698057375,0.33586259682973224,2,21,0.2124074773716476,1.435936787393358,2,111
84,0.3204065258105328,0.9997876120519035,2,158
85,0.0967977109246661,0.6935015694059506,2,99,0.3077569163529012,0.6589561447058574,2,200
86,0.19221363199546784,0.6221164512634277,2,200
87,0.18735446162127056,0.7365622514715562,2,104,0.036626908710458546,0.8522920863082012,2,200
88,0.2647640954523807,1.0066988717019558,2,200
89,0.06392965686064934,0.8426048710942269,2,40,0.2860199662138614,0.6529028315097094,2,200
90,0.2664015763161826,1.1733698242166068,2,178,0.018570864216804987,0.42427197098731995,2,200
91,0.28517603625718135,1.1986609490331774,2,167
92,0.3387288145536205,1.1891829336390776,2,68,0.030580282414539906,0.5633619721321499,2,136,0.20604235746130126,1.2169031351804733,2,200
93,0.10536643210280038,0.5766529857912319,2,149,0.346622193372165,0.6846432101492789,2,200
94,0.2811310057153979,0.6599459335917518,2,84,0.057223453979472934,0.7240641158202599,2,200
95,0.22003505979295016,0.9121561581268907,2,64,0.02211547495591398,0.7321140232839083,2,102,0.23138773123610104,1.097060497926206,2,200
96,0.2876744186406685,1.2756708735227584,2,200
97,0.1666663588758053,0.9006999506862885,2,109
98,0.292578213943818,0.9925033908623916,2,52
99,0.145152898845372,0.90259298903883,2,121,0.02482297834938907,0.49370567028115436,2,162,0.18590418465376884,1.2543545616300482,2,200
100,0.20920901563947653,0.8927336767315864,2,200
101,0.11964198701362948,0.9345640641887013,2,41
102,0.2234694511959144,0.6878917298074496,2,177
103,0.2755944108919234,1.0638985944830852,2,23
104,0.2419944597914136,1.00986692070961,2,200
105,0.33137620614185226,1.1568691372871398,2,20,0.021268300370009485,0.7597447633743286,2,42,0.26467749950191893,1.2872582606866325,2,184,0.011985625924625869,0.254520102404058,2,200
106,0.18519687688686043,0.9335292010422213,2,83,0.02096565392743815,0.3189426168151524,2,106,0.351320964807464,0.9262686812359354,2,129
107,0.19116583799854642,0.7825163820385933,2,200
108,0.03870356349275739,0.9800764345205747,2,52,0.19724287308429175,1.0443559856833637,2,200
109,0.2311014151941106,0.7121951416134834,2,200
110,0.2791412113509331,0.9838773307204246,2,200
111,0.267120322328641,0.6937563355267048,2,200
112,0.326641499595176,1.1940409239681287,2,174
113,0.3615831304501786,1.1336925792694093,2,25
114,0.14156199468510972,1.00065052986145,2,200
115,0.13581151845744047,1.1438620460999978,2,74
116,0.2369776446524904,0.8684129680906023,2,70,0.03176126269428934,0.970111448189308,2,157,0.26837396562745985,1.2475369281547015,2,200
117,0.35024566944018803,1.3180658080998588,2,136
118,0.2835627625814392,0.754528785943985,2,200
119,0.17995186003344008,1.27739462018013,2,200
120,0.3370669458506323,0.6783653268447289,2,39,0.042467073515898214,0.7202390256778214,2,168,0.2956836846856496,0.6570809744298458,2,200
121,0.16826732197257194,0.6812695095568527,2,81,0.017235789196848563,0.2891262223323186,2,120,0.2782657633018267,0.7053577569814828,2,185,0.03293085509801648,0.32053297758102417,2,200
122,0.2333826216969928,0.7118507382273674,2,200
123,0.2684631152465138,0.9765733056598239,2,45
124,0.15333288000446238,0.8570894201596578,2,27
125,0.24696623013332827,0.7513122774403671,2,58,0.03391626024493863,0.353911429643631,2,87,0.3030003931791602,0.8385271683203436,2,200
126,0.03447830180788317,0.7885266387462616,2,50,0.2716116767946712,1.1080297785145896,2,134,0.020750020091235385,0.4539214950619322,2,200
127,0.038670860336045075,0.7494690051445594,2,52,0.22140627132265514,0.9357735460041133,2,183
128,0.25139934614221426,1.0210926135381062,2,57,0.015391948430733274,0.33193857178968544,2,74,0.269703831189085,1.0838789434143992,2,107
129,0.3021608392727793,1.010308651697068,2,189,0.026790271000174355,0.32876462963494385,2,200
130,0.30293119626393006,0.8702949034731563,2,164
131,0.05923941922286842,0.37458514528615133,2,35
132,0.36593689996910916,0.6413956203243949,2,22
133,0.29453078718058134,0.6342146093195135,2,55
134,0.3889570678395571,0.8000705812288367,2,23,0.02465432003512705,0.9398957974201924,2,60,0.35752824373326586,0.8673274040222168,2,80
135,0.3281360937735084,0.3510076065047258,2,147,0.06432319881249186,0.5185173823023742,2,200
136,0.2760702163315172,0.665634910106659,2,125,0.04555401659827471,0.6680931655565897,2,200
137,0.16950736381756104,1.1301015333462787,2,93
138,0.06836144684017559,1.0361717674136162,2,200
139,0.06418190399271952,1.1982150415579478,2,30,0.4408246255491397,1.9657461196184158,3,62,0.017826772275525135,1.0636550605297088,2,92,0.10686136674396486,1.5791553336304505,2,169
140,0.0645292701564715,0.7718080186098814,2,200
141,0.2656245870277628,0.14132407108942668,2,45,0.046028838833537804,0.42835914127288327,2,200
142,0.12169690029230766,0.8568348038196564,2,200
143,0.27922212924962403,0.7562115324868096,2,153,0.06128128402213771,0.7370225869594736,2,200
144,0.07077005998652353,0.7641095423473502,2,106,0.21758272631492015,0.8188529483815457,2,200
145,0.31841753808468476,0.6047918272595252,2,62
146,0.06012359092825241,0.5772088194886843,2,24,0.2808012608116051,1.6209652539222472,2,55,0.013552213454341254,0.5669540494680405,2,75,0.3067581970693717,1.5408232130416453,2,148,0.01599935053535635,0.6329871524464,2,181,0.2984680440414933,1.6179288061041581,2,200
147,0.1693719517913928,0.8143426716327667,2,200
148,0.30752417470895804,1.0837949854135513,2,200
149,0.02287068005713575,0.35408217218560234,2,71,0.3859431820385244,0.27818189933896065,2,99
150,0.25626412577580315,1.2088982433080673,2,200
151,0.27107835275798503,1.1110501580768162,2,45,0.03234850685186521,1.1962873816490174,2,55,0.018965788212096723,0.2129479238052958,2,152,0.3091706114803291,1.4518312762180965,2,200
152,0.05725686447932803,0.9128594574332237,2,200
153,0.14092872277743076,0.9428580876380678,2,63,0.012118723919196573,0.5657152622938156,2,83,0.25077811216916635,0.9372834926066191,2,106
154,0.18171208840961228,0.5999522624087745,2,116,0.06295327348335664,0.6130839501108442,2,200
155,0.19551515565868996,0.8776775878667832,2,200
156,0.1735043822184856,0.6555908674099407,2,61,0.02317009140322423,0.5170911621641029,2,149,0.13752788911676278,0.8920113549512976,2,200
157,0.18738352607205605,1.0521679240465165,2,200
158,0.2832956800718114,1.0479672002792357,2,75,0.03605105034360262,0.4629341951674885,2,111,0.32241347232100886,0.9663463288478638,2,200
159,0.25504975724685686,1.033751142197761,2,138,0.016128704404274094,0.6323253679275512,2,163,0.3741581123332796,1.1220466510669604,2,200
160,0.1499693498449316,0.8734503127634525,2,200
161,0.14273781528960872,0.7722179285117559,2,35
162,0.24549891862977105,1.5600530409043836,2,62,0.045734779406210006,0.8460427852053392,2,100
163,0.2304179033358673,0.9905898913838505,2,153,0.05653144994478975,0.7715314652057405,2,200
164,0.24840287859494475,0.6332122582197189,2,200
165,0.24613102977475307,1.5481514358520507,2,50
166,0.2808326366886653,1.0053434587539511,2,94,0.01584265749017541,0.20060644878281486,2,121,0.24417069425516455,1.0238587133219985,2,182
167,0.2948127603062972,1.354334043849046,2,157,0.04295237245168499,1.0543730009433836,2,200
168,0.2956202798079555,0.733528267343839,2,120,0.04670409083697156,0.6208080586045981,2,200
169,0.19996008635024273,0.9680240884423256,2,200
170,0.15518649530863907,1.1054885409912973,2,53,0.02713485611465926,0.7344641412297884,2,149,0.31747929616077886,1.1637469366484998,2,200
171,0.23076602911294014,0.9930180688803109,2,191,0.012683781206286963,0.9382060898674859,2,200
172,0.29513346756833503,1.2746676456928254,2,200
173,0.2290511047497055,1.1534357057272933,2,131,0.01602077832894656,0.1310545914415,2,200
174,0.13842037458371878,0.87785899579525,2,200
175,0.23752134670560127,0.5873215967416763,2,200
176,0.2455132059777914,1.2948230481147767,2,200
177,0.23737925678962485,0.7572704162753996,2,61
178,0.24051882649611378,1.0592114398302126,2,121
179,0.26331602499374124,1.2262914498647055,2,105,0.05399708543937686,0.8600364920340087,2,200
180,0.06491385421953692,0.6476335734573763,2,67,0.21899539349424338,0.9841944301935067,2,200
181,0.12215135978434997,1.1874469485081418,2,71
182,0.35160586135187116,0.4688751251952162,2,103,0.02544517984446918,0.5726578334967295,2,163,0.3015145123153499,0.5561530493401192,2,200
183,0.23658328134782083,0.8322714857757092,2,200
184,0.35099034781413063,1.139486402935452,2,90
185,0.09017998780351633,0.931492024719125,2,101
186,0.20567605144017714,0.931299182962864,2,94,0.06290782732548376,0.8602467241152277,2,200
187,0.2760549954843119,0.7369072389218115,2,62
188,0.4081451155497356,0.5811291337013245,2,39,0.07419312409752708,0.852026705171021,2,110
189,0.16451905648229245,0.9947269360224406,2,33,0.020598006844551625,0.3867833799607045,2,70,0.29308279246972996,0.9706142331872668,2,126,0.028371511266596636,0.6356948244830837,2,172,0.2255345924689005,1.0479454142706734,2,200
190,0.20486510272627076,0.4727897930145264,2,200
191,0.2981953448222412,0.919641830704429,2,44,0.016194097878836636,0.4704587002133214,2,87,0.2694458156433075,1.0621465859205828,2,156,0.023098787228661755,0.7210709994489496,2,178,0.32150460550581095,0.7627633647485212,2,200
192,0.17343965549442814,0.89690089777112,2,200
193,0.19712143073474933,0.9417600658806887,2,44,0.030190259250917464,0.3123349094142516,2,68,0.3114581884518676,0.7544753095417311,2,200
194,0.20835150154569437,0.7294676977076701,2,112,0.027501166913121683,0.4325067812746221,2,167,0.2916129097468669,0.6769514445102576,2,200
195,0.2481675035489024,1.3832004346709321,2,138,0.020110528364930023,0.4359136807918549,2,163,0.2232804455117526,1.5352257167970813,2,200
196,0.10348741754691702,0.7106282772123813,2,200
197,0.23426959994013666,1.1392463170565093,2,78
198,0.2452786252008903,1.1774785384535789,2,120
199,0.18269999838369622,0.6521271492540837,2,200
200,0.22895324882009155,1.1805181616544724,2,200
201,0.15111770919389977,1.1530399261376796,2,78
202,0.22267631792706602,1.204979061754675,2,183,0.03439344782348837,0.6173299551010132,2,200
203,0.2845000531876373,1.0527705174684525,2,200
204,0.33181755233669963,1.1388438312630904,2,19,0.023204314137377044,0.5798887263896854,2,105,0.30733804504163903,1.3009244103180735,2,200
205,0.3478157373694577,0.5210446977615356,2,200
206,0.31355899483699834,0.864670321047306,2,200
207,0.057673538362907555,0.9577441105717107,2,38,0.28501075893901184,0.7683669247744996,2,200
208,0.13516091672338543,0.8091476269066333,2,200
209,0.07822824848488139,0.7613362519861125,2,139,0.26715790510375315,0.7640798150515947,2,200
210,0.24250944458310456,0.8375744479043143,2,77
211,0.31712663797986,0.9194987705259612,2,33
212,0.24359141158278025,0.7690896913409233,2,40
213,0.3377683009001683,0.7738152550799506,2,28
214,0.037618899065229854,0.8458531141281128,2,110
215,0.23835507037187778,1.0813284826169653,2,164
216,0.23412848077199702,0.6667503336071968,2,200
217,0.30939751068846627,0.43677908897399903,2,25
218,0.22645685441195607,0.8648687392473221,2,200
219,0.22256448519615213,0.9158312105215513,2,117,0.04580259472517331,0.8289636509964265,2,200
220,0.2742356576412524,1.6283898278127742,2,79
221,0.26712908939032987,1.579006584251628,2,34
222,0.22974782707681754,1.2606487547357876,2,48,0.051397431978660243,0.8924129361747414,2,141
223,0.23620679221799784,0.6501829275488853,2,200
224,0.05869143153959339,0.8323989486207768,2,49,0.25547299562887643,0.7325630945875156,2,200
225,0.2321424818299841,0.5247750355486285,2,114,0.018424671628195645,0.47321903705596924,2,139,0.35227813207329195,0.485199046916649,2,200
226,0.3068290180958547,0.6138769066333771,2,50,0.029346974496066904,0.9112077570762955,2,169,0.20044808378604115,0.856171969444521,2,200
227,0.2733567438681674,0.983934808075428,2,200
228,0.27430048033046006,1.031828351020813,2,200
229,0.01251491558217534,0.9032696187496185,2,6,0.2867782132335708,1.3282857094843363,2,200
230,0.35710135394145043,0.9003821808099747,2,200
231,0.30536519937831264,0.6549834135251168,2,117,0.02965930980343001,0.8421453010468256,2,138
232,0.21783245482661762,0.6539539259672165,2,200
233,0.24879856424311647,1.1647950257024458,2,93,0.03716987440960452,0.8003323657490383,2,200
234,0.24061954450348463,1.1731632053852081,2,68,0.026691610158604672,0.4791448241785953,2,125,0.34204894838136,1.292178791364034,2,200
235,0.3212945976962879,0.7033391771316528,2,125,0.0246663196900149,0.8552620567773518,2,163,0.29032752607623635,0.7368185165766123,2,200
236,0.22355799918675748,0.6877669623494148,2,200
237,0.17857910531895738,1.4638850471377374,2,200
238,0.2772474768235906,0.5128370854258537,2,200
239,0.18713882835217677,0.9154875218868256,2,200
240,0.32495445554495705,0.5832508218960023,2,142,0.06830896388566472,0.5959216962600576,2,200
241,0.20174565834400313,0.49931703441672853,2,180,0.03410130726125826,0.9223435312509537,2,200
242,0.22348857833600094,0.9268976932480222,2,126,0.051382980850382225,0.6195202604741663,2,200
243,0.1941479232113674,1.57238216314997,2,70
244,0.3399586423693107,0.8924901604652404,2,55,0.03645906679651398,0.7980729522330038,2,144,0.28258221163051755,0.9025199732610157,2,200
245,0.2576869932289149,1.2215710191623024,2,184,0.022006861023112837,0.3573337411507964,2,200
246,0.31329651001301473,0.5882321042673928,2,140,0.0924476020670976,0.5940019269784291,2,200
247,0.06569055867122621,0.9328303885632667,2,138,0.3417152494673212,0.9876255854483573,2,200
248,0.07470363837607161,0.9258296165285231,2,158
249,0.20548806729872535,0.7771247102320195,2,200
250,0.17782608468190986,1.661587650125677,2,33
251,0.29781973295691777,1.0976827556178683,2,84
252,0.18033244002397503,0.907013113796711,2,200
253,0.19570826481339043,0.9868023044442478,2,73,0.02689177573756521,0.8612694801955387,2,102
254,0.31632673100583014,1.3896227883441108,2,56,0.03195271678390386,1.0790245930353801,2,92,0.34963886540495387,1.3758428792158763,2,200
255,0.299878532310927,1.0649729517270934,2,53
256,0.31620457293259263,0.5281883943080902,2,200
257,0.11501318437399922,1.0993498584384438,2,159
258,0.05632067157845473,0.5141749947885924,2,79,0.24983156410488996,0.22356812532775658,2,200
259,0.39657104498145745,0.050168721148600944,2,104,0.09176760674894273,0.20062294453382493,2,114,0.05512264383432125,0.8136207683141842,2,200
260,0.05972332480887959,0.4443645954449126,2,94,0.33939687545067715,0.4794582103220922,2,200
261,0.19782783752336858,0.8297166103124618,2,200
262,0.21867630172305277,1.1084619611501694,2,72,0.02290601660677646,0.6465460693134981,2,106,0.13114295113129187,0.8617317511680278,2,200
263,0.08543086231804418,1.131118864997437,2,114
264,0.34026376694872507,1.1928662308331193,2,29,0.020223323450667068,0.31205190686803114,2,124,0.28878131154091735,1.1510983250643079,2,200
265,0.06604020832592172,0.8843327173164912,2,70,0.2133672087018457,1.0787254902032706,2,200
266,0.21330781583033548,1.2073919996619225,2,32
267,0.2855418445807391,1.1934205724837932,2,47,0.01568346434830036,0.5704640578000973,2,86,0.16142996334757423,1.1363959187722725,2,178,0.02318676566635835,0.538764628497037,2,200
268,0.26626360020573525,0.4859009208647828,2,76,0.03989632710999435,0.3917165415154563,2,112,0.33383136945571873,0.21328102780336683,2,200
269,0.3212010998619014,0.7068094895644621,2,44,0.03438025869589808,0.7765392210239019,2,200
270,0.28722607002814665,0.596827177362069,2,179,0.05006944974724845,0.7247784932454427,2,200
271,0.29202570596407545,0.806083083152771,2,156
272,0.23961975502231764,1.2511910489111235,2,99,0.031234459317369324,0.8126433155475519,2,138,0.16991764299468476,1.226034689334131,2,200
273,0.058065169326245024,0.7154589878039413,2,89,0.26494012403339146,0.7911810504423605,2,200
274,0.22598538911370608,0.5780144234001636,2,200
275,0.15266557364774078,0.9036697739547537,2,129
276,0.2594920385604344,1.3150058737340964,2,53
277,0.29677008666057886,0.8218647149205208,2,200
278,0.061647037581731436,0.7449000565843149,2,132,0.3052024863629519,0.8139928658218945,2,200
279,0.2365242407299021,0.6615189000964165,2,200
280,0.18507854763094272,0.6171768720854413,2,88
281,0.2798195079355707,1.0058231306703467,2,76
282,0.048014549593074086,0.900673698972572,2,88,0.25793296898268625,1.1089317489947592,2,200
283,0.04753597945036219,0.5143334972006934,2,126,0.22087309090676022,0.6153205522036148,2,185,0.020237386124152892,0.25399603247642516,2,200
284,0.2875974953043915,0.6172203347086906,2,128
285,0.2513069891552279,0.805049502572348,2,43,0.02070777577448055,0.39977387892543725,2,152,0.25295849809676524,0.8304523887733618,2,200
286,0.22155740283639777,0.602317404143418,2,158,0.019804395179466833,0.7146887098039899,2,200
287,0.27133266984651044,0.9367597901944033,2,194
288,0.09146808481813556,0.5320723005494133,2,122,0.40922297792208767,0.43526918460161257,2,200
289,0.29340926848979726,1.4560813707848117,2,73,0.029536810894326623,0.8764408014037393,2,106,0.2695530167174607,1.340215539932251,2,191
290,0.22507425646990475,1.1231868112316499,2,130,0.021142006470666545,0.5756382393209558,2,168,0.26546532705101944,1.245723195374012,2,200
