0,0.0855828616987358,0.7268495927751064,2,200
1,0.28603807330650916,0.9202619118075217,2,31,0.06293396250672072,0.9425041054832864,2,200
2,0.3233882555197071,1.2812364837702583,2,34
3,0.2355673589192433,0.746859981417656,2,200
4,0.2359315346620216,1.023932812542751,2,58,0.06721274895077338,0.8125858967992622,2,200
5,0.23768898379268494,1.0216041186760212,2,87,0.021553030943890928,0.5603269884983698,2,105,0.341617242928199,1.077364750912315,2,200
6,0.17594253397602266,1.5182900492634093,2,56
7,0.25050757746836305,1.2570777237415314,2,24
8,0.3354597014479827,1.4138453253384293,2,29
9,0.23386876753897756,1.3032664438852897,2,104
10,0.21097363878057082,0.8741849127411843,2,200
11,0.19850096765006517,0.7114927360415458,2,200
12,0.12287642701844788,1.2957567220926285,2,200
13,0.27931776825306254,0.9467444199323655,2,200
14,0.05536725446406657,0.8795993136508125,2,28,0.24631195255355764,1.0425207452025524,2,200
15,0.33138606059154874,0.8297794252634049,2,200
16,0.2459493850546438,0.7912247657775879,2,200
17,0.2361403744693526,1.1556491727052733,2,172
18,0.48031140833143815,1.6611032634973526,2,32
19,0.1974176242287547,0.9191682605453617,2,181
20,0.3951321524833644,0.5456241901431765,2,28
21,0.03756573859577151,1.088347363471985,2,20,0.2294777586010278,0.9149798317389055,2,108
22,0.23139948605779526,1.149464921951294,2,50,0.02989738858559973,0.9124247928460439,2,98,0.13986890368765192,1.0570448134459702,2,200
23,0.25970948071711036,0.8814114049077034,2,200
24,0.2686783881005158,0.7725802797079087,2,200
25,0.2336987823712732,1.072568240761757,2,200
26,0.2308251545395554,1.562590948664225,2,104,0.09979099805917255,0.818611506758065,2,133,0.03456720615713823,0.5152957495805379,2,170,0.17695665034634336,0.8931962847709656,2,173,0.38803180289158257,1.5770791150905468,2,200
27,0.22709767178128215,0.4379382134974003,2,200
28,0.2097228174841732,0.9706571617641965,2,37
29,0.22667296025114372,0.9308338875953968,2,104
30,0.25199770861535553,0.5976825416088104,2,200
31,0.37372819726966666,1.7088861557153554,2,39
32,0.3025059732526105,0.304727433770895,2,200
33,0.037751663933196976,0.27101504516143066,2,26,0.25049555119494304,1.0221782675734512,2,137,0.029746001016434803,0.6900723377863566,2,182,0.45469620714867615,0.8008472555213504,2,200
34,0.25586947191123693,1.5325228077173234,2,200
35,0.3474613119172222,1.323520812319546,2,164
36,0.24717538722011273,1.1648288832770453,2,27
37,0.21901971244070578,1.3098983651399612,2,200
38,0.3276460701847448,0.9262797114523974,2,88
39,0.14623245791027872,1.026710873300379,2,77
40,0.026917795598780585,0.42217557238680975,2,28
41,0.020213777015540335,0.8204512377580007,2,30
42,0.2135937136211682,1.7597326574040884,2,67
43,0.28972662139992844,1.8544761192414068,2,62
44,0.2653585388298926,1.2896698689460755,2,200
45,0.2666528274515016,1.110653783593859,2,28
46,0.3035237357602049,1.4793081335399463,2,23
47,0.2511164569594491,1.037573967128992,2,64
48,0.18393467512750972,1.0330737160913872,2,66,0.04914704402623238,1.02445796347156,2,163,0.33630873127105165,0.8918531005446976,2,200
49,0.3183449387254789,0.3793120796632285,2,99
50,0.2827202519486651,0.5299347212440089,2,95
51,0.13331770114044741,0.9319465857744217,2,200
52,0.24179751810921923,0.8556225852268499,2,123,0.03915870297430098,0.8870942670029479,2,200
53,0.2970587757294538,1.342399218889672,2,127,0.019676560271045012,0.34159140288829803,2,145,0.2806240630457979,1.3118216514587402,2,200
54,0.038388240550455095,0.647218892679495,2,68,0.3837498704913615,0.9518773219802162,2,178,0.06346654457998092,0.5729153833606027,2,200
55,0.23772052572139948,0.7155899584741521,2,133
56,0.3687064987798897,1.6350904422647812,2,17,0.025528687688095318,0.5392755784094334,2,57,0.3170561924925956,1.595960605602998,2,109
57,0.2796477176969257,1.1734079498052596,2,200
58,0.25680263936709713,0.9216385486721993,2,200
59,0.160024585304443,0.7880479201674462,2,200
60,0.1156516217452035,0.7238734781742096,2,60
61,0.37688441104310955,1.005921240122813,2,53
62,0.2375176525023166,0.7414968067407608,2,200
63,0.3562149116997467,0.7808855825000339,2,45,0.026288137701945033,0.3744710485140483,2,72,0.2239860183060337,0.7919284962117672,2,200
64,0.27842607436159283,1.0427276882904255,2,151,0.025439051704712747,0.6852109930953201,2,200
65,0.2064068132293722,0.8645153686404228,2,200
66,0.2703566935159727,1.2685379860174917,2,137,0.08894943193923577,0.9923857100426204,2,200
67,0.34875572039397046,0.5173979545972363,2,161,0.034774551093318236,0.7055726066613809,2,200
68,0.21861271798153412,1.00405467659235,2,200
69,0.1576253870684169,1.1272882837057114,2,200
70,0.24732730514981505,0.8617454024104328,2,77
71,0.04383829665190447,1.1255953257734126,2,22
72,0.05781810361561118,0.6935568431328083,2,87,0.2878473687519422,0.666269158522288,2,162,0.024951781164817666,0.8747877588397578,2,200
73,0.24645770527714736,0.5662320196628571,2,200
74,0.30019697080344676,0.8199801647547379,2,103,0.03919467731319438,1.0120446665866956,2,177,0.27705278192033206,1.133993174718774,2,200
75,0.30981400326833114,0.6353819525241852,2,200
76,0.21168951177724857,1.0022096168994903,2,200
77,0.23357912159151073,0.8246548128128052,2,200
78,0.26386438547414326,1.4480717424454728,2,123
79,0.11608083621558273,0.9069082117080689,2,200
80,0.04357846265064751,0.52864088707192,2,43,0.23942753979816772,0.7749897241592407,2,200
81,0.27194364563256784,0.4898704525828361,2,200
82,0.2121179350905413,0.6642797073721886,2,200
83,0.23641959125254078,0.7193109241127967,2,200
84,0.10964381710555912,0.7144732059434403,2,86
85,0.22528904963472823,1.124590711715894,2,39
86,0.2931245439014231,1.358317679372327,2,29
87,0.27007809865445187,1.031753713229917,2,53
88,0.45805640956060606,0.6884687786752527,2,22,0.06667171127302866,0.6430782051756978,2,86,0.32620362319711904,0.6357856356261069,2,200
89,0.23234756735033898,0.4749042803049088,2,200
90,0.28462481773455534,0.7522617024287843,2,171,0.06324609779882706,0.9313426613807678,2,200
91,0.19410914712011218,0.9436212853223336,2,119
92,0.16345048541053347,0.8893297595530748,2,200
93,0.08935413377472713,0.996662741483644,2,86,0.2705596413810707,1.14564143356524,2,200
94,0.28808204908260376,0.7707071298360825,2,200
95,0.3429774226088664,0.6824045305128221,2,77,0.04759903729976362,0.7240844362311893,2,167,0.2442937400349623,0.6395707256866224,2,200
96,0.30943020560054507,0.9738007654314456,2,92,0.04517334508895722,0.9835461806505919,2,156
97,0.2608489260818957,0.24130378638704617,2,60
98,0.19441787538064717,0.5586040655249044,2,38,0.01704226592386563,0.35614538164092946,2,90,0.26024617543340145,0.18242490109132262,2,139
99,0.058369818662333664,0.816501419652592,2,55,0.2830713011371142,1.0218614908781918,2,99,0.017298411451749426,1.103074039731707,2,120,0.26066504632203774,0.8929692633450032,2,200
100,0.11498302275948398,0.8377237447442856,2,187
101,0.23421373015113509,1.2760680547127357,2,65,0.017195242169099824,0.6577573764324188,2,115,0.24521467272163194,1.3821653504120677,2,191
102,0.16205414565669946,1.4842055246863566,2,71,0.027143013958636684,0.7323711249563429,2,98
103,0.029620196060769485,0.3576145659793507,2,11,0.2788758172438234,1.4954901022069595,2,147
104,0.18403344090602153,0.8804325081408024,2,200
105,0.05421640828724729,0.7434414051756074,2,79,0.26876872445624,1.0604419787068011,2,200
106,0.25576658427667864,0.4885117675623168,2,184,0.028008990826748674,0.5751023516058922,2,200
107,0.23686139594264868,0.983653921186924,2,200
108,0.272771411913212,0.4362109147174203,2,184,0.09578202425117127,1.4390282407402992,2,200
109,0.10948915082880725,0.7505432532533355,2,92,0.32954756257279705,1.2686060512507404,2,200
110,0.2778616287493582,0.6982467466592789,2,200
111,0.2755974721608418,0.9311756980419159,2,200
112,0.06600847328735485,1.3226280309058525,2,37,0.3989779249526015,1.289559082287114,2,119
113,0.29377822189982944,1.37271788562696,2,97,0.02188937020542919,0.22459047761830417,2,119,0.24481474376694065,1.1893356409337785,2,200
114,0.12025366873903173,0.9885014465451241,2,200
115,0.24024630115402504,0.9790844908356666,2,200
116,0.21417421123683003,0.8187394937872887,2,200
117,0.21433472420013638,0.5758048212528228,2,75,0.023682200723720473,0.5591634291978109,2,117,0.28594737863179787,0.8332943061748183,2,200
118,0.06322432616920334,0.7067318102892708,2,51
119,0.07699262196546602,0.6313046743703443,2,43
120,0.032977909790756155,0.1821500062942505,2,19,0.30285865720790484,1.1760291977534219,2,145
121,0.270539639004641,0.798005031645298,2,200
122,0.2942410351839716,0.8322738072899885,2,172,0.017629485098266996,0.31486085961971966,2,200
123,0.3724112608634461,0.8197792172431946,2,15,0.03214727371260973,0.5322696820453361,2,96,0.3305975322402746,1.005505628310717,2,200
124,0.31062004100499685,0.9310108670592308,2,200
125,0.05610703913149559,0.813586980455062,2,85,0.23414045824984106,0.9481121788854184,2,200
126,0.369557146269423,1.3250133914332236,2,31
127,0.25962260590490877,1.007277899980545,2,20
128,0.28100622701108996,1.3317409232258797,2,16,0.02594377256959385,0.6637351870536804,2,51,0.34359209177461697,1.158907140661406,2,200
129,0.04384263965037612,0.8035017757704763,2,33
130,0.30193516838396683,1.1887367421388626,2,200
131,0.26199195776776,0.5750406339652556,2,133,0.02588406352544795,0.4314935781172852,2,200
132,0.25074557667668773,1.3505571881930034,2,54,0.013976567882301784,0.25590059862417336,2,71,0.20549236800397616,1.36328199667524,2,200
133,0.26135975430624475,0.9795968014746904,2,200
134,0.14645226536157338,0.763794698843769,2,51
135,0.4220835989196951,0.49458548525969187,2,30
136,0.3058691214543666,0.8518338711822734,2,34
137,0.15283468274091452,1.3826937174797058,2,200
138,0.19587375883882657,1.6590296304225922,2,200
139,0.29795687664760806,1.3002565624350209,2,118,0.06256665961310433,1.2997106313705444,2,132,0.027332373982874573,0.1764876696657627,2,179,0.21011721248741502,1.2178012274560475,2,200
140,0.2897489217831375,1.1866338135490955,2,71
141,0.3676946665699322,1.3683690814410938,2,34
142,0.27505309340800466,0.929569233904828,2,91
143,0.02769555396283313,0.48990537426364955,2,67
144,0.26548708822775574,0.7927532882401438,2,66
145,0.0827373085398467,0.6434063499882108,2,21
146,0.16541216268440448,0.9639452810024286,2,154
147,0.19593209923363475,1.0068748856699743,2,43
148,0.14652591425332595,1.3078568923473357,2,200
149,0.17149472938490967,0.8953889921821397,2,116,0.03405762571505079,0.8089268264316377,2,200
150,0.07358800243753959,1.2481677532196045,2,47
151,0.30605072981081505,0.801006645332148,2,162,0.018958685845988435,0.23850736257277036,2,200
152,0.24263017100780923,1.6234837347269058,2,200
153,0.2617277997512742,1.2987955209612847,2,200
154,0.31419845536817265,1.0888950064942078,2,91
155,0.26761731434303226,0.5187261259326568,2,52,0.03208851649862786,0.5344929844141006,2,96,0.26439605196431065,0.699201286985324,2,200
156,0.23327527584623547,1.3038441702723502,2,200
157,0.2896857562034909,0.5774227765202522,2,200
158,0.3311766944469634,0.5970488985379537,2,45,0.02238936514204651,0.5693518015054556,2,71,0.3011363175812793,0.8309604738109796,2,200
159,0.3232478956465523,1.5209803059697151,2,48
160,0.20199741990372383,1.0503223580121994,2,200
161,0.23215538894696341,0.7102641957998276,2,200
162,0.26840824607167213,0.8008797231316567,2,200
163,0.2965502916529575,1.225336695710818,2,24
164,0.2563264294711339,1.267039749622345,2,200
165,0.2491254672330142,0.5686466580629349,2,200
166,0.3714723866575446,0.9601077318191529,2,20,0.025644672621371427,0.24084743229966415,2,39,0.34843870021802864,0.9516790263793048,2,141,0.025044586394513083,0.1429688212199089,2,180,0.35075069599666503,1.0575728952884673,2,200
167,0.021018030121494478,0.38103680064280826,2,12,0.3155286078097793,0.6641895170094537,2,134,0.025065212918025034,0.2542547276525786,2,200
168,0.2975083319530548,1.206482628583908,2,100
169,0.2509651289469161,1.0394233152514598,2,61,0.014750531369290491,0.21502621259008134,2,82
170,0.21409692437614977,0.970870535671711,2,200
171,0.14984815402650759,0.9024093207716942,2,200
172,0.18125878881892946,1.53235763716109,2,162,0.017897163631716145,0.5407358218323101,2,184,0.3964865116478167,1.6411354839801788,2,200
173,0.2436442533560016,1.1107845497131348,2,200
174,0.25830643870118775,0.9786303353309631,2,200
175,0.03298550429753533,0.3068578858908854,2,76,0.33506697694458365,0.9192800212789465,2,103
176,0.2198610180862631,0.659384430840958,2,43
177,0.10657595016709394,1.072924166917801,2,200
178,0.08610415913809792,1.2577764700198997,2,58,0.04478815149874467,0.5834938623602428,2,121,0.19933207682456963,1.4905585533455958,2,200
179,0.2365222232429691,0.9884664529561996,2,200
180,0.26824406410406443,1.0295228829254974,2,74,0.07614337923599845,0.9208131129779513,2,200
181,0.2893067104374428,1.3330231709266775,2,67
182,0.1741638306815702,0.8158858963998697,2,59
183,0.19722564541055448,0.9734402362965355,2,121
184,0.27667749306947875,0.7800559651851654,2,200
185,0.2419734292388088,1.7596383690834045,2,20,0.02981839600332015,0.9496871608274954,2,74,0.2617912983934431,1.7905829307880807,2,121,0.025771301167543982,0.8361189166704813,2,163,0.271033334682181,1.5164723331863816,2,200
186,0.195078529164468,0.6381132727861405,2,200
187,0.3036382618991451,0.489652765840292,2,200
188,0.1263384274600178,1.0620158779621125,2,200
189,0.2941006007608581,1.154230919338408,2,105
190,0.4237103895956334,1.2493695092201234,2,50,0.027576250249576252,0.4333669662475586,2,60
191,0.1881308756411476,1.6636947567099767,2,151,0.03206515603477809,0.5906516465605521,2,200
192,0.04734175125790822,0.5046029560646769,2,59,0.17935716821560987,0.5492284143647403,2,200
193,0.03057030506910445,0.38315315047899884,2,27,0.2617254024724827,0.9252756289813829,2,73,0.03142880340477045,0.5855989425452715,2,170,0.22323424786447688,1.0146809418996174,2,200
194,0.3256107064786266,0.4852187499403954,2,200
195,0.23278674883177064,0.5310557582974433,2,200
196,0.3264056257086381,1.0024615812301636,2,50,0.030084090626932233,0.8819589967459021,2,121,0.3333824954601414,1.0866139051390857,2,162,0.02795179265138803,0.6709868778353152,2,185,0.43605620656777055,1.0968876600265502,2,200
197,0.2282662235299356,0.6695821642875671,2,200
198,0.2777331400223572,1.5626173200029316,2,33
199,0.24337933168641887,0.9421758466958999,2,200
200,0.3488206119120516,1.449278896315056,2,57
201,0.1933820228820115,1.0561883167640582,2,74,0.01737568803912151,0.5815481894156512,2,91,0.2636027136980401,1.1157886150780074,2,200
202,0.31217098330388054,0.7759083613105442,2,46,0.025947651089429515,0.4923987404296273,2,84,0.31659618034734077,0.5475206896662712,2,136,0.06480283052853968,0.6897539338096976,2,200
203,0.2924710483937157,0.6863839442531268,2,120,0.05004339556790049,0.8348590426146985,2,200
204,0.37900838924660635,1.1731963419332736,2,41
205,0.23902977031985284,0.7668673506489506,2,108,0.03294613594376589,0.7558674498037858,2,163,0.24769111729412208,0.7564546143686449,2,200
206,0.22968913199041704,1.0783326658937666,2,36,0.023557462721868372,0.687994791113812,2,59,0.36040356040139,1.0234087883157934,2,200
207,0.043174586911041916,0.6699500704805056,2,72,0.32461523479140497,0.8407025779597461,2,200
208,0.3194656802084464,0.6754116135835647,2,200
209,0.13812193668051928,0.9146173809468746,2,200
210,0.022114658812741925,0.2662325226946881,2,38,0.34239643438949857,1.4514211460396096,2,65,0.018141020857403208,0.5140163405817382,2,114,0.26300906582278527,1.461617478957543,2,127
211,0.3382658738212681,0.8597313733327956,2,21,0.021226330970107003,0.464397427936395,2,45,0.30151339614824574,0.9475554643138763,2,200
212,0.30626576071977024,0.7482773554325104,2,200
213,0.2237101376690502,1.0107322093844413,2,200
214,0.2697860306037149,0.7499558231409859,2,85,0.044270592785942794,0.8617806548657625,2,200
215,0.333559453434039,0.8853194880485534,2,25,0.033150652479564106,0.6114150420311959,2,56,0.3052396641956836,0.6469079665839672,2,200
216,0.20623215395980488,0.7669464248418808,2,200
217,0.25792031442601465,0.890127868265719,2,37,0.03108917836980721,0.6072982013225555,2,77,0.2595300777787357,1.0194665484312104,2,200
218,0.2555886507219066,1.0796551543474198,2,200
219,0.25210078118128165,0.7699676396870854,2,99,0.020210948775040538,0.7869190147944859,2,120,0.2966923606169633,0.8310732387006283,2,200
220,0.25821099204477593,1.0863091945648193,2,32
221,0.2898228482677528,0.9290277570486069,2,200
222,0.3381466833414652,1.2270381540060042,2,80,0.030696702462652815,0.9055804644639676,2,132,0.2913166087667392,1.2768137121901793,2,200
223,0.35551648550501497,1.1274116701549954,2,45
224,0.08277658689743252,0.7562383698380511,2,23
225,0.17298917894941976,1.0847330094873906,2,200
226,0.2729303012381808,0.9049949562677773,2,93,0.0264293830667285,0.9383708511080061,2,128,0.23045677810222945,0.8803123831748962,2,200
227,0.35275100877900945,0.5636656485497952,2,80,0.029019425773122356,0.8724400585347956,2,135,0.1994884856867596,0.5903097028915699,2,200
228,0.3783522874981204,1.0714047054449718,2,48,0.02598332416521039,0.3489025551825762,2,88,0.2219258583146927,0.9736805256190044,2,200
229,0.3711017231286687,1.3115003655354183,2,24,0.041723853688065866,0.8412410345540118,2,91,0.23841970973233,1.2549062313572052,2,122
230,0.16596093292301856,0.7629447551816702,2,200
231,0.3077563274352434,0.6016171032732184,2,22
232,0.23194597668287606,0.9453386317271029,2,173,0.023946413744440502,0.7352451306802256,2,200
233,0.04738211775210522,0.6834827927606446,2,56,0.2980781468725193,0.6381848574512534,2,200
234,0.23939401834469107,1.1098474154666977,2,98,0.016122203793493453,0.36954839961095287,2,153,0.1970351816649437,1.185438592383202,2,200
235,0.258909023204953,1.0871557891368866,2,12,0.011221409455569946,0.15998530238866807,2,32,0.21750665518092635,0.9802911274489903,2,200
236,0.20902236899634336,1.0076046615839005,2,200
237,0.27722525173400425,0.43587356739574007,2,45
238,0.20109151470955,0.7735804059288719,2,55
239,0.2121016337980165,0.826725388231453,2,163,0.019640106545073113,0.5400215145703908,2,200
240,0.02979458003578463,0.7051840939305045,2,22,0.4594596191868314,1.6498053669929504,2,48,0.022458934779826457,0.5136097451602971,2,102,0.34794396516711573,1.567982520375933,2,151
241,0.18214773090288275,1.0823549337274447,2,127
242,0.2753023169815936,0.568011058915046,2,31,0.044949835317080064,0.8015718501393158,2,132,0.3424569063513984,0.6648375330602422,2,200
243,0.15448193318123155,1.1671145933990676,2,192
244,0.3062148619047241,0.7470668640732765,2,200
245,0.2535725716139525,0.769828530550003,2,200
246,0.2527482421906536,1.3537095963954926,2,200
247,0.021124540352161558,0.6754071911176046,2,27,0.23761350967735448,1.1971801987962227,2,200
248,0.35972470529652273,1.4864896714687348,2,60
249,0.21340784090395679,0.7409091746807098,2,200
250,0.07389237196570522,0.6309288955832782,2,38
251,0.3949315297079044,1.5441248623224406,2,52
252,0.36635195198571274,1.5648712190714749,2,88,0.08973995724362802,1.101481475734285,2,200
253,0.28196962570647904,0.9319782562034075,2,43,0.029373686521774054,0.8416979990222238,2,65,0.33211466554895375,0.8373129270694873,2,200
254,0.2721184292223483,0.972775051444769,2,200
255,0.2739015513989213,1.25169866502285,2,200
256,0.14189999899143754,0.9736556210368872,2,200
257,0.07132791596459491,0.6678305249661207,2,80
258,0.21287842276626356,0.7663580957055092,2,200
259,0.19572707780900292,1.0600625060498714,2,80,0.05031041876581146,0.6412101536989212,2,144,0.32738600211858543,1.1236464934689658,2,200
260,0.27607800120437015,1.1172384308502736,2,113
261,0.2016595036381713,0.7558517679572105,2,200
262,0.2869440130942581,0.6305312572419643,2,200
263,0.0713191991983874,0.9143621289730072,2,25
264,0.277712911282697,0.36705405701851024,2,29
265,0.028886399880275613,0.5402855455875397,2,20
266,0.11886155786870811,0.9554539379477501,2,200
267,0.31530470969961577,0.9845820995087319,2,47,0.03931299673911523,0.5698686279112997,2,200
268,0.2746577001710359,1.2255745265716897,2,133,0.04254845605173991,0.9845120156252826,2,187,0.430516032718543,0.820475656252641,2,200
269,0.3359316900307584,1.0263639342784883,2,200
270,0.19259961071392168,1.0361606588959693,2,200
271,0.027379294781591186,0.9758452832698822,2,20
272,0.24738685037475414,0.6617576053013673,2,74,0.025729254017529617,0.7693887912865841,2,107,0.1859106293016636,0.7079069883051053,2,178,0.029004516641188593,0.9085931181907654,2,200
273,0.27034643668408087,1.2253685402870178,2,200
274,0.05616116833414251,0.5648692487142025,2,39,0.2871777186331214,0.9753403582187913,2,200
275,0.2943512445491597,1.128895031909148,2,48
276,0.3697298344123668,1.2852572883878435,2,84
277,0.14404561079077344,0.7132435029745102,2,200
278,0.22694464936971853,0.6716207754611969,2,200
279,0.08894251735573533,0.7200425089895726,2,200
280,0.03836360018700096,0.8658490495549308,2,72,0.23288001514026668,1.0609900484482446,2,192
281,0.20741097070742318,1.0664989179372788,2,200
282,0.19001382485905433,1.0244773370027542,2,200
283,0.22401819498452682,0.6492663775599977,2,159,0.035499700175094566,0.2913059719452044,2,200
284,0.03417513425919757,0.5937042108603886,2,70,0.13526197698742376,0.33197921629135424,2,200
285,0.253639494347732,1.0205890065431595,2,200
286,0.31405320892737354,1.5753420415471813,2,122,0.1192006192363486,1.0910759377173889,2,200
287,0.30143404614981845,0.6943211010098458,2,200
