0,0.24606066921934913,1.1827663142340523,2,175,0.04332601948973242,0.3976666617393494,2,200
1,0.22629401675857935,1.0762696580857223,2,161,0.06013703558276179,0.8324768466827197,2,200
2,0.3808013957666534,1.2880641824320742,2,190
3,0.31490581712651877,0.8606675735116005,2,200
4,0.29571977511144637,1.4211138957425167,2,38,0.020687778807310132,0.5625643202891717,2,64,0.27707744100263176,1.4990228484658634,2,200
5,0.2306287641186399,1.3060698847879062,2,88
6,0.22542051654803982,1.0940307119488717,2,200
7,0.26912991634964933,1.2073827821016312,2,200
8,0.28074588229965936,0.42332718645532924,2,48,0.029308255001527353,0.12636935114860534,2,103,0.3271180580344118,0.4266914445714852,2,200
9,0.2112385999452588,1.2882054864414154,2,126
10,0.29908432518371375,1.3114909517765045,2,200
11,0.17477611802381557,0.984576375607182,2,136,0.05535044364382383,0.7833068920299411,2,200
12,0.15105690402457567,0.5113295097649098,2,200
13,0.07017894723386246,0.7313788956330146,2,81,0.299140341743952,0.9855481080648278,2,200
14,0.2674188419969138,0.8480995030087584,2,136,0.03172660489184318,0.6143351276405156,2,200
15,0.32845341063654526,1.4421122535582511,2,62,0.020938929232645502,0.16023568267172034,2,84,0.289091214736105,1.3801763091288821,2,155
16,0.35778683397363126,0.7048922479152679,2,36,0.03447132205340395,0.9167366929543324,2,75,0.35297754323271563,0.667244509343178,2,106,0.04169546443456579,0.9048373439210526,2,200
17,0.1140706246742731,0.948862384557724,2,200
18,0.35636843478559094,1.0731705067292698,2,53,0.03143333432771374,0.926356090740724,2,97,0.1956335174143649,1.0749455030682018,2,200
19,0.18350595575504164,1.1949420078627524,2,124,0.03974071106983799,0.39020307937806303,2,168,0.20112869212035023,1.2502588001079857,2,200
20,0.05996631958166474,0.5008489319256374,2,28,0.3000210418057149,0.8003102319185124,2,200
21,0.1779686227541724,1.0730829703807832,2,200
22,0.1852840802370235,1.0315965497605155,2,107,0.019672087570374277,0.4567491114139557,2,129,0.34484620733966415,1.387828132685493,2,197
23,0.2547390263926772,0.7885668894774477,2,71
24,0.36200651809923984,0.8917387001216411,2,80
25,0.2398889047163148,1.241085983812809,2,16,0.02444104243015924,0.5603181445735624,2,103,0.28439767253892845,1.3479858513959904,2,200
26,0.2945299164929338,0.9971812337636947,2,200
27,0.18962303934764213,1.2299398753046988,2,200
28,0.30088354884391183,0.9953543333780198,2,105,0.048112261226763826,1.0100483517897756,2,200
29,0.15407472587088625,0.48760960802435876,2,200
30,0.3267663192880237,0.9147927855190477,2,38
31,0.08076565755134231,0.6839203551227664,2,81
32,0.2613070932570355,0.9528159269919763,2,13,0.024342403111439932,0.5845412803146074,2,66,0.1545332846453637,0.6704198629108827,2,200
33,0.029741969066653315,0.23673003613948823,2,50,0.3353382077107586,0.9579832871754964,2,200
34,0.529475920303832,1.132792666554451,2,8,0.019632661768239586,0.6463584253128539,2,55,0.21286824391300727,1.0282672598444182,2,200
35,0.27784002915866973,1.540210005215236,2,35
36,0.2977809834278033,1.3538571664265224,2,35
37,0.20819612697893572,0.9641598189870516,2,48,0.04247094539987441,0.6851801045479313,2,110
38,0.23386574174943653,1.2145487636327743,2,200
39,0.15212897352681748,1.0397286012768745,2,200
40,0.2855860202143817,0.9708163434267044,2,200
41,0.31691153542382816,0.893508527141351,2,52,0.018203575620256457,0.32689703442156315,2,84,0.3066331762069609,0.9729730517699801,2,200
42,0.33833908185490114,0.42897648364305496,2,44
43,0.36219891517482683,0.6529826938387859,2,83,0.039049585507968,0.699635360551917,2,106
44,0.05507291584359379,0.9795959523090949,2,52,0.20403058313697126,0.6071821046439377,2,200
45,0.15427452127940758,1.012513386309147,2,200
46,0.24906522130645123,0.7473830291628838,2,200
47,0.224185225977422,0.7945166537255952,2,33,0.02790894754540397,0.570121972044562,2,190,0.4803940917722375,0.9223259627819062,2,200
48,0.0421433115143185,1.0542496825967516,2,56,0.2031758349857414,0.9614152666181326,2,200
49,0.17300848821293088,0.8300614070892334,2,50,0.027445104631828095,0.7035787520986615,2,83,0.2169776236572461,0.9501282302742331,2,200
50,0.2905578019079162,0.8427193361520767,2,200
51,0.15871328844872268,1.0691166973114015,2,50,0.02615628082669797,0.5445041584246086,2,83,0.21552925491262068,1.0674702881747842,2,200
52,0.022251208460996208,0.753678560256958,2,24,0.24859061171474486,1.1117315380299677,2,85,0.035524195923862294,0.6273509005705515,2,145,0.2103026340608109,1.097047454660589,2,200
53,0.04853586592184288,0.8937014466837833,2,76
54,0.25022814453814873,1.3404898111636823,2,65
55,0.1818655243063581,0.9784064548356193,2,28
56,0.265074790974907,1.0503755395229046,2,52
57,0.3137618661773322,0.4389388881623745,2,200
58,0.20646140098443255,1.1250568194822832,2,33
59,0.21016744786636915,1.6667146494514065,2,38,0.02056241357165433,0.5720072399686884,2,65,0.20509488091894157,1.5906145681034436,2,109,0.016305946661281157,0.12918856491645178,2,121,0.29417415268946345,1.5454574412313,2,150,0.1557349425212865,0.4182803094387054,2,160,0.02536549277899764,0.31947881244122983,2,200
60,0.1828012070057264,1.2194335742294788,2,200
61,0.3103804041076915,1.000986916177413,2,34
62,0.29116833729286284,1.1371732187271117,2,25
63,0.3327815555612988,1.8593065738677979,2,27,0.040124640504122254,0.9116367413884118,2,111
64,0.269630076459418,1.3646324652433395,2,200
65,0.2579196336857857,0.5794260033965111,2,200
66,0.24125036224678162,0.6056173855066299,2,200
67,0.02614642370598606,0.6017546840012074,2,48,0.3950238277748637,1.5507753661700658,2,62
68,0.28515917645945255,1.5561092436313628,2,20
69,0.027993847676489214,0.5000614220726078,2,58,0.16645046551186535,0.5383339465503961,2,200
70,0.2643722990614856,0.9445204830169678,2,200
71,0.3014892818906109,1.1371123600917257,2,157
72,0.04552687147474931,0.8005148910340809,2,42
73,0.298188270518134,0.984454420953989,2,160,0.025094174330955763,0.5532121978700161,2,200
74,0.20637985803543568,1.3423001747770407,2,194
75,0.2554250448664883,0.7118132084608078,2,200
76,0.27812234634123867,1.23288156383339,2,87
77,0.22669527872651735,1.4126699018478392,2,200
78,0.1606319633968979,1.0263481369385352,2,130
79,0.2798587981475729,0.8747599673271179,2,200
80,0.18343742430149268,0.9007550516724586,2,200
81,0.026213591678430556,0.5055246539413929,2,32,0.21862800371056973,0.862592622316141,2,171
82,0.30316148202926013,0.40259360522031784,2,20
83,0.33971503982410584,0.7895619301038368,2,107
84,0.25832502324686824,0.3672439570724964,2,200
85,0.3155176497412647,1.1362461602246319,2,27
86,0.035418687396334594,0.6806411229330918,2,29,0.3504490589864441,0.9968218630195683,2,146,0.03691051332212969,0.6460352827001501,2,200
87,0.1458748591172438,0.45356578207932985,2,26
88,0.34720375412008525,1.2257734152578539,2,31
89,0.17404313662609291,0.9640118545293808,2,200
90,0.30818223009681694,0.6380615336330313,2,76,0.026578456177981588,0.8257087156886146,2,97,0.2789836152332061,0.6536477694233644,2,200
91,0.2560139815919965,0.5335533553361893,2,200
92,0.03894997936342429,0.7423750778724407,2,58,0.23793043443710066,1.1031497217399973,2,200
93,0.05970201684504638,0.11960998839802212,2,18,0.2356808359247491,1.0432605979206797,2,200
94,0.3333272211306903,1.0027654668688775,2,200
95,0.1505813154350306,0.502203638702631,2,200
96,0.04381601398412949,0.8845398359828525,2,36,0.20286445591100205,0.9604037807482045,2,200
97,0.23676126825294527,0.7473320573568344,2,200
98,0.19769621104824278,1.1214273086190223,2,200
99,0.24000684286390217,0.6752040040493011,2,200
100,0.2649821431975019,1.412856082326358,2,97
101,0.03479178055227504,0.5160624596233271,2,98,0.14016428900516129,0.76309230646082,2,200
102,0.21442417994545854,1.052204006910324,2,200
103,0.26098772378050306,0.5647242499722375,2,45
104,0.02245292276511005,0.19517010308447338,2,42,0.3626901053128246,0.4994765211034704,2,150
105,0.2645322065946081,0.9358386750948631,2,59,0.022324514406243955,0.17425831050976462,2,82,0.23477715395893425,0.862650196936171,2,200
106,0.24339429765335635,1.0580518370866776,2,200
107,0.18866520703501757,0.9426924991607666,2,200
108,0.17597559338003274,0.8833264982700348,2,200
109,0.27590687400980196,0.625774255990982,2,200
110,0.3216985391123828,0.8001384815173362,2,67,0.02313034404611813,0.64080811279719,2,189,0.3237862432301347,0.5988784594969316,2,200
111,0.2728040409504413,0.7995001591888129,2,51,0.019551476764605263,0.1294512606802441,2,93
112,0.3423706692321819,0.736011204123497,2,20,0.030004207012838596,0.8777630594041612,2,56,0.27247846967281947,0.7013358705573611,2,200
113,0.25206066193128246,1.0673934143781663,2,200
114,0.20727746569344993,1.1501697981357575,2,200
115,0.290373598781434,0.9299305498600006,2,100,0.02844443394966043,1.1133732887414785,2,126,0.3870215352565636,0.9053157965342203,2,150,0.019135969718870882,0.5735235244035721,2,170,0.5377604103668072,1.0565742055575054,2,200
116,0.06443829401875135,0.8328914600260118,2,85,0.30963269788419867,0.7721436459085216,2,200
117,0.36149707679794624,1.2366256040075552,2,23,0.039662834931099816,0.7103626062472661,2,83,0.20613438790831787,1.1486044322323596,2,200
118,0.10442897092889164,0.9161931219696998,2,200
119,0.2160317743436209,1.3234483170158722,2,136,0.03099818712001441,0.6637894213199615,2,169,0.3702027818063963,1.4292081709830993,2,200
120,0.25622866497562363,1.2673854045013884,2,67,0.03206533003011782,0.4515890812963471,2,200
121,0.19815422461676027,1.1036570562343848,2,152,0.0322260666323793,0.738988745212555,2,187
122,0.27296878676056713,0.7986992073059082,2,200
123,0.05423183760951015,0.15049360444148382,2,18,0.23924096867197028,1.6052583439249388,2,89,0.04351550332372177,0.8806533297976932,2,200
124,0.3251005884521835,0.7877312335703108,2,54,0.03674821662342616,0.8291686206264833,2,167,0.3777311041128301,0.7392121878537264,2,200
125,0.12700256019017536,0.8927853146195411,2,200
126,0.24818243126461803,1.364843612909317,2,200
127,0.31037855660441044,1.3314530692010556,2,53,0.03503884954386902,0.8316433542761309,2,169,0.3741125860706431,1.3652434925879202,2,200
128,0.4331699207844441,1.3060802908267004,2,59,0.055067503888047514,0.7559114613880714,2,155
129,0.22756226107068847,0.9256402143090964,2,200
130,0.1054445779226375,0.6500603919992081,2,130,0.3580200124244999,0.7064709195068904,2,200
131,0.22071799522516625,1.0398210464417934,2,200
132,0.26552303409862976,0.8768396774927775,2,24
133,0.3214439565746204,1.3061026453971862,2,30
134,0.26134525175739504,0.8063929575794148,2,53,0.03627308394328652,0.6706109071343109,2,169,0.32392528442001295,0.910477751685727,2,200
135,0.31336789815367255,1.1543008446693421,2,110
136,0.3131598928382454,1.112453287298029,2,44
137,0.35357891483254206,1.3017738627062903,2,36
138,0.26706235488693114,0.5522948705543906,2,118,0.05945932328843068,0.713840670701934,2,200
139,0.2707209765185088,1.4187511707607068,2,19,0.03469673668004227,0.9437081202676024,2,98,0.21166835595285438,1.589297863782621,2,200
140,0.42348409869569786,0.9706286873136248,2,14,0.02440380991572108,0.8300251554359089,2,58,0.35354851907081275,1.0710979018892561,2,79,0.0316084772256926,0.7683543677723735,2,188,0.4175237507533861,1.567940245072047,2,200
141,0.2282084225731255,0.6440558099016851,2,196
142,0.22915962996737296,0.3984018562734127,2,200
143,0.037541443655040925,0.24025213784641689,2,45,0.2627629055682796,1.160144458214442,2,129
144,0.041356256086798084,0.6688982507456904,2,46,0.3397531450354301,1.1429564461988562,2,63
145,0.18816944680868555,0.6440870761871338,2,200
146,0.2839709453974122,0.9072602161994348,2,52
147,0.3609977272164473,0.6187780747810999,2,24
148,0.24409840902403793,0.8856802260875702,2,200
149,0.21885841297310812,0.8933150440181067,2,109,0.0188967334804766,0.46420686560518604,2,126,0.34770299883501565,1.0271845782125317,2,200
150,0.22324860557600432,0.5441112259030342,2,200
151,0.2601412737425106,0.5449228098988533,2,200
152,0.10145739005941831,0.3999571137958103,2,54,0.34442335093056475,0.42019953384791336,2,200
153,0.3870976365317989,1.0266236811876297,2,64,0.019887358696317924,0.345331052174935,2,103,0.29551795578942885,0.997567679771443,2,200
154,0.04991378583718149,0.6991282900174459,2,36
155,0.30708474217492177,0.9741623581173908,2,166,0.04734748746240936,0.7807921118596021,2,200
156,0.1502084052259882,0.7560880041122436,2,200
157,0.25815681345353175,1.1055766135236642,2,137,0.02156679337104473,0.7597448967752003,2,200
158,0.23645917842139086,0.9961839938404584,2,198
159,0.2550979370858452,1.0350600630044937,2,24
160,0.3451551030083151,0.875485536456108,2,20
161,0.12766410581565585,1.1488727785292125,2,84
162,0.3153301760758792,0.9691874129431588,2,35
163,0.2488819940540926,0.5863194960355759,2,200
164,0.2955962837922453,0.9480589042275639,2,59
165,0.15611524214708367,0.41805051274597643,2,200
166,0.2207759774754411,0.7565524554252625,2,200
167,0.2836615153739758,1.3166541445011994,2,49
168,0.24511497624470185,1.5415895314593064,2,76,0.029066163282032875,0.5358006287562219,2,114,0.2676561469715822,1.4074163478474284,2,200
169,0.339492231733014,0.9039941051602364,2,200
170,0.22631980858921266,1.060927894807631,2,31
171,0.188582219230466,0.944211100935936,2,200
172,0.2143870779626616,1.2310260671377182,2,200
173,0.07965770113152049,0.966163880850008,2,191
174,0.041700521128282306,0.6409545063972473,2,35,0.23309508757668645,0.7340494452100812,2,200
175,0.22797081847645867,1.438416089072372,2,66
176,0.2662275160914673,0.840428429036527,2,185
177,0.28663352792377983,1.5240520622538425,2,87
178,0.3089778916718255,1.1314619123935699,2,200
179,0.16036991278173218,0.8712367114670779,2,109,0.03135352842474528,0.31636813779671985,2,139,0.3282095858609257,0.998826087498274,2,200
180,0.03141351875911869,0.2073843628168106,2,29,0.0503262107127699,0.5954030664528117,2,46,0.30971589852112996,1.0104899521796935,2,77,0.021918327312989268,0.7687000525849206,2,105,0.23808630701116895,0.9449490974346797,2,165
181,0.20418250662570284,0.9394979827105999,2,200
182,0.20543777757710438,1.0353944724798203,2,200
183,0.268287490584393,0.6064006760716438,2,200
184,0.2266823896664352,1.1132585053090696,2,135,0.020138866079240682,0.8626342087984085,2,155,0.2322750294963556,1.2937049627304078,2,200
185,0.0964496127420366,1.034255309998989,2,200
186,0.03230377231722733,0.295452942699194,2,60,0.09265761644700944,0.9324645940647569,2,103,0.33256066065282,0.7173933294630542,2,200
187,0.3053302913295394,1.1954481118917466,2,200
188,0.28899031268421255,0.6270276422960213,2,83,0.032948905534816664,0.48929408511945177,2,139
189,0.26534554063562943,0.7829562119948559,2,195
190,0.157073193759553,0.8780066914856434,2,200
191,0.3698053387608376,1.4281999871844338,2,105,0.02392457125367244,0.6380542448975823,2,127,0.3733423186554585,1.3727809517350915,2,200
192,0.25120700105597765,0.9887435377389192,2,200
193,0.23612730527895287,1.347497969865799,2,200
194,0.2456746531388988,1.1814174529833672,2,78,0.021787093740973755,1.0308184402960319,2,105,0.1649091618743421,1.1587592890388088,2,200
195,0.18484668687550718,0.7657629911564598,2,121
196,0.1719336771023309,0.2646032810211182,2,25
197,0.38747620604913424,1.3873817493330758,2,53,0.017700450716421113,0.21769430444521062,2,70,0.3199434632501401,1.3737750145105214,2,200
198,0.33970141234901435,0.8236101682369525,2,13,0.031635838646809085,0.8846939845782954,2,54,0.18308603065886986,0.7761011431886725,2,200
199,0.2300854229155604,0.42739169344757544,2,165
200,0.14517946030684323,0.816781835122542,2,22
201,0.377244700034934,1.0739594943383162,2,68
202,0.18340283648067934,0.9812784364819527,2,200
203,0.28861593795072316,1.0256632566452026,2,85,0.02352723751451209,0.8149426221847534,2,145,0.2289152957224083,1.1164508971300993,2,200
204,0.21480823845459235,1.117381935700392,2,156
205,0.3181532586086431,0.7908134189519015,2,22,0.024678320570706777,0.794997937274429,2,75,0.2841549924365977,0.9084363651998115,2,174,0.031095245043989864,1.1104372648092418,2,200
206,0.2388879173862232,0.9150140234827995,2,200
207,0.19918350576169527,1.0592963894208272,2,63,0.03795750345729008,0.4492635739346345,2,99
208,0.3329915071925014,1.1887725041462824,2,13,0.025758693169323842,0.7329619209817115,2,60,0.3107133657302848,1.1355699445520129,2,200
209,0.24653409531335013,1.1795555102197748,2,76,0.03212006192054249,0.9175295780102412,2,124,0.29452950368182407,1.2596284919663479,2,200
210,0.30692147211695486,0.8473233257730802,2,24
211,0.24664209612175786,0.879192515825614,2,117
212,0.29340788186226185,1.4158643027882518,2,81,0.030599273040601067,0.9102762192487717,2,113,0.3564074450487384,1.478078501092063,2,149,0.013001570388227085,0.39391620720134063,2,166,0.5953421432520214,1.4807587651645435,2,200
213,0.3462932234885556,0.5818569530611453,2,23,0.05201090306884352,0.6311020424796475,2,167,0.34713944026255555,0.6569634043809139,2,200
214,0.22244555981252934,0.965526948372523,2,48,0.012562911201844298,0.28960346985947,2,103,0.22745763150069725,0.8648722846176207,2,200
215,0.18006367702765347,0.9507395824790001,2,200
216,0.038863099049688404,0.8430628766936641,2,62,0.22420078386008585,0.8371019721895024,2,200
217,0.2826803133451285,0.8345325871517784,2,19,0.039888869324131784,0.811308900063688,2,107,0.2780353372829665,0.6283994272191037,2,200
218,0.12910218129040732,0.7057262521982193,2,200
219,0.2093284736218506,0.6306401152908802,2,200
220,0.11613685240885584,1.0733697373291542,2,29
221,0.22443689967152142,1.04068563580513,2,40
222,0.05157755876257587,0.7838038754463196,2,25
223,0.2754383165559355,1.053808086514473,2,200
224,0.21829680605823476,0.6487756096399747,2,13,0.017463949972852867,0.20041898575921854,2,61,0.24533341439755302,0.740870955607874,2,200
225,0.11811027843447426,0.7835273493826389,2,200
226,0.2958122289626884,0.7609979987144471,2,20,0.029616016425763933,0.8167749740860679,2,75,0.21110501680917165,0.7538732919692993,2,200
227,0.20785496255274324,1.3208151288489078,2,94
228,0.05734642621740196,0.8784646322684628,2,112,0.32085777987922154,1.3153043627738952,2,162,0.027615004876982194,0.7901164845184043,2,189,0.4380759647415107,1.5850144299593838,2,200
229,0.3279340231019548,1.6506199658806644,2,67
230,0.3280553514785426,1.7095015247662861,2,36,0.021122922717003563,0.6109106838703156,2,82,0.3252965318031567,1.6382954359054565,2,92
231,0.2317296474695052,0.7229999141395091,2,200
232,0.04064094615821427,0.8989423616179104,2,58,0.32704390233460995,0.8330051052570343,2,108,0.0356580056910231,0.55400598257087,2,151,0.17618841877186245,0.8156556365441303,2,200
233,0.40824775032067045,1.4630277200981423,2,27
234,0.2746418684504629,0.38932543084025384,2,200
235,0.2859797534195597,0.6778416965097029,2,187
236,0.23270339306756044,0.9476957143229596,2,170,0.04499180988330562,0.5670977354049682,2,200
237,0.1901207123411596,0.3735735834389925,2,200
238,0.0611541954605048,0.7213984868743203,2,55,0.28461749927404084,1.0810447294136574,2,200
239,0.19790525304653778,1.0429656605422497,2,200
240,0.035099192142287725,0.7527237686845991,2,45,0.23568023804246457,0.879566320879706,2,190
241,0.29394326998452747,0.8336261650919914,2,200
242,0.3391296845569855,0.9771034449338913,2,200
243,0.2781935056459302,0.5006255988891308,2,26
244,0.2686680714020975,0.9626245215535164,2,80
245,0.35519905132483987,1.1820255099116146,2,37
246,0.2652222219547613,1.2865638381814304,2,146
247,0.26508652017867185,1.032120329268435,2,47
248,0.09925499568196039,1.0027439584955573,2,64,0.020113474420556787,0.33160465254503135,2,98,0.3332228393658145,1.1858391230012857,2,200
249,0.2698390414895189,0.5259410202503204,2,200
250,0.2507579215747376,0.5988111671805382,2,200
251,0.20154085991727885,1.307297079651444,2,27
252,0.19924809455488837,1.1335237372306086,2,31
253,0.29801794083657496,0.7064233603398444,2,181
254,0.264183712267317,0.640229444205761,2,200
255,0.27791490585786993,0.6348253828287125,2,200
256,0.05377366561720142,0.8467229648724498,2,149
257,0.1216969549922302,0.40928930677473546,2,200
258,0.2091705499272421,0.9562275048458215,2,33,0.032780637476943215,0.7067749609752577,2,131,0.31258890449310206,1.1848992005638455,2,200
259,0.22868717228781546,1.2013739743828773,2,200
260,0.24694771266007656,0.9625607293844223,2,200
261,0.21700063659430524,1.3940037298871546,2,196
262,0.21619314169245166,1.0900494614243508,2,200
263,0.2805036416799552,0.3870711702108383,2,200
264,0.5132435117222948,0.7407043675581614,2,12,0.022562316655065386,0.6753939241170883,2,36,0.27426794059159226,0.9676353182548132,2,75
265,0.18271702400630574,1.3637811050513866,2,193
266,0.3357034362572321,1.604919441541036,2,75,0.057336935046135,0.7740790859246865,2,192
267,0.17191040107909872,0.25231976269019973,2,36
268,0.06949771247166801,1.2036893322236009,2,144
269,0.252909088171421,0.7246833236459742,2,187,0.029576681111460917,1.2750307138149555,2,200
270,0.1196478383071585,1.17336337012474,2,198
271,0.3621572149224369,1.4666746854782104,2,74
272,0.28094480665935434,1.4355956054315335,2,41
273,0.3486214157301896,0.9216358297401004,2,36,0.03753529775684574,0.9331518396735191,2,76,0.2656577574739434,0.9099903433553634,2,200
274,0.04407470499258224,0.9584636990338156,2,73
