0,0.12316833278846939,0.9562816640734673,2,200
1,0.21295311252631072,0.7731720814108849,2,200
2,0.3236464150287511,1.4420976122220357,2,30
3,0.3008613526259158,1.320821618459311,2,166
4,0.1783539502640005,0.9952214614365452,2,129,0.02975956686623675,0.7752165147598754,2,176,0.28171749654482037,0.9873847514390945,2,200
5,0.3126424019276495,1.1335469760392842,2,95,0.01968627168212164,0.506816573716976,2,122,0.3756280970743435,1.329508649336325,2,159,0.0326812548756432,0.41848667293060116,2,200
6,0.2887647149746439,0.7749255239361464,2,99,0.05945778354720283,0.5743116565269999,2,200
7,0.06543844196770292,0.6441608855829519,2,68,0.25406801141142143,0.7412851069009665,2,200
8,0.1287948776105819,0.9891713410615921,2,200
9,0.29355192156929977,0.9454857051372528,2,200
10,0.09292192092881996,0.9994941204786301,2,36
11,0.31280091749572675,0.7605386829376221,2,25,0.014403700182347354,0.22065741289407015,2,41,0.2558806456284402,1.1025238842754574,2,132,0.014046063776241423,0.3260429969855717,2,146,0.31149125528644184,1.124755813015832,2,200
12,0.32583180411834867,0.7253657705150545,2,128
13,0.1740538043674299,0.5482863347839426,2,54
14,0.045692382123424004,0.7832339918240905,2,128,0.2023243597246576,0.7840208618177308,2,200
15,0.23559180761840143,0.7640629127621651,2,40
16,0.3578539252356377,0.7039457184076309,2,200
17,0.20365009205416965,1.1242792556683223,2,24,0.02463629753018273,0.5702573038064517,2,63,0.23097296804709885,1.0429429316172634,2,200
18,0.226491043531399,0.9519726415069736,2,98,0.030206558351237523,0.6466199520862463,2,131,0.26120097786918633,1.0715440563533618,2,200
19,0.31990946206581095,0.7344076931476593,2,20,0.02111616215800768,0.19488131917185253,2,38,0.3663184588653871,0.9139906348269663,2,200
20,0.3360722270798352,0.9567630371804965,2,177,0.0057279662886616945,1.378296110365126,2,186,0.41383526917155605,0.8032466726643699,2,200
21,0.2834613387240258,0.4660416543483734,2,19,0.02544937351644916,0.7674879980714697,2,57,0.21453270286113743,0.6860532944019024,2,200
22,0.46438208463281544,1.3092459340890248,2,12,0.02278381624499618,0.43538699608582715,2,77,0.25893890043235435,1.1711750645190477,2,141,0.03180084656847031,0.8525501787662506,2,183,0.4522448019419053,1.426193489747889,2,200
23,0.2231960171890736,0.7857166722416877,2,200
24,0.26241210231618933,1.132079097032547,2,200
25,0.41141088844684215,1.3105872988700866,2,70
26,0.16473688054938526,0.6694675305485726,2,200
27,0.3139500105876333,0.6455366284446379,2,113,0.02159277112521359,0.3290291538944951,2,140,0.15937357136338717,0.872502726316452,2,200
28,0.3016547236375455,0.7759948242455721,2,32
29,0.19474180510583777,0.17239698477089405,2,200
30,0.2631030129107156,0.9211545051360617,2,98,0.02988228799216043,0.8402315037591117,2,133,0.2268421513030839,0.9185193590263823,2,200
31,0.22201780764190013,1.4545831015706063,2,200
32,0.0665265719743005,0.7329562583139965,2,56
33,0.22269264055573837,0.8956678205066257,2,45
34,0.25287143495688486,0.8114786125995495,2,27,0.02079894817902681,0.5149288872877756,2,69,0.1980923472680461,0.7748730406902804,2,170,0.03760636272240192,0.7375939130783081,2,200
35,0.15505769400055977,0.9177970860594062,2,93
36,0.03536119713060178,0.9540875324836144,2,104,0.25344911871691567,1.176468628148238,2,200
37,0.17627823103353465,0.9153460657596588,2,200
38,0.22121869604749966,1.4920351011999722,2,145,0.04932131359319586,0.5563665747642517,2,200
39,0.3213744582743571,1.0924407364142061,2,99,0.09002397769638411,0.7144058923615088,2,200
40,0.31652617428891033,1.167992217200143,2,14,0.025185272274358628,0.31861002104622976,2,56,0.29817541644982054,1.2949789323740535,2,200
41,0.228589225897019,0.8117294806241989,2,200
42,0.19132609411759438,0.7773104280233383,2,200
43,0.08110066308386611,1.0743780186990413,2,82,0.24838115498190358,1.553542047418574,2,175
44,0.20147081323799818,1.1600327626632079,2,137,0.013775551617868498,0.6310786541019168,2,151,0.2974815983214776,1.310082914877911,2,200
45,0.32248363706799016,0.8437215194106102,2,200
46,0.12209306471784075,0.8368935840470451,2,56
47,0.274195555303801,0.7928144651651382,2,100,0.02170826224726596,0.9941440798618175,2,154,0.32974995872161184,0.8362783803826287,2,196
48,0.2618900639205103,1.393033699989319,2,200
49,0.14052657038343191,0.6847223464399577,2,200
50,0.24720797822589474,1.0240362736582755,2,200
51,0.173106380674514,1.245997667312622,2,200
52,0.3180693504944067,0.7520196936568435,2,98
53,0.1989261652583627,0.831444091267056,2,81
54,0.06811848921127732,0.7096199205233937,2,168,0.31134931268250543,0.6424096021801233,2,200
55,0.304282832890609,0.804852649763033,2,77,0.05748331957121868,0.9062416493028834,2,146,0.27897620204464096,0.8470795386367374,2,200
56,0.19842346354452992,0.6374984582265218,2,96,0.06906107180756423,0.49015080384336984,2,200
57,0.21154563569426835,1.3423885571956635,2,200
58,0.3048975201541277,0.7512660503387452,2,200
59,0.27028130250377774,0.8044682656015668,2,42,0.04344914098154357,0.6535167654481115,2,200
60,0.05674888057313232,0.9398875215649605,2,200
61,0.3168898775247961,1.3672775517810474,2,22
62,0.3355702170989162,1.17037359893322,2,200
63,0.3052141860198615,0.9319483734603621,2,117,0.022326565666727628,0.6471165106410072,2,138,0.2764088058610413,1.0083150652147108,2,200
64,0.2897761064748329,0.6611603128282647,2,95,0.06741296718234589,0.8677401599429903,2,200
65,0.29025191014318985,0.4198960515005248,2,140,0.05172191023494292,0.7143156399329503,2,200
66,0.1739790956813075,0.9913996869120104,2,29,0.021549703010652142,0.7041295925776164,2,74,0.25545640082961846,1.300350701267069,2,118,0.054003939923448485,0.70396063240563,2,200
67,0.26813458117461225,1.007140937447548,2,200
68,0.06805273543642935,1.0757723798354466,2,66,0.24844862781268204,1.611402947511246,2,200
69,0.07503097599043632,1.0426474370454486,2,38,0.32244117850077086,1.9746976785881574,3,81,0.01484471802507833,0.827797744423151,2,129,0.11526536850421944,1.8460969706656227,2,200
70,0.2510302983911453,0.47152392313642016,2,118,0.046294614079329714,0.8359193547469813,2,200
71,0.32191790776672935,0.9239212819087652,2,81,0.02962528808427545,0.6051109204901025,2,128,0.2849476245422478,1.0120247503121693,2,200
72,0.18571175121925088,1.2018634109180184,2,158,0.021407162586276975,0.39189858450776055,2,200
73,0.3808821399252415,0.9992512768887459,2,47
74,0.2014388196736162,1.2938614413142204,2,16,0.016580851687922733,0.22354469820857048,2,36,0.38690901541693923,1.0214811853873424,2,114
75,0.06293040755052927,1.0213312447071075,2,40,0.30626725758437623,1.20765375867486,2,200
76,0.08080332563645366,0.9939235550863249,2,111,0.3307209387661677,1.317958427279183,2,200
77,0.2015376020266575,0.9035397369414568,2,200
78,0.07163019227060609,0.7876851322158934,2,63,0.27164798710226323,0.725125161835747,2,200
79,0.07309614754507718,0.8583161508335787,2,85,0.3178422839754454,1.0894537904988164,2,200
80,0.21136047547699238,0.5328558214008808,2,200
81,0.21032731208559374,0.7368193104863167,2,200
82,0.1690820305952325,0.6090873433993413,2,26
83,0.20931592299036408,1.2487661874437908,2,166,0.04469591840353986,0.4842766135931015,2,186
84,0.3524981641897956,1.1102405840700322,2,22,0.05554432576679364,0.5451002297518046,2,114,0.29045720572335887,1.0486740431887038,2,161,0.02420488448457295,0.2153518341290645,2,200
85,0.09869879162659972,1.155207995325327,2,32,0.2300237500920816,0.3877742514014244,2,200
86,0.3464621201202764,0.8864136815071106,2,35,0.04764964844112518,0.6061745359741076,2,134,0.3874616489671197,0.8533998827139536,2,158,0.02107339148904584,0.518757293621699,2,200
87,0.316697660441996,0.9832267156789001,2,71,0.030368034383348796,0.7374457498622495,2,200
88,0.27888275397440254,1.1062534302473068,2,24,0.025916325388217303,0.2827355445195467,2,63,0.23414269108260125,1.018548342433289,2,200
89,0.30603414635227344,0.47658216589834634,2,164
90,0.19627080410520126,0.7158807972073555,2,200
91,0.2673327158490346,0.6897830261290073,2,200
92,0.21992938933003015,1.0227789269841236,2,46,0.033940956433917716,0.7287236813988004,2,102,0.3055713633622429,1.1495200140135629,2,200
93,0.2608895914851286,1.3561003381206143,2,124
94,0.47698363578379827,0.8214947088905002,2,23
95,0.2180309280458175,1.0580230021476746,2,50,0.045342838445077985,0.8487328625455195,2,148,0.3178330973771073,1.184254357447991,2,200
96,0.30831602513638345,0.8700385689735413,2,109,0.09997616553637083,0.8095303118883909,2,200
97,0.24293880527416858,1.3575192846749957,2,114,0.017825613814474717,0.4644942077306601,2,140,0.26002831140098803,1.3163124819596608,2,200
98,0.19880675755150826,0.38251808644095553,2,158,0.0480400849413751,0.7512826706681933,2,200
99,0.14968009233284812,1.2200502044037929,2,158,0.020856017168586153,0.2871566586769544,2,197
100,0.2501283066580287,1.2894395875930786,2,200
101,0.2692007064614126,1.5116915532520838,2,98,0.08771203396854649,0.8710634325649224,2,200
102,0.25055027146977354,0.9953576103549138,2,107,0.029807632495331186,1.066461722901527,2,154,0.27023660997270477,1.0847484184348064,2,200
103,0.29159915988305884,0.6237934629122416,2,21
104,0.12762649524427777,0.9212422752380371,2,200
105,0.294926884287595,0.9758418284929715,2,65,0.018719603236331494,0.15024338891872993,2,104,0.16023563887808825,0.8687316253781319,2,200
106,0.07725641823847317,1.1498673995335897,2,45,0.3441691105625058,1.5446730182411965,2,134
107,0.05910131716863094,0.7369395261225493,2,46
108,0.16468096147939995,0.8001421642303467,2,200
109,0.2276145435972585,0.9471410910288492,2,39
110,0.1334925910177498,0.7391569377481937,2,200
111,0.24861788875705523,1.7448808015147341,2,158,0.044945905599121955,0.7669982640516191,2,200
112,0.024684538527804032,0.4706955194473267,2,25,0.2085302967813199,0.9931029098374503,2,200
113,0.04838870433389602,0.7327669824278632,2,86,0.14725787733652956,0.9006405676666059,2,200
114,0.30407117916265697,1.4742885308387952,2,39
115,0.32152213757886927,1.37947283188502,2,24
116,0.19376383975384734,0.9247050357901532,2,115,0.034842937405868045,0.6698654135689139,2,179,0.2907331459965037,1.1133135557174683,2,200
117,0.3565752550702799,0.9891116683547562,2,37,0.07896404618379511,0.9908013819185503,2,200
118,0.19104081705930948,0.9006205567717552,2,200
119,0.12978562924409637,1.300933796625871,2,156
120,0.3454419141469746,1.791307820723607,2,26,0.03581512208139758,0.8426603422020421,2,59
121,0.27899337381581274,0.61236821860075,2,200
122,0.32097288163260645,1.4177123554821671,2,29
123,0.1865653002782557,0.4038251042366028,2,200
124,0.23502875033292095,1.07195048391819,2,200
125,0.21211730204938287,1.3963509356975556,2,200
126,0.27513212716059,1.2575132585408395,2,114
127,0.3531777807759144,1.201990388688587,2,21,0.019118091297191848,0.1504354545703301,2,34
128,0.40947363245746393,0.46669228716068956,2,83,0.02779742261398465,0.6402927542605051,2,165,0.3931864770179356,0.456294322013855,2,200
129,0.23344406773559037,0.9670500211548387,2,57,0.014104993773061365,0.711731328118232,2,88,0.2111928825338179,1.0730585557009493,2,200
130,0.34748708572985065,1.4717890951368544,2,18,0.02933050045735877,0.5325380603587905,2,104,0.2580559502654891,1.4164275222895097,2,153
131,0.1771903925514776,0.9941315121120877,2,45
132,0.22196475620885472,0.9101682421323415,2,185,0.022231821580058802,0.3519106815258662,2,200
133,0.3526261697658682,0.8682431402802467,2,200
134,0.18064348826561635,1.0392895685881376,2,200
135,0.33882257544272415,0.9619267630577087,2,200
136,0.23826629034539487,0.907697712921578,2,184
137,0.060882735929174474,0.9264415125457608,2,49
138,0.06887578158210142,0.6051987071692104,2,71
139,0.22853765409664492,1.3104450511932373,2,25
140,0.3057754999636502,1.579941226885869,2,13,0.023775422591998694,0.5307480401936031,2,55,0.27622235351786734,1.4399715255607257,2,143,0.02816481673639985,0.7194722184428463,2,170,0.274604146910863,1.468067181110382,2,200
141,0.22274217871859173,0.7522726153072558,2,38
142,0.19207370649311672,0.8432018162310123,2,200
143,0.25022828011053283,1.1056201385288704,2,82,0.030989153739530248,0.7338475210051383,2,144,0.21717422385582685,1.1899269734110152,2,200
144,0.286730324474639,0.1591129039508709,2,69,0.027698604244463125,0.3101074132992297,2,167,0.37100805830837486,0.20599131737694595,2,200
145,0.2623891346306719,0.6121296476626742,2,69
146,0.28436120385376795,0.2923742115497589,2,20
147,0.20683356368778147,0.6158073080910577,2,99
148,0.48759500146227774,1.0137461423873901,2,7,0.017281659267470606,0.6401381364890507,2,35,0.1686911121333989,0.7976183947288629,2,200
149,0.36142936116253055,0.7386567538976669,2,200
150,0.2500814168815256,0.9832213699817658,2,200
151,0.02623855525511511,0.5450216867029667,2,16,0.2471166190385028,1.1131949742203173,2,200
152,0.21773567833022153,0.5183378048241138,2,200
153,0.05367222616663811,0.6875104465418391,2,108,0.30063887504432657,0.7358145687891089,2,200
154,0.18290273777906538,0.768961489200592,2,200
155,0.18205372913675297,0.879064172054782,2,66
156,0.36750156123677663,0.786385680947985,2,14,0.020472359223701147,0.5737826490402221,2,39,0.23502848846432395,0.8260953062110477,2,75
157,0.29243362636385745,0.27736755199730395,2,200
158,0.24233473274920733,1.27623727530241,2,200
159,0.29260391834859434,0.23931980840861797,2,200
160,0.06657194917645176,0.5380019643183412,2,29,0.3034630874796927,0.30446626237261365,2,200
161,0.25997836772050453,1.3697622760040005,2,164,0.06675547393653951,0.9516610387298796,2,200
162,0.23761473172715475,0.7710648098507443,2,74
163,0.2620240247704511,0.606374328956008,2,96
164,0.19624597798225155,0.5939617494742075,2,120,0.03733835743980176,0.7322881042957305,2,200
165,0.24229086490932256,1.130578224776221,2,61
166,0.03927709843593935,0.6199453217642648,2,21,0.21728013390424036,0.7044296967250675,2,200
167,0.2219410599821371,0.9436949694156647,2,200
168,0.2468454628658587,1.1092170278231304,2,153,0.044181170760626665,0.7518629114678566,2,200
169,0.25817865985280936,0.9703281551599503,2,200
170,0.1984479629103659,0.701951661835546,2,69
171,0.3095966540704821,0.6570853304862976,2,25,0.017285332720076995,0.1353992506077415,2,44,0.2651906804779898,0.6208052604626386,2,200
172,0.2785892850911788,1.7870760083198547,2,10,0.024605726101488826,0.21158494755174173,2,76,0.21456752767936732,1.6351718382632479,2,170,0.030452296352880697,0.6958047946294149,2,200
173,0.07498335139216024,0.9662403409418306,2,76
174,0.13515173322351834,0.8941204016025249,2,65
175,0.09699382064176952,0.8402014972269535,2,200
176,0.26032366945082674,0.9291741335391999,2,200
177,0.28890077622355964,0.9647253073898017,2,51,0.07052678052128677,0.7630271271571217,2,200
178,0.2933157706413955,1.460066691978828,2,143,0.027581332394773478,0.4142469248988412,2,165,0.34155109216090346,1.4495721544538225,2,200
179,0.20902423112880572,0.8357171936880184,2,79,0.01893861738026399,0.3463580707708995,2,115,0.1918006355042051,0.6805367462775287,2,200
180,0.3243890511386274,0.7085550317638799,2,38
181,0.2385750985544164,0.5797994881868362,2,72
182,0.27866328695138465,1.2533143671547495,2,41,0.03586933121996275,0.8294925396359941,2,200
183,0.1992586518233122,1.0537934517860412,2,200
184,0.3290366798936489,1.3373399274102573,2,29
185,0.1866046774055957,0.971182910171715,2,37
186,0.30874299782727926,0.7030835209354278,2,124
187,0.34267734605078176,0.7037622802694079,2,71
188,0.2531111317633896,0.9429336458444595,2,200
189,0.14603297476322108,1.0765240517529575,2,110,0.027542289012745386,0.790255250714042,2,165,0.41384408168294395,1.6231392179216657,2,200
190,0.24718786184705566,1.8102206421881606,2,194
191,0.030131650562122796,0.37804586280669483,2,28,0.2989185553529712,0.7256275259478148,2,200
192,0.14779353653847854,1.252489349167598,2,76
193,0.2614672255885534,0.8857916207149111,2,145,0.06642665637637163,1.0324989427219737,2,200
194,0.30880307307471455,1.311330496510373,2,79
195,0.25374727478619263,0.5962592463940382,2,200
196,0.3404697633987864,1.2412937314886796,2,133,0.03018186338732739,0.9164881092398914,2,200
197,0.3635290119011017,0.452366646110397,2,97,0.019516183289321594,1.0330137890927933,2,131,0.40189676381639494,0.3136479366516721,2,200
198,0.17832512506972387,1.1946523076295852,2,200
199,0.212791273348234,1.4172993076258693,2,87
200,0.2269250505208474,1.0544470578432084,2,200
201,0.29705174957617964,1.0795914879385031,2,53
202,0.1291582172650912,0.7814034819602966,2,24
203,0.11838257519018695,0.3288262065114646,2,29
204,0.3521654316055062,1.1372761184518987,2,33,0.06927360374936312,0.2974258420928832,2,64
205,0.29671436155002473,1.1120982005678375,2,29
206,0.04127229140725193,0.8133827447891235,2,25,0.4088745412692268,1.5749915964463177,2,110,0.037162505022715224,0.70477009150717,2,164,0.33615699051018927,1.5369772414366405,2,200
207,0.31964123169981623,1.422483864697543,2,55,0.04299679225197384,0.8289915970031251,2,149,0.31780786518111603,1.4675646334886552,2,189
208,0.11874745732298708,0.8473086816072464,2,200
209,0.24903450822011097,0.9349746453134637,2,57
210,0.184125383819978,0.7646253144741059,2,200
211,0.2262171381913476,0.776771321765378,2,117,0.028523552262504328,0.7021052579085032,2,177,0.2235976960013915,0.7745400097059167,2,200
212,0.33535878831427857,1.669776398961137,2,41,0.07745593560039507,0.92857879002889,2,161
213,0.23859718929302082,0.4888999639451504,2,200
214,0.29091398747202113,0.8636330147939069,2,112,0.09296624023459965,0.8561292287300933,2,200
215,0.20648802714059988,1.0983154862015336,2,27
216,0.21577098114819823,0.5268258653407873,2,86,0.06758910600113807,0.5714225510233327,2,200
217,0.07760161352127447,0.5799385670285958,2,26
218,0.02077777477384694,1.0057732820510865,2,25,0.2598392934032363,1.1907611002240863,2,200
219,0.2693125302939572,1.3014776616968133,2,186
220,0.23219514946550543,0.8529656895476839,2,184,0.030933778942974808,0.5757546480745077,2,200
221,0.2847282248739677,0.9774084678594617,2,69
222,0.2735064622565771,0.8286953935256371,2,65
223,0.3353043858729046,0.916755171198594,2,38,0.031137204672708748,0.49003256494934494,2,75,0.28862306237545166,0.8302587552070617,2,200
224,0.16124736662385,0.9806526032090187,2,200
225,0.13733160905506472,0.9603035309910775,2,200
226,0.3755039383394053,1.4507661335011746,2,94,0.024186203758121267,0.5330885957027304,2,123,0.15476905685014042,0.5581075350443522,2,141,0.21525633251097798,1.43038555731376,2,189
227,0.25283950680036127,0.8521369748352641,2,181,0.024879340805052073,0.3718856510363127,2,200
228,0.17531498728035888,1.0126786723732948,2,200
229,0.17390286777493527,1.0817900719466034,2,27
230,0.46537859922163766,0.9395043154557546,2,12,0.02624079755284728,0.7582158872059414,2,26
231,0.24551007864605714,0.8705880420989004,2,116
232,0.1075455233077949,0.6255978282008853,2,28
233,0.1526493141483804,0.9242580831050873,2,20
234,0.2032488111266438,0.9309574663639069,2,42
235,0.21468622737617846,1.1324947440726125,2,117,0.022825708746062472,0.6059158993394751,2,155
236,0.22695082257856963,1.176061199261592,2,26
237,0.4325257077384252,0.9117893730440447,2,124
238,0.3478550293286853,0.8806663751602173,2,25
239,0.26559462443497306,1.1540394139289856,2,200
240,0.1706207955393589,1.051064875125885,2,200
241,0.2916348331853336,1.5041001684525435,2,51
242,0.1645668224743006,1.1706922054290771,2,112
243,0.23378084370255348,1.0303772372357987,2,34,0.039604618711981246,0.9014854219895375,2,113,0.31908905789623343,1.1577203273773193,2,200
244,0.33660845465335165,0.7524455645680428,2,200
245,0.22676800677648626,1.32490818718305,2,104,0.02436700809300247,0.7793190589657536,2,158,0.4571676583119516,1.659690255468542,2,180
246,0.13891154329850622,1.299673970937729,2,200
247,0.2385256019078132,0.8723508378863335,2,200
248,0.3119490824070209,0.4849274481336276,2,12,0.030282337817493062,0.7437426961130567,2,84
249,0.2334329202608111,0.6231752848098291,2,181,0.038564475174945205,1.1086809101857638,2,200
250,0.10580820589613595,0.5066415652996157,2,41
251,0.26325788872994615,0.6986397391557694,2,200
252,0.2161900790345846,1.2753616832196712,2,32
253,0.2446436312669062,0.7329953119158745,2,200
254,0.20517063892166262,0.6325261837244034,2,200
255,0.3342352097962103,1.2395756443341572,2,42,0.026900085252782605,0.746134250164032,2,67,0.2362758506807816,1.2035786406438154,2,200
256,0.2798656493445016,1.226971672847867,2,64,0.03652945367404391,0.870482386497969,2,153,0.3225159250299332,1.1575811923818384,2,200
257,0.07874717076333554,0.8190185326337814,2,200
258,0.07445400101869099,0.9816538697602798,2,98,0.32887227619607184,1.3356205542882285,2,143
259,0.10530906486917734,0.7343313464751611,2,39
260,0.26586227163595744,1.033421107828617,2,200
261,0.2745736820345447,1.301278977859311,2,41,0.027114600169427374,0.6729900621977009,2,102,0.2450005634551658,1.3057030828631655,2,200
262,0.09530151936049303,0.8672276204046996,2,115,0.270477428968504,1.00124632470748,2,200
263,0.14704287035545408,1.3481473865963163,2,63
264,0.20517205628951005,0.864647563546896,2,200
265,0.3183944555911893,0.49594262629747393,2,200
266,0.17935856679237114,0.5095805412892139,2,66,0.05533757685964044,0.5550242911523847,2,200
267,0.17580861317909313,1.0260414642095566,2,200
268,0.20695267494904757,0.9877382516860962,2,38,0.02855007900406341,0.7050579915175567,2,75,0.23715016065415379,0.9462677354812622,2,200
269,0.043773365061430834,0.5600907250362284,2,102
270,0.2672261128038402,0.9956614565849304,2,200
271,0.22663136583440222,0.5266637904942035,2,200
272,0.2988503352163844,1.2736896673838298,2,60
273,0.0637421344076112,0.7252171304894657,2,41
274,0.12140465328618553,0.6016210434229478,2,69,0.02804305742271067,0.33470435486156114,2,167,0.2793794576465544,0.9694439389488914,2,200
275,0.23500467676365452,1.555164693511106,2,187
