0,0.28027715924476704,0.43970698073506354,2,200
1,0.28073361863821916,0.7751844266040177,2,177,0.03290666788516756,0.23134686571100485,2,200
2,0.04304044486121846,0.3999773453102044,2,141,0.060394884904446194,1.066283684510451,2,167,0.31384398262880775,1.0888336571780117,2,200
3,0.06039400424904767,0.8955409467220307,2,60,0.2825585342441314,0.15929523744481675,2,154,0.12479729805941761,0.7332821896542674,2,200
4,0.27858457822094357,0.3593187326192856,2,200
5,0.1282980293359866,0.7667109396920275,2,67
6,0.246156208793639,0.8551984086181178,2,33
7,0.20526576676823569,0.7427749462425709,2,200
8,0.2612581774181996,1.6920013442183985,2,165
9,0.2446179763068124,1.0630432748794556,2,200
10,0.3239593592568792,0.9898188054561615,2,200
11,0.22829233531879575,0.8861327186226845,2,200
12,0.2935084424565484,0.5785517728328705,2,200
13,0.24045358672473818,1.1846367029627418,2,157,0.018436429710994035,0.7277035576956613,2,192,0.37928948497867493,1.3285094201564789,2,200
14,0.12982035922123225,0.9061038314578045,2,83,0.02300787807184347,0.50421946034545,2,125,0.2859647735149171,1.059893069267273,2,200
15,0.3134693288478679,1.26758985302665,2,55
16,0.0320943684214975,0.9757905507629568,2,88,0.2740447027687246,0.9783229966248784,2,200
17,0.1947662718049315,0.803624931871891,2,200
18,0.25283291856334417,1.2985070292596463,2,108
19,0.31514253853755886,0.749303020279983,2,29
20,0.17448330595763512,0.5359961403177139,2,47
21,0.26222594201241317,1.061614478826523,2,200
22,0.13542744946625457,0.806517826956372,2,86,0.021577199161863347,0.7089281632350042,2,125,0.3518071665596174,0.8660263689359029,2,200
23,0.17739816677475542,0.08653125166893005,2,21
24,0.3004676190011785,1.2174580943199895,2,62,0.048979249953205926,0.927206714605463,2,120,0.2391395174155306,1.149813148379326,2,200
25,0.038122152255226874,0.3065413890346404,2,31,0.21466978408811524,0.8240685491166877,2,200
26,0.028596036499529888,0.7868679480606251,2,89,0.23404774520103586,0.8629465430706471,2,200
27,0.42137520603271167,1.4346527302706684,2,27
28,0.29031038105498935,1.5285370790958404,2,200
29,0.1507424703167717,0.878032847529366,2,84
30,0.37808362995139155,1.631447706222534,2,25,0.030738464420944214,0.6870446418012891,2,67
31,0.2623731323693288,1.1538042978004173,2,27
32,0.4094888368345452,0.7696226914723714,2,30
33,0.2643053034637738,1.1889013013532084,2,124,0.035031576449009116,1.220440810726535,2,155,0.2676810023679947,1.2568401098251343,2,199
34,0.050590009794952887,0.8649871968909314,2,76
35,0.2381421907882359,0.9803325948507889,2,23
36,0.194769834424058,0.7230752364677542,2,68,0.05184844539477449,0.8126302418009989,2,184,0.4141025470172272,0.848504226654768,2,200
37,0.2583434739866159,1.256633419256944,2,104,0.04045607091778181,0.7623638478485314,2,178,0.3159095729014612,1.438330585306341,2,200
38,0.20348285350693568,1.2498769742339404,2,67
39,0.24630384336472785,0.7466400478567395,2,42
40,0.24763866879695742,0.8935177856021457,2,63
41,0.21308012461134349,1.1469753753571283,2,21
42,0.20293239428458562,0.7236630590260029,2,200
43,0.17915964785284452,0.9601285322657171,2,106
44,0.40141780474557537,0.9886303601726409,2,31
45,0.309941986115673,1.037713344891866,2,60
46,0.33803051865170985,1.2151985168457031,2,29
47,0.2819825300316056,0.8882352238893509,2,200
48,0.39383572146657103,0.9045210957527161,2,10,0.02353856760096518,0.7078892469406128,2,45,0.25851224181390753,0.9546072432085088,2,197
49,0.02842048411957852,0.7511505484580994,2,22,0.2635059841904242,0.8433128052882934,2,200
50,0.24569176209660787,1.09935505289427,2,71
51,0.27409421246414345,1.1099144220352173,2,62
52,0.30088273668500853,1.0928844389162566,2,190
53,0.2825411891481953,0.8132829092797779,2,105
54,0.05487963687481789,1.1825201780565324,2,31
55,0.21084948491142727,0.521780229277081,2,135,0.026118886499597586,0.23533218610903311,2,193,0.6960786191247029,0.881744989327022,2,200
56,0.1960809496836069,1.1911220967769622,2,20
57,0.3123683606235146,0.6976066708564759,2,200
58,0.03342271456111741,0.19432923678428896,2,31,0.23872809337731526,0.3967657062781633,2,200
59,0.29736429138802,0.8894985109567642,2,200
60,0.33427076143140444,0.7668162229657173,2,200
61,0.3086855736776957,0.7319275391101837,2,50,0.03215371646455677,0.8222612456271523,2,145,0.27883731553407143,0.7707241188396107,2,200
62,0.06477220389372529,0.6266470188047828,2,41,0.2758056069823372,0.578065719619487,2,200
63,0.23009004750238712,0.8446527247998252,2,134,0.05003888325982867,0.8416694068547451,2,200
64,0.16850032548095634,0.5123001105255551,2,27,0.01582215251573603,0.38853376870061834,2,78
65,0.20957495322008404,1.4469781466152356,2,46
66,0.3070520157423643,1.3032313157927315,2,53,0.05402728506174242,1.1399163963465855,2,111,0.2847662029910631,1.3128962248144016,2,182
67,0.3069059915509868,1.2509186022421892,2,34
68,0.22950674328432397,1.2720103598712535,2,89
69,0.2797915998660407,1.3145268124503058,2,111
70,0.23352654791608032,1.7204264402389526,2,138
71,0.19546602336325428,0.8834794762989749,2,46,0.030000809892948486,0.6368729450353762,2,87,0.293448639432409,1.108743544463273,2,178,0.018095776748504527,0.5772633146155964,2,200
72,0.3071878454345634,0.2965293763577938,2,200
73,0.3545920564815536,0.46585877878325327,2,14,0.026416001531483036,0.526474926443327,2,56,0.19762585950728237,0.3557132064468331,2,200
74,0.24808631369373726,0.9644708049540617,2,49
75,0.333579878031469,0.7448175808787346,2,200
76,0.24614949269536165,0.3606095454841852,2,200
77,0.24697509729497916,0.7225782660574749,2,116,0.0839881855616513,0.79562803819066,2,200
78,0.17484318247232167,0.7993794298171997,2,50
79,0.03822068100691819,0.8924720310247861,2,26
80,0.05748026444112689,0.9711088069847652,2,28
81,0.024545624708649075,0.9108649904911335,2,13,0.2771158088097499,0.9866700331795024,2,200
82,0.18613541293615934,1.1798996707797051,2,200
83,0.06504503048170328,0.8382776771272932,2,35
84,0.2503035655803241,0.9377919578552246,2,200
85,0.30683494480976875,1.0347098922729492,2,50,0.016908697024441068,0.9625720303991566,2,73,0.34462950257655317,1.034107904685171,2,130,0.1066580039886909,0.2246738225221634,2,151
86,0.2997199574441864,0.9446942011515299,2,99,0.024037520549513774,0.8084220010114004,2,182,0.30597899018070596,1.031418999036153,2,200
87,0.27789581861715584,0.6621117156649393,2,63,0.03131434527379006,0.46568697920212376,2,102,0.32703272569580155,0.8680232658982276,2,142,0.07128021332996252,0.7939623840923967,2,200
88,0.285172085984262,0.9150565690304859,2,83
89,0.20302165999232966,0.6469363016635179,2,200
90,0.028163154483979984,0.5398662878621009,2,31
91,0.1809990026040943,0.8246945937474569,2,24
92,0.16501865356723824,1.0313261493307646,2,61
93,0.24753028651907424,1.221260951757431,2,200
94,0.2625473380899637,0.7600169780850411,2,200
95,0.3171431738389544,1.2827418099588423,2,67,0.034240171321152466,0.7463794880443149,2,94,0.30381778001667664,1.3131917119026184,2,142,0.041274881000990284,0.8609869665112989,2,200
96,0.2947357686191694,1.202931289390851,2,186
97,0.27512562753866654,0.8606448784470558,2,40,0.03564414557492557,0.6429309560809024,2,126,0.32554709182446057,0.8858962542301899,2,200
98,0.3162185293191456,1.2303937164219942,2,110,0.04569951351575067,0.6304963999324374,2,200
99,0.13250995183359962,1.1075748440623283,2,200
100,0.3005349226979607,0.4547947244718671,2,32,0.017898473748609988,0.3369147013872862,2,48,0.26230630350309664,0.5228272233354417,2,200
101,0.06975097254922162,0.7898783528286478,2,46,0.24487612803139783,1.064490829195295,2,200
102,0.2320015958757345,1.1052070235504823,2,170,0.04690665016528741,0.3824767033259074,2,200
103,0.25048230560663637,1.021856050491333,2,200
104,0.04097869596580538,0.6593533741666916,2,47
105,0.20530544798083933,0.7265800562500954,2,200
106,0.192320877834949,1.5961843490600587,2,200
107,0.2651207076218187,1.1188638693577535,2,185
108,0.27314909748986527,0.6264441597341287,2,99,0.035947027972648246,0.8381279934536326,2,154,0.2610092916710423,0.7293824553489685,2,200
109,0.22525932409825786,0.7416631682419482,2,81,0.029140157399317093,0.5375907901956254,2,200
110,0.3085998976647533,0.7789089533149219,2,61,0.02232410517331256,0.6043168817247663,2,103,0.3088193031894995,0.751725381797122,2,200
111,0.03240844137642167,0.8917008113861083,2,25,0.2622379802024855,1.2235787284785304,2,170,0.012808881509730802,0.35041938935007366,2,191,0.45214127130540455,1.2676260471343994,2,200
112,0.15924543711987738,0.6422098013758659,2,200
113,0.04926700886351787,0.779829732477665,2,200
114,0.36231672997619274,1.4231254373277937,2,77,0.02010758429055597,0.3950734535853068,2,92,0.2923750248144788,1.4823829443366439,2,200
115,0.07132198641197922,0.8825024772197643,2,47,0.31953054639835593,0.9954591120282809,2,95,0.01866929814593663,0.9051836654543877,2,127,0.15495547809407245,1.0473327420345724,2,200
116,0.3075585164572622,0.9219949086507161,2,45
117,0.2043257130951182,0.9710026191628498,2,115,0.041026876663731476,0.5976783335208893,2,200
118,0.25074259023838613,1.05029958486557,2,50,0.04557472261831748,0.6964578267107618,2,97,0.30032685515330243,1.0399430504122984,2,200
119,0.36495814420868583,0.8153089845180511,2,200
120,0.20245857877343812,0.9848795112222433,2,200
121,0.11266744170221198,0.6519597441684909,2,164,0.01593248451063728,0.351399721370803,2,200
122,0.2119016937421493,0.64540855174369,2,47,0.035671641622208004,0.759710240609867,2,144,0.27931219162102594,0.6942118746893746,2,200
123,0.013612621889510533,0.5388187319040298,2,20,0.24727480978943384,0.8630456924438477,2,41,0.02008263388642759,0.45986078727629875,2,134,0.29048336956552573,0.9987941128867013,2,148
124,0.27456964748940477,1.0167399173974991,2,200
125,0.3658961719006369,0.8642906099557877,2,40,0.03918833258420312,0.7165997401873271,2,115,0.3199904758655214,1.020644956476548,2,200
126,0.22741488643152688,1.3590492614328045,2,73
127,0.18051814620202775,0.8558183825016021,2,50,0.016309702672794312,0.47876346732179326,2,74,0.2379140176579487,0.9541473374480293,2,200
128,0.3487380079428912,1.2392697559212738,2,106,0.03489559717253598,0.4053545116614073,2,184,0.3349891174291902,1.308328077197075,2,200
129,0.06190330426008112,0.7631755389950492,2,143,0.28466086467542434,1.022100403643491,2,200
130,0.313883199775331,1.0522492830067465,2,73
131,0.11756709033814294,1.069623934775591,2,200
132,0.3451104651751669,0.932503668161539,2,26
133,0.3961771183805878,0.5996056926250458,2,50,0.035711313362745356,0.685089478125939,2,76,0.3199988134908701,0.6512922244913438,2,161,0.02482611858709244,0.8896577984858782,2,200
134,0.294917809927988,0.9145899319648743,2,200
135,0.3114772580355419,0.40811351120471956,2,200
136,0.025831492365642958,0.3503947593863048,2,63,0.1581653217551429,0.8772804836432139,2,111
137,0.3510039222949737,1.1326314240694046,2,200
138,0.25290428224488365,0.7842468359484905,2,164,0.016895072121711784,0.3112153924173779,2,200
139,0.2517901613145293,0.9297309753298759,2,200
140,0.2187726318251091,0.9706135949780864,2,62,0.020846147034193862,0.6704630464315414,2,102,0.2104504302361952,1.0779824183911693,2,200
141,0.15146134086219323,0.7940239755459774,2,162,0.03484903863747017,0.5080781696658385,2,200
142,0.2923055524751969,0.5348212950083674,2,49,0.08266146161749226,0.6427901876683266,2,200
143,0.2716904329801372,0.9260955775270656,2,98
144,0.2721108146675225,1.0506919239774162,2,81
145,0.15918110442821506,0.9860626557551393,2,109,0.02318094679922802,0.8707614277684411,2,152
146,0.30233189145013983,0.9035858464241028,2,100,0.09137823556615642,0.8704627040028572,2,200
147,0.3090679260572459,0.9212243099297796,2,56,0.02108015466288027,0.5662641929041955,2,87,0.2692493514732359,1.016345851716742,2,200
148,0.4693455063316168,0.5796285644173622,2,32,0.0464445177091212,0.6017570123076439,2,112,0.23528898649502947,0.6094423722137104,2,200
149,0.2724363825160775,1.4515914214981926,2,180
150,0.042158751685279855,0.36328245043754576,2,25
151,0.01673061036944365,0.8702981501817704,2,20,0.36994360298602313,1.1702457427978517,2,85
152,0.26511939354197833,1.0551791456010606,2,162,0.03919127506469597,0.8482292341558557,2,200
153,0.21117410634559014,0.761437489749482,2,161,0.025682570226208082,0.973202265225924,2,200
154,0.24523233830864768,1.097752801009587,2,91,0.03985190963658091,0.8239662289619446,2,136,0.2641807049465495,1.2533795149065554,2,200
155,0.2395896267559788,1.1207166439294816,2,200
156,0.37835460067292953,1.2644877949757363,2,67,0.03339344209028671,0.982120944903447,2,93,0.3952973951132836,1.333806533679784,2,200
157,0.02154784949299665,0.7492130071886124,2,31,0.18445573793284398,0.8554569855773237,2,200
158,0.37489325097855886,1.1803835284709931,2,200
159,0.20690499630780654,1.6864930663521833,2,127,0.028987591559995255,0.33076102236906685,2,142,0.19534814590422192,1.6579537325435214,2,178,0.023188412400892686,0.20023944296620108,2,200
160,0.11418177660097382,0.793628152873781,2,108
161,0.02652554517611822,0.7552217990159988,2,84,0.3011755392097277,0.8031742778317682,2,200
162,0.17452491066682796,0.23329132981598377,2,24
163,0.31813533126572224,0.26767732909996145,2,137
164,0.1770625483088678,0.5451183742284775,2,200
165,0.33004478986351876,0.7920054056007286,2,116,0.10234940283730284,0.7915663215376082,2,200
166,0.06603960663025839,1.0795458793640136,2,20
167,0.04606712787978504,0.8835850078232435,2,49,0.3100942859927422,0.3006421674381603,2,104
168,0.2583865077327853,1.4189663171768188,2,200
169,0.2620497709601575,1.0696272827544302,2,106,0.01276802832786045,0.1507050564343279,2,128,0.3055014130576227,1.0691739436652925,2,200
170,0.285714499241854,0.46423543871126394,2,176,0.2781331753331806,1.3019004712502162,2,200
171,0.3427148766095623,1.2680729821972225,2,92
172,0.31257550142938134,1.0715796627215486,2,67,0.021938450511257455,0.8861625095208486,2,97
173,0.19226252911555003,1.1616761791706085,2,200
174,0.5290106736254571,0.8188442715576717,2,14,0.03528151098407642,0.7807035610383871,2,112,0.32469544463818295,0.8198058422316205,2,200
175,0.2125371864986244,0.9827748157083989,2,80,0.03311438968306408,0.6731314597030481,2,200
176,0.13720255233449652,0.7840898704528808,2,200
177,0.2949325671497842,0.6734151921225983,2,103,0.04110259215405774,0.7750645156988164,2,200
178,0.3042779150524049,0.8759455361962318,2,200
179,0.20377798253304016,0.9411999885737896,2,200
180,0.35826741236849324,1.2536955037206974,2,53
181,0.21503972919901557,0.6161748257699919,2,163,0.03766606783911721,0.5123686766302263,2,200
182,0.2135826335728501,1.4882514448050994,2,83
183,0.12164964958026081,0.8239336842298508,2,200
184,0.18703435215525754,1.6354200608200498,2,36
185,0.2555875870144871,1.2774544428837926,2,152
186,0.45870584965990807,1.1899062565394811,2,14,0.03847165033880684,0.5068287019218717,2,126,0.36191342544471816,0.7748958187944749,2,177,0.027481211692944672,0.42664643020733545,2,200
187,0.042727144535720324,1.0965253329939313,2,36,0.2753814947930012,1.468580442926158,2,105,0.03097770325413891,0.7978094685822725,2,137,0.27051080436841635,1.4446594393442547,2,200
188,0.2734149834396555,0.8091389667697069,2,123,0.03657694942815435,0.8579358837821267,2,156,0.2957059164366994,0.674521033059467,2,200
189,0.25335778499129646,1.6115580117260968,2,135
190,0.34453880024436423,1.2161209629132197,2,26
191,0.21105560888109873,1.0821832721516238,2,59
192,0.020978451385977783,0.5981215357780456,2,15,0.3889140928027176,1.1647998146388843,2,61
193,0.28450885265102765,1.5769933836800711,2,35
194,0.2006874416927786,0.7286534003198963,2,73
195,0.2429355229082822,1.086117860312774,2,107,0.029361501515095076,0.8812433567599974,2,176,0.23552693054546045,1.089630350470543,2,200
196,0.22450382485850295,0.6772875973582267,2,200
197,0.3825431950043422,0.9763879290223122,2,200
198,0.312060719158704,0.9106559987350177,2,186
199,0.27236199804310385,0.8377583172917366,2,200
200,0.29707266001620636,1.0828349074492087,2,104,0.03242876039700196,0.7591777633015926,2,156,0.36279070367800564,1.1834149848331104,2,200
201,0.11303221864172315,0.855136625748828,2,133,0.03631686607738114,0.5913810854527488,2,200
202,0.21708496945796274,1.0869357972531706,2,37,0.016266178177738164,0.42396749488332053,2,103,0.15448247833260206,0.9896524778960907,2,200
203,0.4454856951375177,1.4489251349834686,2,47,0.03730232553927714,0.7189847316060748,2,82,0.21170097770524535,1.11095442130404,2,200
204,0.08050260430393208,0.8138424558493927,2,131,0.2704776226338882,1.0043964299602786,2,200
205,0.3130165510635274,0.8670086363951365,2,42
206,0.353921873102429,0.9541764228771894,2,39,0.046052043981129,0.7010143231600523,2,119,0.25832119811457893,0.8155753958372423,2,200
207,0.1718109616670974,0.8521405562758446,2,200
208,0.02079206447326079,0.21201350920730166,2,45,0.2976071172353639,0.9203579687490696,2,86
209,0.21681629456867077,0.6862595589072616,2,27
210,0.2364711033402273,0.5759443631538979,2,130
211,0.2842394746038105,0.9347189622265952,2,28
212,0.0255054495892458,0.7442748673034437,2,33,0.2853720109596561,1.04335237834268,2,200
213,0.3225278160780906,0.7204972311854363,2,200
214,0.2434439559743713,0.7393163603544235,2,200
215,0.33407223714410594,1.0729002255201339,2,200
216,0.31666956244948,0.9217386573553086,2,200
217,0.04604212888161678,0.7318262694513097,2,68,0.09579028856488907,1.395942972256587,2,81,0.1969435550014739,1.5515752960653866,2,200
218,0.38705314023397397,1.6189844542079501,2,72,0.021926110699653455,0.6708111436136307,2,103,0.2667023399517253,1.469523754316507,2,200
219,0.19536755012752735,1.283697481813102,2,58
220,0.052049353654100954,0.9536705033199208,2,37,0.2322582635190234,1.3007278957981274,2,200
221,0.34531406502290907,1.9251724754061017,3,35,0.04754932460901987,0.3926033059755961,2,50,0.12492068420746025,1.6415354458972662,2,149
222,0.369435885279095,1.011830175916354,2,24,0.030549555722668452,0.48152730653160497,2,62,0.36353362283079116,1.0895738005638123,2,76
223,0.34446482930574984,0.7713876451764788,2,49
224,0.3033111335165838,0.7744820433504441,2,34
225,0.1362117515569244,1.0032604788911754,2,145
226,0.33018415987378286,0.9194976719362395,2,112,0.01611985016805894,0.5906324088573456,2,132,0.31265455418596294,0.8371535022469128,2,200
227,0.2986356498491581,1.1458811404100104,2,67,0.03885971488216719,0.8842092085452307,2,109,0.24699038642335847,1.2075212145899679,2,200
228,0.30209927896353056,1.1333531707525253,2,200
229,0.27732127563907655,0.503377978503704,2,20,0.030040215887273628,0.8673639906777276,2,65,0.22907557894962782,0.7092240889867146,2,200
230,0.16387474016423886,0.8383200963338217,2,21
231,0.3559186631782237,0.824484873901714,2,44,0.03703426556782249,0.8377010015880361,2,95,0.2803129240095418,0.8912699143091838,2,200
232,0.21213070898094885,0.7682487863302231,2,200
233,0.04118776185826701,0.7411627453916213,2,68,0.20077392930170848,0.8432935268589945,2,200
234,0.3696735766666113,1.1311100022546177,2,29
235,0.1670398103399913,0.7652064703759693,2,42,0.019782217345620263,0.3796556721562925,2,134,0.22940964202902597,0.8485878686110179,2,164
236,0.29100493732124744,0.725325391292572,2,200
237,0.09899097830893133,0.8790818224718542,2,81
238,0.046211373789002516,0.911439414207752,2,26
239,0.17654283013568184,0.8118274198022,2,43
240,0.22818461885401373,1.2521834874153137,2,200
241,0.23095746816774904,0.8038713374733925,2,200
242,0.290915505892083,0.8529692551493645,2,200
243,0.15052264632728946,1.5935532519691868,2,95,0.022904146498411798,0.8523902501910925,2,127,0.34847080331663566,1.8288979584520513,2,193
244,0.232858206176684,0.6895444333553314,2,200
245,0.07825336978441286,0.9523111993074417,2,200
246,0.26378268976565417,1.0120415702187942,2,163,0.025397842323477353,0.5809787060763385,2,200
247,0.09513860259927198,0.8042729698121548,2,200
248,0.27637687566258595,1.2160911313418685,2,58,0.05029034148442798,0.7437052570026497,2,174,0.3532162490630708,1.2621944867647612,2,200
249,0.10148760261104135,0.8460609201462038,2,62
250,0.30519689993684973,0.703855037689209,2,13,0.0233742489017739,0.7514302758283393,2,56,0.3308847321966202,1.0841843843460084,2,81,0.024872246471367352,0.8591380010951649,2,114,0.18101143533652833,0.8052550498829332,2,200
251,0.33511970307463673,0.5300618302822113,2,200
252,0.16526729225005496,1.0423175060749055,2,200
253,0.3311369352983138,1.152498293526565,2,158,0.023603745017210104,0.40462960339174037,2,199
254,0.2498523073842513,1.0241220648549183,2,119,0.02134364089635102,0.478100862828168,2,174,0.27657583652554585,1.1910950220548189,2,200
255,0.23955300609936755,1.0895492434501648,2,200
256,0.052166006623601005,0.71875638457445,2,39,0.2313621758580655,0.4488567236222719,2,134,0.04465707853469809,0.25924591900724353,2,200
257,0.2675891682558269,0.7168840155005455,2,200
258,0.3640825225737917,1.4314079407987923,2,29
259,0.30284952987485303,0.9243234929285551,2,76
260,0.12657360574332474,0.9235055735707283,2,200
261,0.03971584855363488,0.4085194998702338,2,172,0.2992190616005878,0.4275576365845544,2,200
262,0.23124446062699797,0.9221642901003361,2,200
263,0.1999108787076359,0.8490835286676883,2,200
264,0.29021755298569574,0.3143449166417122,2,200
265,0.04243984898500169,0.7719219518559319,2,28,0.20791891190289719,0.9641170612601346,2,200
266,0.2609847712416827,0.9110184750136208,2,102
267,0.236770830798308,0.9910895665486653,2,30
268,0.2847216250171076,0.6473153563255959,2,47
269,0.19794960273124335,1.3928653815435985,2,63,0.04843916687042547,0.8531566093797269,2,132,0.3358575828027418,1.553000674528234,2,200
270,0.17903989348926647,0.5968629841009776,2,75
271,0.1916989564841926,0.8699064893381936,2,28
272,0.18136526050290713,0.8144985083806313,2,59
273,0.3433875519911335,1.1425228425434657,2,35,0.025113603655834992,0.8687993226380184,2,64,0.29578216526466755,1.0912229716777802,2,128
274,0.28986555136357905,1.6359927990857293,2,170,0.018436148487979427,0.18348133776869094,2,191,0.26865195165293243,1.6967278454038832,2,200
275,0.07943574177127999,0.6926066443837923,2,58,0.016997401373939847,0.11649530662430657,2,103,0.21332760671757173,0.8233877349760115,2,200
276,0.26321589074056895,1.4081882201135159,2,128,0.08364413795961617,0.8791392851206992,2,200
277,0.4057766679885775,0.9476660544222052,2,22
278,0.3328325529418081,1.2006389664821937,2,61
279,0.2587471987821029,1.6295948639512061,2,80,0.05692665402488382,1.1293770772106242,2,133
280,0.13578159429910783,1.2370453126728536,2,200
281,0.012793293113851557,0.26274533569812775,2,12,0.23586444799828926,0.6160796116641227,2,200
282,0.13673268666651262,0.9160029125213623,2,75
283,0.19255589032570386,0.8065758727490902,2,80
284,0.08148064531693848,0.5732363582803652,2,26
285,0.24681378059999148,0.8749271598127153,2,36,0.04883980115243921,0.5194222548457442,2,97
286,0.2585447153414071,1.272113279060081,2,27
287,0.32207542535983424,1.0948024713993072,2,200
288,0.23165207403705634,1.3990799965397005,2,155,0.05901990855097324,1.0788909236590067,2,200
