0,0.06419419011159556,0.9469613595442339,2,11,1.1814115615933267,0.10792680019917696,2,34,0.05968054534222817,0.9841249869830573,2,101,0.8622498242171242,0.12349482893943786,2,126,0.052262095063885516,0.7060511410236359,2,144,0.5737872196063862,0.0926303856594618,2,187,0.09178057983768344,0.6963348480371329,2,200
1,0.07735470740494184,0.41261670053005217,2,200
2,0.1391714437898676,0.7507481326659521,2,12,0.6706521012388631,1.561209128183477,2,46,0.20566055854913726,0.579168669202111,2,178,0.28945032066435483,0.9988865341459002,2,185
3,0.8376254260492987,0.1710056022126624,2,47,0.05511886990791866,0.3725505570570628,2,50,0.8655621837876559,0.18666518609160962,2,96,0.2698833788724672,0.37822696779455456,2,124,0.3002170068972896,1.179011657834053,2,132,0.5545809281541587,0.3752185066158955,2,158,0.2866833811597844,1.469868032555831,2,177
4,0.06768173475369624,0.4490256149853979,2,28,0.3688422178808311,0.7187206089496613,2,38,1.138368695197905,0.12766568234254574,2,96,0.2780382088132559,1.6922501836504256,2,124,0.6673281038853857,1.2999489784240723,2,134
5,0.31954210832156077,0.7615671813488006,2,10,0.016207579770132003,1.0741960644721984,2,20
6,0.7159859945789441,1.6065726895486154,2,31,0.06168849992538298,0.13922103518439877,2,62,0.693669979209955,0.21628139404261984,2,103,0.9641665918128377,1.44017436504364,2,108,1.027604247388098,0.20590034039581523,2,125,1.6049571041217578,0.03530616749007747,2,178,0.05493988099797513,0.2635786285003026,2,181,1.2386360499760878,0.12494121099773206,2,200
7,0.05590126027169044,0.21730701439082623,2,32,0.04370582888486366,0.8130505007246266,2,55,0.048302988562948776,0.21255398507822643,2,99
8,0.23373592706415755,0.6738633116086324,2,9,0.016607260485666096,1.0349337458610535,2,20
9,0.23990871486143434,1.2838713645935058,2,25,0.5654054224539378,1.228566504106289,2,66,0.23504755354997006,1.322066194975554,2,200
10,0.31331747276403366,0.8445899363548036,2,63
11,0.27504045733159754,0.8595857322216034,2,14,0.021592943228117837,1.0184049606323242,2,20
12,0.3904931661388456,1.1075350235004235,2,101,0.8358884005400892,0.13023838942701166,2,200
13,0.6454085217394053,0.8016229773822584,2,19,0.33585732891226877,0.3297238824042407,2,30,0.08015589084873019,0.37041674980095457,2,44,0.6723566493904596,0.47492300868034365,2,49,0.7238255037453029,0.651475494558161,2,60,0.11808243777641074,0.7273428263989362,2,104
14,0.3225538125605931,1.127991876431874,2,28,0.050459728954355285,0.8279204374267941,2,133,0.463017195696803,1.09417125582695,2,149,0.033540643695463064,1.0387116883482252,2,177,0.44573911407193967,1.2566306228223054,2,200
15,0.44644115740483836,0.11716711521148682,2,182,0.555951322395969,1.5025942193137274,2,200
16,0.7121281352275376,1.0749421289988927,2,7,0.6470344550513005,0.39812632381916047,2,57,0.34208230148299745,0.7773431971961376,2,108,0.44588796028494543,1.396557294804117,2,200
17,0.28404641983666634,0.45697426355220905,2,142,0.44156012918832127,1.31055499767435,2,200
18,0.22917365437952317,0.3690770924091339,2,20,0.10188825201554796,0.6606458246707916,2,60,0.3146241841535556,0.5882526189088821,2,68,0.477666375799032,0.9525660157203675,2,88
19,0.7269994566464832,0.34064911420528704,2,26,0.06391515622679085,0.5680500303997713,2,43,0.9386065507594067,0.20855182533462843,2,55,0.06691574135572682,0.40412308275699615,2,59,1.9520056162544446,0.14757234709603445,2,94,6.519997393320055,0.1184573984000741,2,135,2.3243115359215296,0.15321158079000619,2,200
20,0.31553322827229796,0.7035239458084106,2,20,0.4068665228967624,1.1020565315296775,2,58,0.3591234959575183,0.8875414222478867,2,158,1.4086186702417764,0.18218558835677612,2,197
21,0.07023305471032518,0.28542901149817873,2,7,0.5054955853883145,0.14698780585419047,2,62,1.1791992632047994,0.08193364415479742,2,200
22,0.3414532672723572,1.154891699552536,2,92
23,0.611682362037208,1.0743866107043099,2,34,0.028137053922094916,0.6275906190276146,2,58,0.5594338790705253,1.2077916310383723,2,71,0.04229881606792536,0.7003485975058182,2,94,0.43219087775553466,1.0798300313949585,2,119
24,0.40176016061287895,1.0886031627655028,2,35,0.8242304156627747,0.15067828830444452,2,68,0.07730644631053692,1.0575411490031652,2,117,0.4465490234604671,0.928090002225793,2,140,0.07404137558578455,0.7736032849008386,2,162,0.8179606471337219,0.4795758849696109,2,200
25,0.522284769805327,1.221036547422409,2,20
26,0.05943323071119377,1.0977417167864347,2,57,0.5526860523033463,1.0986842487169348,2,80
27,0.6350052263506145,1.3097093105316162,2,27
28,0.3025989545650984,0.6042197804152966,2,200
29,0.4425637111284299,1.2507992275059223,2,32
30,0.36715047441543613,0.9189737478892008,2,15,0.8954353310623191,0.3249335532838648,2,37
31,0.4549690256460315,1.0320243120193482,2,25
32,0.3737046033104368,1.248136885740139,2,108,0.8560549545651258,0.31770517694395645,2,151
33,0.21625063678905915,0.39068547033128287,2,105
34,0.32813608072256056,0.9373977541923523,2,5,0.27202556924296667,0.3919333214642572,2,66,0.3536464789263313,0.9525119513273239,2,82
35,0.33814563169350503,0.9369600274589625,2,89
36,0.2793940361755887,0.22125091552734374,2,10,0.32955332634819373,1.149417797724406,2,25
37,0.3301330641785963,0.9500905501215081,2,95
38,0.7094017641514393,1.3711023728052776,2,15,0.6966882513309025,0.09531340132588925,2,84
39,0.3238734998446672,0.41583025590939954,2,22,0.5761734662718607,0.8806906342506409,2,34
