0,0.3339420736891834,0.09965592447449179,2,51
1,0.05977661127204257,0.5352236188948154,2,200
2,0.2759063912719606,0.6640602548917135,2,15,0.4441640011500506,1.0797664207570694,2,83,0.14198099350183882,0.5525756213400099,2,200
3,0.25209466941932873,0.8827246660771577,2,23
4,0.38982396335295183,0.8493378162384033,2,11,0.07229710754410647,0.6799580653508505,2,32,0.655111712501251,1.2879404842853546,2,72,1.2648015656987353,0.07774859666824341,2,76,0.13389818884700508,0.3355872333049774,2,85,0.9262494720381651,0.11760623312514762,2,200
5,0.5593506530264464,1.1396643549203873,2,40
6,0.021958152706282614,0.8790089854827294,2,26,0.4198126058301873,1.115109771490097,2,58,0.35685654269653383,0.55533899863561,2,73,0.9088559879672294,1.0148255825042725,2,88
7,0.3060535797978576,0.977561887885843,2,112
8,0.25970852910088865,0.5444690169028517,2,53
9,0.16588438150744458,0.7634461459360624,2,19,0.37702049629761275,1.2470477514488751,2,105,0.2826173297213906,0.9389738076611569,2,200
10,0.3929263295661535,0.7061386489868164,2,200
11,0.3227179427568716,0.6685333777041662,2,42,0.45497697962720157,1.130051248603397,2,78,0.2604656455336235,0.7001555314603841,2,131,0.05386791969450698,1.0436009407043456,2,141,0.31563812446019,1.14962060774787,2,200
12,0.49321780307215457,1.2122327460183038,2,45
13,0.6021854534504174,0.7215442776679992,2,10,0.13565642683147053,1.3461536778344048,2,55,0.7088832924521546,0.5043701997825077,2,90,0.0852202622616676,1.2213473982281156,2,126,0.4206907518867931,0.3861114427447319,2,136,0.22401520416116597,1.2770846207936606,2,151,0.22640536150428522,0.73472198373393,2,170,0.7029327167744224,0.6903133024772008,2,200
14,0.1886505041281568,0.45344495965588477,2,124
15,0.4046705837539606,0.9335158536600512,2,43,0.42882805519928036,0.7095941001442587,2,200
16,0.48179839465294566,1.098896548861549,2,21,0.32260298154308614,0.6592478067127626,2,88,0.6373288490566368,0.16280226302998407,2,200
17,0.3331948463209728,0.9344328913772315,2,57
18,0.13123809114350216,0.4236341463892083,2,19,0.7542097339399728,0.36864441349392846,2,40,0.1862368131774962,0.4158822581171989,2,80,0.5900948726519732,0.332665354013443,2,135,1.7007537020988022,0.1472816428412562,2,158,0.28923592196020614,0.3558451616101795,2,185,3.128784798186194,0.3394526143868764,2,188,0.12471424519589139,0.342605118950208,2,200
19,0.054003813446807845,1.0595469860803512,2,105,0.48166353517109944,1.042417008143205,2,131,0.05843249058441192,1.1713400994028365,2,173,0.4397057380210858,1.0501937725964714,2,190,0.1102720113306674,1.5591648022333782,2,199
20,0.027038269053967293,0.2473656435807546,2,15,0.8128546182841802,1.6539172679185867,2,31,0.9901317736424246,1.2312586032427275,2,44,0.03979438142268498,1.1882025003433228,2,49,10.21937588537101,1.9892178773880005,3,53,0.026148875112750023,1.234991987546285,2,56,6.561543965534096,1.9506954737007618,3,88,0.29803642359787935,1.3923045907701765,2,95,8.268668510460866,1.97698841492335,3,107,0.19509336594255092,1.4753554718835014,2,114,7.2533872882193196,1.9530689996831558,3,131,0.04467230804373508,1.1451549530029297,2,135,8.311858077499176,1.9467185934384663,3,141,0.08874638479885662,1.2825433492660523,2,146,6.7584275754628225,1.921748313036832,3,157,0.1224379043051046,1.3618664741516113,2,163,9.14846669712205,1.9508446996862239,3,174,0.3260447255626812,0.7968057274818421,2,184,12.570701109782059,1.9846760511398316,3,194,0.060811844705008306,0.9088982939720154,2,200
21,0.28194504274037835,0.42344225016800136,2,37
22,0.5110918090560067,1.4065941343916224,2,47,0.05103419357643386,0.16744685918092728,2,57,0.320405016221554,0.12136087247303554,2,64,0.021242960215988933,0.2524041285117467,2,70,0.40150881446687187,0.087184589356184,2,98,0.928188662997306,1.7992408275604248,2,114,0.17894202040030247,0.17017654556295145,2,137,0.023362916391893588,0.15169354610972935,2,146,1.0079529290482871,0.1947031132876873,2,150,0.017912029699430922,0.46817480524381,2,156,0.09020153005513165,0.8467642366886139,2,162,1.0161899670231709,1.0310534954071044,2,167,0.01943849416719242,0.23582679958179079,2,196,0.6152919598010728,1.11448934674263,2,200
23,0.05721338642160993,0.9033401012420654,2,59,0.5536547850815491,1.0947615397282136,2,98,0.08529124824287053,1.2110929191112518,2,106,0.5111469781559799,1.0930137293679374,2,127,0.07587110868531814,1.1154650010560687,2,146,0.5430414240503029,0.8755392063231695,2,167,0.47992510266570926,0.4009048467682254,2,198
24,0.4459325396951209,0.6765067708201524,2,82,0.8025466340949312,0.3357614353299141,2,106,0.32907806915105703,1.0286142230033875,2,135,0.8097650529801877,0.11854850465343111,2,156,0.5289633080454803,0.41922705930968124,2,180,0.5973910685150651,1.2346104515923395,2,189,1.1585463240716225,0.15125420418652621,2,200
25,0.2093584720606922,0.15039578368586878,2,31,0.723803080105598,0.23130733609199525,2,56,0.031865556585601966,0.4789460599422455,2,62,0.9047169471671573,0.10864903198348151,2,71,0.1328683882038922,0.29300205409526825,2,101,1.0488951142663443,1.815646833843655,2,110,0.05063629626421552,0.6419209043184916,2,113,0.8442204814984371,0.5568167137749055,2,130,1.4840893714197898,1.1668283641338348,2,138,1.2591543961378957,0.19460364977518718,2,153,0.3220340967060653,0.11521980293253635,2,200
26,0.2120484619391422,1.3651796508403051,2,84,0.6640232884728788,0.35909736737356346,2,143,0.2833029052950017,1.6440343459447224,2,167,0.7643030282168417,0.4083244994734273,2,200
27,0.3934133164113213,0.7401030460993449,2,15,0.02158990761321443,1.0860442638397216,2,20
28,0.3853324417204685,0.7647118887731007,2,56
29,0.36683125073974254,0.7925104532923017,2,35,0.03971167444845852,0.788930336634318,2,38,0.8828820930164074,0.6591839696231642,2,57,0.021886378225232008,1.001139149069786,2,65,0.6905063213833795,0.6265343257359096,2,72,0.11676045155051605,0.7463328162829082,2,87,0.8532780321848034,0.43652333815892536,2,93
