0,0.25563514514735186,0.5886541038751603,2,20
1,0.5370723380694207,0.7285574632031577,2,14,0.31105559572088437,0.2101704461707009,2,23,0.37914517637282685,1.4573077708482742,2,31,0.8934973059718383,0.14387938080454718,2,200
2,0.2018757571364413,0.30328518805438526,2,73,0.5230640121585672,1.4231728613376617,2,85
3,0.22386817654335495,0.7583803590387106,2,64,0.217111647554821,1.0525799186333367,2,110,0.43103332696779173,1.0463550978236729,2,200
4,0.32921356822396836,0.5541997390488783,2,24,0.857464810737215,0.1967083868989046,2,162,0.41371455417878683,0.3140324224766932,2,200
5,0.25121115150703893,1.0309909040277654,2,11,0.01591042568372871,1.1156861649619207,2,20
6,0.09677430426182941,0.8561707409315331,2,86,0.7973251333628247,0.2616569912224485,2,143,0.28971724403117277,0.2816459760069847,2,173,0.04781029698855599,0.3390424340963364,2,178,0.8671797171736084,0.27734205668622797,2,200
7,0.3800300613048657,1.0856419492226381,2,104
8,0.053688285161870804,1.0054928745542253,2,7,0.5135106216487867,1.1206931735194006,2,50,0.08676158952941834,0.8151900172233582,2,56,1.123319154820896,0.5025551989674568,2,60,0.03274937071624584,0.7685763143945015,2,147,0.46174210200342203,1.0789384423075496,2,184
9,0.007329053265366954,0.7171713382005691,2,20
10,0.24646295658944536,0.5081921500318191,2,17,0.4235775660394552,0.9708600640296936,2,35,0.8015745167658265,0.17008906478683153,2,47,0.410772286415076,1.0076403064387185,2,61,0.5884520649540353,0.27297293245792387,2,86,1.1242955613544727,0.10452258792416803,2,144,0.1285499551744924,0.33785327843257357,2,151,0.9478426448258632,0.16946190435971534,2,179,0.1543493748058637,0.4148283766375648,2,188,1.3706469765305236,0.1276386355360349,2,200
11,0.2814338538095825,0.6186314304669698,2,90,0.49190722243664303,1.0067601908336987,2,156,0.3372122051552562,0.46928944370963355,2,200
12,0.4255530625594155,1.0120694684982299,2,25,0.07646640065388675,0.9286521390506199,2,200
13,0.44303546428309215,1.4985860245568412,2,7,0.05012772373697218,0.9691193832291497,2,25,0.3070289687052347,1.319311909377575,2,41
14,0.3827281891608289,0.788848802631284,2,81,0.07929728404384222,0.738632624799555,2,92,0.8908715847160323,0.3121182968219121,2,125,0.14599691266595435,0.465069597417658,2,136,0.9697279154833711,0.3150593837102254,2,157,0.09785790032162515,0.43845157623291015,2,172,1.0835025781145595,0.25506896898150444,2,176,0.06906128831087488,0.4358267145497458,2,183,1.171433770375936,0.251041483353166,2,200
15,0.29759844832648563,1.0816194670540946,2,7,0.015081721420548677,1.042871369765355,2,20
16,0.919687946918957,0.14651396133397754,2,95,0.07287638505201643,0.5505109088761466,2,102,1.7663710683524605,0.13085350683149027,2,200
17,0.4739100393429558,0.8353813120297023,2,14,0.35974283207661006,0.3047765590049125,2,51,0.34763246505721185,1.0026892647147179,2,75
18,0.3294838943012069,0.9577565037685892,2,23
19,0.7747914105975497,1.7451146727516538,2,21
20,0.3852632699385182,0.9056151211261749,2,22
21,0.3308546606975433,1.128326705208531,2,54
22,0.30003353357209134,0.42862793430685997,2,8,0.5143694917904215,1.2647264314458726,2,102,0.09391960531034128,0.28559774127991305,2,148,0.6282924500514149,1.3808764964342117,2,164
23,0.30312674744900747,0.5853826006253561,2,15,0.7641271186620029,0.14203727224194412,2,156,0.306688161492035,0.4893206994641911,2,200
24,0.2549579675002047,0.8652252533606121,2,56,0.23433685862161238,0.599446756972207,2,92,0.4254226653533287,1.4490375220775604,2,96
25,0.3575596545939897,1.0688656425476075,2,25
26,0.22324299557262708,1.3557576482946223,2,11,0.13315365585688158,0.18094056248664855,2,26
27,0.4082901401533746,0.48615442050827873,2,27
28,0.46404599771802496,1.6579281568527222,2,5,0.0560884746610319,0.8327084814292797,2,74,0.8311990159090358,0.271763759030812,2,143,0.23891184223085915,1.397813652952512,2,167
29,0.3375577583972112,1.2835736513137816,2,5,0.026078483712213846,0.5937382368480458,2,73,0.06049972747464026,0.5384840394059817,2,97
30,0.288841440293731,0.23416978070291422,2,118,0.3794577754891917,1.17672770553165,2,145
31,0.32668388149472105,1.2771422159476358,2,122
32,0.36632342435991616,1.2369932583820673,2,81
33,0.37933043970024094,0.8715208538116948,2,62,0.2773949965416351,0.5887399949133396,2,78,0.09402049941510587,0.4633393793002419,2,101
34,0.459261595185302,1.1896992032810794,2,59,0.05136407016675064,1.1146156054276686,2,72,0.05084379198182657,0.876292719560511,2,89
35,0.4938988359463752,0.853652761096046,2,21
36,0.3136900973676396,0.9579419130232276,2,41
37,0.43809234665856056,1.4215079494144605,2,23
