0,1.1957610881066096,0.4373412945053794,2,22,0.15501009044318814,0.5752232760599215,2,95,0.2986000705522276,0.3832983137930141,2,129,0.5349071222189686,1.0751176675160725,2,165,0.3587868094976979,0.5630816893918174,2,200
1,0.43699774241252504,0.8299624670524987,2,98
2,0.4195560880717727,0.930829501577786,2,56
3,0.3030606426436611,0.659299498796463,2,10,0.08546989129184686,0.7746539934685356,2,200
4,0.06505087871346761,0.9139696187094638,2,38,0.833975578039205,0.3164425010864551,2,51,0.062220650217016095,0.9942693259980944,2,141,0.399427102303557,1.0313164270841157,2,154,0.05386835921550423,1.0698653161525726,2,162,0.5576752576479752,1.0689618797863232,2,179,0.06294445594488367,1.0351023901076544,2,200
5,0.28586237626462996,1.0364591844620243,2,93
6,0.320013578428794,0.22760249972343444,2,15,0.0173517387178879,0.8768011331558228,2,20
7,0.4194486579866819,1.1259209371748424,2,42,0.38085146085288063,0.7460243518535907,2,94,0.41124469767844735,1.0035148433276586,2,122
8,0.3841945612389983,1.0025584594063137,2,23,0.28191251916422044,0.7213317235310872,2,83,0.6581434002952593,0.8992859550884792,2,118,0.2609896586942233,0.6917825828238231,2,200
9,0.1866384614254247,0.49924808378155167,2,74,0.8091668606323844,0.1986677365170585,2,200
10,0.31662189666247315,0.5242123824357986,2,50,0.7650027177256455,0.3898731358349323,2,94,0.31165928926893766,0.44338090830254107,2,200
11,0.06465777591798413,0.8395097392151155,2,83,0.39794447689796625,0.9918515114557176,2,104,0.07089284165476627,0.747245976153542,2,138,0.6235201445413993,1.1011729650199413,2,170,0.06525853160128621,0.888700419664383,2,200
12,0.2369240875012918,0.640300394188274,2,110,0.2943631144434969,0.8121233847406175,2,200
13,0.515111723030039,0.7247078816095988,2,6,0.06022742123255273,0.5196391151032664,2,94,0.756156149445095,1.5287318504773653,2,107,1.0623107139265813,0.09550858790224248,2,162,1.5670979449852764,0.2710806081692378,2,192,0.25692706829115725,0.5151772275567055,2,200
14,0.728912205441186,1.7185009717941284,2,14,0.2769301947708326,0.1418643178684371,2,56,0.7503525669641351,0.061042576717833676,2,200
15,0.07967680495734238,1.165872504591276,2,179,0.22601954664258078,1.1798310052780878,2,200
16,0.06151295212398472,0.6773611230727954,2,39,0.325218799208127,0.7572919502854347,2,47,0.05936345978685512,0.5919988136738539,2,143,0.4490454899177351,1.193980796770616,2,165
17,0.5787675376975954,0.9619725108146667,2,20,0.053908554128202106,0.7987211147944132,2,26,0.05218689947024064,0.6354994058609009,2,36,0.7859120444997422,0.19086372355620065,2,45,0.06163018174473671,0.5861414933204651,2,70,0.6575121440949604,0.28906593322753904,2,120,0.0531788915057662,0.43509721755981445,2,123,0.8817656706651632,0.25491603202634044,2,200
18,0.19465736603577202,0.6353444545357315,2,27,0.254085119522192,0.9071311194981847,2,139,0.4699066809630852,0.8873418550022313,2,200
19,0.19882050576821966,0.6679701998427108,2,37
20,0.061129502230448614,0.9283942972358904,2,38,0.9665378518489514,0.3874425043662389,2,50,1.152426537931202,1.1730246245861053,2,62,0.05944462020429575,0.6814640419823783,2,69,0.8750737887791186,0.06277122936750713,2,88,0.11285562502971014,0.24859990179538727,2,108,0.7549126356095045,0.08230990932342853,2,155,0.04649471582269978,0.9312678972880045,2,200
21,0.07321320364534677,0.485582934319973,2,20,0.43128992200053096,0.9797877535223961,2,60,0.06659679285907631,0.8534223861164517,2,105,0.5337730461457016,0.8541263580322266,2,130,0.05340496655991,0.402913670028959,2,200
22,0.3537593707663431,1.220135251029593,2,61,0.32375854188733233,0.45470192780097324,2,73
23,0.342651841065001,1.170629013668407,2,22,1.0384516451866241,0.09165601610247769,2,89,0.2326975178216534,1.2638711418424333,2,96,7.826818667030062,1.809292733669281,2,104,0.35716087199332686,1.512447476387024,2,111,6.4997407870070525,1.5469480633735657,2,121,0.31303266931078433,1.305376982688904,2,126,8.809687530735381,1.7954697906970978,2,130,0.2748030028823574,0.9547483682632446,2,135,1.0144384443982495,0.1824834868311882,2,159,0.2489977026573097,1.3960645258426667,2,199
24,0.37641364118976084,1.2578148552865693,2,33
25,0.4899544568571986,1.0839414131350633,2,41
26,0.6963169161630965,0.9029636766229358,2,14,0.7099746575503939,0.5333751340707144,2,32,0.5388254957486324,0.9321540129184723,2,82,1.1194005606006265,0.10604678325000264,2,166,0.28612338979801627,0.8975679910544193,2,199
27,0.6485820542376564,1.2844368076324464,2,25,0.9803457710370714,0.13207487279260663,2,96,0.6416326266519212,0.8422627300024033,2,104,4.053220572620238,0.11053144931793213,2,136,0.1266932034191926,0.4498104155063629,2,141,4.0215128758816805,0.13559413158287437,2,200
28,0.39121463702185183,1.1767145707769302,2,103
29,0.18347560315331157,1.1650669528442679,2,103
30,0.18389170873482188,0.9213265226437495,2,13,0.01771748474879487,1.2046962295259749,2,20
31,0.4479569374000219,0.8427638441324234,2,100,0.15960976131358912,0.43225186400943333,2,109
32,0.5743735438752262,0.6314107537269592,2,5,0.06721609433486493,1.1010123135315046,2,149,0.4528984379310169,1.0475244266646249,2,163,0.06590231229653454,1.2296589645179543,2,200
33,0.29668924495407517,1.050679929745503,2,39
