0,0.3917484341225247,1.0434249365329742,2,200
1,0.29039533023315295,0.9163853119720112,2,44
2,0.05316410402186317,0.2294164736096452,2,41,0.38204769154241336,1.0400598123669624,2,57
3,0.3538158926469023,0.21584789834770501,2,51,0.41193046282719376,0.8238593406147428,2,78
4,0.4908477602880925,1.086919441819191,2,40,0.2043879743444326,1.099328128191141,2,144,0.41272676860986957,1.083549747100243,2,196
5,0.5271220939333161,1.0209132948437252,2,37,0.11726332128853341,1.0312722467937352,2,200
6,0.2240042274964524,1.1530302691459655,2,200
7,0.11472440964583445,0.46633768211240356,2,46,0.6145608923541164,1.4138209609424366,2,63,0.1192972231144084,0.17904048196731076,2,125,0.5486909392294145,1.1985127187111009,2,196
8,0.48338905059891063,1.2191073560714722,2,50,0.7878903460959625,0.5237469654530287,2,82,0.5078849627822325,1.512837862968445,2,92,1.356216958445957,0.11317033879458904,2,100,0.3237993053944718,0.5893447319666545,2,130,0.33842797204035197,0.2697117204467456,2,154,1.3685774673398239,0.8222147464752197,2,164,0.7513260091887984,0.12552997345725694,2,200
9,0.40355789584696594,1.3272226367677962,2,14,0.30394081979356585,0.930905828031443,2,73,0.27052133506676956,0.6224678496676167,2,200
10,0.31937575078492453,1.131741133928299,2,200
11,0.18286011741580488,0.6636802265048027,2,200
12,0.029876242878952564,0.5505052971839904,2,200
13,0.29170049601961395,0.6397438237071037,2,200
14,0.1136127562409908,0.9616713146620159,2,158,0.4212451360475209,0.963574747244517,2,200
15,0.4576178406049689,0.8251557881665078,2,157,0.10930162352500249,0.22816213602955276,2,194,0.7331320252833495,0.9825536370277405,2,199
16,0.300040905508122,0.539633712455547,2,179,0.3632951218613521,1.0941453604471116,2,200
17,0.43341729024163883,1.0589597417462258,2,31,0.06543248681605797,0.9630736649036408,2,71,0.5936194830772654,1.0290950139363606,2,83,0.1023909616155725,0.7096982465849982,2,110,0.5425500115720926,1.26310475759728,2,153,0.07628151893204876,0.44135665245678113,2,199
18,0.34624026772292105,0.8658405732264561,2,113,0.22300391186922733,0.34747522624059657,2,200
19,0.5466460136313345,1.1813431796381029,2,59
20,0.4326976456786125,1.011690728366375,2,8,0.06531354102583634,0.5736161378713754,2,34,0.5567429018982426,1.1667194306850432,2,54
21,0.4854969750489384,0.7813786935806274,2,125,0.5654480649533884,0.30458648324012755,2,200
22,0.3305771471593809,0.8030342185308063,2,63,0.3872152309397636,1.0173512279552266,2,200
23,0.31616242990009075,1.1385623157024383,2,20
24,0.2969017636920908,0.938577371366908,2,178
25,0.2930054854222945,0.8041372701179149,2,43
26,0.23705699435918665,0.3776269562187649,2,42,0.34493410169318217,1.4206192791461945,2,50
27,0.3251001389638873,0.7668995586810289,2,108
28,0.33527692408423615,0.9254060630070962,2,59
29,0.33344160619573626,0.2937676351178776,2,22,0.07450684619015907,0.8192949209894452,2,29
