0,0.3125440049202862,0.8193817149709772,2,54,0.30188062091171364,0.5378010626882315,2,86,0.36400199080364276,1.1638649151875422,2,99
1,0.025693856701181104,0.16958241313695907,2,40,0.44287188515495496,1.2107622898541963,2,53,0.027991589038010793,0.26588791130638834,2,187,1.2641608216899354,0.1683265596628189,2,192,0.052514603521764146,0.5728193521499634,2,195,1.261364082729785,0.533556467294693,2,200
2,0.24839843010670792,0.44706650829315187,2,125,0.7776437241619893,1.5740463231739246,2,144,2.618181577199985,1.9283883130108868,3,171,0.3572168391202891,0.799032761937096,2,192,2.6916122153848403,1.6303115785121918,2,200
3,0.37554999210333134,1.1307935437251782,2,116
4,0.5913867425349107,0.2364963966196981,2,87,0.2970950936602905,0.30309536308050156,2,91,0.13181922371676272,1.2084929466247558,2,101,0.2102551209999204,0.3005870158473651,2,107,0.9704041059117585,0.1348709495681705,2,140,0.23796497357531557,0.351380968945367,2,175,0.965310222160925,0.1692216342687607,2,200
5,0.13879967161828963,0.3697910349477421,2,22,0.2771484702429944,1.2922244310379027,2,27,0.12294919239667405,0.2601699014025998,2,110,0.8538134504963892,0.813912034034729,2,114,0.09326142394595767,0.32394342297731443,2,200
6,0.12295313202576057,0.4089626043158419,2,68
7,0.3289175253231352,1.2205333270524676,2,114,0.39571876724610977,0.9454981801765305,2,170,0.5823045723726129,1.2875014818631685,2,183,0.10511630055795182,1.1903228479273178,2,200
8,0.38037793488267735,1.1843729931116105,2,200
9,0.39410527365063985,1.157978775284507,2,110
10,0.4690632706862404,1.3707078160210089,2,176
11,0.08071648527022084,0.65038635536116,2,98,0.6956186946135943,1.69039019461601,2,160,0.08561846374994461,0.6504954695701599,2,200
12,0.3112439487444927,0.9896804819936338,2,23
13,0.06055804463077537,0.08183543362479279,2,69
14,0.08434646660490791,1.162107765674591,2,16,0.04792761582895886,0.3736949983239174,2,116,0.41823823143270644,1.0242317914962769,2,127,0.05033671433618101,0.43618842347027503,2,200
15,0.27140352490350894,0.6750625272591909,2,30
16,0.08634678132486248,0.43637717818772354,2,54,0.5755932757834192,0.48703585267066957,2,59,0.37754563708401007,1.1250673905014992,2,67,1.0900751804409887,0.3948472663760185,2,71,0.0717709390790065,0.44875337183475494,2,139,0.32764651091549474,0.5329572064954726,2,200
17,0.041170343062988904,0.5451655352115631,2,200
18,0.2790582370993662,0.7269233413811388,2,58,0.38037535727541805,1.3580265417695045,2,74,0.29238265915775496,0.755405678162499,2,200
19,0.4297488655016826,1.2624783433716873,2,29,0.03522402195645083,0.28102385699748994,2,44,0.22713669415549811,0.5639004707336426,2,47,0.3900175219407851,1.0828484676100991,2,69,0.06285615400864393,0.43727369259481563,2,142,0.5368774575996559,1.205907686551412,2,157
20,0.25071546798170224,0.8026640021800995,2,50,0.6002111596358213,0.2202379428423368,2,63,0.01905949164137027,0.5860775589942933,2,68,1.1113491679552503,0.1796718010535607,2,81,0.4043217822870658,0.30127328634262085,2,90,0.2637042042661718,0.9185216916458947,2,174
21,0.24762246880381988,0.18853839380400522,2,7,0.016446573126343688,0.521239697933197,2,13,0.3006285910161449,0.33951615009989056,2,20
22,0.37758397968922947,0.313102753673281,2,70,1.4618779965368907,0.2003798727926455,2,89,0.31143725583691756,0.3662787228822708,2,113
23,0.6514182324033935,0.7969630757967631,2,18,0.2625917714393755,0.6408472684926765,2,104,0.3087284871717232,1.2472217082977295,2,112
24,0.5374592002823856,1.1792033886422917,2,49
25,0.514054569931057,0.819402196190574,2,22,0.12108664923826494,0.9668083411675913,2,49
26,0.01671746641057884,1.68046835064888,2,12,0.06133420167645567,0.7774812653660774,2,20
