0,0.3616357623810977,0.8743633139133453,2,200
1,0.3397845443063229,0.9498167514801026,2,55,1.382469081134795,0.5529740921088627,2,62,0.9774515176207095,1.3587931286204944,2,84,0.6758675882198433,0.4949119509685607,2,126,0.6979308909662665,0.8198610146840414,2,129,10.409654172609658,0.6648412704467773,2,134,0.3098087824510789,0.8105938091422572,2,200
2,0.4657658804612861,1.3023853836388424,2,29,0.34886321955696015,0.19267699494957924,2,101,0.4494612079531659,1.4279065450032553,2,116,0.3109401784639851,0.46737012692860197,2,130
3,0.32135854808391134,1.0802464584509532,2,12,0.046824892244810463,0.5390519220778283,2,200
4,0.24475312841464594,0.6368694173438209,2,140,0.2880488985837483,0.9103803634643555,2,143,0.41699765404498496,1.1255035797754924,2,200
5,0.3870187526768399,1.1210174777291038,2,11,0.04691127224336063,0.861295032959718,2,37,0.23406411205517622,0.8028681061484597,2,48,0.7539949499542706,0.08445203741756055,2,157,0.2914468570308881,0.4292534093062083,2,160,0.06602293429685055,0.5363373135526975,2,172,1.398445781944713,0.11058986186981201,2,176,0.11231869235654368,0.26876996606588366,2,186,1.338114032552567,0.18198303239686148,2,200
6,0.44875537110777025,1.0166248335982815,2,33,0.5538046426645815,0.4630148772951923,2,112,7.630283074956449,0.1591503551373115,2,125,2.381722142336043,0.20166309493960757,2,158,6.923301904895241,0.11696774583487284,2,200
7,0.3687772499495669,0.8481081236492504,2,44
8,0.31543548091524576,0.6942593743061197,2,29,0.06800233779716511,0.729536315373012,2,64,0.328103877273327,0.6980361973538118,2,81,0.07958177421895876,0.644788710694564,2,176,0.2296200482736407,0.9991360058387121,2,200
9,0.0073569219584447895,0.7171695530414581,2,20
10,0.3494871378818775,0.9345300376415253,2,200
11,0.6444338074550686,0.8933262348175048,2,35,0.020292762766474206,0.9833203355471293,2,41,0.7067775927017338,0.8195287457534245,2,55,0.24677854972234056,1.0933209856351216,2,97,0.08728825733577146,1.5333186279643665,2,108,0.22032605511191433,0.9185630944040086,2,135,0.7132520995273719,0.7510734512255742,2,200
12,0.32506279694037626,0.6486857533454895,2,16,0.3625529752749624,0.9527431496402674,2,73
13,0.17707210851876978,1.224933432978253,2,43
14,0.36423788242750943,0.6689070948334628,2,43
15,0.29829416597161246,0.3412129351725945,2,26,0.31220193954773795,0.9339816287944191,2,121,0.3983016269688313,1.259740819533666,2,169
16,0.319389520826084,0.5679136399299868,2,62
17,0.5698386809442321,1.4014263947804768,2,9,0.016840274205620346,1.184268669648604,2,20
18,0.28459761590081567,0.80563271814777,2,31,0.019661622999737043,0.9556956887245178,2,35,0.49643486292276073,0.7243390985897609,2,70,0.0500922642021652,0.9887701670328776,2,79,0.5679678113108431,0.7243352174758911,2,84,0.04196598454480572,0.9352214336395264,2,90,0.7769041951738714,0.7361820459365844,2,95,0.07572848881621724,0.632473668881825,2,123,0.4805769355870437,1.1401010337083235,2,192,0.1422810728314356,0.7352005019783974,2,200
19,0.3160361297842312,0.9505895554129757,2,67
20,0.2748710916960938,0.6327948942780495,2,28,1.6985463545490365,1.8602642403092495,2,71,0.03791910541536618,1.1598132198507136,2,115,0.6009692640795093,1.2884185358330056,2,169
21,0.722529198193292,0.7037486135959625,2,4,0.03282237047173268,0.5705284110137394,2,39,0.5529680197483453,0.9955273591555082,2,52,0.04120307845585674,0.43760954249988904,2,63,0.6470195863565887,1.094825673362483,2,109,0.02281260490728953,0.37793478421096144,2,167
22,0.21977802339321328,0.669386589968646,2,27,0.416042517520073,0.9318541247269203,2,85
23,0.34719620808676205,0.9389938506759515,2,119
24,0.513650827281999,0.539646790141151,2,21
25,0.33960875745548064,0.3400379369656245,2,12,0.5735925311447873,0.9770086552645709,2,49,0.13397943675954416,1.181107997894287,2,58,1.3586413157477113,0.8793702342293479,2,69,0.09957388317721386,0.518075310758182,2,83
26,0.05305246198457171,0.7306838986419496,2,42
