0,0.2889252541011758,1.569576689175197,2,7,0.015140159951278391,1.1914179966999934,2,20
1,0.06907271804676872,0.6059794195493062,2,75,0.7519505173810717,0.3506631274377146,2,106,0.10439907400760501,1.2635103932448797,2,134,0.362079086398552,0.16786320286768455,2,161,0.8809442879361165,0.17765214247629046,2,193,0.6079461481911186,0.7460389477866036,2,200
2,0.33719320768189676,0.8885527923703194,2,104,0.33473025903685627,0.6437377805511156,2,200
3,0.3009945017201243,1.2463919544873172,2,73,0.12441297415353605,1.3306556902532503,2,200
4,0.30211203197471936,0.44694063782691956,2,150
5,0.5983421267421726,1.0675642066880275,2,76
6,0.30616186137651613,0.7138690501451492,2,24,0.3288389371775264,1.2205410281817117,2,54,0.6238066938429383,0.16830853950441554,2,143,1.3865800946381894,0.23409684655959145,2,200
7,0.5813194363148243,0.9650407558993289,2,38,0.3292904775187466,0.5344478915566984,2,84,11.252069567658689,1.909275628902294,3,111,0.2880278471313297,0.5647662687301636,2,186,0.32399758671940415,1.0511560354913985,2,200
8,0.5318588890518102,1.0300345988500685,2,21,0.2820023775214273,0.1550695096191607,2,59,0.3762549489778397,1.4124582190262644,2,78
9,0.0565103612066518,0.41299664477507275,2,96,0.5922815411557053,1.5536270167516626,2,142,0.05915045645825435,0.17378332979720215,2,200
10,0.29077803768758453,0.8030752764969338,2,82
11,0.37481471766568303,0.6679226798670632,2,14,1.5160857569349515,0.14130429830402136,2,30,3.385108997764548,1.375284263065883,2,37,0.04852551879298839,1.036868929862976,2,40,5.4259258481181725,1.0116867423057556,2,44,3.823173304184636,0.6605871915817261,2,48,0.04139293558869806,0.4051898452970717,2,138,0.6890378900039612,0.5706329696318683,2,172,0.04569997499796538,0.6573434495008909,2,185,0.6468939392975617,0.4031525154908498,2,200
12,0.3714718179841651,1.2161240827205568,2,129,0.6324636915886758,1.2182215111596244,2,150,0.7983604129033826,0.2026301169395447,2,200
13,0.6160179755430515,1.0606259942054748,2,20,0.05970289440983843,0.7455419863645847,2,72,0.6120966034880023,1.202537218729655,2,81
14,0.33544802896456555,1.1519780111312867,2,200
15,0.4031722630085039,1.394710865020752,2,25
16,0.08034447902958167,0.4510267563164234,2,16,0.47044036015006857,1.2668121277161364,2,122,0.0594587841913351,0.5242264045354648,2,200
17,0.0582956157110627,0.6307356585474575,2,136,0.594238153298086,0.47177114420466953,2,145,0.06460525117631023,0.5726044906510247,2,154,1.1797481746507401,0.15274372405332068,2,200
18,0.27836284375585435,0.7642545964982774,2,9,0.30984472425642684,1.2462010184923809,2,21,0.18300263002194317,0.1851135756334533,2,113,0.28176936755484394,0.9839239716529846,2,126,0.16730687206897987,0.15440992348723942,2,153,0.3029526446449158,1.229232281446457,2,157,0.2201798771507011,0.08923271159793056,2,200
19,0.48180603521990123,1.3640585452318192,2,80
20,0.2357489622263448,1.1639050540103708,2,93,0.6664231081874904,0.4701281189918518,2,125,0.13170706201303484,0.6472103110579557,2,168
21,0.8216171327590257,0.20305341417374817,2,92,0.09012575488195405,0.4067993834614754,2,96,1.297701502287305,0.15420682976643244,2,108,0.07204715001882774,0.3827409029006958,2,113,1.3825906812450328,0.08433201355593545,2,148,0.09586311339115454,0.3292182572185993,2,152,1.1877687614810157,0.10070339529900937,2,189,0.20964522016028228,0.20789158642292022,2,194,0.16360814683527677,0.7442523340384165,2,200
22,0.4803408796970937,0.47796667118867237,2,6,0.06534966099516247,0.5835845429788936,2,50,0.5327647235647218,1.376781361443656,2,57,0.11322856724330757,0.8563998625392005,2,78,0.45547719858954416,1.13959505657355,2,102,0.06878187151250154,0.8543708324432373,2,108,0.06704412908756184,0.6121926846958342,2,129,0.6154542560330715,1.6262366771697998,2,138
23,0.38785695235937745,1.0149338426797285,2,23,0.3162990689529968,0.6517853707075119,2,53,0.28867708224103505,0.1249967336654663,2,93,0.3847460059684356,0.9434477090835571,2,111
24,0.40518547072731675,0.37210292661828653,2,56,0.9241224359644281,0.23250715991100632,2,139,0.42973917091577263,0.3985751405602596,2,200
25,0.18125592640634397,0.8257434245944023,2,200
26,0.05185445815804685,0.18007191595896868,2,71,0.7292145927127623,0.0770157194799847,2,134,0.05989736175902328,0.15687096416950225,2,139,0.8207762691747272,0.03829769630517278,2,167,0.07939967656585883,0.13526747934520245,2,175,0.8786751161133564,0.17316224217414855,2,200
27,0.07895809729692807,0.5335143261378811,2,62,0.6635082262193387,0.5221546100718635,2,76,0.9947544744687246,0.2180107223490874,2,88,0.08402910051376095,0.4362092837691307,2,92,0.9136862747018191,0.2957461861506948,2,198
28,0.7439080351720694,0.9441526651382446,2,5,0.0756491074015226,0.81510643022401,2,47,0.5927765138651094,0.8909573930281179,2,74,0.07563545973882699,0.7453266861008816,2,196
29,0.3289615853912268,1.063442738159843,2,46
30,0.27191272877447664,1.1933847745259603,2,15,0.018577974423017247,1.316504168510437,2,20
31,0.36155623007379406,0.5275159100098397,2,67
32,0.7165587752320484,1.2984024733304977,2,16,0.023020288590007654,1.2094455361366272,2,20
33,0.6948088187026638,1.5451329517364503,2,25,0.07795469567325156,0.52107452750206,2,90
34,0.5606225054273632,1.3446623992919922,2,25,0.05191902732825771,1.682010332743327,2,31
35,0.34386566646299044,1.343114584684372,2,28,0.3072780034599494,0.7511770589785143,2,39,0.30540221983978627,0.22350140728733756,2,50,0.6904154642414096,0.10955515043970979,2,131
36,0.34911731991781947,1.2491939266522725,2,12,0.06977839981944152,0.9005431515329024,2,80,0.5857005736331722,0.7578938355048498,2,92
37,0.3673771045202065,0.7039613118395209,2,64
38,0.33641900683570697,1.0897014899687334,2,22
39,0.02391434617513922,1.1577766036987305,2,25
40,0.38647678930302454,1.2621968722924954,2,41
41,0.7560931854753508,1.559439704968379,2,13,0.7949147865797304,0.6251727305352688,2,45
42,0.023859596551550746,0.8062736988067627,2,3,0.26191950328479013,0.6018878102302552,2,23
