0,0.01813410929257388,0.18907113174597423,2,15,0.7236761003260282,0.17668650693753185,2,32,0.019381378767313488,0.6244125465552012,2,38,1.5773167425464165,1.8248005764825004,2,52,0.39232331669101744,1.4703236818313599,2,68,4.171875095460137,1.961746527089013,3,86,0.7293839256278041,1.6414720313302402,2,115,13.257960748114062,1.9697050984416689,3,171,0.5544031962897394,1.6013103887952607,2,200
1,0.4415520394292483,1.0621466940641404,2,200
2,0.4700343937581377,1.2230507996347215,2,18,0.32744231303453186,0.19932423055171966,2,43,0.4745273392295255,1.2542639002203941,2,59
3,0.20406691949438985,0.4328344464302063,2,29,0.8722024739239009,0.11352662306006361,2,70,1.347851728987988,1.361578413418361,2,91,1.122826256255181,0.7544789946440494,2,124,1.0180722973793,1.5712936094829015,2,131,6.99817773980045,1.8854111168119643,3,140,0.36957917901419113,0.3381933458149433,2,152,2.992639251975799,1.0647095640500386,2,158,3.9802540392812067,1.7555444836616516,2,176,0.29795064707284497,0.670825782749388,2,185,16.278013798852324,1.9616871237754823,3,195,1.1398772398839725,1.5642246961593629,2,200
4,0.4792693793515935,1.2688914934794109,2,30,0.4068963166790012,0.6389451430124395,2,64,0.391521913879095,0.23427725881338118,2,124,0.9871924704560502,0.13246118977888308,2,191,0.408286638846063,1.0825428167978923,2,200
5,0.23262578258427655,0.19993497878313066,2,10,0.34338965929891363,0.8270410895347595,2,15,0.016338383309925326,1.267129158973694,2,20
6,0.48111814791583957,1.057771590448195,2,62,0.09784399991684443,0.9517773680197887,2,179,0.8670980597853831,1.0095694150243486,2,200
7,0.24585221492800652,0.5587967653428355,2,124,1.0143992153903487,0.30563472310702006,2,139,0.25336036643182214,0.5635167873296582,2,200
8,0.28976075081213326,0.5560962115228176,2,200
9,0.37392601332556674,0.9269516902665297,2,24,1.8479429058018866,0.8474225955350059,2,31,1.391560575362976,1.6287139654159546,2,48,6.371065505939267,1.8311399588218102,2,61,0.38486464867081677,0.6860180280425332,2,72,0.04476522297292532,0.7295057296752929,2,77,0.4206732534417858,0.4707077659242521,2,200
10,0.39381574439409844,1.30877571446555,2,14,0.07089724888110155,0.5969772966284501,2,33,0.6011558287298766,1.2943596839904785,2,50,0.17553824094452167,0.6674594953656197,2,78,0.38592617931779666,1.262415418437883,2,129,0.0728238056759207,0.6999049782752991,2,161,0.41624889889729383,1.65939462184906,2,166,0.07764810080020942,0.9995938787857691,2,190,0.7652314005303498,1.2874595284461976,2,200
11,0.19854360268955762,0.3266278377175331,2,50,0.6724042570027031,1.2144200086593628,2,55,0.018506939712454915,1.0106459856033325,2,59,0.29993864939129944,0.7981629031045097,2,66,0.2591585858155851,0.4684546485543251,2,86,0.6194775320757039,1.2769663314350317,2,147,0.8139981447224007,0.2264527422639559,2,200
12,0.128709084285811,0.30725552950586593,2,70,0.3179083909847966,0.2716717794537544,2,74,0.3953362808631326,0.6244266206218351,2,136,0.9046306579475341,0.5124001540243626,2,168,0.23117226476490088,0.6699472879990935,2,200
13,0.3369764815455795,0.5507820373581301,2,31,0.3719142597924375,0.7999693955895464,2,200
14,0.04532173271417208,0.9278355145996268,2,44,0.8078224703709856,0.16994623765349387,2,64,0.032536242912068906,0.4006952515670231,2,71,0.4989365265572659,0.18670885727323336,2,129,0.04722355629936868,0.9794666502210829,2,174,0.5963219081614024,0.723896861076355,2,179,0.042372176218145575,0.8375558540934608,2,200
15,0.5656858924133443,1.3158140074123035,2,22,0.2801138184266321,0.13845251404470013,2,53,0.4397345722341327,1.2066788781772961,2,75,0.2175689917609902,0.16003175991684643,2,142,0.9186576856616928,0.9311493124280658,2,149,0.2400761496290672,0.15261083651096263,2,196,0.3228086193570756,1.1093817949295044,2,200
16,0.27130725840186715,0.4899766221642494,2,8,0.06478534767529615,0.6723871775742235,2,66,0.2611354122247607,0.8279350101947784,2,120,0.08419742938761283,0.5329061016440392,2,160,0.46191596914397043,0.9364824756979943,2,200
17,0.58499937909742,1.522125780582428,2,16,0.06750475444242655,0.2640553558694905,2,45,0.6117603899480686,1.3319225443734064,2,81,0.08902808591603115,0.34243148339896645,2,200
18,0.29193518454574413,0.3994614375489099,2,28
19,0.12771072320103763,0.6752606578495192,2,23
20,0.3201394280303981,0.7611758239725803,2,47
21,0.6335183332103382,1.0877134988182469,2,19,0.22771907481255288,0.9794773128297594,2,46,0.2208788271471024,0.7016059330531529,2,74,0.34070862229644305,1.085976612978968,2,103
22,0.43565065686580545,0.9702975055750679,2,85,8.957273650434637,1.9761661953396268,3,94,0.09934994044789149,1.2858832836151124,2,99,15.019786963986451,1.9790356775809979,3,128
23,0.31566487657177994,0.609685792809441,2,42
24,0.30216217500639364,0.9385564715965934,2,69,0.2876526739381574,0.6827510439831278,2,92
25,0.352826151520449,0.7425155171326229,2,70
