0,0.4098529224122693,1.2287017983548782,2,34,1.677742490270018,0.27030812079707783,2,46,0.3534942666022166,1.156047015221088,2,200
1,0.12545317875528555,0.2904353542253375,2,16,0.42311315570390673,1.478151967448573,2,47,0.18292943445461263,0.5791463341031756,2,82,0.6830230038024885,1.6573938727378845,2,90,0.21718968184631943,0.2368863986598121,2,108,0.5317481974683329,1.550097430453581,2,142,0.09947873940871367,0.6123982952988666,2,165,0.4556020323461875,1.5752305133002145,2,200
2,0.4108634525819528,1.103180748574874,2,34,0.020611730715077506,1.0008896844727653,2,48,0.7014741956263092,1.0051574726899466,2,108,0.022267621027833105,1.011271059513092,2,138,0.5300375441538869,1.3307886918385823,2,141,0.019787664526928768,0.5596806049346924,2,151,0.6689213158529045,0.7506784945726395,2,155,0.0209447167629846,0.8505661725997925,2,175,0.6181699049067482,0.47027984499931336,2,200
3,0.29542506228556015,0.9271353727579117,2,200
4,0.30914231898918515,0.9993439171947328,2,177
5,0.295651074765765,0.979518960262167,2,29
6,0.017630912382148957,1.124625489115715,2,20
7,1.049934175551586,0.07980435365630735,2,93,0.5527375717937593,0.3416544065297207,2,200
8,0.03573767253128461,0.8517722732880536,2,17,0.16781226756834894,0.23689968511462212,2,21,1.0792605933360497,0.11117116648417252,2,47,0.20821840218440574,0.4620651066303253,2,52,0.647896953451378,1.1504107438600981,2,65,0.04395007238912609,0.4259322637861425,2,76,1.270895509945636,0.07742697426251002,2,97,0.05144848245969209,0.9979982897639275,2,105,1.2439432216599526,0.0976753681898117,2,111,0.03545724017946351,0.43594375252723694,2,117,0.8841906918698068,0.2146659567952156,2,129,0.09756168984945095,0.3718862666024102,2,138,1.3317505577394446,0.18114617094397545,2,142,0.03486012035770769,0.47489200830459594,2,147,0.2907671893293502,0.3706104174256325,2,157,0.022885042735853824,0.5746831074357033,2,161,1.2082588569247819,0.26672955354054767,2,164,0.02255560998724709,0.4849184850851695,2,170,0.8838876553399988,0.14574609324336052,2,186,0.0547127780531688,0.35959232846895856,2,189,1.208908875705933,0.23453348604115573,2,200
9,0.33434304688991495,1.09902712095131,2,103
10,0.368702394793505,0.6835772652684906,2,162,0.4114854237900769,1.121553596523073,2,198
11,0.33797403787263547,0.9028525449134208,2,37,0.0546029782941438,0.787227831103585,2,48,0.49088635135140785,1.0308145101253803,2,87,0.12015632019043701,1.1821410085843957,2,110,0.9452681276817758,0.38021357812815243,2,182,0.4027761730861654,1.3035421305232577,2,200
12,0.36029561230336793,1.072407841682434,2,6,0.05677776283906268,1.1569994474068666,2,45,0.37820478437179006,1.1146331310272217,2,90,0.05584451864684597,0.7827467123667399,2,120,0.5393331353220886,0.47661523818969725,2,125,0.06359147335777991,0.7952449997266133,2,140,0.48803385779317215,0.25896576817693384,2,169,0.06362324174287387,0.8200852498412132,2,177,0.8291695589146689,0.2054822560813692,2,186,0.16129574684582326,0.48136876097747255,2,200
13,0.06377035628486324,0.7884581406911214,2,15,0.49906349185805227,1.2910613002199116,2,48,0.0721798729884676,0.7942221002734225,2,140,0.49672209340635054,0.6802294254302979,2,149,0.06694636339550473,0.6785219148093579,2,200
14,0.39034957173101714,1.4052232146263122,2,30
15,0.5676147547680468,1.309484108289083,2,30
16,0.1738065095509022,0.9487777093671402,2,53,1.2040465127131244,0.12899871562656604,2,72,0.25665116071263894,0.4339505185683568,2,78,3.5897189383219343,1.628478765487671,2,87,0.2740733304178153,1.4260923266410828,2,91,3.9960124786795332,1.8980033546686172,3,123,0.6084248764125749,0.2711840069900125,2,182,1.407966677589141,0.39456358303626377,2,188,3.294087848833846,1.6273388266563416,2,200
17,0.054392634838540725,0.7446798790584911,2,77,0.5052248582523433,1.5629414187537298,2,86
18,0.3980383119537196,1.192224225219415,2,49
19,0.06459612075421141,0.43444262483181095,2,39,0.47901134386747246,1.2119454830250842,2,86,0.06298752988384727,0.6070128098914498,2,200
20,0.21909252072217586,0.11535368611415227,2,30,0.3452205408231335,1.3228386799494425,2,45,0.2619873388176991,0.22568946927785874,2,65,0.6690003787301488,0.17714000154625287,2,98,0.18102754258154424,0.30714525437200224,2,175,0.35933709878436443,1.5080563227335613,2,181,0.24388649508643975,0.25262291067176396,2,199
21,0.4729804286108468,0.803401950302474,2,109,0.08349114435159306,0.8655411916620591,2,126,0.7395136538744926,0.6564148320601537,2,165
22,0.03964275618901444,0.5863120942048623,2,71,0.5465294182706526,1.3165664672851562,2,87,0.04167661883156274,0.7551485992247059,2,118,0.7956335761122938,0.05308211843172709,2,124,0.04737977247561573,0.38622078895568845,2,129,0.8897003026139343,0.07345786492029825,2,159,0.08326343004974505,0.4870023897715977,2,166,0.8536296940571485,0.18499057739973068,2,200
23,0.8734241557009411,0.15830176015352382,2,58,0.31047358352724364,0.3589620475585644,2,136
24,0.3804331780528914,0.8163337370753289,2,200
25,0.3447599980670136,1.258457896610101,2,48,0.018575880957869648,1.2051344811916351,2,52
26,0.2904453342942383,0.7587723515250466,2,44
27,0.3169622864620163,0.7074975334107876,2,48
28,0.34263498644235124,1.1362863540649415,2,60
29,0.42150017848098653,0.07862769280161176,2,21
30,0.36529785706261414,1.0810399341583252,2,25
31,0.3428907945075846,1.2999354555056646,2,26
