0,0.28177661100025875,0.38852613361982197,2,52,0.5661725697827148,1.215496917028685,2,89,0.0961742194887761,0.5812201299450614,2,199
1,0.5684738840874536,1.3885342876116435,2,6,0.08557875406686022,0.7842412753538652,2,17,0.8240339484715314,0.10958245822361537,2,59,0.05520397472437618,0.3718696355819702,2,64,1.3358654866762145,0.4896707087755203,2,70,0.08888887125334317,0.27268856086514215,2,81,1.631060804608529,1.5279255112012227,2,87,0.06700951303636585,0.3864846011002859,2,102,7.332900637218637,1.9516543000936508,3,110,0.252945610376711,1.3749067068099976,2,115,7.943554731869629,1.9469079375267029,3,123,0.05642317235969795,1.28600172996521,2,128,7.550016818522937,1.950167939066887,3,136,0.08088369713821579,0.32488959621299396,2,147,3.3092365662078014,1.8459450721740722,2,167,0.06894447103137338,0.3178491634981973,2,181,9.032008248489863,1.9577779958122654,3,200
2,0.28251337400938165,0.9665280262629191,2,75,0.25418944291790946,0.6665828971862793,2,200
3,0.2984380089655035,0.5959573642412821,2,75
4,0.10253517292707383,0.5508007997026046,2,48,0.2306052564122932,0.5561398450868675,2,131,0.01575251990618675,1.2645629167556762,2,141,0.1194072951739318,0.6878170522592836,2,200
5,0.15579072135873512,0.7830818185099849,2,27,0.46521045954585666,0.8700551060529855,2,92,0.09265672354162133,0.7283060776966589,2,200
6,0.4063331440412232,0.2130663741666537,2,52,0.3050260766521244,0.758580802118077,2,69,1.2343042384803833,1.2908540844917298,2,79,0.3141216220618892,0.7415904260817028,2,100,0.5020776078023029,0.16978934986723793,2,118,1.6067041679097465,0.16550041735172272,2,124,0.3216633279040815,0.7990273733933767,2,130,2.142412343192216,1.4511276483535767,2,137,0.6023285417368158,0.183511817502597,2,200
7,0.5344813224695417,1.0983095574378967,2,50,0.2200380788353323,1.1849414988567954,2,69,0.27133029988101315,0.4307987524403466,2,141,0.5328583644326848,0.28838655655666934,2,200
8,0.34290521529696977,0.5020223270569529,2,56
9,0.5038857302254695,0.9331907351811727,2,15,0.016333780846608473,1.584177827835083,2,20
10,0.1561604056876407,0.7318740653991699,2,25,0.9407892787753894,0.1392100349520192,2,58,0.05669654691780398,0.3821173806985219,2,61,1.3342905526172664,0.10710560083389283,2,66,0.1174556479943804,0.3083579778671265,2,71,1.0612459892061727,0.12671051343733614,2,115,0.10249692478640544,0.4063478435079257,2,121,2.0250321768203507,0.1784353812661352,2,200
11,0.5645935789886627,1.298742008836646,2,38,0.05648575866642641,0.7481290264563127,2,60,0.44964307920336627,1.2479992787043253,2,75,0.08383698538030053,0.49697450705264745,2,151,0.03502492180532797,0.8094917631149292,2,176,0.015284045663777114,1.465991449356079,2,186,0.05707461573033707,0.3487809392122122,2,199
12,0.2012919062666625,0.7641007378697395,2,40,0.681428886264063,1.4057050217752871,2,63,0.13483902842365786,0.7789050745267938,2,200
13,0.501522853858749,0.9258473319165846,2,85,0.7794058942782236,0.0812369357971918,2,148,0.049325135816880014,0.3975412130355835,2,153,0.917926468245645,0.06758280130142862,2,200
14,0.1424589461140727,1.2866140753030777,2,8,0.015450462655549196,1.1901398003101349,2,20
15,0.37230698586337013,1.0144252550034296,2,21
16,0.17771144481538786,1.394552230834961,2,3,0.012114472359609118,1.157153795747196,2,20
17,0.07991467651943175,0.36430416236052643,2,74,0.40993790885718895,0.9587356855994776,2,112,0.27575645714090663,0.5738621056079865,2,115,0.059725878285136244,0.32125497112671536,2,199
18,0.39072077107734704,0.8312107726931572,2,200
19,0.3976389323993766,1.14821515083313,2,5,0.8680195823459856,0.19950037284029853,2,23
20,0.24954158219939,0.4616548284888268,2,20,0.07275569019835844,0.6670254372498569,2,88,0.12779707459003517,0.6900985932775906,2,200
21,0.14486366114745122,0.8638840755637811,2,196
22,0.31665611938759747,0.6878839931808985,2,104,0.3093501241375535,0.9349324016860037,2,137,0.45025175248194577,1.250108319615561,2,200
23,0.6493806685401023,1.267471730709076,2,36,0.2913054460898302,0.7148634406124673,2,200
24,0.3045086586447088,0.946180506988808,2,27
25,0.30198770195264457,1.0628989599283458,2,103,0.31474592720101807,0.47466349876843966,2,168
26,0.2578090129805882,0.9816904664039612,2,5,0.2433104831791991,0.508517454067866,2,71,0.8472017257486274,0.29425161871416816,2,100,0.1837316697651551,0.29442707896232606,2,110,0.3766792522951575,0.8198315913860614,2,123,1.3892627496946772,0.33287181705236435,2,137,2.6625825934991623,1.2821947971979777,2,152,0.2600306257472763,0.9703674137592315,2,162,0.7660608922629479,0.3854662001132965,2,177,0.10349326569920654,0.31637184880673885,2,185,1.0074270749276826,0.4906316527298519,2,199
27,0.6283860565624311,1.1442387580871582,2,10,0.2516475860932473,0.18561690877068718,2,116,0.3293996076443477,1.0058223530650139,2,156,0.2932510247283628,0.12388596717606891,2,200
28,0.048179109678873636,0.35512991292136054,2,70,0.45904413024915147,1.4985115230083466,2,78
29,0.2787817265093178,1.0524754743827016,2,76,0.4549368410452435,0.9879993700212047,2,200
30,0.0652769933786571,0.8296708407856169,2,21
31,0.337661640261248,0.7953668180501686,2,53
32,0.22925204572375862,1.1962550502074392,2,95
