0,0.3514259659553499,0.9153456782039843,2,76,0.3848019379528402,0.7330911925860814,2,90,0.060346869824264834,0.7474176188309988,2,96,0.7159711568811149,0.6990896853116843,2,135
1,0.3318842812359808,0.29951154431210286,2,79,0.40751318494097954,0.8223421414693196,2,94,0.4175072490352704,0.24134401002755532,2,146,1.1674890585697064,0.22078467204290278,2,163,1.6509144634089337,1.4151491835003807,2,184,0.09866661267918839,0.7330353558063507,2,188,1.0525614133431485,0.2593351888159911,2,200
2,0.16881355287698208,1.1150573245410262,2,87
3,0.26353940044456997,1.0290212327241897,2,200
4,0.05848819455600194,0.6886579932438003,2,72,0.5500187366362338,1.2235327833577205,2,91,0.06935351589584084,0.693998284637928,2,139,0.533156523475144,1.227197241783142,2,159
5,0.05588506574244399,0.9381316683509133,2,66,0.43701432823149844,1.4137810193575346,2,79,0.05913729647769615,1.0776969667308587,2,200
6,0.38700292779258255,0.7257272260529655,2,28,1.1277949442844892,0.1944856233894825,2,56,0.25317473391303197,0.41351553797721863,2,65,1.4273697467106081,0.13765955490094645,2,200
7,0.20996120977213986,0.6945616400241852,2,50,0.39066997248286905,1.2671285052048533,2,69,0.1437722729991901,0.7025742494422971,2,200
8,0.27473234884746256,0.9437816463453921,2,173,0.22933530753513445,0.4234334787596827,2,196,0.7717517406938472,1.0455073118209839,2,200
9,0.5963585955217949,1.0930203353205035,2,31,0.06890559477894408,0.4827183343115307,2,52,0.5893103836633782,1.412567721472846,2,70
10,1.0175159005094405,0.09316204581409693,2,32,0.38951651347904126,0.9380145306828656,2,111,1.0378018249668246,0.10381511155139195,2,200
11,0.6019665609467144,0.7686529828442468,2,90,0.7302825366266956,0.20337559655308723,2,122,1.1087040227942713,0.13305550374281713,2,200
12,0.24840962429102625,0.6962872289475941,2,21,0.8353843867695008,0.1896681894858678,2,51,0.26810761741205574,1.0343499737126487,2,79
13,0.3392399007046256,1.1558153178240802,2,74,0.22990379787067605,0.7160644663067964,2,178
14,0.3063687543391244,1.0395829099597353,2,33
15,0.5932399941534908,1.3187782168388367,2,22
16,0.2603987128856209,0.978398980696996,2,120
17,0.3148825986337529,0.9212716765041593,2,79,0.3722770428806853,1.1556333303451538,2,141
18,0.4219191897749224,0.8778029200823411,2,23,0.5271712277393928,0.1788341636684808,2,67,1.1490743613995351,0.07387600480613851,2,200
19,0.4296360383834063,0.7562560637791952,2,6,0.5676716842975676,1.4589109271764755,2,30,0.7826522336424878,0.49659989335957694,2,47,0.38631594932709645,1.390127488545009,2,54,1.0232100539225568,0.11584612137327592,2,102,0.28772934673152656,0.3143181331455708,2,142,1.0626947060903549,0.11650018496760006,2,200
20,0.27649261948931136,0.7619126191735268,2,200
21,0.3033229920800446,1.0157176523066278,2,67
22,0.09163460450028456,0.8020758977958135,2,70,0.4238144324509323,1.0602750011852808,2,84
23,0.5000056963582075,1.107311291354043,2,14,0.2735032885306252,0.6046804979790089,2,100
24,0.037282821418609786,1.1902867934920571,2,22,0.6758084661452647,1.3360942693857045,2,35,0.03455543682221294,0.8846696153283119,2,75,0.46876198215141834,1.1901823511490455,2,101,0.031205471207815368,0.8721164967499527,2,152,0.35482646655641287,1.3537133460243542,2,200
25,0.3709330144162039,1.0976500671643477,2,26,0.2538349235701997,0.5093879118198301,2,149,0.24722607387206152,0.7023825224708108,2,200
26,0.2972234452396789,0.5909524621332393,2,68,0.39538415234715074,1.338212632665447,2,119,0.34203266997867154,1.096619295037311,2,165,0.30667765757175053,0.7825878313609532,2,200
27,0.30315836960915415,0.5969939839839935,2,100,1.0130935674736419,0.2711854128539562,2,200
28,0.5503765034368927,1.3468842792510987,2,25,0.23379528126948107,0.47427262125476716,2,56
29,0.41337113698131606,1.2750717558358844,2,38,0.24637076320940343,0.6141223245196872,2,74,0.5514504797397537,1.285841475362363,2,97
30,0.2221790584882997,0.9130440831184388,2,30
31,0.20123554768882518,1.1549236894655628,2,119
32,0.27018815126048035,1.040594853957494,2,60
33,0.6375320972483557,1.4709838512467175,2,41
34,0.34123461506025793,0.8010906481742859,2,75,0.35342073359776344,1.1864682680521257,2,114
35,0.27721316988386085,1.2035189172889613,2,79
36,0.2661339647951419,0.5919961750507354,2,45
