0,0.5712874239183494,1.4669406811396282,2,30
1,0.651077356233604,1.2685754994551341,2,12,0.14365924225740595,1.009229224257999,2,102,0.46101528460319907,1.0678625054981397,2,148,0.14601363831653785,1.0790787247511058,2,200
2,0.2579589906157737,0.5459791614728815,2,102,0.8301360567723896,0.3265897449182004,2,200
3,0.06733432936157321,1.2551373879788286,2,59,0.47967782408492193,0.8703684551375253,2,66,0.0538073232823913,1.2207703726632255,2,101,0.42590586851797807,0.9272020992479826,2,139,0.06693078461475212,1.240536652292524,2,174,1.1815524990351691,0.10458634449885441,2,200
4,0.1336338935900041,0.3899290539600231,2,27,0.9817448134484993,0.19619299628232656,2,46,0.3663062077568745,0.35473234123653835,2,73
5,0.22103736465320786,0.37750735878944397,2,17,0.32174826776421434,0.8142836876213551,2,49,0.27000210814020187,0.3893248473710202,2,96,0.8223392973897801,0.1851378685235977,2,121,0.1476482898600035,0.47363732514842866,2,152,0.791710655629091,0.20200794469565153,2,200
6,0.36401995186252234,0.9038062609878241,2,102,0.3391563945494814,0.686393893494898,2,200
7,0.3324750031577453,1.3973011420323298,2,13,0.03258742760353576,0.4161669377769743,2,20
8,0.27576637807646476,0.3122642399633632,2,153,0.4607949209404291,0.963032898750711,2,200
9,0.34508584482949045,0.7771521347761154,2,200
10,0.06240757578783437,0.5722074032976077,2,52,0.40729567899542235,0.427118593454361,2,57
11,0.08820175825626947,0.6219666955562738,2,52,0.6407338597195634,1.5825303337153267,2,86,0.36606093565376546,1.5546842515468597,2,90,0.252949457543837,0.950107493299119,2,137,0.21206973884740798,0.709790913955025,2,160,0.08794368839373748,0.7590552639961242,2,185,0.5701158131509143,1.5735716899236043,2,200
12,0.3442928023773331,0.12698504976604297,2,23,0.4585883176220689,1.219601539770762,2,143,0.2986731338795422,0.7806516826152802,2,153
13,0.26220920240571055,0.5164786809020572,2,27
14,0.3295606337776572,0.9679120016098023,2,200
15,0.20887311598244054,0.5062518790364265,2,16,0.45143675226229135,1.0960242867469787,2,41
16,0.4110524316619709,1.065126907440924,2,31
17,0.2886526127686603,1.1549736891474043,2,35,0.25255367351555075,0.4780673019166263,2,88,0.6837781714383366,1.4027133176201267,2,107,0.20985760402231468,0.6001416778051725,2,200
18,0.2482432438419865,0.2728148823784244,2,31,0.8139202421408871,0.14092598646140295,2,152,0.3000111551505008,0.3177858038646419,2,193,2.3930469341021747,0.17952921986579895,2,200
19,0.256594181022461,1.003949153779158,2,134,0.22799971497186472,0.5600177715222041,2,164
20,0.27604411265615586,0.6027112440629439,2,11,0.273126939456781,0.9309507720172405,2,91,0.2965456039511584,0.551834631610561,2,128,0.4111190976877929,1.2978106124533548,2,200
21,0.38662967891707556,1.249276189577012,2,21,0.3105617382147116,0.5131923101079745,2,148,0.6039292819325977,0.560594916343689,2,175,0.5085702210057071,0.7581022191047668,2,200
22,0.2742908133060497,0.7361009461539132,2,14,0.18054831141899924,0.26096109786268434,2,146,0.6295975507735183,0.9278099656105041,2,151,0.6974104073153283,0.42166200097726314,2,200
23,0.3491770163374498,0.7603331908583641,2,40
24,0.5032634363901157,1.0588697008058137,2,51,0.33962105029272405,0.5485099222924974,2,60,0.5223811187509715,1.0674689809481304,2,87,0.09526144199221753,0.34839619581515974,2,152,0.3450201508708391,1.10410060103123,2,178,0.12155608901691035,0.517656841061332,2,200
25,0.28384695147069616,0.5587810744077731,2,39
26,0.5079540805820095,1.2343027415098968,2,27
27,0.3076745265186042,1.0044286227226258,2,50,0.6143510474956683,0.2199378184296868,2,105,0.46524076306092127,0.9946921528914036,2,144,0.3488317695063321,0.1828887707420758,2,200
28,0.2941894197914197,0.615299506407035,2,38,0.28470419680324927,0.3160265650261532,2,82,0.471107065941485,0.8440669067203999,2,98,0.2897639117403915,0.3132299961045731,2,184,0.31054667813823394,0.9206649502118428,2,199
29,0.31275886771255224,0.8328918984958104,2,14,0.1700987107211909,0.16863831598311663,2,46,0.20826032060449354,0.7124727259982716,2,200
30,0.5083193520433523,1.02616843351951,2,26,0.08931855939501045,0.22671692115026754,2,169,0.193483467839002,0.2612190008163452,2,174,0.3568646386357024,1.256509330537584,2,183
31,0.35179664795352383,0.5137339532375336,2,70,0.46710029258339486,1.104021167755127,2,75,1.1124778340955017,0.054518552926870495,2,88,0.05203948642153915,0.2541613131761551,2,92,0.9298186186344141,0.07901070515314738,2,110,0.7610862708474967,0.5757579786909951,2,128,4.663536597106356,0.3602082348532147,2,146,4.895467456655485,1.0410477668046951,2,158,0.40784179567555506,0.4952622503042221,2,162,3.3300646680806785,0.651116244494915,2,170,5.724400449783785,0.20403565351779646,2,183,0.07009746787578124,0.4581421911716461,2,186,3.570413378852177,0.24694238603115082,2,197
32,0.3874545574022508,1.3141598216557906,2,59,0.7355637859560876,1.2576963424682617,2,64,0.9721623226842302,0.07891655376841945,2,188
33,0.39892667646794977,0.7659286147072202,2,21
34,0.31245497960277363,0.6840700009097792,2,73,1.021447191027335,0.5220769265523324,2,99,0.2536365541162169,0.6594159383522836,2,118
35,0.22509364980813482,0.6672996023186931,2,54,0.018413985855366306,0.7739494323730469,2,59,0.2404601508701604,0.5584026277065277,2,89
36,0.3648565049035045,0.9601309993050315,2,55
37,0.1812792264104289,0.4778347962668964,2,28,0.36660067785520767,1.3343138694763184,2,38,0.17919901585561365,0.6694237516637433,2,95,0.2864802481843583,1.2353703677654266,2,99
38,0.44885442310666196,0.9557106665202549,2,28,0.06269166881593789,0.8545083246733013,2,47,0.38525066915480827,0.9639692987714495,2,54,0.659280600587029,0.1317651675393184,2,126
39,0.4355729519010656,0.7921401140017387,2,78,0.5789721519464037,0.5421436632221396,2,100
40,0.2817664886660241,1.3117773507770738,2,95
41,0.6667683208765227,1.3703272938728333,2,4,0.10311892386029851,1.300742544233799,2,20
42,0.3134893799038059,1.0337979912757873,2,40
43,0.7601504198916268,1.301652193069458,2,9,0.2917640279513651,0.7930932250516168,2,67
44,0.39465595515777424,1.3758658915758133,2,24
45,0.02481610157561754,0.712163175145785,2,12,0.1038544073098162,0.41181644673148793,2,36
46,0.5414651116414386,0.9409331137483771,2,22
