0,0.35797589523359685,0.2229039911658336,2,78,0.34686996353939037,0.9672918245196342,2,94,0.3803769062003921,0.4610401227556426,2,123,0.4310143298084039,1.1994281540746274,2,146,0.34503873239190386,0.30568229655424756,2,200
1,0.2139012932630557,0.7913942652404624,2,189,0.6847606556827252,1.3294471393931995,2,200
2,0.09694686443306015,0.3253456662441122,2,29,0.39953970289048873,1.1259835745607103,2,57
3,0.3262221495476014,0.6833395761931502,2,149,0.36127900720169337,0.8790970304433037,2,200
4,0.30766086329529246,0.9093098686291621,2,26,0.3989600380744213,0.3590490726324228,2,52,0.861143345117245,0.0763602436616503,2,81,1.105205941110144,0.9362700780232748,2,84,1.7871368983620548,1.9172608604033787,3,108,0.2537172028167214,0.6546064161918532,2,179,0.31115580468363957,1.0477402607599895,2,200
5,0.026476234834326016,0.851481344075811,2,149,0.3972617558764539,1.1961383422215779,2,158
6,0.023161656468488907,0.9389665777033026,2,44,0.40779329819125204,1.1998824091518627,2,61,0.022987172963739654,0.7128392490473661,2,116,0.44029014039461645,1.197437842686971,2,122,0.024869219873949185,0.6803725626733568,2,140,0.4102875405935805,1.208425521850586,2,151,0.024586773320133076,0.8047408035823277,2,200
7,0.2025923921347213,0.3658611895073028,2,42,0.5236712000253638,1.278799037138621,2,45,0.30052368011533964,0.10361491178357324,2,88,0.7577250351487504,0.03945237056662639,2,136,0.05909544848940518,0.16982059429089227,2,142,0.7679911024764766,0.057030328902704965,2,200
8,0.26362717089143595,0.5678805027689252,2,7,0.06366521127573764,0.5569549476778185,2,44,0.44344921646745517,1.2544664786412165,2,70,0.06830680181594581,1.1874070785663746,2,124,0.32106263842804833,1.3556048653342507,2,135,0.05552395592691789,0.9417201564862178,2,200
9,0.27795322822818413,1.1053663402795793,2,200
10,0.6913033024219682,1.2377698421478271,2,4,0.055257090007653865,1.082168004729531,2,15,0.2984189460469617,1.152501106262207,2,24,0.05799241487860541,1.2308025222179317,2,145,0.4682116677807409,1.083573457740602,2,187
11,0.33832229494770516,0.6924786521838262,2,26,0.6439321979048565,1.0857929629938943,2,54,0.21929236167837352,0.37062009185263256,2,157,1.0122122349218006,0.11386472993605845,2,194,0.054511149739278474,0.7761152585347494,2,200
12,0.13097589549098573,0.3370446701134954,2,28,0.3756727656212752,1.1839793374141057,2,76,0.08231243269131129,0.7952198243141174,2,126,0.46248887883387674,1.2011676941599165,2,140,0.07716836650670976,0.7222672237290276,2,158,0.15781897376059847,1.2658017760231381,2,200
13,0.43162070961666277,0.8890973162651062,2,50,0.11007037764795034,0.22053665108978748,2,66,0.5670432273407149,0.7537992326986223,2,87,0.08490273004894776,0.2643185704946518,2,200
14,0.3086880181409571,0.6828889348069016,2,98,0.3176496777993362,0.8813950314241297,2,200
15,0.3416628772091841,0.9128551532824835,2,36,1.4580246305175677,0.15040794209293698,2,59,0.2554500357560971,0.7410682082176209,2,69,2.382231038395015,0.29961028322577477,2,93,0.4554653888270573,0.2181265792425941,2,110,2.214374050459943,0.2315633834577074,2,161,0.42537942830248543,0.3676699536542098,2,173,1.915789552464283,0.17998151812288496,2,200
16,0.23789065725467293,0.7354595275486216,2,17,0.33438800296709686,1.2313172451911434,2,79
17,0.3488087662126848,0.814264136391717,2,37
18,0.35161311159363234,1.149106542630629,2,110,0.12689598881552058,0.35763465364774066,2,119
19,0.5915976382547372,1.472044308980306,2,15,0.020319785577569704,1.3473214149475097,2,20
20,0.31430767370363644,1.1311719298362732,2,20
21,0.1840396320192773,1.2438011937671238,2,45
22,0.29803378932278274,0.770963879302144,2,32,0.12489885832499444,0.8098781345641777,2,178
23,0.17277076736855623,1.6014267416561352,2,34
24,0.443732349274401,1.3087967564077938,2,17,1.0707843264474604,0.7716802308956782,2,29,0.08827501247438736,0.27474133924327115,2,117
25,0.6192365809594256,1.066341257095337,2,20
26,0.4328376213502136,0.8867974162101746,2,20,0.05401914481019643,0.9825079228780041,2,93
27,0.5060216229465287,0.7219007045030594,2,40
28,0.07035421450027302,1.0936542948087056,2,6,0.5100363618511019,1.0551713550792021,2,91
29,0.40025057828530325,0.9273504526057141,2,47,0.25464537441020985,0.4581803196185344,2,84
30,0.332743130087804,0.7381702278341565,2,14,0.12528366200233054,0.5929944388794176,2,80
31,0.28227409964394956,0.5520635892947515,2,24,0.020184666771152802,0.8223621249198914,2,28,0.2123445647659352,0.5738146618792885,2,66
