0,0.6670224860991979,1.468604462487357,2,28,0.3190585720785755,0.24340925885494366,2,200
1,0.4789214231211298,1.2034827641078405,2,7,0.017172852067890616,1.1181296110153198,2,20
2,0.3634035014314253,1.1203248739242553,2,15,0.30937430909192865,0.5350735928954148,2,56,0.09911948490161931,1.2914463877677917,2,96,0.24786713738140492,1.328357752164205,2,141,0.8152896930316543,0.28699561151174396,2,154,0.3983216421960902,1.003222552438577,2,178,0.6119353392235645,0.2817110155116428,2,200
3,0.28085925180940446,0.6926995787646745,2,182,0.48626333980526826,1.2765913539462619,2,200
4,0.08592253572493311,0.3823960822176289,2,74,0.456181107530281,1.0375707792608362,2,112,0.08751173545202329,0.39377835585225013,2,143,0.4664341913988148,0.9486724463376132,2,165,0.0727522946250559,0.43304754069873264,2,200
5,0.3933013204285698,1.1605325511523656,2,14,0.8415665852254542,0.19761421096821627,2,38,0.45855778009859577,0.4303223093350728,2,47,0.33171139229371494,0.4628758556567706,2,125,0.332346865013742,1.4176770015196367,2,136,1.2336101711874954,1.7186139035224914,2,186,0.287858820734233,0.5560556309563773,2,200
6,0.34573072675924377,1.1035358360835483,2,35
7,0.31630427683396134,1.0577667512391742,2,38,0.10500446068220556,0.4409400370775485,2,140,0.6179775685899376,1.0270682330484744,2,167,0.07287820313479153,0.516210886836052,2,187,0.4836674491934389,1.29914495578179,2,200
8,0.8960923092964662,0.28665630519390106,2,18,0.3432280883532356,0.6697921102697199,2,51,0.5142147069423306,1.3620215324034173,2,134,0.34181420660100215,1.2412034571170807,2,146,0.28882459348000894,0.47106293452029324,2,195,0.28868193467012937,1.0546782255172729,2,200
9,0.31874523958519885,1.0063758880259044,2,166,1.6477628742468595,1.8192747831344604,2,172,0.2626611176194222,0.9086627695295546,2,181,0.8789287938015449,0.19355359908781553,2,200
10,0.39281063404853683,1.161172633821314,2,22,0.019550705000756882,0.6498056181839534,2,29,0.44411805880067756,1.1540339589118958,2,51,0.026336384927267767,0.8400980962647332,2,60,0.43174208616798077,1.1757531057704578,2,71,0.020958611199310504,0.38323865830898285,2,133,0.4011663469435623,1.3311171412467957,2,143
11,0.66231328551752,1.2070367336273193,2,19,0.22034291307360077,0.8776593624159347,2,62,0.26569506564409345,1.636755952468285,2,75
12,0.25584121261215914,0.824198042973876,2,32,0.7493551621604856,1.6314545744343807,2,51
13,0.4233736147558274,1.3895639181137085,2,6,0.10569788030050613,0.5264532920860109,2,48
14,0.5331800477114271,1.1601482385244124,2,39,0.28193006415221467,0.10228513677914937,2,60,0.4771615834132095,1.161441985766093,2,75,0.32643354598220475,0.05266988920230491,2,126
15,0.17335122121486748,1.2900631797724758,2,58,0.09117090865256812,1.218315642613631,2,110,0.601036819666839,1.2191035693342036,2,154,0.08811893963847729,1.1514781946721284,2,200
16,0.29050498711542366,0.4878843176364899,2,25,0.8121050202718535,0.1168923115300149,2,122,1.4227180304613212,0.9071731002707231,2,141,0.6540657345932434,0.09638525711165534,2,150,12.021958585023068,1.4545040726661682,2,156,0.612643145228252,1.1688899199167888,2,159,14.335328004296045,1.6748312711715698,2,165,0.34133654404739344,0.8529302222388131,2,172,11.706778126525851,1.891948710317197,3,195,0.294419184601101,0.808786940574646,2,200
17,0.2782310002026848,0.10385469198226929,2,10,1.1016260650192409,0.08728791773319244,2,63,0.37337725526036863,1.4823451133874745,2,76,0.8448793910964637,0.1885380878260261,2,133,0.5287421131529204,0.9561333217118916,2,152
18,0.13401184122184728,0.8489525324106216,2,200
19,0.4085609673859024,0.7234175602595011,2,27
20,0.11106268489712394,1.3234866857528687,2,3,0.013304139105597213,1.0789060452405144,2,20
21,0.10505099483323922,1.3417393445968628,2,30
22,0.6833746244716037,0.577780419588089,2,15,0.10789120124409005,0.6711357752482097,2,30,0.5583734893582931,0.26430877574852535,2,65,0.09357706338517456,0.466019444167614,2,69,1.00455338658808,0.2100421724950566,2,103,0.32438913786938783,0.357426471180386,2,121,0.2167706822241602,0.591650425195694,2,171
23,0.06598167747533185,0.5779182263042616,2,46,0.8289498819587154,0.07976279114231918,2,79,0.21849733827150847,0.24852055683732033,2,91,1.0901777865295343,0.0672891175952451,2,120,0.07427721600572636,0.24922501742839814,2,125,0.9666380349561681,0.04765118519465129,2,200
24,0.14819983260413688,0.32446217771087377,2,140,0.5036069378396711,1.0471385135207065,2,183,0.10670611334622458,0.40022871248862324,2,200
25,0.35712706836196073,0.5947609141469001,2,20
26,0.5412647771604624,0.9676803194958231,2,23,0.05806792258334797,0.6581666588783264,2,38,0.5039386968946998,1.0462324284017086,2,70
27,0.33469320136906583,0.9684565884512175,2,159
28,0.3385374819189444,1.1266393810510635,2,8,0.016780435168624735,1.2727275391419728,2,20
29,0.3037472375960751,1.213869571685791,2,10,0.23938269397999984,0.6902503641538842,2,96,0.4937212974612346,1.1531404629349709,2,112
30,0.27619855244590547,1.0319659113883972,2,10,0.5764069433141011,1.4391976027261644,2,31,0.22081920469794575,0.5261226916313171,2,56,0.8685309219141314,0.7345945090055466,2,64,0.8204736121908106,0.07404450041668437,2,171,0.21386982339550775,0.7698838258611744,2,200
31,0.3131841512765874,0.603259892265002,2,60
32,0.04650145886938841,0.6840027201743353,2,21,0.27525298347591576,0.4125235941674974,2,30
33,0.3569464937506126,0.6063409370760764,2,62
34,0.6521717200420367,1.579836916923523,2,10,0.030634459057499234,0.9186471413683008,2,64,0.7508517948260548,1.7750527262687683,2,76,0.047409126614804016,0.5421294139491187,2,94,0.16184212406318624,0.20541650553544363,2,106,1.030490602912847,0.07039385194509802,2,177,0.060851793945277004,0.23368109265963236,2,180,1.1685923161161784,0.06810754537582397,2,189
35,0.2062692217885748,1.1309620657482662,2,37
36,0.07197616640932933,0.940197765827179,2,24,0.5800251402951814,1.1380965974595811,2,42
37,0.30667329047471287,0.4672138180051531,2,35
38,0.8697149204764582,0.5811826977236517,2,29,0.2729215388610846,0.7625286165210936,2,65,0.14933275488873113,1.2602809873120537,2,94,0.7598201063834565,0.6653902445520673,2,101
39,0.1023184850847463,1.286390805989504,2,80
40,0.3617628858958311,0.8989701144623033,2,33
41,0.6542917675632827,1.3962112160829396,2,26,0.15241183426180527,1.5021326650272717,2,37,0.6457269070061846,0.23997347438946748,2,76,0.850260403499631,0.9891857645090889,2,110
42,0.3484253475973833,0.7475752344256953,2,38,0.6077894417180038,0.6115080000776233,2,71,0.8456706952385622,0.32490486247198924,2,106
43,0.3840602792393726,1.0077006396793184,2,105
44,0.32931182030165645,0.46924363121841894,2,33
45,0.4359936655467871,0.9817435065905253,2,60
46,0.011329998138447293,1.0745774166924613,2,14,0.012368631383066032,0.7387636550541582,2,43
47,0.1102591897231999,0.2913085584129606,2,49
