0,0.05031673925069677,0.949125760131412,2,45
1,0.06068762865119113,0.5080389959944619,2,36,0.4614857110998123,1.0599451760451,2,60,0.05910503839872082,0.6292100386960165,2,200
2,0.054719445773974654,0.8161242575872512,2,21,0.37824453511398043,1.1672220911298479,2,35,0.06904126568461663,1.1643331050872803,2,58,0.6781405351420234,0.6986966133117676,2,63,0.06105306912451719,0.643176080215545,2,105
3,0.3615787445846049,1.1531428496042888,2,30,0.13601727464402208,1.2077768031288596,2,200
4,0.3877977146854171,1.04408531908005,2,63,0.055636761031563516,0.9805956057139805,2,70,0.044992479766407356,0.8091715464466497,2,146,0.38181970426546424,1.0233756601810455,2,158,0.11309398193934522,1.084737668434779,2,170,0.03851518777792978,0.5584447433551153,2,188,0.30202444330426004,1.088678518931071,2,200
5,0.2605583930377368,0.4872138987227184,2,82,0.3394126960539979,0.6896232841378551,2,200
6,0.5599768800154271,1.2252230418694985,2,37,9.789472080710475,1.884851522743702,3,53,0.31153419706438445,0.9702487129743408,2,200
7,0.7138569532605931,0.4676388306543231,2,32,0.6998524733949657,1.7306267077272588,2,54,3.4343648341164825,0.14518214613199235,2,64,0.3441482806095984,0.9160966873168945,2,72,1.3343444350064655,0.20730988383293153,2,87,0.28127472154760325,0.49053724548395944,2,104,2.7055953309038783,0.22583301530943978,2,122,0.3541970315187807,0.1960941172308392,2,131,4.996484517534319,0.08738028407096862,2,141,0.32534027592444814,0.8390061736106873,2,151,1.054052077961119,0.24121490120887756,2,183,0.06723972988277245,0.5141488835215569,2,187,0.4865943480250806,0.47112202185850877,2,200
8,0.5831987965614812,0.625315742546253,2,178,0.5355516818973529,1.0539169549942016,2,188,0.4901214762628127,1.6071984867254894,2,200
9,0.36361580090937107,1.0077106095850468,2,16,0.020964321882238415,0.13707062495606287,2,30,0.5376057190307275,1.141155931684706,2,57,0.019398675369992326,0.14779178897539774,2,72,0.37194660587938927,0.8356934264302254,2,80,0.020718583518129392,0.13090300261974336,2,95,0.453867782284775,1.1840565513681482,2,122,0.017219347463564162,0.1467612919942388,2,175,0.6269387170890485,1.2260549020767213,2,200
10,0.03405746180574867,1.2073724508285522,2,40
11,0.4209876327069999,0.9464720433408563,2,22
12,0.1884274534529774,0.18185013025016575,2,91,0.4709906507874799,1.2119113430380821,2,107,0.3073087112832757,0.2072703421115875,2,122,0.3671284704083298,0.9794168114662171,2,142,0.28305960378962725,0.09975071613853043,2,179,0.39512553520954646,0.904459950469789,2,200
13,0.0875592296319792,0.4856485003425229,2,31,0.5797495118828206,0.2089653638632674,2,69,1.5366776989168736,0.06310783808722216,2,103,0.07252239247922936,0.5946495731671652,2,106,1.2054353527697728,0.254198445379734,2,116,0.06142184195148872,0.47724631428718567,2,120,1.0392025306257329,0.1971836918964982,2,200
14,0.5110757768698635,0.8727749460621884,2,19,0.06070698839754545,0.6598097569233662,2,130,0.25640349099078086,0.5842311580975851,2,136,0.9277534959230234,0.387560760974884,2,146,0.12797743835092967,0.481024062091654,2,157,1.257460339208824,0.28394030407071114,2,165,0.05423209563536821,0.539190928141276,2,168,0.7031496060183102,0.5352199220139048,2,191
15,0.328745534211504,0.8121051869609139,2,44,0.6927386003365854,0.41168125451375276,2,200
16,0.26597361060582386,0.7014012336730957,2,20
17,0.11639689494344,0.3900865345365471,2,72,0.3773160316682796,0.8616608734484072,2,99,0.09311970304951181,0.7050530420671596,2,200
18,0.6512821461842432,1.1343437830607097,2,12,0.015933230054289513,1.1583333313465118,2,20
19,0.19368262349770307,0.39745938405394554,2,16,0.018844913064020332,0.8018524646759033,2,20
20,0.5541898801871064,1.5011018514633179,2,4,0.18399613379789395,0.9586275900253142,2,103,0.31602177574008233,1.0731279850006104,2,108,0.44838126217464064,1.4491420454449124,2,126
21,0.29633068570882415,0.9641856873800995,2,109,0.7566027742705526,0.43492735496589113,2,137,0.08716866666663718,0.5667619109153748,2,142,1.2206755800031894,0.32170266409715015,2,148,0.056090294172127665,0.574408620595932,2,152,0.6877516743298827,0.4671909453140365,2,188,0.14538426403878257,0.6113948225975037,2,192,0.23232896546742807,1.0641350001096725,2,200
22,0.46451631116219533,0.8920264371803829,2,14,0.058158035393326875,0.8498960404019607,2,90,0.3761861480107525,1.025595359802246,2,140,0.06104750807337114,0.7389671345551808,2,200
23,0.440521334462266,0.4743402328020261,2,81,0.07912372320231009,0.612428198258082,2,87,0.7271962661918213,0.21744136611620585,2,117,0.039566174169036496,0.7177090272307396,2,125,0.8270560650043577,0.21589471264318985,2,136,0.043980858008962696,0.47478511929512024,2,140,1.0623832875518031,0.20233125984668732,2,144,0.031991053776215556,0.47088612119356793,2,150,1.0671363482897893,0.14710012123440253,2,183,0.14505326689921277,0.30276468644539517,2,189,1.3658724573910397,0.22614714638753372,2,200
24,0.20134288858667188,0.18764603810925637,2,31,0.628625188762253,1.4091840386390686,2,53,0.3808819717786719,0.3670124966989864,2,64,0.528969026889766,1.3857591615782843,2,100,0.1276763091014961,0.425901148468256,2,116,0.5502039921593517,1.2582629185456495,2,129,0.3014715665020466,0.23699010773138565,2,151,0.5455593772846797,1.346107149610714,2,200
25,0.27397534448178323,1.3541668635957382,2,136
26,0.13702058783874077,0.051869785112719384,2,62
27,0.5597147993678953,0.8645979762077332,2,10,0.9212639455414647,0.14814663773927933,2,49,0.6672835329473727,0.8075154008609908,2,77,1.418671250948111,0.08822500163858588,2,88,0.35594323005209866,0.34852139479838884,2,114,0.27720720111176544,1.3497761338949203,2,122,2.214491771525846,0.35176000495751697,2,128,4.379557387575487,1.3585552275180817,2,132,0.41705228493479374,1.5955850630998611,2,140,10.801217264206846,1.9416440427303314,3,152,0.30072167176863035,0.9383989680897106,2,163
28,0.6931831578115355,1.2552926407919989,2,9,0.21430503716758117,0.6442215821959756,2,20,0.2854963993648398,1.1982632600344145,2,33
29,0.05549778513694888,0.1258060701868751,2,22
30,0.15788002128458667,0.6475177425891161,2,32
31,0.021581131335291652,1.034782988684518,2,7,0.13105440366618132,0.9840094923973084,2,47
32,0.4264271466034963,1.0188534693284468,2,11,0.07320827846936376,0.37632385827600956,2,27
