0,0.5544937863901087,0.2737297829985619,2,200
1,0.3400637874583036,0.7721305266022682,2,8,0.04813441537922528,0.9320656652598418,2,137,0.47778619334783046,0.8945261389017105,2,141
2,0.08806187648191266,0.48759076368901155,2,129,0.5264419468615589,1.1274513921072318,2,172,0.09422713866629163,0.3220444619655609,2,185,0.376221567053675,1.1996545473734537,2,200
3,0.277898435137179,1.258075018186827,2,37
4,0.029313007236173604,1.1600196301937102,2,20
5,0.3221885351219257,1.3574513329399958,2,27
6,0.3649595065982532,0.9151891014792702,2,55
7,0.09699770890532391,1.2599422761372157,2,14,0.6602493928477394,0.3724545914700577,2,193,0.1349442167989321,0.5811103795255933,2,200
8,0.5137317848501111,1.008274262601679,2,22,0.5283523773738614,0.5848398312278416,2,45,0.08689081224631787,0.6960690640634106,2,200
9,0.6663424307721242,0.7810175662690942,2,22,0.7304098750748425,0.2583965505872454,2,57,0.27062490336455286,0.9633271031909518,2,66,1.131074861229846,0.18752395311991374,2,111,6.336873751541192,0.09529818892478943,2,116,0.2922068377519142,0.4307211289803187,2,122,6.541239453496897,0.12767392694950103,2,127,0.24558856697630166,0.3934031327565511,2,130,8.638440115691356,0.08565007150173187,2,134,0.32857124009436267,0.42484738677740097,2,140,3.0497509744643865,0.19630018000801405,2,152,0.29900708136338355,0.41361333678166073,2,158,3.176241570588849,0.16967546421548593,2,181,0.307449559678458,0.4095111737648646,2,187,5.12828222081934,0.14286251939260042,2,200
10,0.4725875167699551,0.5848261496195426,2,52
11,0.010235209904530966,0.7635075359633474,2,33,0.1177403507251678,0.3941119114557902,2,36,1.078418003393677,0.11154431386573894,2,73,0.03994997985798415,0.24080121020476022,2,76,1.1957612415390555,0.08188310130075975,2,87,0.017288800985749007,0.4917744994163513,2,93,1.1591692602554948,0.11112768451372783,2,108,0.027827713813994674,0.37299681082367897,2,112,1.527279074995088,0.03385255113244057,2,128,0.09706968089867642,0.24879130721092224,2,133,1.2010404249887234,0.09690047750870387,2,193,0.04735828301371927,0.6015296067510333,2,200
12,0.3214250171835371,1.620414102077484,2,10,0.4574018929127246,1.1104413866996765,2,22,0.2624507770034017,0.5268837614701345,2,126,0.6033736215693102,1.5580919434626896,2,150,0.19883478505578686,0.6064794046037337,2,184,0.4459981946756169,0.9462981447577477,2,200
13,0.5087632365637089,0.7966939608256022,2,15,0.2642779370382154,0.1665641724681243,2,93,0.3774079735486198,1.2368993396344392,2,116
14,0.2943951636395932,0.379842658305452,2,168
15,0.4023726809024138,1.0815258838318207,2,91
16,0.05666503089120677,0.46681522467348835,2,101,0.21900933425917152,0.49739301204681396,2,104,0.5432887521078678,1.1012556306247054,2,133
17,0.022842095716389302,0.30818620937712055,2,34,0.5797714154013377,1.3062292635440826,2,38,0.043506851218233646,0.22898559272289276,2,62,0.9569363377674216,0.32870638782673695,2,109,0.027902376805263952,0.37688090938788193,2,200
18,0.3230815856434713,0.9728009014189998,2,158,0.07456082582327425,0.8209932825782082,2,169,0.05710263367318002,0.5809221584950724,2,200
19,0.6907601110145122,0.7913513058839843,2,43,0.6536195459693824,0.5026846580645618,2,60,0.058513879222582776,0.8853346566961269,2,159,0.41231549013939794,1.3363053246242245,2,200
20,0.19312707583716623,0.5560159815682305,2,27,0.44913460318318654,0.4535007530156477,2,108,1.0074103622853143,0.4134514717988565,2,179,0.06224123067892633,0.6344453543424606,2,183,1.0364428444760598,0.4952032480921064,2,190,0.0912391417864977,0.6898487955331802,2,194,1.5487090508274104,0.5923809508482615,2,200
21,0.15937477785658136,0.6714627656340599,2,200
22,0.2569849774626011,0.6139773722997931,2,172,0.5771611792191004,0.9369695101465497,2,186
23,0.21347897769068536,0.08399851149634312,2,19,0.42588375782985777,0.946159839630127,2,22,0.23182980513692542,0.06166434991690847,2,58,0.4427565537595006,1.299650639295578,2,62
24,0.16779697919829376,0.9381810019287882,2,79,0.4245560030336442,1.0490142359878079,2,112,0.15734585085931357,0.7785740527239713,2,167,0.085603930413086,1.1390505954623222,2,199
25,0.3915933765538913,1.0039119812158437,2,104
26,0.6520730769428168,1.1840869532691107,2,45,0.28707341395510855,0.7370631600681105,2,64,0.620427868418755,0.2237273482605815,2,80,0.2849231750813347,0.5120462711001265,2,138,0.893401622614058,0.1671338594622082,2,156,3.2233302353365074,0.06672273278236389,2,176,0.8118324375173611,0.12270448977748553,2,200
27,0.5013351430369998,1.540830820798874,2,20
28,0.13634404540995282,1.2000623083114623,2,75
29,0.39525530900053624,0.5930879235267639,2,5,0.05719567994591254,0.5173581546003169,2,115
30,0.048867246869873475,0.4278156121571859,2,15,0.9140771310158037,0.6137180924415588,2,18,0.4177029056648324,1.155949905514717,2,26,0.09165654485207153,0.5483118891716003,2,61,0.2701312101933399,0.5839801268144087,2,72,0.35612659960508364,0.397012119491895,2,84,0.9604934494928424,0.2357605561040915,2,136,0.43476666156777277,0.3732936345040798,2,200
31,0.2059442977440572,0.6703731752932072,2,16,0.019401568868375622,0.9620523303747177,2,20
32,0.28181752879994354,0.4810621984172286,2,114,0.8114525353528744,0.3614793180516272,2,180
33,0.017438372273719943,1.0789381206035613,2,20
34,0.3130623687828327,0.8686362964411577,2,48,0.03577419363001304,0.9002117216587067,2,52,0.590392541955401,0.9176929159597917,2,96,0.35648739496767584,0.40654218435287476,2,121
35,0.04785228772965695,1.6420539568548334,2,73
36,0.380296854975323,1.2903800845146178,2,30,0.5878243658520813,0.7555191293358803,2,82
37,0.22772298271789587,0.20262735541909932,2,80
38,0.674261597153714,1.2750091314315797,2,20
39,0.022917862003920354,0.28762888042039647,2,43
40,0.956948945191003,0.15375625484046482,2,42
