0,0.02548573204775061,0.8152018177509308,2,200
24,0.02092706964704968,0.9325418272614479,2,200
25,0.022149267414484676,0.9498013180494308,2,200
26,0.027938760918216836,1.0288748702406882,2,200
27,0.024183252447658347,0.872289123237133,2,200
28,0.02840472424252754,0.9057297271490097,2,200
29,0.009509968910696864,1.031440556049347,2,17,0.6042169780463855,0.15427835677799426,2,55,0.021706197316843867,0.729861071387541,2,158,2.115966665238895,0.22798459586643038,2,200
31,0.015557936565411113,0.9200443810189677,2,171,1.9529607350576867,0.20613775980369797,2,200
32,0.023194159104075823,0.7780072781443595,2,200
33,0.026199838773055078,0.9680797591805458,2,200
