0,0.022828286700642714,0.9125827580690384,2,200
17,0.02900723632835764,0.8949270296096802,2,200
18,0.030864072036701308,0.799404770731926,2,200
19,0.05336457365649358,0.831496998667717,2,124,0.00035791282442754847,1.309518154929666,2,141,0.027941812278511818,1.0751972834942705,2,200
20,0.03171082607063306,0.835689481936003,2,57,0.5407349607039984,0.5639497714765956,2,146,0.02326401000084534,0.8917190388396934,2,200
21,0.03351729212330665,0.7713736096024513,2,200
22,0.02652636340497422,1.0253431910276414,2,200
23,0.02697051520406009,0.8456953763961792,2,192
24,0.028169192536244538,0.8883516469597816,2,200
26,0.0298326723351382,0.8995564967393875,2,200
