0,0.0265227840129647,0.5712545778602361,2,160,1.1044648498131897,0.3000467360019684,2,200
17,0.05167288430811619,0.5171405065615299,2,118,2.309474157651412,0.11064175682187807,2,200
18,0.011345533084527577,0.8274324378371238,2,200
19,0.35757668111945135,0.4189445712417364,2,200
22,0.025487866834330068,0.8184091660380364,2,200
23,0.031758361403700267,0.8819381847977639,2,200
24,0.014312162588072264,0.8852789303660393,2,200
25,0.028311323719089457,1.065394939482212,2,200
26,0.027906579798203063,1.0067944818735122,2,200
27,0.0134369242636592,0.7866765555739402,2,200
