0,0.7995708713738415,0.7838828593492508,2,20
139,0.19445677299439096,0.6273925642172495,2,45
140,0.09439346515119672,0.8258942365646362,2,6,3.7399353053403657e-05,0.9140275163309914,2,20
141,1.9145752577981598,0.8198183095961247,2,106,20.40437050727045,0.13926711890529445,2,200
142,8.47260749074221,0.19512793993166946,2,118,5.386430668934582,0.9987757526062153,2,145,102.31283752741746,1.3320001883940262,2,200
147,0.5655261270865785,0.7683584118375972,2,49
148,0.9453334984852585,0.9555559442801909,2,44
149,4.978356359907772,1.262847041382509,2,17,218.81058972298985,1.886323815768527,3,114,73.1053074152445,0.26252401201054454,2,146,14.132901176999212,0.20873437214780738,2,200
151,1.4298111999006609,1.0723053187131881,2,20
152,9.160054237308001,0.4574403797812534,2,132,23.285982216739054,1.246325522661209,2,136,213.42437466081785,1.6512865364551543,2,196,0.22492528100408168,0.5671418830752373,2,200
