91,0.11150682387582636,0.895904506955828,2,7,4.202685613045283e-05,0.9005373487105737,2,20
93,6.17875905185904,0.4371039078963038,2,114,0.022510568018797302,0.2986822303222573,2,137,0.7472374187613673,0.804723768234253,2,187
94,8.074142114289758,0.5588292703592688,2,133,109.49343287650993,0.3328181729832692,2,200
95,8.945240163155049,0.4395637074848274,2,77,0.038709237283167976,0.2912986740469933,2,97,17.09075653167722,0.37015018706182834,2,200
96,0.117757005353556,1.3470311164855957,2,6,4.3430096979210574e-05,0.9493968486785889,2,20
98,1.2833711876352263,1.3713386825152807,2,42
101,1.4142739375769557,1.0388940067002268,2,33
161,0.8116842852233398,0.7427650014559428,2,30
163,2.451048283133087,0.7321788837080416,2,23
191,1.3988741859105844e-05,0.8956495732069015,2,20
