1,0.9750994068529368,1.033990740776062,2,5,6.864338856124274e-05,0.9581939061482747,2,20
133,1.529504932262101,1.0008051718984332,2,35
134,0.9968972148064732,1.0537732908892077,2,43
135,0.026433092088960553,0.23184785278553657,2,47,3.218805989196227,0.485852280488381,2,60
136,0.6534037815810713,0.979806166428786,2,26
141,3.349968559588808,0.8550099676749745,2,61
142,2.3419250351030763,1.0100112938101298,2,97
144,0.24549336968491284,0.506823213690001,2,92,3.975038176543331,0.5393901485259887,2,200
145,2.631648627737504,0.8392271866669526,2,111
148,0.3777604602487932,0.5617182674010595,2,150,16.76289323822155,0.4734532254934311,2,200
