0,0.31020095917636575,0.9440048336982727,2,4,6.118443962754741e-05,0.8497445955872536,2,20
118,7.237879956766484,0.26484720191607874,2,48,0.028509762905074763,0.4197921016637017,2,65,4.566423202546524,0.7500378522608016,2,200
119,0.5365576554989451,0.7758426001029355,2,56
120,29.430693717028987,0.5399086527727746,2,148,0.17773675458798394,0.25238284626259255,2,200
121,1.2056142122058773,1.090522329012553,2,30
123,1.5541414778302096,1.0741336985870644,2,27
125,1.780233838140831,0.7188668755924,2,170,0.026799231827825752,0.08447455111891031,2,200
127,0.020264391201711442,0.27000117225524706,2,78,2.6645101499925516,0.6757834332329886,2,113
131,182.08685849115804,1.8903254285270785,3,81,0.7696306743071935,0.8421606686380174,2,90
132,1.4267077443737604,1.1427137586805556,2,9,8.477001726250561e-05,0.9438664858991449,2,20
