0,0.573911127020572,0.9535970426585576,2,73
109,0.865041460651235,0.8952747742335002,2,30,27.479124691148687,0.2010720202868635,2,63,0.020151441201167176,0.2252442553275969,2,104,1.0882635081672212,0.9900144481410583,2,200
111,4.116053829413174,0.7528402734158645,2,67
115,0.678486549748767,1.0462272510809056,2,85
116,1.024507436363461,0.7947641231796958,2,22
118,0.865041460651235,0.8952747742335002,2,30,27.479124691148687,0.2010720202868635,2,63,0.020151441201167176,0.2252442553275969,2,104,1.0882635081672212,0.9900144481410583,2,200
119,0.531551550085046,0.9336133698622385,2,24
120,10.349528917200042,0.2209985973793514,2,97,86.23368246891245,0.4896100163459778,2,100,257.6497564094271,1.7412047474472612,2,127,0.3223333099090759,0.85261638280822,2,168
121,0.5299322265539508,0.7344153124925702,2,86
122,2.362500638679474,0.6026864773348758,2,38,94.7916896894118,1.777328712599618,2,66,0.3870383085397309,0.7059825837612153,2,76
