0,0.6732139117175052,0.7972844474169672,2,49
144,0.6651152068281583,1.0595402304007082,2,49
151,0.7535520476120763,0.9023991950401445,2,164
152,3.1893490642078746,0.6215725806024339,2,9,0.012497123203956717,0.5435999653169087,2,23,22.152845711051295,0.38026316340823296,2,200
154,0.050509559982738345,0.45987885544697443,2,15,2.9618146569428543,0.4500871354998168,2,74,27.38111764319994,0.2900951270014048,2,194,0.11622055787057382,0.9278838435808817,2,200
158,1.3988741859105844e-05,0.8956495732069015,2,20
159,0.6187541825560927,0.8506346908482638,2,110,32.627075607216234,0.2263188491264979,2,200
160,1.3988741859105844e-05,0.8956495732069015,2,20
161,4.0967194929027215,0.3362240725093418,2,9,5.1457752668413346e-05,0.9279532920230519,2,20
162,2.5368175808588815,0.9265027887680951,2,34
