1,8.884132595142676,0.15024770701226467,2,48,0.008864760765025728,0.37108406530959265,2,76,1.980706180548941,0.44787174763698734,2,200
157,1.6383191464401066,0.7819793138064837,2,114,0.02281937799514566,0.3991035833245232,2,135
158,1.8975911570652229,1.0253258307774862,2,30
164,0.000232603677008871,1.1822885006666184,2,20
168,0.0725218236389214,0.2678871867246926,2,32,4.407849121538667,0.366549762231963,2,95,0.02560275405988755,0.2248895856387475,2,180,6.1564472419117635,0.22974957413971425,2,200
170,0.0001907141721137789,0.9927096098661423,2,20
171,1.0273468298538508,1.0697586252575828,2,42
172,2.182013029120848,0.784291140884161,2,200
174,1.1969297097231129,0.7921075991221836,2,14,6.25361719339231e-05,0.9180354873339335,2,20
175,5.69663789507179,0.6087364048501591,2,81
