1,1.7327304310678313,1.0785014175233387,2,21
138,24.309548700351492,0.16590032271448185,2,88,0.9691174796231288,0.8361181893518993,2,200
149,0.32765777886102565,1.1477859020233154,2,11,3.8722233739722774e-05,1.0098321636517842,2,20
150,0.6927059958963093,0.7493682488799095,2,140
151,0.5595889811352799,1.0592663275698821,2,48,15.30988341283731,0.20035017704641497,2,85
153,1.254601986186691,1.0245727181434632,2,20
156,0.21885838007151381,0.9171580532565713,2,64,2.304151318934516,0.969028753042221,2,94,15.04281636906706,0.15650761498243743,2,200
157,2.7601634867009897,0.6637796926498413,2,150,32.271259273772614,0.21099079689201045,2,199
162,0.8503647759979389,0.4998686703351828,2,26,32.37477995314648,0.229590299913938,2,200
163,1.6381879144854987,0.9650370913247267,2,48,0.036327502945379515,0.32727847434580326,2,200
