96,1.2365438920612803,0.6695548892021179,2,14,5.853256053172406e-05,0.8266481558481852,2,20
113,1.2232609057941324,1.1155120690663656,2,15,0.00013837384548589707,1.1584249496459962,2,20
114,0.7222274503301088,0.9721018224954605,2,24
118,1.7627687741359948,0.7885129680720772,2,164
120,1.3988741859105844e-05,0.8956495732069015,2,20
121,4.056762728180754,0.7114441609805132,2,82,0.011106804490567099,0.27286924312754374,2,123,5.506791255789076,0.9022518992424011,2,135
122,19.986662899308403,0.155715429933653,2,42,0.029079932302969725,0.16765368053282814,2,129,4.934194673713631,0.4368558563816715,2,200
126,1.0014851379650311,1.1606589357058208,2,12,7.62569281500238e-05,1.3343038707971573,2,20
127,0.4478996637171138,1.1359600461446322,2,65
135,0.5087770343343785,1.0941536128520966,2,8,6.915425622760452e-05,1.0664945145448048,2,20
