2,10.64248556041255,0.5382784270735644,2,189,0.13779021457325355,1.0698042511940002,2,200
132,15.665887073627603,0.4009258621931076,2,200
134,23.246193931129735,0.33021409474313257,2,200
135,1.8765337610291208,0.8335897244788982,2,135
136,0.06341180401098173,0.3174965806644071,2,44,1.5867352149535305,0.8906914792954922,2,124,12.090845986618854,0.5987655770778656,2,199
137,6.065537489116024e-05,1.0252223908901215,2,20
138,30.160623648880513,0.39884468596428635,2,200
139,2.8731719896993386,1.2682699298858642,2,25
140,4.882101373639706,0.6234532710982532,2,41
141,0.4969765567028856,0.7481973077412005,2,54,11.203568709723198,0.1876116815711493,2,192,0.054010357757462824,0.8913608938455582,2,200
