0,0.39368232602889774,0.8835970749930729,2,63,13.130278029698669,0.3958038797136396,2,127,0.9230537954906233,0.7527485514680544,2,199
103,6.022195178849124,0.5890607684850693,2,172
104,1.0740658056248147,0.95471250154078,2,200
105,0.4550665184942314,1.1889572313853674,2,14,0.00014706585783633863,1.0904311537742615,2,20
110,0.8014357507670121,0.9544303513625089,2,68,0.022732903128065238,0.35014980231576104,2,136,1.9265900299681513,0.9995789295062423,2,200
111,4.032499435040631,0.6860290115025449,2,47,181.12410133859734,0.9025819719300355,2,200
113,1.3988741859105844e-05,0.8956495732069015,2,20
114,3.3787281017357675,0.5970353724864813,2,26,0.0066680589078400455,0.15945273788150297,2,135,0.7228520010779813,0.3644150778543777,2,200
117,1.286880234696176,1.150736180336579,2,92
119,0.023020338824747178,1.3822743892669678,2,5,33.928552361424494,1.142512225162457,2,73,0.00915440968484564,0.6346473504196514,2,84,25.189040683949944,0.623261654540768,2,200
