0,0.23590333672753197,0.9222006844356656,2,16,9.360842352703159,0.22398651949049014,2,200
147,1.3988741859105844e-05,0.8956495732069015,2,20
149,0.5956287619125533,0.8452376127243042,2,13,5.892897625723996e-05,0.9528915200914655,2,20
150,1.4392377374791843,0.959009211924341,2,36
153,2.227793826191509,0.913427609205246,2,10,3.542708992802487e-05,0.9687784075736999,2,20
158,0.13589367615694137,0.41301128062708625,2,29,4.739613366376473,0.2983429466628216,2,117,53.290923356192,0.18396657750190024,2,200
159,0.900018465461986,0.7594232052564621,2,20
160,0.9589502105093414,0.5264908398191134,2,48,22.17022635766193,0.6798555439009386,2,116,1.1273243411266378,0.9097475158162864,2,199
162,2.420058516768722,0.9855357706546783,2,28
166,2.8661051492480074,0.7911244347995642,2,49,0.03569736923353412,0.47653073724359274,2,129
