0,1.174433044370166,1.0536705123053656,2,27
134,0.7811866045381979,1.0885326266288757,2,6,0.00016244241560243078,1.3350233903953008,2,20
135,3.273871697954985,0.7666826238066463,2,59
137,1.174362063251733,0.9980776883088626,2,52
138,1.7352490680301327,0.8655214835021455,2,59
139,0.9420457472912929,0.96890446969441,2,7,4.95162953696743e-05,1.0256732060359075,2,20
145,4.423996143265628,0.2696187173435465,2,200
146,0.6540619810301704,0.654861843585968,2,15,0.00020132427372374832,0.9172677040100098,2,20
147,0.5757565648496931,1.1722138285636903,2,20
149,1.435469482992437,0.9661230679069247,2,56
