0,0.29397084268361534,1.0014617499709129,2,200
1,0.2563860040154068,0.9803983640670776,2,200
2,0.21051005582241544,0.8166727721691132,2,66
3,0.29743376875851674,0.7436368942260743,2,25,0.6997951426485612,0.1847751783207059,2,57,1.4099797383945811,0.15832337518255193,2,200
4,0.3186424858198376,0.8682343743998429,2,58,0.5898991487854703,0.22945036746791958,2,155,0.33848600899877324,0.9131053633160061,2,200
5,0.05847764376410519,0.509702844619751,2,25,0.359934036697196,0.839707572613993,2,87,0.053122669085256216,0.9463605006535848,2,117,0.28173713125841243,1.0047244002421698,2,177,0.7436955575565566,0.1997349774060042,2,200
6,0.30564292627107453,0.9191420069336891,2,200
7,0.2984162653804593,0.9766386491060257,2,200
8,0.29685237743324666,0.9480221474170685,2,200
9,0.3164549406830667,1.13620571543773,2,48,0.9775721394414897,0.23741048241132184,2,200
10,0.33024058422600094,0.9172579070925713,2,200
11,0.2751348099942103,0.22374944324078766,2,23
12,0.266656526371487,0.91377421438694,2,200
13,0.335423557524286,1.1567116868495941,2,200
14,0.2884080796223758,1.0657511924175507,2,47
15,0.29740949735590355,0.6647767743679008,2,99,0.2093177868174224,0.9769124748683212,2,200
16,0.2709115857224504,0.8971468076109886,2,200
17,0.29972367390656707,0.9895139360427856,2,200
18,0.32191013855025014,0.9638268193602562,2,200
19,0.3256794020443083,1.1533561763116869,2,59
20,0.23167460174607596,0.7969233665777289,2,92,0.294127868380338,1.0917265084054735,2,200
21,0.20267250443870377,1.165161168575287,2,40
22,0.2822992442481485,1.0295946711301804,2,200
23,0.33806832934958575,0.9030000351477361,2,69,0.6681624149374968,0.18241794800216501,2,179,0.4614754452346684,0.7949375637939998,2,200
24,0.18453788325678816,1.0359554455715156,2,159
25,0.3049036135604533,1.171155879497528,2,150
26,0.028140937950837785,0.8000003894170126,2,18,0.2925385165613709,0.8919176463600543,2,157,0.08405776004266122,0.6333390155503916,2,200
27,0.28094089520831567,1.0760681080818175,2,200
28,0.31927466184744435,0.9404197299480438,2,200
29,0.3257030569287433,0.7254477313586644,2,42
30,0.3830539466971596,0.7807882380485535,2,25,0.019403412307013212,0.6252642936176724,2,88,0.2767399237977286,0.9001255418573108,2,200
31,0.33839037490354995,0.351890776128996,2,42
32,0.22684105460343765,0.37180967045866925,2,23
33,0.2214425997757564,0.9422040949265162,2,180
34,0.7089192327813381,0.26284268806162087,2,92,0.7333322681345609,1.2965665923224554,2,101,0.591033459108082,0.3274565239747365,2,161
35,0.31610857708359585,0.9557126527247222,2,138
36,0.18312673062375182,1.0408378851657012,2,98
37,0.2820100310702473,1.0949162864685058,2,25
