0,0.6635380167266396,0.4889672931570273,2,52,0.3371982599497645,1.4078405405345715,2,71,0.8073963044795469,0.26993742148424016,2,187,0.2516227653521885,1.0059172832048857,2,200
1,0.32565206114831186,0.9422720444202423,2,200
2,0.2754637921452128,1.0221226665567844,2,94,0.030298564191102755,0.18921521993783805,2,107,0.29710982064852315,1.104969802723136,2,200
3,0.301200833516153,1.0691842806339265,2,200
4,0.3434492465144879,1.1571494071714339,2,62,0.12339935328187072,0.5459738357199563,2,98
5,0.1953176155869688,0.20384567137807608,2,16,0.06159981212397108,0.9361555407876554,2,62,0.33056212883877373,0.8584069359302521,2,162,0.8794829224338152,0.1543312802126533,2,200
6,0.2983272382384894,1.1452843947844071,2,55
7,0.2639663537252452,1.0029660910367966,2,200
8,0.19797919288091276,0.985965552330017,2,200
9,0.7712826480140346,0.18292771957814694,2,200
10,0.361191491968406,1.005338879985426,2,199
11,0.27609705063056533,0.9523599276671538,2,37,1.086529996619094,0.10651078873447009,2,65,0.24381734623262935,0.9911305335435,2,175,0.878094619013868,0.10547285079956055,2,200
12,0.2899179266139563,0.9909845973764148,2,42,0.8825986080826607,0.28681837831224716,2,77,0.254841421974112,1.1708204050858815,2,101
13,0.16161242653001137,0.8887192748841786,2,42
14,0.34623416491498765,0.7846184053806343,2,99,0.8302297857906454,0.1428692758378416,2,200
15,0.3077734101439566,0.9582463920116424,2,200
16,0.8601036345997866,0.0754860332235694,2,64,0.2960308460827834,1.306518869579963,2,117
17,0.2561757300177409,0.827678632736206,2,200
18,0.28284794723784057,1.0073532384634019,2,200
19,0.018429509545606095,1.1998597264289856,2,20
20,0.27430124257508737,0.9591340824961663,2,200
21,0.24210756797782626,1.1402666282050218,2,158
22,0.2705014448994233,1.048540185908882,2,147
23,0.3067193908517713,0.9313067871332169,2,200
24,0.31368862562748917,1.007992814171989,2,53,0.07360439734598696,1.0071566899617512,2,122,0.2381302369996128,0.9706713557243347,2,126,1.1410702273359112,0.20158793528874716,2,147,0.2509303673171132,0.9572998110978108,2,200
25,0.2932389059892443,0.9311171931028366,2,200
26,0.6711797298513167,0.23766914110731435,2,74,0.21991526567783531,0.789883999824524,2,149,1.0374140154425155,0.15496579328408608,2,175,0.13731380492821635,0.7890485326449076,2,196
27,0.3461840799293729,0.772257379020553,2,83,0.4491632149098044,0.41746612787246706,2,93,0.9536361685033409,0.38697518546913945,2,179
28,0.3406306915555739,1.2723445728421212,2,80,0.18266689839481512,0.379710710474423,2,115,1.2496969005981298,0.10148804945250352,2,163,0.3515147102748229,1.010539323091507,2,179
29,0.3147579987608069,0.9730318815021192,2,59
30,0.19944629875627726,1.0693495323260624,2,24
31,0.24103339120319814,0.8608562843157694,2,104
