0,0.2687090754132384,0.9599932646751403,2,200
1,0.33782971872258394,1.2314233016967773,2,200
2,0.26005979130925816,1.0209242030978203,2,200
3,0.31252333911798014,1.1330525044238928,2,66,0.48635095115580684,0.2116206644669823,2,112,0.470648902148631,0.7474767875671386,2,137,3.019289979883281,1.8325001759962602,2,181,0.14007268931812938,0.2862410233779387,2,192,6.871584155849585,1.8162537813186646,2,200
4,0.304936889499425,0.8958750992524819,2,61,0.10119729721951952,0.9502338462596317,2,200
5,0.5352741472943778,0.31121803805232046,2,200
6,0.28581930328560656,1.176425986289978,2,200
7,0.31829611128423313,0.8603828595798524,2,122,0.7058318739591036,1.349868230521679,2,154,0.5476062590453926,0.5859538307008536,2,200
8,0.29005638800191,1.0780830809048243,2,35
9,0.457145201366883,0.6887535469979048,2,200
10,0.3090240979343846,1.0697565084695817,2,200
11,0.28843626024248065,0.9640025729006463,2,182,2.7360249530852965,1.90411676466465,3,190,0.05904949527824396,0.586421686410904,2,200
12,0.29135168063192113,1.089201827843984,2,60,0.040885441889931366,1.0571755071481068,2,96,0.22974120646683557,1.0268488868519112,2,150,0.029002517407086474,1.146509644985199,2,200
13,0.27046337279040017,0.987796059021583,2,65
14,0.29385747846476096,0.9474408670707986,2,27
15,0.23530839418243318,0.9781995073693698,2,122
16,0.3453283539879432,0.9891954366071725,2,81
17,0.30479974468119203,0.9964062124490738,2,200
18,0.2822983396718662,0.9381915584206582,2,200
19,0.2327293835106525,0.9645399814844131,2,200
20,0.39741413031535433,1.042668620745341,2,39,0.05305297279597213,0.7128501683473587,2,63,0.34666752865390305,0.9035365246236324,2,127,0.6052702397228742,0.4289479890506562,2,200
21,0.31404519968608624,1.0031095392563765,2,68
22,0.18594278473216255,1.1096141985313377,2,199
23,0.24136862801683462,1.007909891628983,2,101
24,0.357846139584603,0.9956911081491515,2,43
25,0.6313585873221002,0.9205696799538352,2,22,0.0562348734365932,1.0442684938510258,2,46
26,0.44431371105965084,0.77687475271523,2,64,0.9465392809617531,0.0743874960085925,2,115
27,0.1935512459534636,0.9121428422025732,2,74
28,0.26425728010458127,1.2150541405345119,2,43
