0,0.24696395374799598,0.8910360727737199,2,134
1,0.26987356109464733,0.9533382046222687,2,200
2,0.5717412730221421,0.45909003503620627,2,40,0.25296300173911,1.0739623241126537,2,200
3,0.27997761734734705,0.9665511795269546,2,186
4,0.28185413276096966,0.7500301076654803,2,57
5,0.3098804871420422,1.0172810930013656,2,200
6,0.23397384813342467,0.9286636805534363,2,200
7,0.3041665142157432,0.9548949956893921,2,45,0.0676614544914063,0.9390580030374749,2,174,0.3197357921546673,1.080897711790525,2,200
8,0.31867400278293995,0.7146282511261793,2,104
9,0.2478548501493931,1.1530394953489305,2,200
10,0.2998657911167998,0.985759687423706,2,200
11,0.3616663600350261,0.8711240999962218,2,199
12,0.19530162928672795,0.9579859718680381,2,80,0.4395376498288333,0.159401528382053,2,176,0.28041945698828963,0.8307770316799482,2,200
13,0.3073843418872172,0.8521015397433577,2,58,0.6887114572363069,0.2765601469387471,2,200
14,0.38469982453101387,0.5502827428791621,2,73
15,0.3073744059727373,1.1420119976997376,2,200
16,0.30321539062663583,0.9380375623703003,2,55
17,0.3122246791134139,0.8707771100997925,2,125,0.6972588238118567,0.18616229395071665,2,200
18,0.26453681394884876,1.5325176301209822,2,23,0.8421292783421088,0.1564278042754211,2,200
19,0.20578423429266227,1.0785086590051651,2,200
20,0.2847546245801019,0.898186669034778,2,106,0.9210762196607684,0.1957833576709666,2,200
21,0.11520648070284797,1.1621577143669128,2,20
22,0.29929618472589115,0.9208297713597615,2,75,1.0731855246003148,0.28717275569215417,2,139,0.22302752342576357,1.1305010414123535,2,164,0.6233877760423991,0.27073363959789276,2,200
23,0.3161605965614988,1.2962417291558308,2,23
24,0.2402004931405781,0.9958621616716739,2,108
25,0.3102359092674096,0.9431094040278516,2,153
26,0.24689553067007858,0.9691113835573196,2,200
27,0.2583317618531778,0.9774428832530976,2,200
28,0.286007137728375,0.9583164938730211,2,199
29,0.31837863238747355,1.0213350363679834,2,37,0.01697359126882004,1.1875889897346497,2,43
30,0.28709682586172236,0.4743386662254731,2,48
31,0.46701598794664095,1.0779746770858765,2,21
32,0.19271442774028633,1.014705380972694,2,34
33,0.09618156381107977,0.8650016608061614,2,54,0.5303780934712111,0.68204979480259,2,117
34,0.3658482425941186,0.9234586536884308,2,30
35,0.21748028817699086,1.1348357796669006,2,72
36,0.1640080506291022,1.194710013270378,2,40
37,0.1748820493207848,1.1415497272513633,2,86
38,0.28595009934239257,1.1249634861946105,2,40,0.04910773216268095,0.9783058802286784,2,70
39,0.2795432087943042,0.7961764395236969,2,30
40,0.2790811488571846,0.9631223871427423,2,34
41,0.398851437635817,1.1297583146528765,2,22
