0,0.30175289473290934,0.8518228729069233,2,200
1,0.2788531835497576,1.0815776246786117,2,200
2,0.23578142218519973,0.9071487997472286,2,200
3,0.25363298866071726,0.9329559955000878,2,200
4,0.2911149632301727,1.0457953878070998,2,115
5,0.08848679759384445,1.0480752348899842,2,200
6,0.1358137464144097,1.0040530797380667,2,104
7,0.3419307737084647,0.5633288760483265,2,200
8,0.259001898371392,0.9934761947393418,2,200
9,0.2827860726795588,0.9803032436966896,2,200
10,0.3234477423871289,0.33604188218261255,2,33
11,0.06252133999767703,1.0038679415980976,2,48
12,0.2840355867902876,0.8753208267688751,2,200
13,0.2739146766745111,1.0462066497558202,2,195
14,0.1918349127717036,0.8865431107580661,2,200
15,0.47822890921995753,0.6579599969766357,2,132,0.2919905536587672,1.2315027152116482,2,158,0.3087861384232892,0.40566234042247135,2,200
16,0.24624702155223674,0.8952670080074365,2,69
17,0.33888395983687913,0.9182924136438005,2,183
18,0.3014705285362314,0.9671614199876786,2,200
19,0.42065782976269117,0.13183459213801793,2,14,0.08790215278654673,1.1562377433164404,2,123
20,0.31278780258852745,0.9266307256260856,2,122,0.3802449889419464,0.6008626505151972,2,199
21,0.26610084344844287,1.0280893814563752,2,200
22,0.2209570142612507,0.9765846293843435,2,167
23,0.3957796483606196,1.0597934055328369,2,25
24,0.16478522073049728,0.9656522589921951,2,200
25,0.25125065943200214,0.9503939008712768,2,200
26,0.3065461773418897,0.9224870408453593,2,41
27,0.10732153439818677,0.9958852112741399,2,133
28,0.42857316992349415,0.8620043898385669,2,63,0.10670752940050557,1.2454107663570306,2,102
29,0.26061025525631637,0.9585293252417382,2,47
30,0.28578380211950055,0.8281902472178141,2,33
31,0.24852544752128258,1.1286640311732437,2,33
