0,0.4026819860334411,0.9358293211067116,2,91,0.05269235476927488,0.926386669141437,2,200
1,0.3531621376128306,0.9285954561829567,2,200
2,0.26197903559906777,0.9914304385098015,2,164,0.8273667653156487,0.5372294767035378,2,200
3,0.21484223376355274,1.044126814007759,2,200
4,0.23401050464793158,0.9339452236890793,2,200
5,0.2132196870383647,1.124195828437805,2,200
6,0.304468147294378,0.9675529223680496,2,200
7,0.2911091271159396,1.1021850442886352,2,200
8,0.322523248268129,0.97604527592659,2,200
9,0.1832894936764308,1.095757485628128,2,200
10,0.32492015769408267,0.9155349331897694,2,182
11,0.30477136590801945,1.164472078382969,2,200
12,0.19864996185421208,1.1821928376501256,2,66
13,0.3037975549236425,1.1922754121549202,2,33
14,0.2761317973894155,1.0629779413342475,2,200
15,0.25096836708112646,0.9617902741492169,2,159
16,0.2917894852389381,0.7893241429940249,2,39,0.040720374500807933,0.6476151451871202,2,76,0.33240754314732396,0.431241874052928,2,141
17,0.22590347087808121,0.9845456272363663,2,200
18,0.288785359718829,1.3218049873476443,2,92
19,0.18714772903648533,0.9521406057476998,2,200
20,0.42151125688095287,0.7803616573413213,2,54
21,0.1815350028264727,1.0161444953083991,2,200
22,0.3048867163176946,0.9696037842302906,2,98,0.04709910709541797,0.5408005863428116,2,102,0.8724556244560533,0.24705782350228758,2,200
23,0.2868864167252048,1.067766314993302,2,96,0.09066813693334294,1.0881621084715192,2,153,0.4437068151947031,0.8450503426213418,2,184,0.8319852678253091,0.22305427864193916,2,200
24,0.23825417154155829,1.1447467384625918,2,199
25,0.1979524916696226,0.9956592687037813,2,119
26,0.341774959176954,1.059590509063319,2,76
27,0.11805530819406322,0.8343596331408767,2,61
28,0.30218882137108277,1.032553343669228,2,46
