0,0.32333109547545175,0.7878383111495239,2,52,0.641730295487158,0.5348594188690186,2,56,1.0887412139325623,0.2561126264433066,2,200
1,0.3309920883772499,1.5894535779953003,2,8,0.02091347979738966,0.643540761868159,2,38,0.5201992383904693,0.34980379495723746,2,200
2,0.23251979398555644,0.958452750146389,2,200
3,0.22149430834657113,1.149878421655068,2,156
4,0.13319343777597786,1.1577214360237122,2,20
5,0.22056684012015806,0.8882531160116196,2,200
6,0.3571312999135868,0.958041148715549,2,45,0.051279092567444826,0.9114503548258827,2,108,0.3289220421489433,1.0429649750391643,2,114,0.7140276092115557,0.26251970370148503,2,200
7,0.2701520397356397,1.132550334071254,2,111
8,0.4701310715551815,1.4670840447599238,2,22,3.1324771057837455,1.8153641091452704,2,58,0.25933556609740005,0.5936022301514944,2,73,12.055543962983393,1.9774831136067708,3,85,0.28087681163899303,1.1705910617654973,2,96,5.019845699369658,1.8565444881265813,2,151,0.27866934959507805,0.3306372644645827,2,165,3.7071650772790257,1.8434721139761119,2,191,0.23332393600640586,0.5000221663051181,2,200
9,0.27699232742687485,0.8940618553677121,2,37,0.6818700832910463,0.12940732529386878,2,69,0.3902761684722224,0.9038607291380565,2,144
10,0.28399458830712776,0.9546931684017181,2,200
11,0.35227312343327005,0.8879463131780978,2,54
12,0.27943964883928557,0.9133855700492859,2,24
13,0.293269888146204,0.5699324483672777,2,24
14,0.2879965766485818,0.9058615795590661,2,44,0.4950154331463252,0.4144874096944414,2,73
15,0.14569487382524565,0.8559336751699448,2,20
16,0.09543254138052039,0.43763022468640256,2,13,0.3023179957029283,1.2400801403577937,2,56,0.702099580558847,0.22506713786950477,2,186,0.5021755831122647,1.0407486132213049,2,200
17,0.24008226811988442,0.8922404419603965,2,139,0.5822308668336438,0.21027326681574837,2,200
18,0.3148518948650977,1.1401549612774569,2,34
19,0.3101816039627171,0.960617515700204,2,175
20,0.34619836042399704,0.7319260753641192,2,149
21,0.28522537196711634,0.868060037322428,2,87
22,0.2758995635299548,1.2086849460354099,2,77
23,0.4050750648408122,1.030970675604684,2,28
24,0.28963769533075945,0.8900440222024918,2,200
25,0.23251850497862675,0.5982283499182725,2,41
26,0.3161751741489859,0.8181293606758118,2,41
27,0.2470552883875665,1.104123863711286,2,134,0.7001692978628938,0.36136895673615593,2,169
28,0.308644235257802,1.1436845436692238,2,32
29,0.32530644604003217,1.0521740920615918,2,165
30,0.19019310995520283,1.0356693726319532,2,39
31,0.28628168347121613,0.6610634475946426,2,36
32,0.3667813299326366,0.827189102059319,2,21
33,0.2568288614487941,0.9645979865030809,2,88
34,0.1829722663232569,1.1194329261779785,2,72
35,0.2885516023592854,1.0714187554593355,2,53
36,0.3411982275513931,0.9167981803417206,2,20
37,0.3155576188451696,0.9656265753766765,2,46
38,0.2793766429734647,0.7550002071592543,2,27
39,0.2821544809350842,0.9989516735076904,2,38
