0,0.3251538140362928,0.9869255291091071,2,108
1,0.28681506243418187,1.0362733727693558,2,200
2,0.30864576783938846,1.019956778883934,2,200
3,0.2937871738773362,1.0118500617417423,2,44,0.0709935118304887,0.9592422363550767,2,136
4,0.23697825231751432,1.007607119739371,2,189
5,0.2978486759801986,0.8930664101243019,2,200
6,0.2706005108412969,0.7496580769275797,2,145
7,0.3168586648030593,1.0503037571907043,2,91,0.5429775985864608,0.5972701771972105,2,188,0.2850007821194749,1.5997184018294017,2,200
8,0.2863247010345628,1.007429871559143,2,200
9,0.2849182099545898,1.0129011964797974,2,200
10,0.2743717559967278,1.1320953904366007,2,98,0.060291683306676266,0.4918942004442215,2,120,0.15028759206745365,1.1397061780095101,2,200
11,0.034643303275896806,0.9510786327822455,2,29
12,0.20456595542852793,1.0820347198418208,2,112,0.5026348890037629,0.45820577307180926,2,200
13,0.32185092143017924,0.7910979380041866,2,59
14,0.2735550096744992,1.002100293636322,2,200
15,0.31042165159489954,0.9590710939041206,2,112
16,0.28199335297603767,1.1746223267544522,2,89
17,0.13106722266422077,0.9484848290681839,2,200
18,0.29098949376200894,1.0416268199906313,2,133
19,0.36933966184112765,0.6944427896948422,2,170,11.492065742956378,1.5808178782463074,2,176,0.3363418459051417,0.1131044165654616,2,187,21.872812805714325,1.9556406289339066,3,195,0.17160313419371176,0.5862921118736267,2,200
20,0.28231471179114925,1.0016689809722517,2,199
21,0.2930335468647996,1.1928603590988531,2,41
22,0.2501873303225593,0.9682776832580566,2,200
23,0.12997410306579427,0.9538299041986465,2,200
24,0.226220896599965,1.0418977040052413,2,200
25,0.25098787474728124,0.9237603341991251,2,44
26,0.3390674707277023,0.8705671843555238,2,36
27,0.032917931011864146,0.6819033076365789,2,12,0.27139455931356793,1.107800224325159,2,194
28,0.5726335473546075,0.5662965972612544,2,164
29,0.2460735943592347,1.0559517579774063,2,96
30,0.2083573649011159,0.9026595654450064,2,127,0.28193406580528585,0.3359866573622352,2,146
31,0.24810705671267838,0.6002205006487957,2,77,0.08940262950618531,1.2924195061559263,2,100
32,0.313843914051068,0.8943216881236514,2,111
33,0.344567108408286,0.9867306381096075,2,81
34,0.3206198090053954,1.0336398174022805,2,29
