0,0.30102035501282215,0.8159273070625112,2,79,0.8956065848489128,0.2954530172488269,2,164,0.30512824310661196,1.0016507608549936,2,199
1,0.31745513633535727,1.0090728044325923,2,162,0.9693048104166203,1.6714425230026244,2,187,11.652749156989465,1.9635002521368174,3,200
2,0.3255964451491476,1.0146455038677562,2,110
3,0.250268543921415,1.0213703829050065,2,200
4,0.2915103226293358,1.158075618021416,2,33
5,0.1718791708987061,1.3066891968250274,2,20
6,0.3038713088003425,1.067181380391121,2,200
7,0.4234459832564226,0.7246593882640203,2,24
8,0.23531549464165408,0.88831541000628,2,153
9,0.35499476862408924,1.176288021935357,2,9,0.01689445426538499,1.1930828961459072,2,20
10,0.11513328230651966,1.0085934763774276,2,64,0.3514291176072571,0.9647391381717864,2,106,0.7653087442719849,0.2777854459399873,2,200
11,0.5941701707566823,0.4422573583821456,2,180,0.027687679932266968,1.1815382540225983,2,188
12,0.279250558390055,0.9558819174766541,2,200
13,0.3970233130214106,0.9722485167639596,2,70
14,0.16898018118641747,1.0267148470878602,2,50
15,0.7406294917052393,0.28417165599763394,2,200
16,0.5018650621237084,0.7590259188099912,2,19,0.8436858328975493,0.16488143307728004,2,200
17,0.509435383441799,0.611545222469523,2,79,0.29226377815380494,1.0669172825636688,2,106
18,0.29242008397969155,0.922908285856247,2,200
19,0.29630159440586196,1.0077426963382297,2,162,0.09682613286422197,0.5476674210084113,2,200
20,0.2645048696683853,1.1474947810173035,2,200
21,0.11285310586996898,0.960798192024231,2,20
22,0.2764038959898112,1.0369199498703605,2,76,0.8951973477157963,0.23667119311228876,2,200
23,0.1674878663605806,1.0178338366746902,2,200
24,0.3594977897577778,1.0039175342429767,2,66
25,0.402109610246851,0.2632601504976099,2,44,0.1427497122436751,0.9293484262057713,2,58,1.360142929360498,0.0356466451452838,2,94,0.25405013139609883,1.1359026825652931,2,200
26,0.2647708163374916,1.0765952559617848,2,52
27,0.28260931635122516,0.8458458116797151,2,183
28,0.26060140739043774,0.9185748159885406,2,20
29,0.31488591114759557,0.9786990888757643,2,153
30,0.29485734348469683,1.3805452613603502,2,42
31,0.1926216812632135,0.7753720664978028,2,50
32,0.36705114508052733,0.6197660743144521,2,57
33,0.3577160332569397,0.9779250792094639,2,21
34,0.8395977981486648,0.34721316240335764,2,38,1.785632140794787,1.6965308359691076,2,66,1.1876747778006014,0.47479409476121265,2,72,0.2585502503565715,0.23995457713802656,2,84,0.10357105536862692,1.2633508794447954,2,101
35,0.015361727978548149,0.8300005694230398,2,6,0.24896599673381406,1.008291205009782,2,89
36,0.3773205897236159,0.7991770080157689,2,49
37,0.2949706409928121,0.8228301440968233,2,34
38,0.34408368686606094,0.7146983521955984,2,27
39,0.28940771444633423,0.30829959076184493,2,26
