0,0.5434247005524016,1.051100918650627,2,200
1,0.40551806849329963,1.0245451682806015,2,200
2,0.74838423645629,0.20727559389212194,2,78,0.4959899665002547,1.022672172387441,2,93,1.6185356129252841,0.11305703435625349,2,100,0.38345721460645454,1.1473447758900492,2,176,0.019178586577158364,0.9659993989127023,2,183,0.24475576566783633,1.2005123741486494,2,200
3,0.653526555019131,0.8290543711185455,2,200
4,0.5946736733847234,0.9370752656879138,2,199
5,0.4114810418675246,1.2013144847509023,2,37
6,0.3658668114596075,1.0533156828446821,2,11,0.019268374559484026,0.050221381442887444,2,200
7,0.558315010481668,0.8458146312657524,2,51,0.8974332612514715,0.13705803333102046,2,88,1.5932596940781139,0.15898081942184553,2,199
8,0.5924886533961452,1.099157130372697,2,138
9,0.3835051128997031,1.640518686988137,2,11,0.01863378884463251,1.2381571928660076,2,20
10,0.4276501251740271,1.0737864014349485,2,38,0.5409037785416247,0.38216625452041625,2,53
11,0.4835191681851462,0.9097073449883409,2,93
12,0.3490317388105454,0.9772165673119682,2,14,0.6714409957067743,0.31438444058100384,2,65,0.3420191790071824,0.819384828209877,2,85,0.7976868376445494,0.21605590227991342,2,165,2.788448490148681,0.07184162621314709,2,178,0.23022300650297198,0.34418266943909903,2,200
13,0.6062072576439648,0.7866086600318788,2,63
14,0.5301130142555317,1.1175614198048909,2,36
15,0.46998142133459886,0.9685070414409459,2,107,0.01721407050670901,0.12968185946748062,2,144,0.5487464576650289,1.0421389362641744,2,200
16,0.5493552616005809,1.1025692565100533,2,7,0.017465389731530268,1.1790388822555542,2,13,0.5809973449678226,1.1334810744632373,2,35
17,0.4611487544602176,1.0280278346954135,2,109
18,0.5929363283941065,0.8234529154641288,2,49
19,0.5403700214629463,1.021323067110938,2,74
20,0.005475257292227066,0.8285379873381721,2,90,0.23589928858702688,1.2351756811141967,2,95
21,0.4065144991003029,0.8850671308381217,2,7,0.0180971321104819,0.2526168356339137,2,22,0.8728429942726337,0.5434728600084782,2,38,0.4412620396160807,0.9177906666046534,2,77
22,0.5947236010713483,0.7328545782301161,2,9,1.3358845432201798,0.18866140638174636,2,98,0.016399948780375977,0.9687659475538466,2,107,0.23403459300487042,0.2824589063723882,2,128,0.017317919139475172,0.8225172758102417,2,137,0.2902656200594903,0.2751197963953018,2,163
23,0.4450492008175017,0.9778139414610686,2,27
24,0.6198821777237382,0.8597161720196406,2,24
25,0.6824219680042548,0.39401565415736955,2,39,0.5425815661818418,0.9154211301356554,2,135
26,0.42361188336198075,0.8080447793006897,2,25
27,0.3314635867633591,0.7064060325975772,2,27
28,0.7665725827501093,1.4433062374591827,2,12,1.2678214041386564,0.5732848633612905,2,26,1.1009984855690091,1.608075980345408,2,56,1.6714626867574376,0.08211560468924672,2,75,0.40078956096229884,1.6212193303638034,2,84,3.467493262993615,0.11228960454463958,2,94,0.6855615658895554,0.9234199907098498,2,122
29,0.6402904138945523,0.9424016407834805,2,123
30,0.5622609373172623,0.9087262772378467,2,105
31,0.5763966989756384,0.8917035564780236,2,40
32,0.4329880325934586,1.1563168678964888,2,14,0.021363537990719543,0.15803514577840505,2,90
33,0.004822027391731309,0.7743616683382384,2,71
34,0.5220896136756563,1.009482944453204,2,81
35,0.45525768320666476,0.705142540010539,2,44
36,0.5240650444796648,1.2263654452651294,2,67
37,0.6101847115182685,1.1114533897173606,2,59
38,0.20333390612497673,1.00277099609375,2,30
39,0.520713931604596,1.1334313948949177,2,27
40,0.35859752644352444,1.1870211114486058,2,24
41,0.44662268060574845,0.9398824410005049,2,22
