0,0.5688994561919244,1.0212949022002842,2,46,0.03620819885476672,0.16120623903615133,2,88,0.8076723878422792,0.6541572283022106,2,152
1,0.6447237924397948,0.9928700602971591,2,26,0.778425281853462,0.5947704636331262,2,142,0.7273526442894862,1.2396122872829438,2,162,1.2573623023950071,0.30593749029295786,2,183,0.6971202023812235,1.0979749665540808,2,200
2,0.4841624582000819,1.0735649816573611,2,63
3,0.6013221031890604,1.0234859330313546,2,28,0.01869406094225944,0.05991778158126993,2,75,0.5386021399913055,0.9576703824996948,2,200
4,0.5480195120286128,0.8499431198025927,2,81,0.018212779410159148,0.2149590873404553,2,100,0.5577757141442387,0.9275915050506591,2,150,0.019432849579259434,0.37732216467459995,2,162,0.5140291521541873,0.9336759981356169,2,200
5,0.45449907765987124,1.1763456690311431,2,200
6,0.3332494080690634,0.9943262203365353,2,141
7,0.5221711063292287,0.9484505227633885,2,70,0.01840856997027404,0.06697812441148256,2,127,0.5650206148231149,0.923684445962514,2,200
8,0.5772444278990626,1.0283503448754026,2,57,0.01805499075977817,0.0590051636620835,2,200
9,0.42748885740400666,0.7566412836313248,2,44
10,0.5218079534073129,0.9378614661097526,2,200
11,0.4758036079534827,1.0192012423422279,2,82
12,0.6452081885263401,0.9217936385761608,2,55
13,0.40768698423488814,1.1972114510006375,2,18,0.01851440862108897,0.07065036325227647,2,81,0.2994187083186178,0.4112384163198017,2,102,0.023018154616398934,0.20693621549167132,2,140,0.31260855986692393,0.32507939140001935,2,149,0.02143745335249346,0.20783478834412314,2,160,0.4091826349578741,0.2841301865875721,2,200
14,0.4073629999000766,0.974739822474393,2,22
15,0.047455338193242075,0.4738754088941373,2,19,1.186634442918039,0.45634891589482623,2,22,0.40069579705778635,1.0018500583512442,2,92,0.6868983115730836,0.3172880714138349,2,122,2.9617071528488563,0.1503663880702777,2,200
16,0.4978300378756801,0.7514869159460068,2,200
17,0.02169253268889081,0.07760730385780334,2,52,0.584399902273261,1.23629629611969,2,124
18,0.36328093108038706,0.7779676988720894,2,24
19,0.38381508787176877,0.9688131323567143,2,27,0.017063529197693657,0.0763084464154001,2,86,0.5898391112875139,1.0098277298750076,2,199
20,0.41636332854792646,0.8875669270753861,2,200
21,0.4589108226001997,1.0999671418463166,2,199
22,0.40550032523761004,1.0354307352327834,2,51
23,0.5324300395964433,0.9150152114248767,2,194
24,0.5043983098647343,1.0756341536839804,2,30
25,0.5904909873650198,0.8811363194669996,2,28
26,0.443677196501207,0.947167548640021,2,29
27,0.5929110716144306,1.0794911174213184,2,68
28,0.6309226436080267,0.7331587667182341,2,118
29,0.49023942603322795,0.7254240044525692,2,28
30,0.47952604556345896,1.0348272270231105,2,67,0.020243671971346168,0.5092101693153381,2,77,0.670418649651792,1.2627655267715454,2,83
31,0.7493637019307178,1.2016147424777348,2,24,0.01936340876597045,0.6241081040352583,2,56,0.6561524361423327,0.9806546592712402,2,81
32,0.48364464324570405,1.0997501662436953,2,47
33,0.5326414848129893,0.9677884175227238,2,65
34,0.6078738402148739,1.3187699894751272,2,31
35,0.39001338255572493,1.108864422639211,2,30
