0,0.33039324379548335,1.055764079093933,2,26,0.018521547953022025,0.06459724082022297,2,75,0.33445695714505846,1.0831347284317017,2,200
1,0.5637801716440153,0.7318328022956848,2,4,0.017349224025036976,0.10318661605318387,2,40,0.6875849028230541,1.1503888808545613,2,124
2,0.3740640905334894,1.0558245873451233,2,200
3,0.5504417966702193,0.7840273279741586,2,83,0.8618982220470492,0.543217647927148,2,153,0.39757819720014503,0.9035193539680318,2,200
4,0.35485042420083357,1.2961877572536469,2,200
5,0.6826354036696402,1.0416307314749687,2,186,0.6209658192398125,1.5063737205096654,2,200
6,0.5869324183769724,0.9305068200979477,2,78,0.017342645490588456,0.1444081420248205,2,111,0.7771262669608205,0.3575970709323883,2,116
7,0.674305880550009,1.1441580841415806,2,114,0.01798951628785995,0.6833444585402807,2,126,0.6533919044347688,1.1245799342246905,2,199
8,0.4783130758599186,0.8173875917087902,2,88,1.6727250521692287,0.11459901630878448,2,98,0.03139184377399637,0.6291687496006488,2,118,1.9920059582308376,0.07225949476872172,2,174,0.7471261165641271,0.2645587290708835,2,187,0.4758431367844167,0.65189512188618,2,200
9,0.5039379658628121,0.9988741427659988,2,104
10,0.6995587136033358,0.9970411319732666,2,125
11,0.13242489705075924,0.750300595536828,2,32,0.10477286034833085,1.4073018312454224,2,52,0.017728808739643352,0.19141595675186676,2,118,0.09653942314966024,1.1218047171104244,2,200
12,0.5528261399617664,1.127101570367813,2,36
13,0.2808855775900997,0.9925252678347569,2,51,0.7351013156575777,0.4508027136325836,2,97,0.44649715738329904,0.7714487809327341,2,159,0.18701323288680033,1.293530911207199,2,175,9.506083001848785,1.9648907631635666,3,183,0.4322186642668903,1.5387083292007446,2,190,6.600762964380343,1.9007021903991699,3,200
14,0.41695105160448714,0.770327093041673,2,49,0.019603919909793925,0.7110234636526841,2,62,0.4436154831039095,0.25500559223734814,2,85,0.5582198185745463,0.9785059914869421,2,170,1.0753204171979818,0.39736320078372955,2,196,0.03883015949653053,0.8107575476169586,2,200
15,0.3664291288175405,0.9933167505264282,2,200
16,0.5534432412597572,1.0566439018693081,2,43
17,0.3793700160274064,0.9539815109968185,2,200
18,0.586080066156635,0.8344711867662576,2,26,1.0058123484343673,0.23741271356741586,2,101,0.76407483323603,0.5613493139927204,2,127,0.8290459473874008,1.0796218103375927,2,156,1.5538077237253969,0.374453644156456,2,181,0.679691855281862,1.1721316576004028,2,194,1.6747387219728334,0.2150328829884529,2,200
19,0.7927047820058137,0.4345717100160463,2,112,0.4244274909175485,0.9800395477901805,2,200
20,0.461945762879216,1.174699604511261,2,44
21,0.3795431502346744,0.7889450043439865,2,52
22,0.2805815575767779,1.3242445190747578,2,6,0.013286879269320446,0.9854176385062081,2,20
23,0.34054886839365817,0.9723157962476174,2,127,0.036830008208439916,0.8026272399084908,2,141,0.01910704660496794,0.6575492790767125,2,148,0.43778295965705893,0.4406698254438547,2,200
24,0.3877398548162594,1.0801086936678206,2,35,0.016610792587872607,0.04412297993453581,2,169,0.8065282630384906,0.6268581892213514,2,200
25,0.49116691851900224,1.0453217806238118,2,66
26,0.06784798600227675,0.6729582905769348,2,10,0.0127074710787251,1.379111635684967,2,30,0.00867516118041692,0.5114197213616636,2,102,0.007801084802077072,0.879575907138356,2,159,0.18980396530837274,0.668125179680911,2,170
27,0.6752543039513254,0.6846595979653872,2,91,0.0168974855379232,0.07501585488066528,2,157,0.41311312514092496,0.8500883011590867,2,178
28,0.6096004451459146,0.8682397492229939,2,16,0.03446661289870091,1.1403230130672455,2,20
29,0.5854638902870728,0.943274606191195,2,130
30,0.6816909014151468,1.0574032545089722,2,40
31,0.429642578852894,0.7977684646282556,2,53
32,0.5842685352399007,0.5305348990055231,2,26,0.03870404372888006,0.8727706829706828,2,41,0.8082121298208867,0.6968962821093473,2,52
33,0.38165162411613646,0.525565108527308,2,23
