0,0.9765424887252985,0.2753208850820859,2,12,0.6862600770251072,0.8049942111146862,2,41,7.191608805509375,1.8700592988415767,2,79,0.46318484092255285,1.4268296786717005,2,86,7.433899916287698,1.8580114819786766,2,141,0.3562944064416454,1.1752739336531042,2,200
1,0.07652034650925602,1.0713558693726857,2,12,0.682576069932252,0.167873558752677,2,29,0.7981907977608098,1.5497286753220991,2,40,7.206643178478465,1.8611683769428984,2,87,0.5372060921078303,1.1599405037945714,2,145
2,0.5652279568937011,1.0016628264182776,2,199
3,0.5829970095635627,1.048834673289595,2,58,0.01832453187251207,0.06916264731150407,2,136,0.8777380836469614,0.1628780485345767,2,162,0.020506069885742655,0.12857568460075477,2,200
4,0.5539467132005047,0.8616173338890075,2,200
5,0.6156996081645258,1.0117361244948013,2,115
6,0.396033689988109,0.9678193192873428,2,134,0.20689303725707242,0.2778563027580579,2,140,0.01673944345947791,0.5022348297966851,2,149,0.6352690781656133,0.7165124176764021,2,200
7,0.40131373494799527,1.3600496487184004,2,22,0.019566594734938037,0.2345608912016216,2,41,0.3926923814528111,1.0932236357739098,2,136,0.3652967374708238,0.5852202732454647,2,158,0.018402078793994393,0.2663644079280936,2,181,0.5470751855108872,0.9809426320226569,2,200
8,0.5779151221381422,1.5277014136314393,2,10,0.019579635325578954,0.10377454822478087,2,56,0.3690594558927929,1.0792541415603072,2,137
9,0.5991890310890776,0.9820737498998642,2,200
10,0.2602728852986202,1.0758094787597656,2,6,0.014999610733144424,1.2025929178510393,2,20
11,0.5066504471131119,1.1490174593069615,2,39
12,0.27837854773856013,0.8836954337794606,2,41
13,0.5545847024313771,1.0793508353986239,2,114
14,0.4419602399713525,0.8576783140500387,2,36,0.01886605030516933,0.0562740708842422,2,102,0.5643142247239727,0.898711696976707,2,144,0.8671029296711841,0.36510153700198444,2,200
15,0.4643069825888513,1.162283597570477,2,33
16,0.5624731276273356,0.9306215460055343,2,107,1.0775754840674596,0.41358305272218343,2,144,0.6201599794480988,1.0492421410300514,2,199
17,0.6269613281359979,0.8621260773205588,2,141
18,0.4289131467833278,0.983369307315096,2,94,0.47554010375206773,0.778420164337698,2,200
19,0.5477262428599272,0.8530856585994209,2,194
20,0.6077324519673555,1.0116977071762085,2,25,0.5974725462253294,0.607047884662946,2,55
21,0.47791598219965953,1.1610065670574412,2,85
22,0.514603973444232,0.8595742489918169,2,83
23,0.649091633676675,0.8714050405165729,2,34,0.0190994364467479,0.6772475176387363,2,61,0.7941907119993343,0.29063923542316145,2,100,0.4643957759339387,0.7319095454045704,2,128,0.018627160345491715,0.10883908035854499,2,176
24,0.6209674067683981,0.9089556833108267,2,102
25,0.5338755669825148,0.9793024203356575,2,119
26,0.6039559790525626,1.0707143247127533,2,24
27,0.6282987299264713,0.8147597718746105,2,47
28,0.8747456879071858,0.9416097948248957,2,71
29,0.6911346250301369,0.8814775659077203,2,67
30,0.3981011132182832,1.1891240640120073,2,55
31,0.5693664700134521,0.8455296130407424,2,21
32,0.5293520795708395,0.9035438131063412,2,39,0.016911612679158264,0.20618538239172526,2,53
33,0.5764595049113868,1.0456099578967462,2,52
34,0.5015215122926411,0.9115879129279744,2,22
35,0.49016850572548865,0.7614497393369675,2,20
36,0.6570080504800508,1.1860020637512207,2,25
