0,0.5494553498632736,0.911292945444584,2,200
1,0.3150161513431951,0.9340700548887253,2,200
2,0.39304438452172696,1.0132373632528844,2,78
3,0.40854644174859195,0.8946898813997761,2,89,1.338832766992116,0.1281407871493348,2,200
4,0.5575378785036992,0.9954462075353268,2,199
5,0.535662345576422,1.0348978530276904,2,66
6,0.3899175920812688,0.5763709545135498,2,41,1.0976483872280904,0.30971563152922027,2,200
7,0.6099516739781304,1.0515790798953761,2,107
8,0.7057231522072809,1.0188537765951717,2,17,1.3072140350014527,0.1955677913846793,2,71,5.358212464966811,0.1721041216736748,2,134,0.6723103818361741,0.3744210142355699,2,147,5.502605978205565,0.17358997198087828,2,175,1.066702978949415,0.3118866801261902,2,200
9,0.36858012490575354,1.121377147445383,2,129
10,0.569240272447022,0.9018043004549466,2,39
11,0.5669721538506775,1.065038043133756,2,94
12,0.42040955971125743,1.0432036605655637,2,117
13,0.5811064088722216,1.063703403437048,2,133
14,0.4841152867350265,0.9822860356198241,2,151,1.1053757633465318,0.3077954023468251,2,200
15,0.6438886387274891,1.1600678811470668,2,48
16,0.14891130617556705,0.8673085976730693,2,22,0.6870462772892258,0.8183722198009491,2,74,0.07905201737958548,0.1815953552722931,2,85
17,0.508205350291091,0.9315640264749527,2,200
18,0.5485738014700261,0.7640557635662167,2,43,0.8416651467134466,0.3001600022499378,2,108,0.08766051080889604,0.5995781591960362,2,122,0.9926362993628836,0.27914693359381115,2,200
19,0.3255209899444537,1.02839191754659,2,42,0.8057830090011067,0.26410096818986145,2,111,0.047036865183401125,0.48875233232975007,2,121,1.1500335616773802,0.30834863325463063,2,200
20,0.35835929235635916,1.0608368647562993,2,77,0.018850179455567242,0.12857662460633687,2,105,0.15120702969829436,0.22366737524668376,2,120,0.8247572381689575,0.09893085062503815,2,199
21,0.5135910813841627,0.7462552064343503,2,57
22,0.4358487062823045,1.1232627660036087,2,40,1.3751815133136303,0.21781812372960543,2,59,0.5534651229035006,0.651586877276199,2,158
23,0.33615705182485645,0.9605918441499982,2,154,0.8236082802720803,0.22524598305640015,2,200
24,0.2944501965667524,0.9645085422719111,2,122
25,0.593143052762699,1.1903379162152607,2,12,0.016910108884153143,1.0806098133325577,2,20
26,0.48994036220687287,1.1502330880011282,2,31
27,0.3585133990820059,0.8123052069119044,2,35
28,0.32592592369260215,1.0059647895395756,2,32
29,0.686334133436901,0.9357872420343859,2,29,1.112997635451921,0.17773820269246435,2,115,0.5804717919438117,1.219545236655644,2,157
30,0.5802326202326356,1.0212928443760068,2,77
31,0.7131348762855348,1.2807575084946372,2,22
32,0.5535430757031425,0.9520880519333532,2,59,0.018877039835549846,0.059541969727247186,2,98,0.7108667083260263,0.4413564205169678,2,107
33,0.4926177475387341,0.9553828398386638,2,75
34,0.695755876140963,1.045045001852897,2,62
35,0.3953746152069259,1.0971569895744324,2,40,1.250308109692943,0.30057817179223767,2,63
36,0.6156394350232987,0.813351924115039,2,47
37,0.4503241345961877,1.0553643209178274,2,41
38,0.4424702150647646,0.9121339276984886,2,27
39,0.3321544130058892,1.2557778882980346,2,25
