0,0.4385783393010903,1.278371810913086,2,10,0.017001662386344166,1.1381105184555054,2,20
1,0.49451562020554696,0.9890911254015836,2,99,0.9902258819908546,0.06470956901709239,2,174,0.7798667483849723,0.8841473253873678,2,200
2,0.50288145657451,1.0079686711816227,2,17,0.017380677918132238,0.09530503503405131,2,69,0.5306112102587192,1.1321333737773749,2,200
3,0.34569385026460414,0.8319736399301668,2,82,0.9094437535993091,0.39766188770875166,2,169,0.38046768344883325,0.7442317412745568,2,200
4,0.4431788198162967,0.9856241798400879,2,200
5,0.6059337210054413,1.2081816897672766,2,17,0.017130389936702618,0.07500105541805889,2,60,0.3700228152471951,0.5612545510133108,2,63,0.5117497678551844,1.182746878037086,2,76
6,0.7756187804043844,0.23272087639325287,2,73,0.01987010658409199,1.3137978050443861,2,82,0.8537427091143664,0.2504140826857696,2,200
7,0.534857004492182,0.9249853970299304,2,71,0.8663166280885105,0.2585948355721705,2,137,2.035273707145381,0.16684594312134912,2,154,3.1713421486839293,1.0819035768508911,2,162,9.67500734110488,1.827627839865508,2,189,0.37736896853543567,0.3211402554403652,2,200
8,0.8148294661699913,0.4100021763235076,2,117,0.01673440666497113,0.5456654200187097,2,130,0.04548539406483705,1.1507551789283752,2,140,0.29896720274577926,0.9097944498062134,2,151
9,0.08474338604292998,0.8734231758117675,2,150,0.22557421215405107,0.7894700706005097,2,170,0.6707769596531631,0.3927865758538246,2,190,0.3327494723791657,0.973191374540329,2,200
10,0.6757209079864571,0.9066454565271418,2,47,0.017564105141574568,1.1049020460673742,2,54,1.1941100351917016,0.9182229770554436,2,63,0.0195092561827887,0.8155965275234647,2,72,3.5367355507199383,0.19296925686872923,2,85,0.01779024773856679,0.06450381875038147,2,176,0.7745491485408794,1.3119496802488964,2,200
11,0.6525782464724553,0.7636817495028178,2,30,0.01600057305890984,1.1085369757243566,2,44,0.37411286962762363,0.8015734434127808,2,49
12,0.6523561324776128,0.9979988300439083,2,33,0.016299578824967992,0.48040446473492515,2,51,0.5941661657941945,0.8953674008816849,2,132
13,0.5876203152760285,0.8582192020756858,2,28
14,0.539726030468367,1.0427363847577296,2,86
15,0.30284784118931984,0.8644371046739466,2,85,1.0327528411986224,0.10762189982496963,2,183,0.2738915536541683,0.8883356416926664,2,200
16,0.4839498242377059,0.9869564526221332,2,34
17,0.2588641950791831,0.8071077081561089,2,200
18,0.3951202290429899,1.0899181564648945,2,24
19,0.7484995334562649,1.2632323188914194,2,36,1.0266098008923552,0.23894720467237326,2,192,0.150930582328609,0.43641017004847527,2,200
20,0.35401942440037804,0.9531342152393225,2,33
21,0.45791964177675004,0.9985589390993118,2,200
22,0.5121477340849401,0.934292359932049,2,37
23,0.53272795818612,0.8403116705871764,2,84
24,0.46677252156730314,0.9770014836626538,2,118
25,0.6818539837933674,1.096857481769153,2,56,0.017869449395945355,0.3175866124885423,2,70,0.6072196396398043,1.0923990611882173,2,199
26,0.5375695349028731,0.564447118994895,2,89,1.0686083362761636,0.35580172457478265,2,133,2.7370381033397626,0.31183514269915497,2,166,0.36254334319232456,0.8911578970796922,2,200
27,0.024928861200212888,0.594734123442322,2,32,0.04440221454887992,0.1104047437508901,2,47,0.6253810204489432,0.9454519640315663,2,58
28,0.48656787349233416,1.126552543989042,2,41
29,0.538876892083329,1.008936907934106,2,69
30,0.611386330217666,1.0010011494159698,2,8,0.019743821009216792,0.14381649025848933,2,29,0.6909281112148074,0.4522112167694352,2,73,0.01717272652902007,1.6758266819847956,2,82,0.6426170440558676,0.8353375405073166,2,102
31,0.4296444318947466,0.7051498066811335,2,21
32,0.024470119478830252,0.17743796606858572,2,24,0.32782961972200636,0.693664088845253,2,32
33,0.5388486670273892,1.07332469321586,2,37,1.086181285022029,0.2681398242712021,2,78,0.2613387984062511,0.8428962561819289,2,87
34,0.4450356349610582,1.115496847166944,2,67
35,0.5327440019296193,0.9767606317996979,2,40
