0,0.4284626873049825,1.100495886206627,2,200
1,0.6131282628428503,1.053216596724282,2,71,0.018963582640511664,0.17227020423586775,2,112,0.2409222228182287,0.3239970747381449,2,120,0.038602327159940136,0.9225204641168768,2,131,0.01740283170348561,0.11622741213743237,2,200
2,0.6614440681028286,0.5432958426298918,2,54,0.3848494060458906,1.1408358342843512,2,200
3,0.4873837557056576,1.1771433079242706,2,200
4,0.4569450635900708,1.100272951348458,2,193
5,0.6293355466763323,0.8930038786851443,2,26
6,0.4621250021733705,0.9757183563709259,2,200
7,0.5461722254965938,0.8854188422362009,2,30
8,0.42130826588318104,0.9128801736831665,2,125,0.01649316030786232,0.07984249293804169,2,184,0.7853508183562862,0.35544699896126986,2,200
9,0.5931011418962592,0.7396861042295183,2,70
10,0.5521093014133988,0.934064828157425,2,200
11,0.5517376971794848,0.47354991321868084,2,47,0.8689148595554712,0.1428222936742446,2,98,0.2279150564735762,1.0931415617465974,2,108,0.7649169184377694,0.15178967267274857,2,140,0.018187532271362123,0.13885105177760124,2,200
12,0.38349657709435137,1.059929406940937,2,200
13,0.3578142833558514,0.9834580381174345,2,148,0.017984855706502944,0.3442774238911542,2,170,0.3588604166085626,0.6279636859893799,2,200
14,0.47295075154142363,0.7943320962098929,2,39,0.7297188644026684,0.37784118784798515,2,48,2.6372450088818957,0.32360779742399853,2,72,0.5130174101795167,1.040001976155789,2,179
15,0.5131990372018634,0.5662862184372816,2,22,0.8721270942525347,0.1695715092950397,2,67,0.01818986670587333,0.0755204142859349,2,119,0.32665028821635994,1.631897783279419,2,124
16,0.018984677957697465,0.21654050946235656,2,25,0.5044934857917809,1.0261094541084477,2,107
17,0.4832863346145337,1.1195141744613648,2,25
18,0.564281067435888,1.1096567107785134,2,124
19,0.480181704192205,0.8635865535054889,2,63
20,0.5449409720096186,1.0580765164959494,2,191,0.021233509020561193,0.9847424692577786,2,200
21,0.41255720934394147,1.1844082249535455,2,45
22,0.34985530467632575,0.951915255299321,2,81,0.8542134532492234,0.17504318095283744,2,162,0.30512810757057557,0.8727800250053406,2,171,1.0915998506445286,0.19283168583080687,2,200
23,0.6917050959984495,0.8676835224032402,2,32,0.017314464431658943,0.07810735222646746,2,91,0.6730309091425436,0.939700984954834,2,176,0.02211398964520453,0.10751553252339363,2,200
24,0.0045487836884224465,0.6175265590537269,2,106,0.012336520889715404,0.9209878206253052,2,111,0.44777501137809683,1.076481958714927,2,152
25,0.5361795907566013,0.8361153849959373,2,200
26,0.3260176817052965,1.0309956842660903,2,200
27,0.5479347088002895,0.9388418823480607,2,20
28,0.4536462410942674,1.1991760513999246,2,11,0.018155194918006066,0.0519333404523355,2,146,0.5313020194183103,0.7736986109188625,2,195
29,0.2753504835827293,1.0247652232646942,2,8,0.910825785742763,0.19916170762806404,2,49,0.35843227289414703,1.2409648245031184,2,60
30,0.6687801166110025,0.8784700366166922,2,65
31,0.01932292291908927,0.07186798576046438,2,136,0.6951377419326841,0.8489424196573404,2,188
32,0.354695364549348,1.209098873467281,2,29
33,0.5477425201494536,0.8606566114533216,2,133
34,0.4477003225075168,1.165113303396437,2,45
35,0.3536463843820104,0.8304866477847099,2,24
36,0.7046848084198202,0.5346103699310966,2,69
37,0.47014225295905937,0.9532723286572624,2,51
38,0.4495548367356372,0.9092920921944283,2,37
39,0.7185726436780764,1.160554826259613,2,26
40,0.6910546588538053,1.1266809977017915,2,26
