0,0.7651935337495122,1.4321918725967406,2,5,0.018000933093822332,0.05855760106476404,2,98,0.6649990999114903,1.0762587062648086,2,159,0.01963801356299968,0.1070845928043127,2,175,0.47807119733719927,1.0497640588066794,2,197
1,0.34004751914360276,0.9605827208223015,2,29,0.03468055572084746,0.4394061544111797,2,43,1.2515863128605795,0.5709443986415863,2,49,0.027038246541420397,0.806207463145256,2,53,0.8375377381936968,0.8650411898270249,2,85,1.0271359500692192,0.1712593804512705,2,155,0.021315493531803103,0.5432937860488891,2,160,1.3243219764509002,0.16117703997426563,2,196,0.03417352995979018,0.7987664639949799,2,200
2,0.4958456897959414,0.9361660615090401,2,31,0.018457582280842006,1.1382899681727092,2,37,0.9048634520709845,0.16689183957436504,2,71,0.3741811872019113,0.6893522854774229,2,102,0.025177714572973114,0.3037877428095515,2,143,0.6511680569734394,1.086380567956478,2,190
3,0.39901590668167053,0.919487320143601,2,58
4,0.3582503929349482,1.1580159755853505,2,26
5,0.5010713435836588,0.9722611129283905,2,200
6,0.6440262887694201,0.8623580071661208,2,81
7,0.4962509393730835,1.112556979341327,2,106
8,0.48059617254336046,0.9202372884913667,2,73,1.458791294787783,1.4679986983537674,2,81,6.964103448775019,1.8522463395045354,2,94,0.8545266072270435,1.5308342759425824,2,120,0.029125328349345354,1.0768516063690186,2,123,5.841598523785989,1.7859291434288025,2,127,0.02033665787068452,1.364072322845459,2,134,4.167491005705049,1.7372635183510956,2,188,0.5798642833775808,1.1670339306195576,2,200
9,0.5805959514969623,1.0549781540749779,2,71,0.01877855496939263,0.2569967884392965,2,92,0.6532508861507418,0.3080744627449248,2,155,0.02029810245858601,0.8989063700040182,2,161,1.3510242722394066,0.3063437243302663,2,164,0.02002708624494061,0.8875237637095981,2,173,0.5786359611223327,1.0367921499105601,2,199
10,0.500877301861976,0.9853576065480024,2,87
11,0.5054766190401654,1.123302419980367,2,69
12,0.3864137924135813,1.4274347066879272,2,5,0.015686888015635666,1.152329691251119,2,20
13,0.5774332597230107,0.7142431139945984,2,12,0.01729677081982107,0.49312101981856604,2,23,0.4344420174005542,1.0958568811416627,2,83
14,0.5759855070866847,0.9954292420502547,2,182,0.017062933717816406,0.31391603499650955,2,200
15,0.5813020221403088,0.8589644983410836,2,40,0.017982734156100983,0.07661447204925396,2,121,0.614260462536522,1.1322050586990688,2,167
16,0.4986110195663382,0.6953238606452942,2,5,0.01735572267009111,0.16168264565723284,2,33,0.6134456671424511,1.1499519801475633,2,104
17,0.47180216769701633,1.0680142533779144,2,200
18,0.7055457683656545,1.4627985419059286,2,49
19,0.4216560551204632,1.0236079277414265,2,66,1.4623800485668406,0.08198254886600706,2,138,5.132661785977939,0.09842825155766284,2,199
20,0.4026953841354487,0.9494354352355003,2,48
21,0.5620560620419602,1.0128938555717468,2,36
22,0.4743145387848276,1.2577827601205736,2,21
23,0.480066043065371,0.9587513807589415,2,189
24,0.5288747647633522,0.8496311632069674,2,33,8.775551776975808,1.7971416169946843,2,44,0.4385202001306022,0.7187978823979696,2,110,0.48029743492976185,1.249053840637207,2,185
25,0.03250369400754351,0.3538048822771419,2,22
26,0.6195320210358388,0.8217362259563646,2,38
27,0.5788503957782055,0.9060941189527512,2,32
28,0.5319676699771753,1.1020514687826468,2,43
29,0.30292079411209916,0.9329941981547588,2,37,0.8827038312666717,0.6488899016866878,2,86,0.5683839704136151,1.4180253960869529,2,97
30,0.4328817699556108,1.125542249502959,2,135
31,0.4954176104336921,1.051380209128062,2,15,0.9542354483643747,0.4424705862998962,2,30,0.5014783648063357,1.6737436056137085,2,41,1.1743509873626137,0.09376284799405507,2,125
32,0.46507932841906247,0.45134891986846926,2,25
33,0.6056001036801583,0.6752115560740959,2,41
34,0.6729147924406511,1.0877144746482372,2,96
35,0.46137813759992335,1.0392997088757427,2,88
36,0.6451991584965104,0.9939282711814431,2,51,0.020300884647100448,0.3343678342884985,2,80
37,0.43219340809752604,0.9903698218496222,2,57
38,0.29064086253836374,1.4319194044385637,2,7,0.6894481889050723,0.6067965809376009,2,38
39,0.6364014079804566,1.0246008841887764,2,23
