0,0.3916462698233089,0.9148823183774948,2,200
1,0.6608129806634123,0.3494987944599058,2,61,1.0354054920499989,0.0811857906254855,2,72,1.6569051977634885,0.10589637478192647,2,147,0.07085145131908345,0.4586489200592041,2,150,4.5661013230574,0.11192330210766893,2,197,0.22581124220681748,0.5106256802876791,2,200
2,0.9020983840853066,0.532161097316181,2,51,0.5820355273053944,1.1260686642932196,2,188
3,0.5444872372953378,1.1306084290794705,2,46
4,0.3547217076071271,1.3508693377176921,2,3,0.016960960027104184,0.09623546974781232,2,42,0.6004355925438364,1.0127597590824504,2,153
5,0.4400349834941992,1.1026111245155334,2,74
6,0.5242683746010021,0.4410446054405636,2,54,0.017723594200581956,0.10155449594770159,2,89,0.3810435353433979,1.0499726748466491,2,114,0.9851664079488098,0.3042747303843498,2,126,0.32634524767935025,0.9212586966253096,2,188
7,0.44628943591560316,1.0524412746782656,2,27
8,0.3869252882487208,1.032287871837616,2,200
9,0.4865524575311109,1.0910956859588623,2,61,0.8638057016869802,0.4797200300592057,2,108
10,0.8274312368594436,0.21894357685583182,2,166,0.020214743489681306,0.4795812889933586,2,170,0.6092641368376434,0.20037861665089926,2,200
11,0.301064500435361,1.5648138046264648,2,10,0.01641404558841882,1.2462895512580872,2,20
12,0.6218890424076174,1.2897855401039124,2,40
13,0.41494328555106363,1.1239655375480653,2,10,0.018494594501218032,0.11663021665552388,2,56,0.9209660413046677,0.2062378843418426,2,200
14,0.6529316098628896,1.3977315534244885,2,11,0.016825691325890704,1.0508378942807515,2,20
15,0.31174587880435295,0.9511683763879718,2,66,0.8181753256210473,0.3958632627854476,2,140,0.30690024583387643,0.9807157119115194,2,200
16,0.5580214677619777,1.0282477290330532,2,167,1.1795127214750916,0.28623050225503516,2,200
17,0.7488480350411778,1.4540054869651795,2,50,0.016449242892284034,0.0899193382688931,2,106,0.705525578248617,1.061531686120563,2,142
18,0.3521505696435134,0.8934419880742612,2,46
19,0.41093955279375766,1.1984178898009388,2,88
20,0.5729406525915796,1.0430676687595457,2,129
21,0.82697563209379,0.5706239855951734,2,36,1.7044581488424473,1.4568225940068562,2,42,0.6274880166250588,0.6808316419048915,2,105,0.04033103515155116,0.6405157918731371,2,117,0.616424681230978,0.3718802321415681,2,130,1.8291661847019245,1.4472699532142053,2,143,0.9345452442437383,0.5075502528084649,2,161,0.015800571709911348,1.136439934372902,2,169,0.7609274563166363,0.945901342060255,2,192
22,0.5913078049578578,0.934768388668696,2,24,0.02018099811974505,0.22329510854823248,2,38,0.7126176179681621,0.9501113133665956,2,200
23,0.6652000148492535,1.0503250932693482,2,25
24,0.02023602505186301,0.21437042183242738,2,64,0.7609494651606299,0.8765726089477539,2,69
25,0.45924626475587205,1.0294702791649362,2,92,1.0332501951562194,0.2125745059715377,2,200
26,0.4505728213802953,1.0096983466472926,2,191
27,0.6127275610943409,0.22368847490367244,2,59,0.028211963535990297,0.3688458316028118,2,63,0.9990171397089763,0.10477661034640144,2,97,0.02452789278894192,0.360480435192585,2,101,1.165865399914941,0.11923520446541798,2,184
28,0.3169079740104922,0.9468525704883394,2,63,0.8618890404058008,0.39248017362646154,2,100,0.4735927696818521,0.9649732623781476,2,177
29,0.4249816250949954,1.1446106523837682,2,53,0.9251756320859232,0.10545028763255854,2,140
30,0.5071767024576265,0.858101504499262,2,55
31,0.33514045871051035,0.8652030795812606,2,40
32,0.330712943143118,0.9098521520694097,2,24
