0,0.5572741045514599,1.0763034443060557,2,120,0.018071873924310377,0.18336586692394355,2,159,0.6397647424786196,0.9225338668358035,2,200
1,0.47675827794274594,0.9578506054022373,2,195
2,0.42029843821218393,1.2118391791979473,2,6,0.6534323652173656,0.2696455692251523,2,18,3.635200021945454,0.13186567517764428,2,86,0.8020762443658185,0.3312270225336154,2,110,0.01848117446206753,1.260186447037591,2,119,0.8499892030534775,0.33124873428433027,2,146,6.531665603851111,0.06737886504693465,2,157,0.44745436424885277,1.5038994550704956,2,165,10.136347649471814,0.10976770867904027,2,195,0.4547498722685176,0.7751790046691894,2,200
3,0.5827065473224383,1.0271607410340082,2,21
4,0.28887909604071105,0.7600912243127823,2,20,0.023444823250054113,0.0488634613053552,2,78,1.0937611709464807,0.42745369996713556,2,101,0.01747663463726908,0.8940660431981087,2,109,3.4199268989931517,1.6793714008833234,2,128,0.021440830704231445,0.5148841738700867,2,134,0.574861704495879,0.1914420495075839,2,162,6.049424375867048,0.5744672864675522,2,166,5.2310285603418105,1.243882308403651,2,178,1.7635258093596533,0.26798645610159094,2,200
5,0.3681780430893391,1.0927617587149143,2,32,0.8930407494406463,0.5448069134925274,2,79,0.4271766523000202,0.9872789786866873,2,200
6,0.6672041410641116,0.9411090827650495,2,72
7,0.4049220662369853,1.0569257997736639,2,196,0.025640429449789066,1.2041401267051697,2,200
8,0.34748231789535955,0.9149824900286538,2,70
9,0.5168959132067605,0.5428078358556018,2,81
10,0.492218497905379,0.7074541650809251,2,77
11,0.4915479362508112,0.8953283839467643,2,138,1.4385229269956779,0.8878576904535294,2,142,1.2236660374918036,0.38412158627962245,2,200
12,0.6904137924152758,1.1287383220412515,2,22,0.018006606785121435,0.062128234053811716,2,84,0.4994386796380991,0.9774506585351352,2,113
13,0.4578153259095172,0.8658006122479072,2,26,0.01917242844845529,0.039197707998341526,2,200
14,0.482437114535577,1.013423714307275,2,101,0.017880359237400962,0.16868037845079714,2,127,0.522648617154429,0.8705890808786665,2,162
15,0.34289017923339515,0.9360207010959757,2,29
16,0.5274436054613634,0.9223797996487237,2,113
17,0.5874274405966464,1.0584051685948526,2,31,0.019718479640129825,0.20904554737110934,2,55,0.5416941880209806,0.9613120810738925,2,200
18,0.31514398972537494,0.956772944662306,2,45,0.02116408795950744,0.18716479506757525,2,63,0.45456064280468383,0.14954671843184364,2,81,0.017372434927910244,0.3200659106175105,2,90,0.8171899450179991,0.8739243820309639,2,98,1.2711563136517965,1.7819373096738542,2,119,0.028270932841079153,0.8869222849607468,2,127,1.4177674855845896,1.7997075669905718,2,144,0.2280807233484603,0.2122294775865696,2,171,0.019924947974207362,0.42544724685805185,2,178,0.4294539469133635,0.41049113327806647,2,200
19,0.6526647005176607,1.1213816435713517,2,38
20,0.3725233050288998,0.9546831130981446,2,45,1.1144104907842491,0.15835543363182633,2,72,0.019739408761574206,0.6795557091633478,2,78,2.6269608510159825,0.27656017065048216,2,103,0.6094904104067175,1.0285699309841279,2,165,0.01819332347375581,0.13839613497257233,2,200
21,0.3349741507711872,1.1089702499540228,2,114,0.01707383560335342,0.045991077605221004,2,186,0.38988229750820474,1.3204855152538844,2,200
22,0.23069466458670762,1.1576243400573731,2,5,0.01530690186750421,1.0670383056004842,2,20
23,0.4890945773983928,0.6885370473066966,2,30
24,0.6327984563601541,0.8787261270559751,2,78,1.0769807670922693,0.20429677315380262,2,193
25,0.5097298239779656,0.8732733471052987,2,56
26,0.4527076339673588,0.9306897500465656,2,29
27,0.6839490395682001,0.986565093199412,2,24
28,0.05294907509154652,0.03501491941196818,2,71,0.7332041460708175,0.7352166590483292,2,94
29,0.36620110661523086,1.183491942703083,2,93
30,0.5133780658166631,0.800156095513591,2,54
31,0.5751794127557257,0.7675617463660963,2,33
