0,0.08338100611332154,0.9131837096065283,2,128,0.5907088647073278,0.6984221811095873,2,200
1,0.6905582555617847,0.8915696412324905,2,20
2,0.3880831428910278,0.9503169179561749,2,199
3,0.3242751545186668,1.0356887109944077,2,61,0.018894735211764685,0.07202710297245246,2,113,0.3380040138694709,1.1252564328840409,2,200
4,0.021543600602377807,0.06270142334900546,2,89,0.5728937832660643,0.9387589502665732,2,161,0.018789196906328152,1.0926388303438823,2,167,0.6010094510747686,0.9401919480526086,2,200
5,0.5581777244983152,1.1072501990530226,2,45
6,0.6100582904088252,0.9283584983725297,2,38
7,0.8789905441687166,0.29267129146082455,2,86,0.5840421923033322,0.7700710052793677,2,108
8,0.5171901661634134,0.881602872274593,2,167
9,0.5731748590118866,0.9561291999287076,2,63
10,0.6034630837366642,0.5669124583909466,2,157,0.8886205294597781,0.21761686510817949,2,200
11,0.6455447233954881,1.0411425245051482,2,49
12,0.7032838279621133,1.1360338866710662,2,20
13,0.44827845011412576,0.45807935689624985,2,38,0.8668212923073801,0.1731740489234159,2,200
14,0.33007521759778286,1.0241940855979919,2,10,1.1188605071584308,0.3501190323578684,2,29,0.33663605509803235,1.3201413405568976,2,48
15,0.3937633224600729,1.1127500583728154,2,60,0.750344060371549,0.5493128079634446,2,125,0.020025216970093487,0.6276978353659312,2,131,0.626648331748546,0.7355437100894989,2,162,0.35894975884538444,1.5292026042938232,2,172,1.1511304185867546,0.30710543585675104,2,200
16,0.6023827421175898,0.8334598904070647,2,23,0.01808588539344236,0.1158795489506288,2,78,0.7116020142146439,1.1593938643733661,2,126,0.017431190555683845,0.06592579266509495,2,200
17,0.5296584039191903,1.2692663917001688,2,53
18,0.00430585174943728,0.507689807070307,2,83,0.005308917199102306,0.8770545815166674,2,197,0.18030744181261746,1.045157551765442,2,200
19,0.37510706477034145,0.8707828347881635,2,24
20,0.49162359160076957,0.5151147790577101,2,46,0.029221798683746924,0.6929760575294495,2,53,0.5021952531869729,0.4701172312100728,2,62,0.3635860040889996,0.8415243422112814,2,103
21,0.7339552441872754,1.0765106890882765,2,28
22,0.31036323974616364,0.8211784213781357,2,8,0.026074466705301586,0.3150106151588261,2,40,1.1140066609229184,0.12729191470455814,2,117,3.9616861938221843,0.05886442433385288,2,185,0.8550748555377423,0.1790646106004715,2,200
23,0.425166760741159,0.9222853935283163,2,46
24,0.6554666966594184,0.40842923386530444,2,44,0.7542739738882261,0.6840246130780476,2,126,0.8978593293590816,1.1656511766569955,2,140,2.5172139217001153,0.31309663717235836,2,154,0.6822977304569187,0.9678418308496475,2,194
25,0.506002339113024,1.0962863258413367,2,37
26,0.38638145986330347,0.7042481736703352,2,11,0.991365179350663,0.1509553886950016,2,31,0.4317548708536252,0.8510288368714484,2,107,0.6449951717217944,0.4479132668644774,2,158,10.002896455521553,0.26716251112520695,2,166,1.0093527932896946,0.39372357229391736,2,193,8.44982381583123,0.413070661681039,2,200
27,0.5817489296681337,0.9137470811402717,2,147,0.020004343359406068,0.23819469341209956,2,161,0.635910673269486,0.3268492246667544,2,185,0.018039376915272513,0.7160167455673218,2,190,1.3789233701582557,0.5105545297265053,2,194,0.022744813153479114,0.9720012744267782,2,200
28,0.47735576250345507,1.0354521035170945,2,122
29,0.6545478512599813,0.9945158597194788,2,33,0.8079155467510211,0.47120272900377,2,61,0.019701965175786817,1.1000819206237793,2,68,0.7088403736033525,0.8363746255636215,2,88,0.01840044239488801,0.11573059593929964,2,190,0.356815672354356,0.2855742067098618,2,195,0.6276028684181182,0.9205579280853271,2,200
30,0.6600395869317054,0.5593489074756292,2,121,0.4329058460336972,1.1611473884652643,2,155,0.5719705867421658,0.5012931816957213,2,199
31,0.5696233404669331,0.8722807552133288,2,28
32,0.5405800214184162,0.9944382850513902,2,172
33,0.39421845279524315,1.186264871334543,2,98,0.5081960573839346,0.6992859191754285,2,166
34,0.4720509988706943,1.1001730901854379,2,42
35,0.4242950896515761,1.088479123181767,2,72
36,0.490996676095115,1.0524007807607236,2,46
37,0.7219624155324337,0.8266485499553993,2,61
38,0.5045537316368139,0.925273196619065,2,61
39,0.5632826200962434,0.7594463427861532,2,21
40,0.4553853335060171,1.122687507558752,2,27
41,0.4220892448177705,1.0353334491903132,2,22
