0,0.3587184970090985,0.9934441396745585,2,59
1,0.34145011556323523,1.0493075531721114,2,200
2,0.3166796651862555,1.040903019999701,2,126,0.7354581715789767,0.2470300406217575,2,191,0.9157210303111297,0.786466101805369,2,200
3,0.2996118467162792,1.083348033328851,2,48,0.42953129438833526,0.5205069482326508,2,51,0.86414176429911,0.23214915514792372,2,200
4,0.3290416622630105,1.0527318315168397,2,113
5,0.12724800753648455,0.9758542352252536,2,90,0.2778427775674065,0.9605837171727961,2,200
6,0.20287051944019438,1.0754485998834882,2,35
7,0.2593846121264461,1.0569965431564732,2,190,0.7813297446874221,0.5685814142227172,2,200
8,0.1426871770667337,1.001545225381851,2,200
9,0.19061944198100983,1.0661545860767365,2,200
10,0.21372357079101884,0.9688982895591802,2,114
11,0.3199411795323284,0.9898327374067463,2,61,0.9366043914852049,0.16687880020316054,2,143,0.4172326545553501,0.2833829655729491,2,172,0.27594622523602186,0.9849173511777606,2,186
12,0.48810738173858703,0.6501547328450463,2,22,0.8528034752992586,0.28243740438745263,2,200
13,0.17630835571589035,1.0048805475234985,2,185
14,0.334471859230973,0.9841205638647079,2,200
15,0.33337472439563126,0.9813978513081868,2,105,0.378472929222929,0.45100993619245644,2,122,1.0245339908100304,1.7377217610677083,2,134,7.099705124828052,1.9272278376988001,3,141,0.09718265727801403,1.2873020304573908,2,150,15.45665618417633,1.978842206299305,3,166,0.3594603042440619,1.3685458421707153,2,171,10.45380465694879,1.9473271082187522,3,200
16,0.3232045007828051,0.806433480232954,2,48
17,0.28837599350699417,1.0015566210554103,2,198
18,0.25498494056510107,1.000860632612155,2,104
19,0.23668453836391717,1.0615710718878384,2,58
20,0.3165834829634508,0.8489341166284349,2,45
21,0.3099255279241794,0.8844685107469559,2,12,1.0618089989360269,0.34559862852096557,2,37,0.2948873195725431,1.261650800704956,2,42
22,0.23161349413743001,0.98309236102634,2,72
23,0.5700076296354722,0.4361199470790657,2,37,0.3107271922439465,0.966760740393684,2,121,1.4026214429269825,1.6396788699286324,2,128,0.692053314107045,0.7122833115713937,2,163
24,0.5393512817897673,0.9620038906733195,2,15,0.8070097022214683,0.25922520441167496,2,100
25,0.26216780846255155,0.7202481058510867,2,44
26,0.25685766007211597,1.1551671226819356,2,30,0.8236196343985822,0.2115465109386752,2,123
27,0.31988203078609456,0.9389942261305723,2,88
28,0.32690650951942035,0.731001403927803,2,20
29,0.34663275582380837,1.1399575209213515,2,59
30,0.37130911927743687,1.1632670200232305,2,33
31,0.11968104090109766,1.156101050376892,2,25
