0,0.29026334898224887,1.0065816376833308,2,149
1,0.3335418067859531,1.0098122888803482,2,200
2,0.25493124249269583,0.6215012921736791,2,52,0.29718480049444246,0.3716589454561472,2,60,0.5945788922831481,0.2878822188292231,2,200
3,0.3676514125186146,1.099420847563908,2,29
4,0.3045914636435813,1.040385137796402,2,200
5,0.2930290145058963,1.1726379632949828,2,5,0.6805388578492776,0.31254811102853103,2,141,0.3023337893955397,0.8982856788877713,2,200
6,0.30066327248755875,1.0026132029294967,2,200
7,0.2560967866235112,1.1545965394308402,2,43
8,0.33220902767506083,0.9997046771645546,2,200
9,0.32959605707754747,1.0266889840364457,2,200
10,0.13379922642151926,1.0405450444067679,2,62
11,0.021697358397673675,1.2093025267124176,2,20
12,0.43317822111455384,0.9867502678731445,2,157
13,0.3511567762072208,1.1156106077391525,2,87
14,0.293974928396046,1.0628603398799896,2,200
15,0.27438933083169903,1.0076464303704196,2,129,0.7093637190798737,0.2913545076276215,2,200
16,0.30683116911677333,1.0007738029956819,2,200
17,0.6559294465980282,0.41086822251478833,2,6,0.015513427188218078,1.1828207543918066,2,20
18,0.2945756071751945,0.984157919174149,2,84,0.7968541604388636,0.21589335898558298,2,159,0.38742442115720127,1.1896062384952197,2,170,0.608215948441563,0.18109968851010005,2,200
19,0.2854484845090292,1.0240665262937545,2,200
20,0.21726006598389844,1.0718437172785527,2,119
21,0.37505511654952695,0.9543784485747483,2,151,0.8179927704938909,1.4346936543782551,2,160,1.1034257796940359,0.1979606468230486,2,200
22,0.7022992811742023,0.3073085528814187,2,177,0.1457223722039361,0.41258039552232495,2,200
23,0.4115583351345757,0.7181398769219717,2,24,0.6976903857421953,0.20895214141769844,2,200
24,0.29964679576373676,0.8937964979733262,2,107
25,0.3508094616801631,0.9690763789254266,2,37
26,0.28159707629709235,1.0439977560724532,2,168
27,0.13826308881716382,0.9537296044199091,2,57,1.157735217267217,0.15475033720334372,2,153,0.5400745934710778,0.2659054175019264,2,191,0.28489620761535667,0.9224260250727335,2,200
28,0.35774375392042745,1.0386900889873505,2,200
29,0.3270168197240568,0.8689731814359364,2,190
30,0.19140363044583583,1.1162760829925538,2,25
31,0.36600070383891603,0.7946740418183998,2,61
32,0.27453127595428783,0.682663531973958,2,32,0.03299044594999494,0.8913987619536263,2,39
33,0.25628024085809953,1.057912913235751,2,22
34,0.21768986685461153,0.9975744714475658,2,73
35,0.26789440932445846,1.1130276466238087,2,58
36,0.31752847064649753,0.9223002267294916,2,58
37,0.22781808145289426,1.1436336437861125,2,36
38,0.33734604315238653,1.0829594026912341,2,22
