0,0.2785959998934079,1.1076378905773163,2,200
1,0.2026315640359995,0.9393335630496343,2,24
2,0.2485660789137272,1.0537541699409485,2,200
3,0.2553958137240513,1.0185093039274216,2,200
4,0.30063693247295453,1.1021230965852737,2,200
5,0.2736239282254115,0.8714696242098223,2,114,0.5104546862640569,0.3691608574847842,2,200
6,0.3226567311907779,0.9792177623510361,2,200
7,0.292413842743183,1.0626785463094712,2,200
8,0.3745783548933445,1.0386947764866594,2,138
9,0.3489685588460357,1.0990556365457074,2,116
10,0.2921166451200401,1.0183822021764868,2,68
11,0.203456017120053,1.0154665524197608,2,194
12,0.30971891055747997,1.0477481440261558,2,54
13,0.2817628493497947,1.0486981276309852,2,165
14,0.46793107053616645,0.9585795231163502,2,80,0.6142560223236312,0.2506177007150249,2,199
15,0.2805756214856769,0.9277752893311637,2,70,0.01866951497874157,1.0672663748264313,2,74
16,0.2910341255374182,1.0177058202028275,2,200
17,0.2519097359484645,1.0650668573379516,2,25,0.5874570321692082,0.26826290897596844,2,199
18,0.30249468407085717,1.0475735841703808,2,121
19,0.26206683590356084,1.0818380628313338,2,42,0.0174146767558398,1.1060919046401978,2,47
20,0.35899267398274187,0.9752149555418227,2,135,0.36981343668475847,0.40789535591999687,2,195
21,0.34932224366186176,1.108260126713195,2,183
22,0.21531700648123198,0.9689045173150522,2,81
23,0.31595866680442275,1.0296746350951114,2,118,0.6288651309188712,0.54459848494853,2,177
24,0.2776181087914669,1.1101369676382646,2,46
25,0.2868208656780742,0.9798179419835409,2,150
26,0.26020519407630294,0.79495301656425,2,32
27,0.3332879172105481,0.8697999169429144,2,48
28,0.29444017567900876,0.9634814040605412,2,86
29,0.22535585849474007,1.0565658290431184,2,106
30,0.2551052952147098,1.1363838624350633,2,79
31,0.312410529701561,0.7808824231227239,2,24
32,0.2573676234866331,0.8317564692762163,2,36
33,0.017030969784900925,0.9609937369823456,2,4,0.24833932599107245,1.0473735803781554,2,47
34,0.28700992537753545,1.077693801659804,2,26
