0,0.1484908229247979,0.9348377091128651,2,164,0.6640743346187272,1.484083463748296,2,200
1,0.372106205391366,1.0344382657767823,2,161
2,0.2777997807070374,0.9881356736304054,2,142
3,0.16993024099762005,0.956637122631073,2,200
4,0.3404185298425558,1.042766460776329,2,200
5,0.2952014912325197,0.7462421475034772,2,33,0.5329485116488664,0.24154321283102034,2,133,11.249236993533371,1.96066123789007,3,144,0.27397766739084445,1.4154534816741944,2,149,7.5419173581261365,1.9002272401537215,3,163,0.3021914396436131,1.3803259134292603,2,170,15.173807666673811,1.92300843000412,3,180,0.25051920075871265,1.3000267267227172,2,185,18.594109486293103,1.9567319750785828,3,199
6,0.3462581954725685,1.0411527186632157,2,200
7,0.2802823192945729,0.9989805364608765,2,200
8,0.31456337193838785,0.9822313410043716,2,200
9,0.3033888847438693,1.025727277994156,2,200
10,0.4130970537527026,1.0267544018446342,2,169
11,0.36323008511162225,0.9852565592282438,2,73
12,0.34160079849079517,0.9251474183181236,2,87
13,0.33563542098636884,0.8867034063500873,2,59
14,0.2751809184808471,0.9291035211322332,2,101
15,0.3095152182094543,0.8565260709822178,2,200
16,0.30748591025822,1.01793974339962,2,200
17,0.42780300523494913,0.9883780953002302,2,146,1.3224634376584161,0.08009073138237,2,159,0.541300149641385,0.9529004019239674,2,182,13.25402557331117,1.9533531940900362,3,195,0.7304861092379907,1.0241148591041564,2,200
18,0.3047576365042984,1.034121121764183,2,200
19,0.14147859936941284,1.0391052621603012,2,200
20,0.3973627470789849,1.044287242235676,2,124
21,0.23845382701249018,1.0616974559697239,2,22,0.07567697125580088,0.5111453346908092,2,38,0.31291048146315625,1.062464906109704,2,200
22,0.33797417093085225,1.0916681578665068,2,33
23,0.2755904245889775,1.0424158656597138,2,200
24,0.10443662245175901,0.9930838066339492,2,200
25,0.19652021279870116,1.0536080881492378,2,97
26,0.3186524373004798,1.0422224044799804,2,200
27,0.35862410555683366,1.1099655133706552,2,135
28,0.3148201011830186,1.0097290674845378,2,60
29,0.2577283352861425,1.013895495371385,2,66,0.022211045494561505,1.0276520252227783,2,70
30,0.27209844009784323,0.9278181651542927,2,145
31,0.01727906892889339,1.180611252784729,2,4,0.22591048214964662,1.1736720601717632,2,40
32,0.34098345555161774,0.9275598339180449,2,67,0.8026040193588251,0.22770449360634418,2,114,0.5454806097090713,0.8219328419520304,2,140
33,0.3213681344340001,1.0317274776372043,2,110
34,0.3084884192310887,1.011443092272832,2,26,1.1533421014204843,0.9254511163152498,2,55
35,0.33910037861193476,1.1815647211941807,2,33
36,0.3008132987175849,1.0076455905519683,2,29
