0,0.40683929601194313,0.8406235966831446,2,112
1,0.21837683862904275,0.967768800854683,2,200
2,0.24463205250153963,0.9681903678178787,2,200
3,0.29888943597136397,1.0421877080202102,2,200
4,0.2757061286187544,0.9373284178395425,2,155
5,0.3064685570481919,1.0481532925367356,2,200
6,0.2891343148650166,0.7896259682519096,2,28
7,0.33350904727685315,1.0706230282783509,2,90
8,0.27852403441276063,0.7240110608664426,2,22,0.7554113394994848,0.2567324245700965,2,96,0.1740976855586998,0.8231870929400126,2,111,0.705262780150489,0.33541819252324906,2,200
9,0.28006337856940294,0.9068400656120686,2,79,0.5268000282528692,0.6891541557927285,2,110,0.7911940012454304,0.2141566150718265,2,155,0.9723558548710619,1.3793626467386881,2,200
10,0.3665838273190192,0.7688301261514425,2,128
11,0.2939219458392716,0.9318783233563105,2,36,0.8302255182262244,0.32481292644288484,2,200
12,0.31704819059488976,0.888465743239333,2,82
13,0.2905843250705602,1.0677855861186982,2,200
14,0.4360374846118231,0.9475649917125701,2,50
15,0.2948124386995666,1.1407003673640164,2,11,0.7099021548083636,0.33961733808713174,2,145
16,0.3179871813551723,0.880082605435298,2,65
17,0.37933284114497545,0.9755541095510125,2,64,1.3480108270906321,0.3369010495288031,2,71,5.295275097288197,0.34886660088192334,2,82,8.120298876366602,1.8423712849617004,2,102,0.3302574842295715,0.9839715260570332,2,161
18,0.3006709107394059,1.0433637607097626,2,200
19,0.38643390921441023,1.1067905630384172,2,35
20,0.3598738769820111,1.1038418292999268,2,115
21,0.2768934158167544,0.9935444389070783,2,70
22,0.2860734949668079,1.0028237903118133,2,200
23,0.34783879128632267,0.9898588067293167,2,200
24,0.3513548679109993,0.9345771008729935,2,200
25,0.26525836226402905,1.0836328903834025,2,15,0.020324984536351436,1.2200378894805908,2,20
26,0.27058282842554393,0.9432230075200398,2,90,0.6965587496255224,0.3616455667398193,2,200
27,0.3255162615522551,0.9906631896029348,2,184
28,0.3145894296912358,0.9238499209687516,2,74,0.9208025490657369,0.23618566639283123,2,125,0.700128297263712,1.0716561211480036,2,143
29,0.4006127640190088,1.051832951213184,2,152
30,0.3468878243264456,0.8745123898541486,2,27
31,0.4900604079938901,1.0025337026232766,2,42
32,0.24207883629095375,0.993469067982265,2,28
