0,0.354034392837405,1.0177827602624894,2,200
1,0.3256525526198297,0.7578236234302704,2,52,0.6235936080811899,0.13630803426106772,2,112,0.1913596468253264,0.8939602094538072,2,129,1.1697115411300985,0.13248000393311182,2,159,0.4255903359953349,0.5335157760759679,2,200
2,0.33424366627210783,0.9477883674660508,2,49
3,0.4130760562838942,1.1543921640941075,2,35
4,0.5322048581336342,0.4402508952029764,2,73,0.2316509388169687,0.7673428235575557,2,105,11.153730432219787,1.5880022048950195,2,109,0.2288921975266037,0.32611776060528225,2,118,12.662367464544273,1.9287400245666504,3,130,0.29906170778584107,1.4201467718396867,2,137,16.139279131883576,1.9511506855487823,3,141,0.23708141998052054,0.6782195303175185,2,150,10.671505196413424,1.8985885381698608,3,156,0.12630817760796006,1.156705617904663,2,159,9.675753200225572,1.9060895293951035,3,167,0.35370813840151777,1.4318490368979317,2,174,11.180788705167593,1.9373207807540893,3,184,0.07331364357423406,1.1305056810379028,2,187,13.984161345034856,1.9441746208402846,3,196,0.20312793625467152,0.7170920073986053,2,200
5,0.3098970585571543,1.0561547285318376,2,200
6,0.10911436499549432,1.020724441409111,2,200
7,0.40120263936546613,0.7982281198104223,2,120,0.7510450283810155,0.37826006656343286,2,142,0.27229304240420443,1.0737484914285165,2,169
8,0.3135614655320583,0.9335132428244048,2,51,0.49795598959903997,0.6027360947595702,2,159,0.2600729857047923,0.8808362585742299,2,200
9,0.28939086853107615,0.9886845600605011,2,200
10,0.3815778245909814,1.0124799927999808,2,43
11,0.3318237630707486,0.8583936357498169,2,200
12,0.3646285158569111,0.8879432375468905,2,63
13,0.28941708536987093,0.9664894777375299,2,74
14,0.45645535593185915,1.001775858719225,2,173
15,0.3618786265500741,1.0690927350521087,2,200
16,0.3218517637994756,1.026858627796173,2,164,1.5558368644867449,1.4165953397750854,2,170,0.732912651013959,0.6736220558484395,2,200
17,0.34941100369106676,1.0387269225385454,2,36,0.9281650774662871,0.162218555275883,2,120,0.44468399207166553,0.8738946872697749,2,191
18,0.37170171733423124,1.2230934821642363,2,26
19,0.3208311891951618,1.0109255576133729,2,125,0.5607144069636184,0.4045637722810109,2,200
20,0.14710998265029337,0.9954379200935364,2,200
21,0.3509829497702293,1.0606124603748321,2,200
22,0.37314671891961937,0.9531745821237564,2,200
23,0.3082005775961287,1.027393215894699,2,20
24,0.24442345260053316,1.016453693894779,2,51,0.40256260531717886,0.5020808254399997,2,140,0.20554988809683883,0.9092999835809071,2,200
25,0.31998956762999586,0.9655235832387751,2,55
26,0.32465326846344356,1.002475184756656,2,172,0.6331308266728868,0.5249720668154103,2,200
27,0.22845475982401178,1.0772444033622741,2,50
28,0.286148163471642,1.145844044784705,2,48,0.878760084365322,0.13308824010585485,2,200
29,0.17161101054945835,0.8980450630187988,2,37
30,0.466809539127659,0.9289370079835256,2,36
31,0.28010832941974084,0.9710070570309957,2,30
32,0.29672183822422443,1.01583302552533,2,157
33,0.31110735948181634,1.0316790183385214,2,30
34,0.38529116474761227,0.9338844204942386,2,120
35,0.3031452372821188,1.0945135760814586,2,47
36,0.3007166070136852,1.0054517168747752,2,57
37,0.2994455411405733,0.9964761124100796,2,43
