0,0.2800683640950609,1.0378427322094257,2,13,0.0166730776412081,1.1924608434949602,2,20
1,0.31990914770692314,0.9717238662672825,2,122
2,0.34711486691968585,1.0159267657681514,2,38
3,0.2734622031968412,1.042137432619522,2,183
4,0.8027419831037659,0.4060258835554123,2,50,0.3520999303101397,1.0228207966973704,2,174,0.7411079713929548,0.6668904687349613,2,200
5,0.2653010632868415,0.9052820948586948,2,69
6,0.2540794563901644,1.100114517211914,2,25
7,0.3245243377179223,1.1441178560256957,2,60,1.125466763887136,0.05626948092664991,2,200
8,0.3209712508141818,0.9956964765276227,2,21
9,0.254658744675556,1.0142194669822167,2,58
10,0.3523749776295301,0.8492533246676127,2,45,0.6777353021766999,0.15828980008761087,2,57,1.3804724848625716,0.0829977045109222,2,200
11,0.3217408798808866,1.0729253620936954,2,58
12,0.3599022031246282,1.0499394406874976,2,120
13,0.29952988206794595,0.9932317709922791,2,200
14,0.27016647452320697,1.0070501213723964,2,132
15,0.28389150760996024,0.9378659108228851,2,114
16,0.23658303960008703,0.8619425352229628,2,129,1.3403482261531179,0.1186542333133759,2,160,0.15770058652641006,1.0405521810054779,2,200
17,0.29015332230931934,0.9998533052206039,2,200
18,0.3364527610745164,0.8669777473465341,2,61,0.570458824947715,0.23384512036011137,2,90,1.105874883213673,0.10217584628950466,2,200
19,0.43069455312817445,1.0082738798856736,2,200
20,0.763976697586701,0.23432433135807515,2,200
21,0.30899109601791686,1.1131034042777084,2,41
22,0.2913723107839183,1.1213130486213554,2,59
23,0.3060005633078924,0.9275101318078882,2,102
24,0.5082484207396999,1.04912203323992,2,79
25,0.07887052515149354,1.0700770676564828,2,139,0.7424879182231567,0.2335832622207579,2,200
26,0.29731903377148916,1.0659244882649388,2,116
27,0.4003939543736162,1.0341974746467721,2,117,0.653968469398461,0.4733439094640992,2,139,0.3187436341357303,1.0320987887069828,2,200
28,0.2788646593872386,0.9429758960008621,2,200
29,0.3438728101041238,0.9236887979965943,2,52
30,0.2615516264208813,0.9850666725147538,2,171
31,0.2711032957308964,0.987277991771698,2,200
32,0.3853844090679496,1.1238263616195092,2,26,0.5695532082454345,0.2183220535516739,2,35,1.2970968132737368,0.05514133708043532,2,200
33,0.3311166573383602,1.0029798732714708,2,178
34,0.6397033215000621,0.5266737934615877,2,45,0.3381961339156309,0.9309655305850937,2,128
35,0.44327078444075574,1.0288529132541857,2,95
36,0.2581006374593613,0.8294493275530198,2,34
37,0.32245222198162216,1.0243134277838248,2,27
38,0.20831318552152087,1.0396136343479156,2,28
39,0.2559654859272572,0.8869494749504385,2,103
40,0.31871077204324694,0.9610772989690304,2,96
41,0.4027606612223338,1.0208060678682829,2,76
42,0.3088831519362897,1.031645132228732,2,64
43,0.08651441067500756,0.9242615818977356,2,5,0.656031470163697,0.2304268123642091,2,36
