0,0.24499245585839075,0.9514933887124062,2,200
1,0.25546820503369744,1.046397296190262,2,200
2,0.283788065826929,1.0121573692276364,2,42,0.7664705044027699,0.37887060629055563,2,155,0.26680489677713404,0.8673633973706852,2,199
3,0.3415147192822199,0.9234870547056198,2,200
4,0.3290934532349281,0.8749664376589877,2,121,0.4013917501742339,0.5685850530862808,2,125,0.7934092196831584,0.45774179458618164,2,200
5,0.40226783735206323,1.009468248486519,2,200
6,0.31715160119309327,1.0029125767946243,2,200
7,0.27886620771422516,0.970074662566185,2,200
8,0.3174041055915856,1.1240158257661041,2,81
9,0.22970459681363273,0.9663092368841171,2,200
10,0.14369037022264294,0.838050167969983,2,99
11,0.3361765962549906,0.9654446834141446,2,97,0.8583300522467918,0.12543619026258154,2,200
12,0.49287807896195623,1.114128875732422,2,10,0.049172455765185245,1.3665212750434876,2,20
13,0.0691125676127422,1.0586874169111251,2,200
14,0.2613578470915612,0.9727806001901627,2,200
15,0.32902388734450827,0.9793881927217756,2,35
16,0.3090786926614826,1.0154807076734655,2,170
17,0.2624627479504758,0.9749237850308419,2,200
18,0.3364248242429319,1.0092558288574218,2,200
19,0.2535849021688041,0.9985996768241976,2,164
20,0.2776818320320288,0.8637757641928536,2,14,0.8149319145996266,0.25631220425878254,2,154,0.35795273135984146,0.9802737106447634,2,200
21,0.28927572136356655,0.9765050327777862,2,200
22,0.34927278687482183,0.9555268606474233,2,86,0.7664077651401925,0.2618461014194922,2,152,0.28217830544978595,0.9966658328970274,2,200
23,0.47898670882252997,0.9282677708000973,2,29
24,0.31500131742422444,1.0512747764587402,2,52
25,0.26216603503896513,0.9826566886901855,2,200
26,0.32693754848291656,1.019078625822967,2,53
27,0.36756112496077376,0.9628879179557165,2,120
28,0.2865897131890464,1.0047005812327068,2,33
29,0.28848059365101375,0.9909944997114294,2,85
30,0.3443455370613394,1.0065827742218971,2,200
31,0.3258634721889009,1.0500247171430876,2,66
32,0.28007438491207265,0.94033614214104,2,101,0.8772314031342724,0.5993825094057963,2,114,1.602338668538212,1.7658381313085556,2,130,0.9379714427990825,0.49823890905827284,2,146
33,0.49673393492191925,0.4678161298319445,2,59,0.30636314899567935,0.7282017717758814,2,119
34,0.3293886501543618,1.0690627230538263,2,27
