0,0.4145395666633212,0.9149620417091582,2,72,2.563584860035671,1.7352993766466775,2,102,0.23620702894262294,0.29194124539693195,2,111,16.43807964795826,1.99,3,121,0.2894941157118354,1.4001445770263672,2,128,14.934787399939442,1.9496694207191467,3,140,0.048196055086657384,1.0631941954294841,2,143,15.345695152573569,1.9383060812950135,3,153,0.42377754830421,1.416150116920471,2,158,19.241222842325016,1.9781389170222812,3,176,0.34719692638755173,1.2652496894200642,2,179,19.616773021672625,1.99,3,199
1,0.34672823407130937,0.8363646864891052,2,20
2,0.30871522318103656,0.9631485423216453,2,52,0.9309815911828423,0.08281793767536008,2,200
3,0.5038693229686603,0.7743121595943675,2,17,0.01964069907873941,1.3213297923405964,2,20
4,0.2930051584464919,0.9864837527275085,2,141,0.44325329914546,0.576390807153815,2,200
5,0.20318444701316773,0.9610553170953479,2,42
6,0.3225933724995726,0.8383314073085785,2,50,0.9266856669153215,0.7776858136057854,2,58,0.8720119948777966,0.1581251546740532,2,92,0.2635850319162771,1.1309302747249603,2,100,0.903461658769259,0.11824388786846278,2,198
7,0.34934438187683026,0.8961912473806968,2,52,0.04817437208244045,1.31973431791578,2,59
8,0.2998338676734971,1.064277674470629,2,98
9,0.3442617517801533,0.9885759371519088,2,200
10,0.08419641745095477,1.0426601186583313,2,79
11,0.2877006197205716,0.808097157213423,2,9,0.016729618340958877,1.11260648207231,2,20
12,0.07355769813787183,0.5914574464162191,2,3,1.1676277241554447,0.09667210303135772,2,70,0.220964105831348,0.9675700338381641,2,123,1.04404050869843,0.17003982349649652,2,200
13,0.3764735488484636,0.8007975339889526,2,110,0.7103921401514041,0.37646896900927146,2,192,0.2842576258077134,1.0185500904917717,2,200
14,0.3564067665470814,1.0213871513094221,2,84,0.752639241227093,0.35003203749656675,2,119,0.35423492365634024,0.9496123393376669,2,200
15,0.3309829442893054,1.1228699700037639,2,75
16,0.19414494099979313,1.2008743822574615,2,20,0.6220145891998564,0.28690432971816954,2,79,0.26624141851121885,0.9964468386438158,2,124,0.6698731701950418,0.1268838749777886,2,155,1.9602432841737605,1.6132000817192926,2,182,2.360297745755267,0.6503539515866174,2,200
17,0.2958906780434317,0.9877018988132477,2,10,0.6971202333251801,0.36673060432076454,2,46,0.037846090683992764,1.0321553945541382,2,51,0.45512831162362144,0.631134549776713,2,63,0.9706247344386291,0.17647090198191923,2,176,0.4801365713077339,0.7931739141543707,2,200
18,0.31372640911110916,1.0529852956533432,2,92
19,0.4904337383673119,0.9746313641089519,2,131
20,0.18592759352667185,1.0256780117750168,2,200
21,0.31189794973985097,1.0719067903532498,2,138
22,0.13033403425263929,1.100437774658203,2,200
23,0.4268817043393501,1.0469220773927097,2,58
24,0.25995922481960476,1.0951832853830779,2,78,0.7903482232024838,0.2325958932439486,2,120,0.2718188532539649,1.0726681157946587,2,200
25,0.3141469095893454,0.9813571789047935,2,22
26,0.3316228854403017,0.9877291299947878,2,164
27,0.29814650713004687,0.9817803625402779,2,116
28,0.28703377547266395,1.0079010465870732,2,23,0.5393166969338473,0.36315482271754224,2,46
29,0.22549720657306638,0.8708256691694259,2,20
30,0.28968844265414073,1.0279279926727558,2,29,0.7828897957164058,0.34773030281066897,2,59
31,0.22965838402003538,1.0037420121106235,2,22
32,0.39696002180682755,1.0478577845626407,2,36
33,0.4217051662604009,1.0076511417116438,2,14,0.915093209436033,0.35193386872609456,2,29,0.25068138137928486,1.0617720524470011,2,44
34,0.2849813844389185,1.1245231445019062,2,39
35,0.3032978989694536,1.061850538620582,2,26
36,0.3605321423768756,1.0026590536380637,2,58
37,0.35896600801189665,1.035895898938179,2,48
38,0.28076561193209476,1.0477632232334302,2,23
