0,0.29783146772653213,1.0042988654830693,2,191
1,0.278088007056022,0.8794177642890385,2,28
2,0.3180919112673118,0.9647868232029241,2,41,0.7071103438018029,0.6638819660459246,2,69,1.07735719490787,0.2008550290282317,2,196,0.08694650676981361,0.4675877317786217,2,200
3,0.20134253195305477,1.0327819305658341,2,200
4,0.24411798135237492,0.9449617147445679,2,200
5,0.01728094367112673,1.0962880969047546,2,20
6,0.3079099427196349,1.0077559269257705,2,137
7,0.29651460191729956,1.127808476195616,2,17,0.8520387796285073,0.17682728578484125,2,200
8,0.6462549107388283,0.5654054475682122,2,84,2.1057124966358276,1.7405689587959876,2,97,0.4973660521648688,0.8185076209215018,2,110,1.397962286915034,0.2512078831593196,2,125,0.3160323902852678,0.9994867181777954,2,200
9,0.5053675886648822,0.8334737141927083,2,15,0.018577668457965296,0.961894178390503,2,20
10,0.2490238266933459,1.0092935115098953,2,200
11,0.30447859845102876,1.0664200182036152,2,127
12,0.2842319813084449,0.8767787139205372,2,68
13,0.40850013030510907,0.9798925295472145,2,32,0.9322649236277657,0.13957396601991995,2,200
14,0.26647135052028825,1.0034484392404557,2,200
15,0.32809161086232197,0.8958512788682472,2,127
16,0.3286321673998601,0.8923328006067756,2,179
17,0.3584824172857941,1.0252610869326835,2,59
18,0.14533822498287322,0.9520146106228684,2,33,0.7449149466753341,0.7285137738172824,2,85,0.3120137863059343,0.9878048637638921,2,200
19,0.26481268476496567,0.9353937256336212,2,200
20,0.3307900680283668,0.35768077585656766,2,59,1.045213059518249,0.15220781543425152,2,129,0.04595916567955537,0.9598046064376831,2,134,0.6060463198782727,0.7309198975563049,2,156,0.9308592891067635,0.25102808055552567,2,200
21,0.4512108118232527,0.7104240205229783,2,41
22,0.17644787848858343,1.0491373002529145,2,20
23,0.2742534370241882,1.0471271574497223,2,200
24,0.3267475498461684,1.0568517758296085,2,195
25,0.3187348503799798,1.1918756885731474,2,47
26,0.2019243976853694,1.0379045709967614,2,160
27,0.2861929351013857,0.9329514946965944,2,168
28,0.370577930370497,1.0340659780935808,2,22
29,0.5763316414538113,0.6021286171216231,2,65,0.12633627116456608,1.1962655663490296,2,75
30,0.01593836143897972,1.3344335317611695,2,5,0.3650863019513677,0.8441292405128479,2,35,1.1990410714201374,0.14971403602291555,2,52,0.16159061510414963,1.55788254737854,2,58,0.44752897236161304,0.474896280642818,2,92
31,0.3474542659492376,1.0160039160625045,2,83
32,0.34534132271378176,0.9825021539415631,2,49
33,0.3308652398119368,1.050921231508255,2,20
