0,0.2115899809160654,1.0170627816727287,2,190,0.7147177768068068,0.42132746875286103,2,200
1,0.21605443793475884,1.0498281037196135,2,78,0.9677102586134503,0.1575660543119321,2,200
2,0.26818179346984367,1.001979164481163,2,200
3,0.35675884550891857,0.9600591689348221,2,200
4,0.24588754997510887,0.9394378048181534,2,200
5,0.3374241033482921,0.9594138842821122,2,200
6,0.3230928458107296,0.8827031925320625,2,40
7,0.327356421709672,0.8289386675908015,2,91
8,0.24085159818476437,0.9837723624706268,2,200
9,0.21745046445013277,0.8802874309574059,2,167,0.016484255463336334,1.089858855519976,2,174,0.3456094709329461,0.8424262702465057,2,200
10,0.3284007470973343,1.0763086684142487,2,79
11,0.13169016067828435,1.0131563425064087,2,75
12,0.3573566853079804,0.9410653670628866,2,15,0.017131708394238214,0.9991793870925904,2,20
13,0.39380254297960854,1.017100433409214,2,200
14,0.20422876512268323,1.0924125026773523,2,27,0.6712651535490716,0.20694318204595333,2,84,0.5506814517738091,0.9124832934346693,2,113,1.069307187978409,0.19324880598605365,2,200
15,0.44127420695745495,0.8553130592291172,2,104
16,0.3941905011296577,0.8487792462110519,2,26
17,0.11504466097889991,0.9999786433966263,2,138
18,0.3244379563312108,0.9365720222162646,2,86,0.4793484251726317,0.5304458592283098,2,200
19,0.3264655346506491,0.9247529853221982,2,172
20,0.20005131220219455,1.0698924092685476,2,85
21,0.27392751962134965,0.9670377604815424,2,98,0.5235423699084079,0.3066747655325076,2,166,0.20567567308338447,0.9473977790159338,2,200
22,0.341302877494069,1.0334361481339964,2,73
23,0.350381218205452,1.1908118554524012,2,7,0.016359502293107377,1.115771009371831,2,20
24,0.3061037547944051,0.9980755035693829,2,26,0.6155447534892186,0.4426185519530855,2,55
25,0.22750036617192634,1.3975435018539428,2,5,0.014622767453328332,1.2183927536010741,2,20
26,0.28603711386368624,1.064666687039768,2,170,0.10674662577648353,1.1657530109087626,2,200
27,0.25730128982893924,0.9031677293150049,2,76
28,0.30017644507443775,0.9583292677998543,2,8,0.7940253686662926,0.2077308161692186,2,30,0.40901955643323956,0.9624123990535736,2,50,0.8583832812509357,0.29203583684659773,2,112,0.33756864282666404,0.7924248322844505,2,152
29,0.22286614075569766,1.0967238240962407,2,139
30,0.11361126065111814,1.2189913590749104,2,9,0.7922074954891066,0.26230661471684774,2,159,0.46521944723663095,0.8994904055314905,2,176
31,0.2796420566768309,0.9836899530887604,2,200
32,0.2073517491352911,1.0115423595905304,2,200
33,0.01983506956597674,1.101415964961052,2,20
34,0.6284791367405733,0.38152447931468486,2,200
35,0.3578617500381016,0.7653326214086719,2,82
36,0.30733464188193005,1.0688924094041188,2,48
37,0.3690409520622562,1.111363116731035,2,94,0.07757823716921457,1.1484692335128783,2,104
38,0.34572522833294245,1.0553929664470532,2,135
39,0.2604128618416846,0.955914428654839,2,85,0.714267839569465,0.8274247340253882,2,122
40,0.36027946472548356,0.915086275764874,2,84
41,0.2431576567780029,1.010516991217931,2,42
42,0.3881138434663111,0.9831378381760394,2,61
43,0.09665611399056964,0.9579733518453745,2,52
