0,0.2921721392319039,1.0034217224234627,2,84
1,0.35180736069989893,0.9148070993048422,2,89,0.08154866150198117,1.5220929724829537,2,96
2,0.3162914972764608,1.0893672823905944,2,200
3,0.30902429191858144,1.0156209374231004,2,63
4,0.32441402439292966,1.0319180396199226,2,200
5,0.30989078725339436,0.9790071180888584,2,35,0.614412439531014,0.46883836609345897,2,62,0.3575210132663277,0.8890830944566166,2,113,0.520309664122835,0.2458819133597751,2,199
6,0.1501438292595872,1.090025407075882,2,20
7,0.3348732596030437,0.9957906824819157,2,178,0.6188347890582886,0.3411186798052354,2,200
8,0.2977931483961783,1.076429938513135,2,63,0.7363852098421897,0.4103895579065595,2,98,0.18571194399225788,0.9811656951904297,2,108,0.6041037551936663,0.3091024691643922,2,200
9,0.3048823892343565,0.9762861680984497,2,75
10,0.5699143517095007,0.6994947026937436,2,39,0.7893472739711346,0.19695277317710544,2,200
11,0.2074049519259247,0.9864155527242681,2,97,0.5262323746676609,0.8033383339643478,2,101,0.61197881145305,0.1675219310052467,2,200
12,0.3018545892539766,0.9457658357918263,2,200
13,0.30192392001000495,0.8899264317706115,2,133
14,0.27990313368080944,1.0176678310741079,2,110
15,0.38887798439319116,0.853341561906478,2,170,1.141265293204455,0.22445262322823206,2,200
16,0.2822504429569863,1.065755646403243,2,41
17,0.2955645737621941,1.0299397826194763,2,200
18,0.09985696141904216,0.9560353025313346,2,31,0.3012909792400135,0.9827082166304955,2,161,0.4597423565234672,0.24908179999926153,2,200
19,0.2323288806143615,0.918456618326256,2,166
20,0.28902007801091784,0.8851118167241414,2,30,0.6409753068567206,0.4126857402531997,2,53,0.2517001624273108,1.2266667551464505,2,62,0.5166825811544186,0.21021193419535136,2,159,0.3250535279362426,0.9569161832332611,2,185,0.5386399456106209,0.3259638955195745,2,200
21,0.36634899427304374,1.0586821440678493,2,157
22,0.19288091132977345,0.9762311668499656,2,92
23,0.2762806304080892,0.9624787015197551,2,113
24,0.31760120010282455,0.9287795083863395,2,28
25,0.3029179240727186,0.7987758109444066,2,76,0.5168133889416049,0.24489012120231504,2,200
26,0.2972105953865737,0.8474189890058417,2,19,0.017674416700494754,1.1276180148124695,2,23
27,0.3884753295320382,0.9901270764742711,2,129
28,0.32740096175649114,1.00773190677166,2,200
29,0.19232357336269956,0.7932915633374994,2,33,0.663970864392527,0.20060978337364682,2,151,0.1906099077149674,0.35390271494785946,2,169,0.20693051573628915,0.87299400856418,2,200
30,0.49808670349203,0.84834655638664,2,62,0.731544513579615,0.19765704018729074,2,153,1.453633364301947,1.3566275605788598,2,179,0.8246252065495453,0.43962291237853823,2,200
31,0.3674050158303412,0.9019921930397258,2,136,0.600424438052769,0.2948201861927065,2,195
32,0.26117479316717856,1.030027125030756,2,32,0.020114775780264868,0.9334858357906342,2,36
33,0.41286912558764055,0.93245385844132,2,29
34,0.287738958144991,1.017919979095459,2,125
35,0.30738716042095693,0.9852506210064066,2,58,0.617165298820789,0.12011211086064577,2,106
36,0.3159850798154097,1.052696907520294,2,30,0.7339991183718888,0.10728808234517391,2,134
37,0.2996890562068474,1.03191316688762,2,85
38,0.4423204389419596,0.8641871084337649,2,23,0.8716742245968772,0.12212467310018837,2,87,0.3484904426990368,1.2522052973508835,2,103
39,0.39976232420547003,0.9913106777451255,2,22
40,0.328605378542861,1.2796774506568909,2,8,0.7758712202156929,0.27139041679246084,2,57,0.2686392411463081,1.1681662413381761,2,88
