0,0.34878792180414153,1.0563637961943944,2,48
1,0.35103244184914445,1.012138141624963,2,134,0.4164135225344637,0.5974044601122538,2,152,1.2807154946573613,0.09520257450640202,2,200
2,0.21892502100375022,1.0678511360023595,2,79
3,0.23695292413735483,1.0327039847911244,2,142
4,0.3260890821876836,1.003465513388316,2,66
5,0.3985807058684423,0.8528068661689758,2,51
6,0.23459907379680353,0.9633924033906724,2,90
7,0.7773345538366354,0.4014493731014869,2,34,1.5610303486845776,1.6589972482008093,2,51,9.988522590003216,1.924116357167562,3,66,0.11895098612314754,1.2309478123982747,2,69,12.73844706071052,1.9420571684837342,3,79,0.30280374144686045,0.982894713228399,2,200
8,0.2822161232855178,1.0497300004959107,2,200
9,0.3423578478739422,0.949967091679573,2,200
10,0.3970960472845869,0.7473048885147293,2,77
11,0.2808873328220958,0.998140144944191,2,200
12,0.3352281449860529,1.0212580911044418,2,29
13,0.34070831518340156,0.9263661497313044,2,92,0.912710062156339,0.281449382348607,2,188,0.58353462826728,0.9532296160856882,2,200
14,0.017804040450853945,1.0780148088932038,2,20
15,0.30800651275748103,1.0133261438599206,2,133
16,0.21294398192850783,1.16310207305416,2,31
17,0.284838315795128,0.9015246839590476,2,71,0.3880089027677486,0.45405410357364795,2,153,1.336753616581405,0.33044771533063116,2,200
18,0.34024488300071687,0.9416480277901265,2,67,0.7782685973976251,0.45366551953813306,2,90,0.347140870903496,0.9329619801650613,2,149,0.878513481709878,0.07399150758397345,2,200
19,0.17867666654152375,1.0452123903992152,2,101
20,0.49387322516641513,0.5064813863663447,2,21,0.9335424079335457,0.16600727994699735,2,95,3.03463853915386,0.1772546643302554,2,200
21,0.24196930824767518,0.9604944412301226,2,41,0.6177549393541459,0.32985029810545397,2,90,0.2568837308651483,1.0379014094670613,2,180,0.09384795512249619,1.102801764011383,2,200
22,0.3111154106227297,0.8943072309096655,2,24
23,0.3998745287371491,0.9820886178450151,2,55,0.7991033291370174,0.12034572917839577,2,200
24,0.2967745360730778,0.9759225845336914,2,110
25,0.24244273820594323,1.100523106455803,2,200
26,0.3486374110627906,1.0346226022484597,2,89
27,0.9032706692435473,0.27814861944242686,2,119,0.4632413828063401,0.45272753068378996,2,126,0.3682389254098925,0.9322241792312035,2,191
28,0.38298324029463043,1.1093726502524481,2,45,0.8815724514292934,0.10683110903980386,2,162,0.27102122706270526,1.0770576102393015,2,197
29,0.42938544706317194,1.108646411895752,2,25
30,0.0783881796649945,0.957314133644104,2,86
31,0.2682084926345302,0.8973662031663431,2,37
32,0.327424278520623,1.0339026396091169,2,65
33,0.3195269619716067,1.0190217130713992,2,18,0.056154128038345075,0.388316144545873,2,27
34,0.3133156635561583,1.1126183042159448,2,26
35,0.2555980826235385,1.0415882253914737,2,89
36,0.32272500006606714,1.057157323215947,2,66
37,0.22519421048672808,0.8975731790065765,2,20
38,0.26589655070617857,1.1564788669347763,2,32
39,0.02633606122792523,1.0252406597137451,2,3,0.5104695834365167,1.0960008685405438,2,29
