0,0.2954265445901447,1.0371769971035896,2,47
1,0.3711391217495398,0.96878777384758,2,200
2,0.27268687919775714,1.0809281545877456,2,200
3,0.3230069427207823,1.1187420004606248,2,200
4,0.4059009813586761,0.6704320138692856,2,200
5,0.2955984017823578,0.993813374042511,2,200
6,0.340591308219525,1.0184308281070307,2,190,0.7979164296600106,0.5293764293193817,2,200
7,0.3241510009426631,1.043842316865921,2,200
8,0.3083265639076589,0.9862439286708832,2,200
9,0.31115258613515606,0.9701407436401613,2,93
10,0.48237970894531007,0.7116502443949382,2,60,0.38835210470683573,0.49974266688028973,2,156,0.0728699084888181,0.6210809787114461,2,171,0.787250890882713,0.38815473174226695,2,200
11,0.014050380476081628,1.0286494880914687,2,20
12,0.37048578678839167,1.0633070805798406,2,46
13,0.3636159650969656,1.0025685561362223,2,199
14,0.23602830043493836,0.960800605515639,2,48
15,0.3596181593695557,0.9803159874677658,2,200
16,0.2876927822642812,1.0147354692782995,2,53
17,0.35158577865310947,0.8462458043767694,2,57,0.5941270279934523,0.587211852849916,2,186,0.6366479977782499,1.0081567083086287,2,200
18,0.16506623760460643,0.9490331017971039,2,200
19,0.3585909919382981,0.9875716453790665,2,200
20,0.3167364425355661,1.0354273456793566,2,39
21,0.2453797633094036,1.00036760866642,2,200
22,0.315128944872796,0.725100731253624,2,200
23,0.3402544530275995,0.9296503385901451,2,200
24,0.3103877289339551,0.9898474287782979,2,117
25,0.30856611968368947,1.0023528850078582,2,200
26,0.28100150849190253,0.9798263737133571,2,28
27,0.2219857141578127,0.86843048415932,2,102,0.4104233197988641,0.7760259402649743,2,130,0.5498187200708672,0.4618100132261004,2,200
28,0.3605875045164145,1.013972483277321,2,200
29,0.35368574249120344,1.0515249828769737,2,146
30,0.30968486630268105,0.8515035510063171,2,28
31,0.3498783806629818,0.9617766737937927,2,88
32,0.27708411555185397,0.9523728966712952,2,70
33,0.44621113756664704,1.1531100117641946,2,23
