0,0.021044750739250245,1.0941252946853637,2,20
1,0.3907180508560288,0.889920247059602,2,130,0.5262974464946754,0.5644979249153819,2,200
2,0.3356756947974968,0.9448529091477395,2,200
3,0.3152814082723792,1.0940537462974418,2,116
4,0.32908249469647954,0.9986603778600692,2,200
5,0.28697640596362073,0.9833558195829392,2,200
6,0.351693091678793,0.8787267149984836,2,200
7,0.10269193969633493,1.060096764564514,2,200
8,0.22333666256744514,0.9069808232979696,2,61,0.5166829736857087,0.2225853931158781,2,109,0.2556715553337116,0.9570800987156954,2,120,0.7328927862665793,0.23723397013686953,2,141,0.28559179449104816,1.1055275828151379,2,200
9,0.2634266228826531,1.0024031901359558,2,200
10,0.4743745227299778,0.7186960577964783,2,51,0.31721871923301526,0.9737791266323121,2,172
11,0.3194114881177657,1.0610135367938451,2,126
12,0.4907885319703774,0.43548718124628066,2,200
13,0.15745263995055858,0.9946750348806381,2,200
14,0.27990198105136094,1.092482511486326,2,28
15,0.2322294560592734,1.0555728637442297,2,98,0.4134045551911035,0.7132287656559664,2,166,0.30304136533304243,1.0189670394448673,2,200
16,0.36071712777000814,0.8738698677012795,2,76,0.557327618472854,1.5670766962899103,2,94,6.479362438086213,1.9642902314662933,3,98,0.06944549224161285,1.3132696866989135,2,103,6.415437646791222,1.9330845117568969,3,113,0.3816637237933701,0.6800116739053835,2,200
17,0.3672943344092043,0.9649912031685434,2,164,0.6391782304440052,0.658174627357059,2,200
18,0.1397704028654324,0.9074513557794932,2,111,0.4726305872574821,0.6914725870478386,2,162,0.1865997159533308,1.4652479158507452,2,180
19,0.30518613632461533,0.5116416787107786,2,12,0.018253870617659082,1.013467289507389,2,20
20,0.24606875045923884,0.921242073962563,2,57
21,0.3202969332072712,1.020711029927755,2,97
22,0.15338479122678073,0.9882456262906393,2,108
23,0.17079360368363178,0.9622833575957861,2,117,0.42514148586146433,0.9763512401019826,2,134,0.47550945454141885,0.5614750764586709,2,200
24,0.31604471141119783,0.7325978800654411,2,48
25,0.345136079446803,1.3383929218564714,2,7,0.016425894849325225,1.2104271283516517,2,20
26,0.31107467379271014,0.9481269224830295,2,115
27,0.33355287684617063,1.0372435007095338,2,125
28,0.32358334146510986,0.9647240096872504,2,22
29,0.26825144942800133,0.9366334909200669,2,200
30,0.37689419326856194,0.8428522283380682,2,110
31,0.33860224564928365,0.9309951111122414,2,27
32,0.15571330843429412,1.0053500323228433,2,142
33,0.29818017996949264,1.0080246900518735,2,24
34,0.3442361165398443,1.0487518147988752,2,66
35,0.33594457708207026,0.9004772880247661,2,28
36,0.5894924305662124,0.7229940113094118,2,18,0.025087545314175123,1.2440327405929565,2,25,0.4063884002274256,0.6617929757076458,2,162
37,0.36198576519982084,0.7778883070656748,2,33
38,0.2236326137395072,0.9930917758208054,2,39
39,0.2163120110883252,1.0760523131553164,2,94
40,0.3335944065972614,1.0572371511232286,2,42,0.4417725012351644,0.7006643305019457,2,91
41,0.36996465490888614,1.0682482352623572,2,39
42,0.27582397729597885,0.796751062075297,2,27
43,0.44603100238387616,1.147735168536504,2,24
44,0.2857943804934312,1.1707809200653663,2,52
