0,0.43083964522877605,0.9494327942530314,2,15,0.817882788299729,0.2204400670974433,2,162,0.2725341433182927,1.121905245279011,2,200
1,0.346226411520375,0.8424529847502709,2,200
2,0.10388659200749117,1.2032354712486266,2,20
3,0.3200586656230068,0.9610794575086662,2,112,0.9191399712304773,0.12951516302732322,2,138,0.3532463826564533,0.576796202454716,2,170,1.4079544050897503,0.4683754960695902,2,200
4,0.29862582108788777,0.977972008518337,2,97
5,0.34804259228877577,1.0375706808907645,2,28,0.6270177408101723,0.26521203964948653,2,108,1.9717587578398186,1.687977442741394,2,133,0.829268835677642,0.25709330870045555,2,142,0.2525495952949424,0.2904107327523984,2,161,0.37218014593766113,1.391243726015091,2,165,8.583579209671164,1.7980284946305412,2,179,0.3821149349477359,1.2649767637252807,2,184,17.344382356975864,1.808361142873764,2,192,0.1428310888273752,0.9575220346450806,2,195,4.417155328997634,0.5511534214019775,2,200
6,0.3303074931767651,1.0063667948181565,2,185
7,0.26430074721217867,1.120979980724614,2,41
8,0.30848486894693505,0.9888039141893387,2,200
9,0.3509940590699293,1.1779714040458202,2,32
10,0.17350812364273213,0.9583822935819626,2,40,0.4241457451025825,0.6037421845670404,2,156,1.0772572194785102,1.4435343212551541,2,165
11,0.342335686524721,1.1462337266315112,2,22
12,0.30223745544659925,0.7977810311317444,2,25,0.6179136335327192,0.40067465947224545,2,64,0.2817105684793474,0.9167148913530743,2,200
13,0.3563861162117067,1.0381536907350957,2,197
14,0.27136364811910235,0.9491222905016493,2,87,1.0553026116137845,0.11478955028331385,2,200
15,0.3640429171042916,1.1652161478996277,2,50
16,0.283736508044803,0.9865731114794494,2,157,0.9170833811015873,0.13534210741519928,2,182,0.20258589530701898,0.7295192711883121,2,200
17,0.24598023493238236,0.9544844385739919,2,74,1.135102019266542,0.11110665082041897,2,141,0.28496442301092934,1.0143265112450248,2,179
18,0.21891159709740085,0.940202499287469,2,70
19,0.41454135593256636,1.0760624092817306,2,200
20,0.2909434013045059,0.7262061403857337,2,18,0.6644703650280602,0.27680066002989717,2,71,0.3164257756999529,0.3009658297523856,2,87,0.2091859595700432,1.0014120139906892,2,200
21,0.32453954214007297,0.9711529327862298,2,134
22,0.41535071090501086,0.9751884779840145,2,53
23,0.2862678094480246,1.118635628904615,2,14,0.016248169560174677,1.1696750322977703,2,20
24,0.265211223736932,0.8484643451098738,2,29,0.5000880738158929,0.7059054176012675,2,32,0.7402210874491152,0.2171385945486171,2,200
25,0.3362036078042806,1.0002889692783357,2,20
26,0.27027356307159284,0.5228765287569591,2,14,0.34077261292743727,1.0316705405712128,2,38
27,0.5708956903710516,0.5447603664385579,2,189
28,0.28309702655648017,1.015393925162981,2,106
29,0.39267952264962797,0.8387390985511817,2,52,3.4251037073532116,1.7708602302214678,2,86,0.14189147226706073,1.297426164150238,2,92,4.48442286286182,1.8335939970883457,2,114,0.17852554662273173,1.4839908736092704,2,121,13.400407993569585,1.9240877330303192,3,133,0.09874010028424676,1.2350821097691853,2,136,14.837719319055182,1.9301554645810808,3,143,0.45597950421533867,1.7088281710942586,2,146
30,0.27818934879445784,0.9940985751648744,2,96
31,0.4471349623837542,1.0349040627479553,2,64
32,0.2542519455192181,0.9254950149492784,2,44
33,0.33624054203827214,1.0981757545471191,2,25
34,0.36813491820639815,1.0561480152195897,2,29
35,0.34827875018951027,0.9472600004889749,2,22
