0,0.35469801787810523,1.023092595013705,2,33
1,0.29153516760894616,0.7176582759076898,2,11,0.017842401461046896,1.0415382716390822,2,20
2,0.3427354261895774,1.105190594991048,2,168
3,0.28530625842884144,0.8190923455433968,2,39
4,0.2821343515522008,1.0639278894662858,2,200
5,0.36777719222304545,0.9193965266256229,2,184,0.7510814386147734,0.35581647884100676,2,200
6,0.3679786764412333,1.0626310324668884,2,200
7,0.317787828166873,0.987131854891777,2,200
8,0.36715441229052276,0.9828072100877762,2,200
9,0.1912276786232842,0.9820867315415414,2,62
10,0.3488144486665566,0.34908732714561314,2,26,0.6366121041825658,0.7676224854859439,2,81,0.511627597388306,0.36853943712878645,2,138,0.2897114146426541,1.1832763231717622,2,151,0.5339466048226,0.35614870654212105,2,169,1.7529020889740667,1.635551747522856,2,188,0.5310726007063251,0.5193496396144232,2,200
11,0.43010788700853214,0.9366389065980911,2,8,0.0175686873363142,1.1455232799053192,2,20
12,0.29813242014839025,1.0235296317509242,2,28
13,0.2304201131395288,0.9637695650259653,2,24
14,0.4833721956583537,0.5669790108998617,2,63,0.3894472968446952,1.0195852785649961,2,200
15,0.3184604811772449,0.7438751033374241,2,14,0.7490587267568173,0.23933958739806444,2,53,0.26958061729518223,0.922677441554911,2,87,0.606003885638764,0.29906348533490124,2,189,0.2491597496785546,0.7982488112016157,2,200
16,0.4592472113587124,0.8633625566959381,2,10,0.017010412513309432,0.8279360890388489,2,20
17,0.2464134728535633,0.9378884078727828,2,72,0.40704780516398525,0.8838756024837494,2,82,0.5122073943476633,0.6146460620662834,2,161,0.9202261781384249,0.18455017330469908,2,188,0.570586935863687,0.8605630993843079,2,200
18,0.3017661217815985,0.937971246901469,2,199
19,0.19253813245286855,0.9948464572429657,2,200
20,0.012551347359146736,0.8642660796642303,2,20
21,0.09221025373423242,0.7880740710874883,2,82
22,0.4084277586352923,0.6670503237030723,2,22,0.8589001084315857,0.1954897560742723,2,141,0.30381598387487974,1.0903534455732866,2,152,1.0941894191164683,0.22485337938581193,2,187,0.38717110383530096,0.8304581244786581,2,196,10.498596387284895,0.5650441646575928,2,200
23,0.4087949256462305,0.7969757720213575,2,194
24,0.31770717685588434,0.9924028994143009,2,200
25,0.21544276534470985,0.8474415796143668,2,28,0.3440590784159999,0.5279502672453721,2,148,0.10488709020867894,1.0510796652390406,2,200
26,0.294129247553455,1.0800283210618156,2,14,0.015915635689737216,1.196379045645396,2,20
27,0.30643015398876583,0.7145338568091393,2,200
28,0.1744417619104619,0.959179354819241,2,151,0.4947148147243423,0.7621530934291727,2,185
29,0.32857952705149507,0.9331834971904754,2,80
30,0.3314030599243188,0.6657282752248476,2,106,0.42836519902150444,0.37361905678194396,2,155
31,0.3072634043128404,0.9726496722738621,2,118
32,0.34310385083165035,0.9686947841088749,2,103
33,0.34648116746419466,1.0057168851296108,2,24
