0,0.25556375868615244,0.9974271458387375,2,200
1,0.29950347856857695,0.9246523928642273,2,200
2,0.3217122003824772,1.0901918223734652,2,89
3,0.2533126659447258,1.0088782501220703,2,200
4,0.838790451208172,0.19174682592250863,2,196
5,0.3002931717347081,1.0060936194658279,2,200
6,0.21448904626168158,1.3370123505592346,2,4,0.015369839056825424,1.073080025613308,2,20
7,0.29237892553966316,0.9935484915971756,2,200
8,0.3129813131143933,0.7333997554249234,2,36,0.832758443839859,0.6031081825494766,2,54,1.2124324764429308,0.08220528841018676,2,79,0.15075108983433452,0.5006567239761353,2,84,0.318027130058887,0.9767429576865558,2,200
9,0.1016771114308082,0.8539932440308964,2,170,0.3250054753244971,0.6427436655965345,2,199
10,0.2088087954395977,1.0657534404676787,2,147
11,0.4927315964283942,1.0603403294086455,2,200
12,0.28694134382425973,1.0137071752548217,2,200
13,0.19563887227500104,1.0269211268206255,2,109,0.7824890531065797,0.17250144612658155,2,200
14,0.23613562339095276,0.9424605906009674,2,20
15,0.3143479763721358,0.9759792211380872,2,88,0.9734793959541658,0.15145774385226624,2,200
16,0.29957648578854684,0.913656210526824,2,32
17,0.33107874307353424,1.095052284853799,2,56
18,0.2749535578054936,1.0082384943962097,2,27,0.7080312370674525,0.19845629041083157,2,155,2.818433434913814,0.10952538969340148,2,182,0.4385958929796249,0.2701282608840201,2,200
19,0.2349061110520402,0.8372403514094469,2,82
20,0.2877640292031984,1.212300409441409,2,23,0.7309103477922041,0.3178639180701354,2,81,0.3319248171291426,0.8315945753117198,2,178
21,0.19679047533256533,0.9978370666503906,2,30
22,0.2561010573014723,1.0806871869347312,2,44
23,0.3056842463063763,1.0087062583250157,2,85
24,0.2771589119565802,1.0727934055641049,2,61
25,0.28213690655291046,0.8920127738405157,2,108
26,0.3017883804428032,0.8744525074958801,2,10,0.02130976745983699,1.0054616689682008,2,20
27,0.3607179407475319,0.9475719550003608,2,192
28,0.2538476207514132,0.8901745302336557,2,175
29,0.30299973386273854,1.1712012918371904,2,57,0.019874341869212858,1.1823328733444214,2,61
30,0.4199545021868166,0.5865225062982456,2,74,0.24291864585825565,0.9189002943593402,2,160
31,0.4591672739667338,0.9328619639078776,2,27
32,0.28633254816847475,1.1086129434709626,2,123
33,0.25907747109714396,1.1544620662927627,2,40
34,0.28651787374077975,0.9696600895661575,2,104
35,0.4208435041382169,1.0317214634811993,2,103
36,0.5436641349503705,0.9349428661938372,2,29
37,0.2860139103505578,1.0405064058303832,2,50
38,0.30189237008797976,0.8222392410039902,2,20
39,0.33704176517741047,0.8127164426057235,2,23
