2,0.020631666506533128,0.19916867628946142,2,59,0.04515960276613881,0.22609097563417246,2,200
18,0.018241842332299456,0.07432246534270234,2,200
19,0.36884682249150763,1.009145364165306,2,24
22,0.6138729509100364,1.0476346358788753,2,113
24,0.7186613985256651,0.8167221546173096,2,13,0.020026522426516168,0.09304999235399904,2,200
25,0.5846553267418557,1.272820696234703,2,16,0.9814921933333576,0.6018009655750715,2,29,0.7687631923563146,0.20603448202883876,2,66,0.028615646009749366,0.10417298533356012,2,200
26,0.544185235746991,0.8721190399053146,2,98,0.04617022297331276,0.2704857066273689,2,200
32,0.5574272514613591,0.8150522236856038,2,149,0.9205921118113864,0.3506659466554137,2,183,0.46762700741572516,0.8041321424876943,2,200
33,0.36002246084795964,1.034340097308159,2,200
34,0.7545947522418559,1.2712231063842774,2,50,0.034334090604262194,0.24058451623685898,2,112,0.1688486997981818,0.3125834801996296,2,200
