0,0.5039744082919814,0.8754614729147691,2,104,1.4792526148235479,0.25928989131199687,2,199
25,0.4839345277426483,0.9786269510233844,2,27,0.023531369538405022,0.29030235553229294,2,54,1.3975899356903903,1.3273900374770164,2,70,0.9516558209029251,0.4310213559203678,2,79,0.041550463433616965,0.23518651904804366,2,149,0.28627289904767655,0.5398261987644694,2,172,1.1200468335924403,0.39233736374548506,2,200
28,0.4987346365432186,1.1596649340961291,2,46,0.02854219703501136,0.16898379225719284,2,200
29,0.5526868562097114,1.0116130113601685,2,105
30,0.2908397088738651,0.9879570156335831,2,4,0.010996113895236859,0.7806204333901405,2,20
31,0.32446028073563377,0.9733934979885817,2,64
32,0.4515547800744277,0.8793982220934583,2,77,1.329996942782847,0.22051019370555877,2,102,3.25930958449548,1.4825573599699773,2,135,0.21351579450671682,0.9996844828128815,2,143,3.709420594406869,1.5178311268488567,2,194,0.4216799999769983,0.8558315873146057,2,199
34,0.8561267227593593,1.2778850674629212,2,10,0.02062013838428337,0.11272630411151209,2,200
37,0.6814557649962252,0.7114355142911275,2,75,0.12387955372562005,0.5567541748285294,2,85,0.04843475561245009,0.17120812247183337,2,200
38,0.5678580462506552,0.9519222703847018,2,22
