0,0.177276464585378,0.936758388876915,2,200
30,0.012564521218621328,0.8573973089456558,2,20
37,0.40721665429778575,0.7822129287217793,2,19,0.27466369931552115,0.19050405028608294,2,162,0.15591762372703052,0.5176198401966611,2,199
38,0.8108122472682014,1.14480529361301,2,45,0.024424891218723092,0.23578917951165856,2,199
39,0.6407262720749226,1.4438878206106334,2,13,0.014355856138079265,1.0702701892171587,2,20
40,0.9085606702899572,0.09736828427565725,2,19,0.021063532181596206,0.18459023496274996,2,200
41,0.12087295844014757,0.25537055660420516,2,127,0.08114198209581881,1.0700180464320712,2,136,0.7836208791511405,0.2615861766971648,2,200
43,0.5116011698273899,0.8593197467923165,2,200
44,0.7680632747463972,1.0012276596144627,2,38,1.0852744107245589,0.45827061294213584,2,84,0.6181930229280014,1.2666815696535885,2,121,0.06380544275975639,0.1281820483598858,2,146,0.013840494568996099,0.4456251660982768,2,167,0.14057546800919993,0.13419860089197755,2,199
45,0.3316580241317226,0.5499789595603943,2,10,0.023923735582754516,0.14774726103917746,2,200
