9,0.4447497316673182,1.0676214632235075,2,19,0.027325822438421542,0.15107582974664413,2,200
10,0.6225184112068091,1.1452204655575495,2,93,0.03570373026106477,0.07541100562454384,2,200
22,0.7753424461169386,0.7331084958438215,2,29
25,0.390578612139859,0.8176237434148789,2,200
26,0.6728926671215532,0.961933768156803,2,66,0.03869846153975452,0.19285247041218317,2,200
32,0.5882691727520618,0.9676814803481102,2,200
36,0.48940301488034926,0.7751108493123736,2,7,0.012962885177281915,1.250673261972574,2,20
37,0.2718427063183384,0.9028600700970354,2,58,0.2944508386801446,1.3107877297279162,2,97,0.01705023533910571,0.06450525584666836,2,200
39,0.6472335612468907,0.5513385622096914,2,56,0.15872124587603653,0.5709208030449716,2,75,6.714011020914234,1.8714742443778298,2,97,0.10060456813543571,1.2420893481799535,2,104,7.462640041241947,1.9626337157355414,3,122,0.2071609553162108,0.41049971524626017,2,138,0.15589592196776603,0.9639635852405003,2,145,2.9721087524255387,1.2881798297166824,2,153,0.0754436400046257,0.2820494342991646,2,200
41,0.2729545330183291,1.2109870756113972,2,27,0.036074791225103334,0.2148724703085905,2,200
