0,0.5506692215416003,0.7865488654688785,2,38,1.13464435911147,0.4412232752268513,2,158,0.1031264384803025,0.8766357387815203,2,165,5.043023919426077,1.7654465811593192,2,200
15,0.03790107805895571,0.13403588179632914,2,139,0.25509115365376517,0.7716634780168533,2,199
16,0.30671483998960963,0.9278164687868836,2,154,0.10825175107526147,0.1364538685783096,2,200
17,0.5863915579265105,0.7065038199608142,2,52,0.028891277255448582,0.4011322425471412,2,70,1.1333343518792809,0.45633063117663064,2,85,0.07554543212502789,1.0433997852461678,2,92,0.4294145295811281,0.560830619186163,2,100,1.265466254073245,0.3073938463415418,2,135,0.029068476661007175,0.5721449926495552,2,147,2.3092758504015056,0.2591329025370734,2,161,0.08272512560833482,1.1239670770508903,2,168,3.9989803631675573,0.22416298016905783,2,188,0.1307672383209787,1.2548399766286213,2,194,4.892796545428037,0.6497705519199372,2,199
18,0.6324314130562979,1.1492326882348132,2,67
19,0.5266229170003824,0.8513811647015459,2,136,0.07550700585526834,0.3598340693861246,2,200
21,0.4861090585650653,1.3891205042600632,2,8,0.04128455921720503,0.15257746908658495,2,200
23,0.794779809657545,0.8852375972270966,2,200
25,0.9619888900407507,0.5064107722469738,2,28,0.6923473644464151,0.9434668719768524,2,200
26,0.4374578569743234,0.9828744173049927,2,20
