1,0.6407155743959216,0.6119833162852696,2,140,1.0671665628827591,0.3114879476527373,2,200
24,0.6817183443672132,0.9006969809532166,2,90
25,0.44236345580590153,1.1017030015283702,2,49,0.018335147192919933,0.16147445527133564,2,200
31,0.6862259928026093,0.6162770126547132,2,35,0.046560835347390625,0.12934622601964152,2,139
32,0.6613516216362597,0.7841451267401377,2,12,0.05109346337365462,0.15163569834216364,2,124,1.1880192670846075,0.2585702076554298,2,134,0.24909948324251038,0.7330217242240906,2,154,0.04315515554222896,1.0195968661989485,2,161,0.8935870114871881,1.3824327267133272,2,187,0.020068858186451998,0.8404559433460236,2,197,0.9375221435438786,1.0900757710138957,2,200
33,0.20254691218874382,0.8534607078347888,2,14,0.08328029613602803,0.18100571549601024,2,86,0.8345915742609975,0.1608394816316463,2,123,0.9705096488862899,1.0768041610717773,2,128,0.0321952864325657,0.08953776319200794,2,200
34,0.36233463268436367,1.0334238217157476,2,34,0.02074769223234088,0.12483409787696528,2,200
39,0.8081475290695854,0.9605506995449895,2,184
42,0.5362180899362647,0.8484387966855687,2,199
43,0.6308508595503757,1.1316294372081757,2,4,0.01370277229888288,0.8729410618543625,2,20
