3,0.7226025951980215,0.9036755990563777,2,57,0.027760045097318425,0.17386044728589226,2,200
26,0.45050827669473903,0.8743793821334839,2,200
27,0.6877335385556327,1.1221762247252882,2,114,0.01699504391594972,0.1529716080038397,2,200
28,0.8214652749000574,1.3745399713516235,2,5,1.339595434961223,0.11848822805811376,2,22,2.8224905795713,1.8473195348467146,2,29,16.1199735852426,1.8595707311735048,2,120,6.4262601277093285,1.2510441335347982,2,146,1.2565080002540647,0.6536142751574516,2,150,0.14956602912484412,0.23787071645259858,2,200
29,1.0127936946013802,0.512596529993144,2,22,0.12096711899555647,0.19446999132633208,2,47
34,0.47204565086186107,1.2980648127007992,2,47
35,0.00742959138772964,0.8944430947303772,2,20
37,1.0093935819381215,1.230020632346471,2,12,1.1102126153402723,0.18079031507174173,2,54,0.4236173418667707,0.3233215441858327,2,108,0.04159628649208588,1.138784509897232,2,118,0.6859697228835927,0.2654354863504811,2,200
38,0.575907833604164,1.0048973423242569,2,200
41,0.7228332561557943,0.22192710858804207,2,27,0.025290526734929767,0.16986860509294305,2,200
