0,0.6287116664580619,0.7838491327199505,2,199
18,0.4788141044555364,1.0073021446403705,2,38,0.17240498528570447,0.13065017614927557,2,200
19,0.5877181539374563,0.9612063467502594,2,6,0.03967358748944286,0.1629421860939756,2,200
20,0.4834057695193483,1.406104842821757,2,3,0.02999758863084292,0.06513277972637094,2,200
21,0.7619218900938517,0.4906898628299435,2,48,0.4950035074968399,0.9072079132584965,2,116,0.02750351148757879,0.21926881040313415,2,200
22,0.5306833925311992,0.9977470652053231,2,38
24,0.9111418699413917,0.8700775248663766,2,7,0.06532440974694954,0.2567917309276798,2,200
28,0.24860516532130392,0.6911855141321818,2,3,0.012897157176507702,1.3857185770483578,2,20
29,0.6507462708256184,1.0426778901707043,2,33
31,0.8516789946313802,0.8039440512657166,2,83,0.7948347402902248,1.1847770188165747,2,106,8.760299761158839,1.5674108147621155,2,116,0.35097978975770533,0.9611388027668,2,126,2.453341885083454,0.3602744251489639,2,131,0.268549853652807,1.2340115308761597,2,144,9.206160498894294,1.5397929946581523,2,156,0.04288647445270163,0.7284528884020719,2,167,12.609850253484256,1.8245563805103302,2,175,0.0915626052495897,1.0529366646494185,2,182,5.597253518692362,1.5909833643171523,2,200
