0,0.8472113832283124,1.1112022325396538,2,16,0.0223702892336535,0.46184725522994996,2,91,0.18054162059203552,0.12440096684124159,2,114,0.015647369529383975,0.5524002426238948,2,200
33,0.5643277669045541,1.0856508577571196,2,17,0.04843684176192716,0.16407168414341947,2,200
34,0.4225008527068051,1.0222109945920796,2,26,0.8103084350473772,0.28967554533276063,2,200
35,0.07177979164584875,0.20362196542322636,2,200
36,0.3907909705350403,0.9651721492409706,2,8,0.014058107689785328,1.0586505929629009,2,20
38,1.189478817465293,0.36459340397701706,2,86,3.860346982089021,1.7206034391157088,2,117,1.374300200579104,0.7733073882434679,2,140,0.4044018632140517,0.7771277849872907,2,182,0.08299646144102249,0.8999038024081124,2,200
39,0.41864738289876746,0.9657850298312826,2,109,0.02670264682910346,0.14374715843043484,2,200
40,0.7304040725539851,0.8993534967303276,2,200
41,0.6440851679847761,1.27550767660141,2,10,0.01345418961354852,0.9744373917579651,2,20
46,0.019920683843401423,0.1724503847459952,2,24,0.5578211891728033,0.24399643281305378,2,200
