0,0.3240881562388558,0.9664030270329838,2,58,0.03836938962730235,0.24773948417420974,2,115,0.545476588943711,0.3395466037094593,2,155,0.15469820454048766,0.24650925513770844,2,200
24,0.6621434022398133,1.0034321584398784,2,126,0.04088503950546358,0.18431351847342542,2,200
25,0.014854791671535233,1.1080764651298523,2,20
26,0.6827737597774246,0.5665606638869723,2,111,0.01810346261885893,0.8348357539910537,2,124,0.5907397918092326,0.5026948013239436,2,178,0.017142592008302485,0.4636965201181524,2,195,0.6302000279401831,0.9759016513824463,2,200
27,0.0785689685562998,0.1961208339780569,2,200
28,0.6941157488822882,1.1923502484957378,2,6,0.025753632179150082,0.12056729986726009,2,200
29,0.701663929778029,0.8995116900313984,2,110,0.03512574394392945,0.16339079410665566,2,200
32,0.6100432520122109,1.047031757624253,2,115
33,0.34172705280167714,0.4374829928080241,2,3,0.012630336712878061,1.0344724024043364,2,20
34,0.6966298459268163,1.0943905171893893,2,21,0.023687602354031088,0.21242459915453496,2,200
