1,0.9806123571677129,0.4902361702351343,2,105,0.5097984519896128,0.5789568275213242,2,135,0.30197142251959275,0.7627213180065155,2,200
22,0.10179553027463631,0.2138637613505125,2,200
23,0.567703491486342,1.0403911751508712,2,200
24,0.4671383987073182,0.9502766132354736,2,13,0.02349248827242281,0.16494693713528769,2,55,0.23275871936765033,0.06302803776337094,2,148,0.038875793283800364,0.13405640022112772,2,200
25,0.8123153868600561,1.332362099127336,2,11,0.027070160772613382,0.17513271214233506,2,200
27,0.3142862390823621,1.0444248982451179,2,44,0.024425269880587987,0.14071633239300588,2,200
29,0.5603280408827017,1.003447813016397,2,27,1.1965031841077782,0.3507714410280359,2,56,0.030051355598600334,0.15964277911310396,2,200
32,0.7259718869495685,0.9942798962195715,2,60,1.322003372485612,0.5089733911597211,2,83,0.5614489841869958,1.313713417333715,2,100,0.6877642270867758,0.914000198841095,2,200
33,0.5454873348449523,0.9057154783719703,2,79
35,0.8795221008089105,0.7449513077735901,2,8,0.06829584454230565,0.19916195701807737,2,40,0.2104876259058396,0.12004504634533078,2,200
