2,0.8178020924169803,1.2692299385865529,2,12,0.06611283136604731,0.14646064872516595,2,200
11,0.46524662691951174,1.1345605780912,2,86,0.02322213964381902,0.14765727003676848,2,200
15,0.4118537304920639,0.8422829806804657,2,6,0.020017010044541997,0.12251003146094759,2,200
16,0.4987621577632491,0.7275214853286743,2,125,0.033666015589288785,0.23389993846416474,2,200
17,0.7491998235245898,0.9365595170429775,2,70,0.038525893330708466,0.15876324235122333,2,199
19,0.6210072336642138,1.0681455549440886,2,95
20,0.5561823766053173,0.9052292025089264,2,100
25,0.7275075225432669,0.9339055956992428,2,113,0.033049207436430555,0.14519581190128436,2,200
26,0.029282864214349467,0.09058465615713171,2,56,1.0424394311864789,0.9293093323707581,2,61,0.02164370208035515,0.18187345998535911,2,200
27,0.8960089051429316,1.0720502640071667,2,38,1.36870230433732,1.7312545473292722,2,97,8.480681255215929,1.8703094995938814,2,110,0.5656247847473318,1.4021833453859602,2,117,0.13672376652085244,0.5956526952130454,2,131,1.3283253556365464,0.8177299872040749,2,139,0.8055284001303666,1.3287071514129638,2,189,0.0663320139405483,0.5131534961136904,2,200
