0,0.6360681915840339,1.1173134937005884,2,51,0.09131878416522592,0.2444724162552981,2,200
7,0.5030445132754652,0.9249008352106268,2,11,0.01910885108990298,0.10599140907642703,2,200
9,0.624095853449795,1.00965017080307,2,19,0.09472605913893879,0.17390152031957115,2,200
10,0.6618101250930936,0.4112841326926575,2,61,0.2575108174237611,0.9666911880175273,2,76,1.2979779895857597,0.19554953233649333,2,136,0.23065634492276357,1.0889722609519958,2,161,1.0815207274940046,0.230876020022801,2,175,0.32282324056368505,0.8277037382125855,2,200
12,0.7084649527939959,1.0578569944311933,2,41,0.040861735748374615,0.11707610234108595,2,200
13,0.2375321150371353,0.4582973599433899,2,5,0.011771449743911793,1.0583746234575908,2,20
17,0.6483162639040358,0.9331287514079701,2,55,0.07505992201787273,0.12859147920690733,2,200
18,0.5774631523901967,1.1422903040330188,2,139
19,0.8218252989958413,0.8741157766598374,2,67,0.16041222020449394,0.6769785761833191,2,72,0.39069329090738736,0.2575722999172285,2,200
23,0.5393284789090285,0.9548176074469531,2,54,0.04860845483912369,0.13502425598363355,2,200
