0,0.04484218182023468,0.20678980864584445,2,200
27,0.7850471342023738,1.0000611278745863,2,27,0.02815967763690967,0.11399138852350973,2,200
29,0.5386639276741735,1.018314415588975,2,32,1.079126028222946,0.34949148864778756,2,105,0.6404312983304924,0.6732572913169861,2,200
30,0.26360574133939507,0.8381555250712803,2,14,0.02071700643341885,0.14708288710924886,2,200
31,0.20213960395975325,0.7503214416404566,2,24,0.13209073474227379,0.07096226634064191,2,95,0.04291153104724878,0.12406431498198674,2,182,0.21097847841495307,0.06528614109588994,2,200
32,0.7572502970827396,1.0101150492827098,2,30
33,0.5295536460503897,0.8362882286310196,2,12,0.05323844550672192,0.1637229536089205,2,105,0.832073410867496,0.7686808079481124,2,115,0.05159861257799503,0.2703595438424279,2,200
37,0.4352128746035817,1.0094846642535666,2,23,0.03491882192547784,0.16370415296089852,2,200
38,0.4530775341979146,0.8215623398621877,2,30,0.044102768293443846,0.23843922533772208,2,63,0.16867881404583598,0.18478495083803678,2,200
44,0.32653766509839105,1.2266961932182312,2,4,0.018805453113068367,0.0965049600190654,2,200
