0,0.00742959138772964,0.8944430947303772,2,20
11,0.45454544388435103,1.0700712739711715,2,168,0.13914926912650752,0.32731410255655646,2,200
14,0.805325386334053,1.2490561983802102,2,22,0.018301867317494735,0.16097075012878756,2,200
16,0.4941374342692461,0.9465253732421182,2,55
17,0.6858680833408437,0.8295701742172241,2,7,0.043434216426494476,0.29123248034401944,2,102,1.2032382344129113,0.4462922364473343,2,106,0.0345943925843362,0.6476374357938767,2,116,0.5323388327215316,0.4473818534841904,2,142,0.03990133864118317,0.21021935883267173,2,200
18,0.4102427895167196,0.8830292706306164,2,26
21,0.7635442189156654,1.1962898897088092,2,115,0.015138445042571875,0.2256080538910978,2,149,0.6974429307185512,1.1387978763807387,2,170,0.01945893041966002,0.09365186703701814,2,200
23,0.5074381160414896,0.9889380891851131,2,149,0.06841737733382385,0.24494201470823848,2,200
27,0.7391717303760234,0.8770448682354945,2,51,0.08206079505011717,0.2301374108799352,2,200
29,0.7948725605779395,1.3301500738530918,2,69,0.07968788956394882,0.09590678784342213,2,200
