0,0.4833438081249357,1.254758273401568,2,31,0.018985417987665374,0.05145234513487777,2,200
23,0.0220995564047705,0.12682054061442613,2,200
24,0.38734031271496594,0.9291018598219928,2,17,1.433026890094908,0.27509143190651103,2,46,0.28985818437692984,0.9590743876896896,2,200
30,0.7540436417048145,0.6555213325697443,2,46,1.0350379905024896,0.23329716932947758,2,200
31,0.8427925337475702,1.0915722600344955,2,29,0.043396854572790675,0.18415101120869318,2,200
32,0.44336293067182153,1.044819105503171,2,43
35,0.5475438517219197,0.7831957101821899,2,5,0.1340354298688437,0.07373669005809697,2,59,0.04428314280349381,0.13985193713947577,2,86,0.012785775466936492,0.7404389785868781,2,100,0.013428504146020185,0.19744989582720926,2,117,0.12358167075884798,0.04826819712096559,2,173,4.414724920761401,1.7695246636867523,2,177,0.1456655127722126,0.7786223226123385,2,186,7.054920594404552,1.7837946265935898,2,194,0.06400734155976381,1.0096494555473328,2,200
36,0.3208506734615505,1.0541510924379875,2,47,0.028948860436142268,0.1373895710346356,2,200
38,0.6791392617560937,0.2596006484495269,2,36,0.7746729798877201,0.7671269237995147,2,56,0.9109306401922285,0.18374414426378077,2,200
39,0.31998266205738496,1.2823281905480794,2,28,0.042843650688035397,0.14968550203064845,2,200
