2,0.4976424242979095,0.9458530866182767,2,26
21,0.6697375013924481,0.9403251851598422,2,120,0.8608726764726744,0.5307614323165681,2,174,0.5279874791805894,0.8834166320470663,2,200
22,0.7626480322515027,0.8739295314098227,2,174
23,0.5879619796469758,1.1496144518794784,2,83
24,0.6882026790837112,1.0332595396924902,2,162,0.9425712380934357,0.5942818851847398,2,200
27,0.7461726043366579,1.4498770528061444,2,86,1.2798740363409014,0.5870995741597441,2,129,6.76266581057528,1.6290515263875325,2,156,1.2658813137234872,0.2761167921125889,2,186,0.3241234900879221,1.0662356317043304,2,200
29,0.7036381649643222,0.8760736885666848,2,200
31,0.32197746051698134,0.3676086589694023,2,8,0.017646110949608204,0.9215406510565016,2,17,0.43861105352780094,1.007584844250232,2,145
32,0.9777124205893355,0.5085001655600287,2,110,1.3533507017903759,0.2245855064076536,2,178,0.8702011928675676,0.6655539477413351,2,200
33,0.9540248840196788,0.41588550557692844,2,6,1.318283161685497,1.4034686535596848,2,22,1.4920229280799409,0.1449815396219492,2,42,0.595219335329433,1.0440095337954434,2,141,0.015268154178959926,0.08893124721707556,2,200
