0,0.34724860959457515,0.7892441004514694,2,12,0.017155308032394498,0.0969367790967226,2,54,0.6245353846840361,0.9492200180275799,2,200
34,0.5184362489823495,1.3980692516673694,2,11,0.013171356504810721,0.9559188750055101,2,20
38,0.8173139239817356,0.8094030756216782,2,52,1.1124802313449904,0.34137556858752904,2,90,0.747468700291518,0.7919463547793302,2,200
39,1.244179516258133,0.27067689712230975,2,39,0.7399024812122496,0.7654263435340509,2,80
40,0.687992099830842,1.0391955066185732,2,52,0.8598630594468198,0.5973454684745975,2,93,0.7262522713229466,1.0003726169466973,2,133
45,0.5085276462560949,0.9123290395736694,2,200
46,0.593768377898084,1.096026860177517,2,200
49,0.6800270173343103,0.7979228963022647,2,92,0.05442376715136151,0.8999520695727804,2,115,1.3244527599195322,0.6411230862140656,2,119,0.020770924078916144,0.8003052256324075,2,130,0.8535637877192528,0.49201741452728,2,200
50,0.6244964986745863,0.9629296251090176,2,83,0.018518078827319023,0.1400683331577217,2,117,0.2444986972951956,0.6928072436289354,2,128,1.2087731604046803,0.35170084956501213,2,184,1.6321263766504497,1.3375315256416798,2,200
51,0.6583273187668405,0.8253710111793207,2,49
