0,0.8921654006866888,0.44005713363488513,2,87,0.13011908444207754,0.8106307983398438,2,97,0.017210167688821613,0.3652574235902113,2,114,1.429726966223282,0.1802577575047811,2,120,0.02308076948492443,0.937970407307148,2,128,0.7543549366474847,0.22725756626044,2,135,0.03397513751338658,0.35496313713098826,2,154,0.028562922007438336,1.1226917266845704,2,164,0.8817389406763998,0.4374205809500482,2,200
24,0.5814417915675347,1.1604410164496477,2,17,0.015881122299388487,0.07899266786196014,2,94,0.3595573798989403,0.9760770935278672,2,120,0.016932755798777434,0.1116218558512628,2,200
27,0.6277663998372237,1.3216270605723064,2,3,0.017179662615087583,0.2606335107017966,2,37
28,0.014753411646916487,0.10496349594531915,2,39,0.6953492364857865,1.027521295303648,2,127
29,0.6281460232880116,1.1069837676154242,2,117,1.2132949111010323,0.23751467989354547,2,184,0.02813288055522606,0.9678250220086839,2,193,3.811674204938119,1.059633927685874,2,200
30,0.6436671397909496,0.9406733948450822,2,130
33,1.0648029138564932,0.16350412674780404,2,56,0.015147253140262296,0.27470410284068847,2,92,0.31382197753665286,0.7690711960648046,2,191,0.016579269792456903,0.22682645503017637,2,200
34,0.6176488766359186,0.5994817804782948,2,47,1.0225168159882603,0.44240880012512207,2,50,1.5405484464583274,0.1958785498094174,2,174,5.27689929364287,0.15711252478992238,2,191,15.763137051210034,1.130015715956688,2,199
35,0.7550743678508536,0.9017247053765759,2,97,1.8064889770282115,1.664850994160301,2,116,0.5225415056594152,0.86818306292257,2,147,0.01576423823828459,0.20005839872867504,2,194,0.825981867674393,1.1626203954219818,2,200
37,0.3088356812303493,1.2758289988224323,2,26,0.016939649679504433,0.06088810811861087,2,144,0.3530606432082425,1.0361467046397073,2,200
