0,0.6858226988141879,0.9207674860954285,2,16,0.016420566738514927,0.1331433776994141,2,65,0.6820570495887713,0.8792279022080558,2,86,0.01870640916179703,0.40072662830352784,2,96,1.0542551938741553,0.28702229859702516,2,162,1.4836533258836517,1.5317331671714782,2,182,0.02707389595733764,1.0724292248487473,2,190,4.908655469519533,1.593246442079544,2,200
2,0.6651878792812328,0.9575437524101951,2,66
7,0.4196859505754338,1.2360029995441437,2,20
9,0.7896635665208649,1.0420045408606529,2,200
10,0.5642217108593767,0.9985693010687828,2,200
13,0.7988955553405468,1.2119503179375006,2,49,0.01971521550347244,0.15751088798046112,2,99,1.18735448062219,0.3131308635430677,2,127,0.7525785505481357,1.0870950907877046,2,200
14,0.5546211505807974,0.7251601326465607,2,50,1.3175931984204512,0.21716002323504152,2,108,0.6930453616019867,1.2361635198959937,2,121,7.993579170887784,1.8703263258111889,2,150,0.5951488233428898,1.0690558815002442,2,200
17,0.5665819911925002,0.851440267637372,2,32
18,0.5664356611561219,1.2292051699853712,2,155,0.017013006624367114,0.07802036372530792,2,200
19,0.6831858123163954,0.9223616351984968,2,99,0.018445354802803297,0.24590011260339192,2,113,0.346880249464674,0.3157329137836184,2,148,1.0473862756978713,0.5668281121895864,2,200
