1,0.7289698391045152,0.8210425725077638,2,101,1.1332457461671068,0.4105643862631263,2,142,0.01574415312718692,0.6029426927367846,2,154,0.7985161813593671,0.1974379160490475,2,192,1.2347573014768038,1.01179601252079,2,200
21,0.01643523141846871,1.1977555960416795,2,20
22,0.5784724651018264,1.0172809770419484,2,168
23,0.605779626754912,1.19931560754776,2,4,1.1768700856229612,0.19003440747442452,2,27,1.0455435673044595,1.0182577610015868,2,42,1.2478436105323847,1.6569806848253523,2,56,4.669975729049148,1.8861969193896733,3,93,0.7129263624455421,0.9255170927983578,2,200
32,0.4826982352332481,0.891839972883463,2,40,6.977911311116179,1.8646703589130456,2,111,1.830743031266234,0.28414322771131995,2,121,0.6786319539891578,0.911073228892158,2,138,11.784693601676285,1.9021916596785835,3,161,0.5031632852855683,1.1948134899139404,2,168,9.602483182140192,1.9680883884429932,3,176,0.5886244719243989,0.6954983553061118,2,189
33,0.7121421359240325,0.8073916508910362,2,178,0.01794960383446415,0.02371853522279046,2,200
35,0.6875428195729629,1.0009049107046688,2,102
39,0.560619427146741,1.0042538969484094,2,146,1.0027929388459838,1.4007322447640556,2,160,1.237257698947401,0.15461972881765926,2,194,1.0729694401321939,0.8373535970846812,2,200
40,0.61925078976142,0.8231010595146491,2,49,1.0704355523511597,0.13803535818213505,2,192,0.9069809801578729,0.8705798983573914,2,200
41,0.43899710936966724,0.9149906691908837,2,200
