20,0.6721306931471766,1.0331096366561692,2,116,1.4072912398800244,0.34574012600240256,2,158,0.5849945932134903,0.9510368690604255,2,200
21,0.8147942972118296,0.881800902741296,2,14,0.015026392575202874,0.09833718182903434,2,140
24,0.44958479721325395,0.9928426963090896,2,200
28,0.2549023437791265,0.48012949898838997,2,8,0.012210895543557625,1.0699656556049983,2,20
29,0.015750326413626115,0.08616488247507197,2,85,0.2878630612198187,1.2717585511259981,2,176,0.8818843807352136,0.6027341676609856,2,190,0.903880569695193,1.2645222544670105,2,200
30,0.7263764066859602,0.8398096953950277,2,123,2.551938722898348,1.6868638530854256,2,154,0.7026832748805574,0.8318612199762593,2,200
33,0.5686606229544174,0.8793477050463359,2,150,1.317125512125247,0.3834890350699425,2,170,0.867423009339908,1.31739648381869,2,200
38,0.6945840852718175,0.9525978102612851,2,67
44,0.6616891838360055,1.1866330114694743,2,52
45,1.77152730833798,0.14475861706940288,2,110,0.08347439259014411,0.768946361541748,2,115,1.3476644973628493,0.13151832049091658,2,151,0.0564289191965958,1.3202842076619465,2,160,0.9942705108097264,0.2905156768858433,2,200
