4,0.46738850034844875,1.4785157158261253,2,21,0.01953954791861174,0.32013130109561116,2,40,0.40816338925190393,1.0511902863228764,2,148,0.9320825152843465,0.5266979515552521,2,158,0.01813558944766694,0.3804145927230517,2,182,0.5484620696609784,1.0804363588492076,2,200
20,1.1156447842146644,0.5695494578944312,2,18,1.2602495363893491,1.3491500275475639,2,46,7.045290524044939,1.876892580484089,2,141,0.3859069789064329,1.2241654012162806,2,200
23,0.7179670128415488,1.0237944824942227,2,58,0.016085401788025176,0.14403505269915629,2,136,1.1010046140459377,0.155330767425207,2,162,0.018363451043975035,0.1389090218826344,2,200
26,0.567667650245286,1.3975974321365356,2,10,0.017344830918279843,0.12203280927370423,2,56,0.40069900029153743,1.0327300436702775,2,137
29,0.6534995546836178,0.7984846162796021,2,200
30,0.3970267923762806,0.5941315180268781,2,29,0.5237507648395033,1.1814975413409146,2,40,6.676279825204774,1.9078594192545464,3,87,0.7230192781175762,1.1725242076248958,2,145
38,0.5036059074523906,0.9804545801077316,2,134,0.24995612700336894,0.6318252881368002,2,140,0.018841693303792702,0.5092724495463901,2,149,0.7259473855892564,0.7821144070111069,2,200
46,0.7075251187121946,1.0220201767009238,2,115
47,0.7049905708124204,0.9116019780312351,2,199
48,0.6990686775545395,0.9822135445475578,2,200
