0,0.5835862553344047,0.9538308135592021,2,104
20,0.3590391473768604,1.1161983013153076,2,26,0.017116517492003953,0.10537494164036244,2,75,0.3467920875734205,1.1369430561065674,2,200
21,0.7721623138405771,0.7612046203017235,2,200
28,0.3887835735629447,1.2570688569545745,2,200
29,0.42708714136158715,1.008346666097641,2,200
30,0.5966989745992954,0.6976051032543182,2,4,0.015952940458875974,0.143628160469234,2,40,0.7875294117684327,1.2032069876080467,2,124
31,0.6783227567200515,1.0143822255807045,2,78,0.015359336905289563,0.19200843662926645,2,111,0.8898916271942561,0.8025591969490051,2,116
32,0.8045597039163195,1.1863523962204916,2,114,0.016114902669217585,0.7483929445346197,2,126,0.7611803100064888,1.096524473738997,2,199
33,0.7783817285439815,1.1502302091443137,2,178,1.4427977491103892,0.3928823896816799,2,185,0.6513426617670249,1.543621794382731,2,200
36,0.5178709619429294,0.8618414960373407,2,87,0.742465869771041,0.47988372047742206,2,105,0.0171101329766346,0.43690805251781756,2,118,1.7563553207823648,0.16349306011545486,2,187,0.7600908921453027,1.2616272201904883,2,200
