0,0.6050374001551154,1.0888968922875144,2,33,1.1694736454352197,0.27252695670661825,2,129,0.017901051695610987,0.10817331566460549,2,192,0.542744353172676,1.0042783692479134,2,200
21,1.1096971872159318,0.22843500679697504,2,176,0.3327045586689362,1.1333121011654537,2,200
24,1.1096971872159318,0.22843500679697504,2,176,0.3327045586689362,1.1333121011654537,2,200
25,0.7390751847616216,0.8551683070567938,2,104,1.421867893803025,0.2888787061803871,2,122,1.1299978408388875,1.2492415606975555,2,130,5.574402329909714,1.6434030309319496,2,146,0.8952462041401901,1.1753847343581063,2,160,0.9896958132112926,0.25422504618763925,2,200
33,0.5757943882541964,0.9726621112750686,2,131,0.9917620726097837,0.48827405746967073,2,194,2.161883494693348,1.1561816334724426,2,200
34,0.7289224301848167,0.6827238897482554,2,12,0.013265008468205434,1.1759363189339638,2,20
35,0.7639022388528529,0.9219623700930522,2,52,0.01755482681846691,0.15819607550899187,2,91,0.8469891286746163,0.9149069058785745,2,200
42,0.47894983909734534,1.0456328213214874,2,200
44,1.3717498199484233,0.24388588305562733,2,200
45,0.47938292630057466,0.893658985145128,2,199
