0,0.8040287522578331,1.0312661933449079,2,53,0.015505993367511562,0.2056051664280169,2,86,0.8058931800926531,1.4449683924516041,2,98,0.014956844268259493,0.25090363079851324,2,109,0.6920963417047133,0.9965045365194479,2,157
27,0.4880489674676069,0.9367837950587272,2,40,1.300279662371115,0.17376588412547764,2,113,0.2997040940807544,1.0254709601402283,2,123,1.0719061883088752,0.20855934181954802,2,164,0.21926318208424367,0.5058585777878761,2,199
31,0.7989393350569048,0.9422537225943345,2,13,0.014657553337185667,1.0130178758076258,2,20
32,0.6059712401954962,0.9674895196125425,2,145
33,0.8382363591081252,0.6488365232944489,2,10,1.0375020053223036,1.3223316570123036,2,22,0.9148855530705212,0.6169326038258832,2,104,1.1006848770893025,0.20020113544244517,2,199
34,0.44394081775561456,1.2560253292322159,2,8,0.022612443387569042,0.2883615907695558,2,26
35,0.8719929115233472,1.116500659422441,2,22,1.1471291166432196,0.5046080960226911,2,36,2.1079440620480647,1.7031262636184692,2,106,1.352070330913055,0.9576562974188063,2,115,0.7553756975728665,0.9909144710091984,2,200
36,0.5317329471628675,0.9514012059569359,2,200
37,0.49886757694604045,1.088948118686676,2,10,0.014358442633356892,1.2488465905189514,2,20
40,0.5430876516395353,0.8559655618667602,2,200
