0,0.9251465894869931,0.5039110733196139,2,32,0.54245395878599,1.2182215116918087,2,48,1.0906589059938998,0.35663728825257796,2,200
11,0.330653745817801,1.0414590693655468,2,126,4.5237065257595015,1.8208674311637878,2,136,0.8549260239838149,1.520846689619669,2,177,3.866651799429139,1.742416008659031,2,200
13,0.6291445384144694,0.9918504095077515,2,200
21,0.427793614509849,1.0092483540860617,2,41
26,0.022154215655495108,0.18514019327285963,2,39,0.9736938521287072,0.2824047078145668,2,199
28,0.6950186911133421,1.0153024058733413,2,134,0.01478264768361465,0.2132657075470144,2,167,0.7397347425867834,1.2031287424492114,2,200
29,0.6047611805762066,1.0842583179473877,2,122,0.015346650268567612,0.11922024314602216,2,200
39,0.6867786334453662,0.25474506101625805,2,34,0.01883965697925691,0.3077423323232394,2,86,1.0650839968199486,0.09997742330389363,2,100,0.014785120795368456,0.4547051515649347,2,117,1.0407774662276925,0.26169808954000473,2,123,0.01735852514916049,0.6763275311543391,2,136,0.961387391296955,0.26839784036080044,2,142,0.014780340545786377,0.7196301650255919,2,158,1.392773716638551,0.5124577581882477,2,161,0.014371638775970946,0.5302067982653776,2,173,1.1029933559718788,0.1567955816333944,2,195,0.026971931101445308,1.1883249878883362,2,200
41,0.4650519668499397,0.9460460085135239,2,26
42,0.5532680716367347,0.8991901074137006,2,70,0.01681168639660419,0.06192462484614225,2,134,0.49310543261301765,1.19654375946883,2,200
