9,0.590884408077022,1.0780500609700272,2,41
15,0.7288462840845262,0.8683039093017578,2,25
25,0.5396830595158272,0.885796215083148,2,37,0.014427355916913982,0.14828273272368966,2,119,0.7023567562068498,0.9279569777441613,2,200
27,0.6719146763757332,1.3099729319413502,2,12,1.2726593399268318,0.48269580331231865,2,68,0.5567369393225577,0.9796270516183642,2,113
28,0.3604400020813724,0.7588343449022578,2,87,0.8144981533706084,0.6291287740071615,2,90,1.1462418294893966,0.3560546063459836,2,142,0.3752517999193286,0.903898995498131,2,200
30,0.4843394248481539,1.2550277199063982,2,7,0.013441793199363094,1.2469304433235755,2,20
31,0.37963318067930535,0.8979722955995355,2,121,0.01580803111687192,0.13155161971344223,2,200
32,0.6547775275646376,0.843539792935825,2,103,1.6670024529246892,0.7235745742190175,2,185,1.0195349708451364,1.44858611424764,2,200
42,0.7059280485875563,0.7085236855621996,2,58,1.2037560890485437,0.4018391597626814,2,125,1.5911865563892351,1.0930760304133098,2,134,1.4098635646473938,0.25735441708203516,2,200
43,0.014798314483102848,0.10496626673266292,2,40,0.27033691100667956,0.3665392945210139,2,46,0.5513622380130481,0.6517217854658762,2,82,0.22764742987241837,1.2692143321037292,2,90,0.9184310950552993,0.5103893913328648,2,186,0.7459735196125645,1.0159142911434174,2,200
