0,0.6758996611073801,1.1746757338123937,2,31,0.01870934313889382,0.2571397206435601,2,55,0.6336697050562836,0.976397206865508,2,200
9,0.6419783573691551,0.9339870610068329,2,113
10,0.5988888436428632,0.6716541110733409,2,81
12,0.30369573380566256,0.7756745755672455,2,20,0.019600050545802782,0.06976209623071383,2,73,0.9548148084890383,0.9380302838981152,2,101,0.037121930943449025,0.6786016039550304,2,109,4.686811042051709,1.7402878591888828,2,128,0.029802319389780924,1.0761685967445374,2,132,1.3291410189186257,1.4440797924995423,2,142,0.9439194320156135,0.4451135262846947,2,162,5.56543733128261,1.7294315758504366,2,200
13,0.7354736921877422,0.9690672804911932,2,72
14,0.5079131091307555,0.8116360811086801,2,26,0.016540718886005768,0.05859585804730953,2,200
19,0.5825905178019589,0.7902338048080345,2,77
22,0.5506039012656065,0.8791402093077127,2,113,0.9265934391437717,0.7734884935266831,2,130,1.434369030919303,0.37643768946873024,2,194,0.39695748506294737,0.9991017679373423,2,200
28,0.28434284024785184,1.429657757282257,2,4,0.012662758757955972,1.025324810296297,2,20
30,0.7789404477804792,1.2654905319213867,2,38
