0,0.6543875162670804,0.9766319692134857,2,22,1.1977464868322552,0.2278276699810074,2,178,0.6819737014598769,0.5100434888154268,2,194,0.02124595646815267,0.6886895895004272,2,200
7,0.33020968050048716,0.9297453716397286,2,200
21,0.9994952305133634,0.23612354301514415,2,137,0.029614466505137015,0.7945539752642313,2,146,1.0030095340487313,0.519709226489067,2,151,0.5756215133924387,1.294444653722975,2,178
29,0.624266486902675,1.0112933218479156,2,112,1.2177829932010966,0.37400816274540766,2,126,0.8395523109592921,1.4984801452268253,2,170,1.0445709386520596,0.3174429287513097,2,188,0.44965208705077314,1.1648284494876862,2,200
33,0.7554628998137698,1.1076931085078243,2,197
34,0.303862704333881,0.779716345998976,2,9,0.01533046805022147,0.20397571474313736,2,85,0.49908350439929,0.8858272616679852,2,111
35,0.46854359118883904,1.0240603005886078,2,200
37,0.5004860534030369,0.844799816608429,2,20
38,0.8436588042379407,0.7272524267435074,2,200
39,0.6806604864145336,1.0158916136797738,2,85,0.016616817375593045,0.1287015294863118,2,130,0.6592905466800274,0.807955687386649,2,200
