0,0.7448417852905103,1.075920865243795,2,49
41,0.5974091494396622,0.7817711311001931,2,62,0.9110854686778419,0.5332646381396514,2,166,1.1895555355576615,1.1811884895843618,2,200
42,0.617202758628751,0.8192850633295711,2,167
45,0.25996437608809214,0.9685576558113098,2,4,0.01759861756241301,0.0755514007719124,2,89,0.5766518071456028,0.9918452211328455,2,200
46,0.23455473979020242,0.9158222145504422,2,9,0.0176238582143835,0.8737443387508392,2,23,0.23217896448144973,0.933009870279403,2,128,0.7614004055384499,0.6907542621095976,2,200
47,0.7144836738046617,0.7168282511545785,2,199
51,0.6959708569957326,0.8427958329292861,2,88,0.017012075639736616,0.16378232965675685,2,192,0.6223663105938516,0.9097117185592651,2,200
55,0.865231039900731,0.5642249057901666,2,47,0.7200385428489109,0.9089649947303714,2,113,1.456626826466229,0.3227024089831572,2,126,0.3888956118654367,1.083544949690501,2,135,5.268035813479968,1.675038732980427,2,154,0.7795219326425683,0.9074964672327042,2,194
56,0.5872899373274947,1.2866890385465801,2,53
57,0.8609791506718962,1.0575780613081796,2,28
