4,0.8975224905228721,0.4174845238461306,2,190,0.9918305435549374,1.010834676027298,2,200
5,0.5303798228235909,1.1245085591519322,2,108,0.017238086306665318,0.13896962328495957,2,149,0.7427798207568597,1.1525543939833547,2,200
7,0.6051300505421543,1.0212938992873482,2,69,0.015064219753115735,0.07232604662084398,2,200
12,0.6072506822398336,0.9758610162936466,2,142,0.01702678934737208,0.07128439683081775,2,200
13,0.81446818029903,0.9061429669607931,2,134,1.6016188224353682,0.24909779110125133,2,148,1.9581839037441615,1.3069248000780742,2,154,7.9130182102406526,1.649709754663965,2,200
19,0.5355740023039788,0.7279933283203527,2,57,0.01421562877498386,0.628654427253283,2,70,0.8003576623782203,1.2425850828488667,2,118,0.0180425705061809,0.23089234709739684,2,143,0.583750084583172,0.8860708673795065,2,200
20,0.4919626056363898,1.273487240076065,2,4,0.013359761378996119,1.0064905248582363,2,20
29,0.67777521705554,0.8316837750375271,2,200
32,0.7590574674001775,0.9943829409537777,2,62
34,0.5371551820722887,0.8255595536902547,2,64,0.9876888118800402,0.6251358755610206,2,86,1.1290737053771809,0.15275323800742627,2,106,1.6920061364457408,1.4984379569689432,2,136,1.2081278251338936,0.6495279079558802,2,187,4.728712723751523,1.4042148085740895,2,200
