15,0.3235878951959798,0.9186139909933645,2,141
16,0.38475183937304835,0.8615754947066308,2,200
19,0.6747166581325368,0.9537794861410346,2,112
20,0.46833712119906246,0.942083403468132,2,12,0.017275073891064592,0.8080060854554176,2,20,0.3644969956633812,1.015794325619936,2,36,0.015245391327415297,0.2058586277640783,2,62,0.5708668113464386,1.058583530826845,2,200
21,1.3697094711309201,0.2013737990097566,2,55,0.9114921627391668,0.49906981148217855,2,188,0.8068442671361156,1.2830558617909749,2,200
22,0.5961357889784551,1.237435359954834,2,75
23,0.4470844484487226,1.001971233458746,2,63,1.1023205155742986,0.49499582228335465,2,107,0.43645638175753315,0.9543391985277976,2,200
24,0.8095229277237888,0.8206721396446228,2,125
30,0.5357105404974072,1.0061360207097283,2,58
35,0.5142042801642774,1.071329983023854,2,154,0.015490925672063574,0.06007446291977945,2,200
