2,0.3093728317089736,1.5861242171376944,2,64
10,0.4195308058908043,1.568963036717226,2,48
18,5.794311057293303,0.5067869196104449,2,43
23,0.3073716824749087,1.7651044107400453,2,52,13.622088615699207,0.5837705397122616,2,200
25,0.766854674407663,1.7887423535188038,2,12,0.00021317782518900786,0.9825796037912369,2,20
41,0.760796510681774,1.8655554175376892,2,20
43,1.2491389881983472,1.2920645721374997,2,63
46,10.737137457327387,0.5571934993916411,2,123,1.567064739978183,1.0418571667237715,2,200
51,0.0763195275217938,1.0583619005404985,2,26,2.9349952829844885,1.4402574078654342,2,79
53,0.605393281161143,1.4079036730892804,2,98
