0,0.635033040394295,1.8472942057110013,2,21
17,0.5545911786393161,1.3583885051310063,2,60,0.0032403837944927193,0.25891956784155057,2,83,1.5367818300829728,1.7263159460491604,2,173
33,0.29191215189518005,1.2378965377807618,2,20
42,0.10840011763589709,1.139937195616464,2,48,61.84956540999749,0.24141788219466156,2,94,0.5573417890400079,1.00050217030864,2,132,140.82536001686398,0.3121966406702995,2,162,0.42080067785192937,1.7081950871567977,2,200
43,0.48512606553554943,1.726089522594542,2,127,0.00879433623631446,0.9015382871483312,2,160,1.597857384386694,0.9792532537664685,2,181,0.009709098604727273,1.316074068347613,2,193,760.9650069374451,1.5141184159687586,2,200
44,0.5971307985059574,1.761179876777361,2,53
52,0.01130756104351406,1.0760397017002106,2,26
53,0.0462446605603119,1.1503102779388428,2,20
54,1.3371111315341384,1.8265954554080963,2,24,0.02454646857141081,1.0462126572512918,2,96,2.424026024945439,1.5977905011567912,2,157
55,0.15988975346241316,1.4232492791978937,2,114
