0,0.1195220231775218,1.185072422027588,2,3,2.0844586672957277e-05,0.9892638150383445,2,20
14,0.20593549926496957,1.421483363956213,2,76,0.001419824573438208,0.5301942974328995,2,92,0.6318129938416341,1.7121061980724335,2,140,0.002988770184514626,0.32850176095962524,2,156,0.5514196501384906,1.6319265842437745,2,191
24,0.19506231628196502,1.496254575252533,2,30,37.876809766790146,0.8367991817574347,2,61,0.2807541237526691,1.8070740434858534,2,70
25,0.25566119927458664,1.5887514105090847,2,77
26,0.06744067504686857,1.2051650134996437,2,87,68.31164304491176,0.1091650650234682,2,193,0.005663732434895474,0.9725089584078107,2,200
33,0.7487120215325994,1.7923268296501853,2,22
41,6.88786156494736,0.45732973778949065,2,119,117.96092564336998,0.18825430280448477,2,200
44,0.9611988865223913,1.8424758042319347,2,59
49,1.1548450243070112,0.8208940587937832,2,16,604.6920024598426,1.9896162748336792,3,24,0.04439965176924236,1.094178040822347,2,33,204.8217846727353,1.7528139786286787,2,77,0.10272914623902088,1.3199941515922546,2,85,1441.979357848469,1.9426889953942135,3,114,0.5356287576145368,1.670683536529541,2,139
50,0.13592798947895343,1.6910781326578623,2,67
