1,0.06592118824678858,1.269009727674226,2,48
17,0.4944179083545114,1.697702319849105,2,147
40,0.41122676176643536,1.7286525897004388,2,88,346.18907953955056,1.716733741760254,2,98,0.6611840492432298,1.3401413273577596,2,200
41,0.5308482725709005,1.6696426651694558,2,11,5.753716933804199e-05,0.9570694632000394,2,20
44,0.2216294311075839,1.4977598485862835,2,200
45,1.2659704101010778,1.8903700212637584,3,12,0.00026149292014572274,1.357403926551342,2,20
46,1.1179755042770594,1.8210394496009463,2,21
49,0.49597980969053246,1.7413888573646545,2,24
51,0.2618909148186237,1.6097430884838104,2,4,7.677984754307552e-05,1.291444331407547,2,20
55,0.27200248461180077,1.5472363627072676,2,103
