2,0.5827490092464567,1.8515016977320011,2,97,0.005331171330506293,0.32943572103977203,2,123,30.213949571938677,0.600415742075121,2,160
27,0.044588909972370534,1.139823799049426,2,167
29,0.7581957938927496,1.5724880412603035,2,78
30,1.060561501562421,1.7682242274284363,2,105,0.0034844732526587265,0.2912695842202414,2,116,1.281959347784259,1.8600972278698071,2,153
31,0.04983028147438737,1.3816831359615573,2,77
32,0.06980103725136726,1.619658606833425,2,58
38,0.5707935010679687,1.8052638818820317,2,24
44,0.32420199898040997,1.7936744917644543,2,89
46,0.044372018844642265,1.037495380775495,2,33,1.6616697947563601,1.7626046484166926,2,55,165.8145014018901,1.7090611341926787,2,91,0.5001243686118474,1.7300994521980986,2,200
50,0.026951237953729036,0.8860162337395278,2,22,0.6867321317045211,1.7173139637278527,2,119,0.009828542502297604,1.0780839303444172,2,148,0.3350956536393643,1.7510077173893268,2,200
