3,0.16676965511359956,1.1431735157966614,2,10,53.30198734025783,0.2554448657802173,2,45,0.15124283939142305,1.7492611805597942,2,60,7.833197642495842,0.5936934034975748,2,123,198.46301745883335,0.28519513706366223,2,192,0.294015776739764,1.8277836441993713,2,200
10,7.935572736562695,0.19224405179128928,2,34,221.25156599509998,0.14609823705849506,2,152,0.06426239269501252,1.1302651152014733,2,172
18,0.1542895363970027,1.6885172815426537,2,92
27,0.4646895963182745,1.4690442940220236,2,80
32,1.3988741859105844e-05,0.8956495732069015,2,20
43,0.40472464341305714,1.479488272924681,2,37
44,0.43469763872287825,1.8497111688960681,2,11,0.0002027575370648991,1.4724204540252686,2,20
51,0.3814225364411577,1.730439747296847,2,65,61.21983103912731,0.5906405027253904,2,134
56,0.698160551149215,1.2326383541027706,2,21,265.202673686304,0.23285719379782677,2,94,0.6202176478740998,1.7450668445000281,2,107,0.0017693423295215152,0.4844327305371945,2,120,0.6420178782593067,1.7311281408582415,2,155,22.31483432604413,0.6834550963507758,2,200
66,1.001867805552912,1.5696982133506547,2,101
