8,0.14460728789313457,1.4641727913348448,2,84,17.909510519078122,0.4119460018801278,2,200
21,0.13606534710823234,1.7173020528243468,2,111,0.9506864995186349,1.9003516643234852,3,200
23,0.2871966864957888,1.6488840661942958,2,200
31,0.32645304386011365,1.557259801361296,2,72,0.0015590866120631566,0.7263145319053105,2,86,0.37886468748195123,1.472911867525494,2,200
42,0.591026296653898,1.441756394776431,2,44
46,0.35705772229876304,1.4796084542023509,2,57,79.72880597422854,0.17665548716303742,2,181,0.5618936890652275,1.8093308084889461,2,200
48,1.1064546131805868,1.3629852528882842,2,117,0.0014090318891132197,0.323032420873642,2,142,1.079606888500546,1.7247364604195883,2,185
54,0.019388497281672492,1.0289648705407193,2,95,0.26775703797145933,1.5704834203828464,2,161
56,0.4600925544633131,1.506341020266215,2,30
61,0.03673245780433403,1.0844487597544987,2,51,1.0047653973111965,1.5966669642008269,2,77
