2,0.5820250761534065,1.6909206447930172,2,29
7,0.3614809999596176,1.5928472677866619,2,60
18,0.14845630569628576,1.7146055459976197,2,5,4.956759010916104e-05,0.9495607852935791,2,20
19,0.9487279463938846,1.6126108098971217,2,57
32,0.17719926232162717,1.388437569141388,2,4,7.955458938440511e-05,1.1576229110360146,2,20
36,0.06014175236024832,1.5703918066891758,2,22
42,0.35170493890327287,1.6827580198435717,2,71
45,0.4283505427155613,1.8558100947627314,2,27
46,0.5094254054715058,1.6640718193615185,2,34,6.238788776228864,0.5830446103134671,2,71,333.0994004879097,0.12351423360153356,2,159,0.6961310228692633,1.627085848858482,2,178
48,0.307055813966528,1.8537656731075711,2,63
