0,0.41808583604434957,1.5674488761208274,2,11,0.0027647452415364743,0.5895214885473251,2,26,1.8360382170914242,1.7752817415055775,2,47
9,0.36215787884330364,1.8039446532726289,2,20
14,0.5386859254845642,1.6175041280686855,2,200
22,0.8322620237932724,1.786007171869278,2,20
23,0.17893102522935667,1.576753130206814,2,154
28,0.484359709731806,1.4766537160642685,2,155
29,0.7541638600955817,1.5069023514432567,2,56,330.7509466876294,0.10027630701462956,2,150,8.570787963430911,0.38122840324416757,2,200
39,0.791449708021805,1.6313275736431743,2,43
41,0.4564677277009407,1.5917761909718415,2,49,0.018015692423988042,0.7054306489449961,2,103,0.3376113754847958,1.3644263914653234,2,145
43,0.43562897146127183,1.7886036694049836,2,20
