1,0.5768752444327753,1.7235206177360134,2,95
7,0.6204240670103817,1.6897876134940557,2,28,0.012546588754202346,0.819732431056244,2,84
31,0.1116754085208469,1.4408386479253354,2,92,332.8260941309363,1.2192109796930761,2,126,1.3735943501612662,1.4707783134210677,2,147
40,0.9465145525194668,1.7126418217173163,2,53,0.003253751571183033,0.44833491295576094,2,73,1.0024876558549176,1.7274923893538388,2,117,0.00304135556395637,0.38736378433911695,2,140
52,0.3727253176813231,1.4063157260417938,2,20
54,0.3489030885830481,1.4583152498839036,2,53
55,0.05710906689512254,1.06679878279727,2,93,1.349457311500814,1.4914640081332666,2,200
56,0.000215849197334658,0.8488921850919724,2,20
57,0.43672237021812227,1.721604087910095,2,77
63,0.3912269772065982,1.656947670253456,2,141
