5,0.5052380876223486,1.861458633519426,2,79,241.3733526304086,0.2634411778833185,2,93
13,0.6753308436492704,1.671992969863555,2,68
15,22.255182470725195,0.557887665886018,2,180,0.7292308428181828,1.718933540582657,2,200
30,0.8865484328746323,1.8489720706756299,2,52,0.007453288116665852,0.5847190292108626,2,73
31,0.9413762755669749,1.655189041296641,2,45
33,0.20614289342690514,1.3266646921196406,2,136
34,2.098229083944367,1.547087828318278,2,3,8.11167193300057e-05,0.9690116784151863,2,20
35,0.28048509625178214,1.5276527923922385,2,31
38,0.7585143451251929,1.6307841291030247,2,72,94.89220953478649,0.19010392436030088,2,200
41,1.0834367453066163,1.8602026998996735,2,28
