8,0.10428644660467284,1.4240479902787642,2,11,6.552964572599748,0.34301701159865566,2,77,391.26288583324254,0.11704211610862437,2,179,0.020264427713667394,1.1570833722750347,2,185,161.64317019797207,0.6655405392249425,2,200
13,0.4922213844031398,1.6041379107162357,2,200
30,0.11582230548324775,1.3134684884870373,2,37,31.037626802212664,0.47941365941711095,2,152,0.030907392632043257,0.4233602351612515,2,161,58.63584462579524,0.37789646261616755,2,180
34,0.6637328785800669,1.7062836464713602,2,85,0.020073421443009373,0.6813461899757385,2,110,3.466974070888533,0.5733098170691819,2,143,447.9641857217278,1.8796500388313742,2,177,1.470500135034308,1.507462537806967,2,200
37,0.019609278389095923,1.1064572234948475,2,36,0.20031781848900965,1.655460576822118,2,200
45,0.159943690665971,1.2485192104109697,2,28
47,0.14755852629590857,1.8234496664726871,2,87,479.72111533467137,1.6057990412083791,2,184,1.2099331588538926,1.7823876589536667,2,200
52,0.0992153227937434,1.244267921977573,2,90,2.463854646976591,1.6788574635982514,2,130
55,0.6451129221500227,1.6604118730340685,2,56
57,0.4251264635445724,1.6466915592735196,2,81
