1,1.19088287639826,0.9450831830501556,2,20
2,1.8812125508025577,0.6867559698678679,2,118,17.323818172355658,0.29912556266343154,2,199
3,0.35313615602248494,1.042722599450932,2,86,2.897697720583556,1.7384349554777145,2,94,12.445583137731044,0.06690105838033389,2,200
4,25.28547420193901,0.061234008690172974,2,88,1.3657584036701038,0.28024705350399015,2,93,0.9168744143306734,0.8547612723903121,2,200
5,0.568414454190197,1.2242014147341251,2,48,14.293473756041335,0.05659012375651179,2,85
6,1.339266606758961,1.0556151469548543,2,21
7,1.3800114762953988,0.8957548445584823,2,49,0.040183726521901664,0.32366287540521055,2,200
8,0.6824780729291317,0.7280838075493063,2,140
9,0.2661696907492172,1.235365758339564,2,12,8.117720795606132e-05,1.2828690707683563,2,20
10,0.7529917213338713,0.30413466691970825,2,26,34.839408237335775,0.06426124720052741,2,200
11,0.32515131229140837,0.9951547017464271,2,13,0.0001747994190204146,1.0657333305903844,2,20
12,25.602772757996405,0.1501052799133154,2,65,1.1985849944755633,1.133960429075602,2,139
13,0.3814978024699726,1.196938243779269,2,11,8.549563581274415e-05,1.1582533121109009,2,20
14,2.081305590104327,1.0264592187505373,2,71
15,0.856916539504864,0.7825049482859098,2,52
16,1.5956239260649396,0.7590603282054266,2,12,0.0003090858474054856,1.1740773618221283,2,20
17,0.48043254584195944,0.5190376527607441,2,8,9.479618184674192e-05,1.063003808259964,2,20
18,2.8257433614291383,0.9055677276213192,2,103
19,1.1355978693557458,0.7749073134528266,2,180
20,1.0926213855743037,0.6910436099225824,2,11,0.00012549672388986497,1.256527066230774,2,20
21,0.33138775787652197,0.6830139000500951,2,84
22,2.333791613891225,0.8706558575996985,2,13,0.02041282975903081,0.20353630815561002,2,39,2.5436743082265645,0.27555169564547,2,136,0.04040757300909556,0.2059150377045507,2,159,4.007707610354036,0.4294217148932015,2,200
23,9.21725300806207,0.29518529097239177,2,75
24,4.877360445233901,0.10109650853433107,2,19,0.04512362033224512,0.23961501100233623,2,89,74.39836178702122,0.09397475931558523,2,200
25,1.6023974301772779,0.668680836959761,2,49
26,1.4438954216791442,0.9278210984899643,2,47
27,1.1290008554911368,0.9499738428327772,2,45
28,1.1386372485048792,0.8145674276351929,2,25
29,0.20270068436092295,0.6938782003190782,2,9,0.00010869780326689487,1.0623462742025203,2,20
30,0.05310992749574777,1.4234973192214966,2,6,5.1263798721036386e-05,1.078067694391523,2,20
31,1.1699251176975691,1.0004355967044831,2,40
32,0.1692085248862416,0.7131382375955582,2,4,3.8399017559146915e-05,0.9755411185324192,2,20
33,0.7975898778844702,0.8534256935119628,2,20
34,0.7433574877280028,1.1342624993551345,2,21
35,0.23870265922384618,0.5530772932938167,2,7,3.736305075302326e-05,1.0494431027999291,2,20
36,2.7382738516586853,0.24188516853433667,2,33,0.031248282469424113,0.7752160888451797,2,59,32.345754410804055,0.2630262571446439,2,200
37,0.8469898001818014,1.2706863804066435,2,47,43.344075580033135,0.050380585715174675,2,167,0.3010878687153416,0.2579077790890421,2,181,56.37348681060652,0.021853483036944742,2,200
38,6.6243675738375885,0.5051804305645671,2,137
39,1.8124201708994883,0.3901144641417044,2,27,32.33393366445884,0.28818924310086647,2,106,2.1371163804886475,0.7305469633488173,2,195
40,0.9286883124752663,1.0174167948109762,2,140
41,1.9634058833869295,1.0587253225967288,2,64
42,7.308756934225405,0.4103694314034141,2,199
43,0.14377747186406634,0.3100045592739032,2,26,5.893583403007382,0.5053445179851688,2,173
44,3.1925625739635506,0.2841966025531292,2,100,0.3135187663271514,0.2446933510126891,2,154,32.214116723173,0.08184955431067426,2,200
45,0.2110334406303491,0.3370461700593724,2,68,11.431038867082373,0.5542330424936991,2,131,137.11789091289944,0.04663530726363693,2,200
46,1.5703206602531967,0.7996063090082425,2,67
47,1.180554844364074,0.8907092639378139,2,28
48,43.32292052056245,0.2514869548656322,2,162,0.007198838190158687,0.6703572708826798,2,188,14.988215980537271,0.23144488160808882,2,200
49,0.0001325203770840112,1.095759207010269,2,20
50,1.920332656398889,0.3022623813400666,2,48,50.02326252601997,0.08831858921509522,2,100,0.005679186077288824,0.2643083155155182,2,105,31.516262134504228,0.03934821266877024,2,200
51,2.321296844428254,0.6576489647229512,2,15,0.0006237551822542533,1.2148970365524292,2,20
52,1.779090041391825,0.8985389141509166,2,52,16.11678885525222,0.12772388339042665,2,152,0.009250403758283067,1.2024798733847482,2,159,166.39266256747896,0.06634345723361504,2,200
53,0.6448468302554072,0.9459990684688091,2,200
54,9.26059433581122,0.25063010804431957,2,97,0.22967309714969367,0.22028513308965936,2,150,44.62062068038054,0.05364741414785385,2,200
55,1.5363562424684518,0.9106042057275772,2,40
56,6.461953148808091,0.26540909490237635,2,144,70.26643964185423,0.07100857767675604,2,200
57,1.7522655390047783,0.9370442652702331,2,50
58,2.3295214695340065,0.7488304084202029,2,53
59,3.039357245664409,0.5055044591426849,2,43
60,0.1333539047842795,1.1442780911922454,2,20
61,1.6520403926070717,0.9533671458562215,2,15,0.0008726660653961022,1.1178634881973266,2,20
62,1.4557439524302909,0.8263866752386093,2,56
63,1.2079806094993282,0.5942372553050518,2,40,49.42357636854739,0.16470037149377617,2,123,1.0841277146746944,1.0127731269719649,2,172
64,1.6765099627654367,1.1215396693774633,2,14,0.0011112274749302197,0.9997784594694773,2,20
65,4.626555633412865,0.7312619263927141,2,42
66,1.3807817119490602,0.3966480573018392,2,30
67,0.04048077448569381,1.3872317671775818,2,4,2.1353106587420324e-05,1.1315078772604465,2,20
68,0.12403945837044981,1.0905922253926594,2,6,3.2978454724334143e-05,1.1555026727063316,2,20
69,9.91612793865554,0.2883328160931987,2,93,0.002367353262021946,0.15379343707771861,2,127,0.7596111100277598,1.0340735832850139,2,157
70,4.478085270605052,0.434799383059144,2,200
71,1.3422130638322411,1.0489191779723535,2,26
72,1.330878187902803,0.4570324775718507,2,21,27.4287480742848,0.13691920945878888,2,143
73,1.8887894283836473,0.8860348480939865,2,200
74,1.3347984597821692,1.1904557827980287,2,62
75,0.7260134482547074,0.8504590369187869,2,26
76,2.5805686280257336,0.16140384735569122,2,63,22.264564133894552,0.29996425555135214,2,200
77,1.5201485609190606,0.7639162054946346,2,93,15.111846299409525,0.04326268341743721,2,199
78,0.7500411805660916,0.793282899260521,2,40
79,0.7970294168684983,0.8918542106946309,2,15,0.0003847433123679854,1.326912021636963,2,20
80,0.05248885855746798,1.5424596071243286,2,4,2.3420736572871655e-05,1.1250976398587227,2,20
81,1.0491481015962225,0.9838125456211179,2,86
82,1.176003468248574,1.2728603899478912,2,60
83,0.18824850191322007,1.059875750541687,2,20
84,2.078173622315977,0.5418852877616882,2,25,0.009769468123397356,0.0915882295370102,2,200
85,0.3643530207998987,1.0520558953285217,2,6,6.770345583598419e-05,1.0177520087787084,2,20
86,1.6570679207140475,0.8173610097672566,2,83
87,4.268076596635539,0.26427538364249115,2,68,46.54436369185602,0.03175266290252859,2,200
88,0.022693187465244628,0.23489642078461853,2,46,34.585508815693686,0.2049756944179535,2,200
89,1.0089886969332515,0.9494744026870058,2,114
90,0.5569333177331552,0.6467268210423144,2,79,4.361993127656006,0.4296555242190758,2,199
91,0.22395107439988649,0.4154672949087052,2,21,6.601732238433587,0.31766920896728384,2,199
92,0.7666829328874402,1.030208789385282,2,13,0.00038212866858988406,1.140366894858224,2,20
93,0.9776295441608568,1.0634770555929705,2,44
94,0.08126331895633519,0.9324140250682831,2,8,3.032612547835257e-05,1.0275879700978596,2,20
95,0.5339610677653353,0.6577697432184794,2,83
96,1.274556282272766,0.7456729778277329,2,153,0.04056693489494684,0.27318901996663275,2,200
97,2.4058583802859803,0.1494785549166875,2,78,45.879578407595204,0.05357006937265396,2,200
98,14.750631241668138,0.7986689507961273,2,4,0.00015860457078374,1.1204662397503853,2,20
99,6.713687759857838,0.5747939101937745,2,72,58.6966322708469,0.09019650965929031,2,152,0.111249648613957,0.22939507259676853,2,200
100,0.6756085672447745,0.9104652191911425,2,28
101,0.20464523373930646,0.914579451084137,2,8,5.1559333447016e-05,1.2100448111693065,2,20
102,1.4958202252317951,0.7046076614915588,2,81,20.631768008409107,0.27288822767113435,2,200
103,10.916825052849743,0.6332419820733972,2,37,0.09546731610531534,0.16006791494462802,2,83,11.195143804573338,0.1350685824186374,2,200
104,7.862841678412234,0.5333706211875862,2,71,0.0351855316913441,0.08893210572354934,2,105,26.93579045304937,0.28607514881810475,2,148,0.0643036592812043,0.27574585320857853,2,174
105,0.6699014790650867,1.0739346345265706,2,9,0.00010865918011762984,1.1587625741958618,2,20
106,0.32711878579766523,0.9575777224131993,2,7,5.844039989759567e-05,1.1455564865699182,2,20
107,0.5761953547202523,0.8983219045968283,2,84,12.255509012260239,0.5072663247585296,2,89,74.48085804549326,0.04557432395380896,2,200
108,2.0225970522549064,0.9773727756435588,2,59,0.04931296828746227,0.3677607372141721,2,173
109,4.230391373619725,0.38288386911153793,2,40
110,11.885281438495428,0.1246851721405983,2,200
111,0.28678530715826406,0.7398976862430573,2,10,8.598702272111813e-05,1.2238405466079711,2,20
112,1.5204923984195573,0.5944529369473457,2,200
113,0.371992749264634,0.6980571657419204,2,80
114,1.1471812612550967,0.9883566116386989,2,53
115,0.8286322293661816,1.1720472037792207,2,20
116,0.585040812167461,1.0751178922324345,2,29,46.784850642519196,0.21758126866604602,2,85,0.7314494222771081,0.9581007156320798,2,178
117,1.9824411906093218,0.33638537415627684,2,89,63.85618687051435,0.36897096897030734,2,200
118,1.9106367397847632,0.8301311342612557,2,69
119,0.18428088946679705,1.024642546971639,2,6,4.2479663302557355e-05,0.9503830671310425,2,20
120,0.39850497901245396,1.1230416595935822,2,12,0.0003137983359294113,1.1519789546728134,2,20
121,0.5434040289304706,0.5603707947514274,2,11,95.3402229635563,0.13217463561151394,2,200
122,1.589819249872581,0.909609950014523,2,112
123,2.645087105248822,0.5331055242906917,2,55,0.0478891279600947,0.18346091806888581,2,90,33.73536363765775,0.1293462774622331,2,199
124,0.785875215148765,1.2795890678058972,2,11,0.00027044437373241107,0.9902058045069376,2,20
125,0.9026231555257737,1.0695203594539477,2,23
126,0.06485876936269952,1.161538581053416,2,6,3.166605551424283e-05,1.0395557199205672,2,20
127,0.10904309478640138,0.9162229418754577,2,5,3.0477554409333122e-05,1.0346171299616496,2,20
128,1.2302208263734165,0.7570155761458657,2,55
129,0.7462402012642093,0.8807159247605697,2,23
130,1.0653741805174104,0.9135266147868734,2,71
