1,1.555153918440324,0.7655959974473981,2,134
2,0.5179860911174409,1.2093867195977106,2,9,0.00011311367410106507,1.2079071998596191,2,20
3,0.3997187452011431,0.7379367120804325,2,31,10.488846889555433,0.47537270609451376,2,123
4,2.170569651591457,0.6482353028777528,2,73
5,1.4292275380730635,1.1789765908167913,2,52
6,0.32229303190371883,0.5982102751731873,2,5,2.7824587203994843e-05,1.178584059079488,2,20
7,3.176305151885769,0.6617562876720178,2,76,95.2273694507452,0.6526762780088645,2,102,0.01588112585459937,0.46802373677492143,2,142,5.264052622471771,0.3989033902946271,2,161,0.1481199781280026,0.38948642366971725,2,200
8,0.796727340868026,0.920492639541626,2,25
9,0.867522025523709,1.0831461747487385,2,15,0.02486436262012327,0.3578775989823043,2,175,5.80469160766811,0.1384578204154968,2,200
10,3.1563957581967654e-06,0.7172331541776658,2,20
11,3.389342000566304,0.4724438171437446,2,47
12,35.48742897672966,0.20052176276626793,2,92,0.10674431130226043,0.4893279712308537,2,114
13,0.19651776847781954,0.8365005761384964,2,20
14,1.4468899115424503,1.2269108658251555,2,46
15,5.12805885223494,0.3934166913115701,2,43
16,0.6787206322932562,0.920706556737423,2,200
17,1.2912996442879723,0.6707237029075622,2,50
18,1.8409076610630781,0.7720176360823892,2,44
19,1.6681587385563186,0.740766438972819,2,91
20,3.7869696851898365,0.28872711187408817,2,31
21,0.6337157816208916,1.4286496272453895,2,13,0.0009010154348594511,0.8936950053487506,2,20
22,20.291329569779823,0.07803370929166173,2,89,0.07618192257189127,0.24426352445568358,2,103,8.298578724657807,0.4599454315360059,2,200
23,1.6233910166896988,0.80872266457693,2,74,116.8999210011004,0.20535103645589617,2,92,1.3119340245973496,0.981557573113486,2,199
24,3.578610058875043,0.35048975586891173,2,200
25,0.05234274728770215,1.558348387479782,2,4,3.9520144296346276e-05,1.195546954870224,2,20
26,1.2835948751615716,0.9164732757367586,2,57
27,0.4765699027593237,0.7045504179867831,2,11,0.0001593296497350451,1.1155946122275457,2,20
28,9.089867636397312,0.28294357593110997,2,139,84.96887567216775,1.4617268159741261,2,200
29,0.41417485498698164,0.7639664503244253,2,26
30,1.1117204404517036,0.6667092334140431,2,33
31,1.3139066742662788,1.0361120818659317,2,86
32,1.7467340725997795,0.8723254066247207,2,39
33,0.21700131047253604,0.36254819441172814,2,36,19.425807666190945,0.15479102517877305,2,57,89.37873310806148,1.816434579236167,2,99,32.93552366462273,0.5476134313215123,2,200
34,0.4453031701690534,0.6981499388642695,2,87,51.505758354696205,0.12154206857744572,2,200
35,1.0132327436127437,0.9051971049869761,2,51
36,0.4955511528805632,1.4171652368136816,2,14,0.000236722730344838,1.1364259322484334,2,20
37,0.0488742866949971,1.1515155881643295,2,8,2.745349994275027e-05,1.1038714945316315,2,20
38,1.3142074864838647,1.2262680053710937,2,25
39,0.9745536240172127,0.9469276478416041,2,57
40,0.9279241781188008,0.6881083271993224,2,129
41,0.646363355462072,0.7033498512303575,2,94
42,2.3870218217755417,0.7270794357124127,2,190,0.024835883427883367,0.5565293520689011,2,200
43,0.228154587218872,1.370434507727623,2,8,6.153888766774865e-05,1.3212944865226746,2,20
44,0.6478172528818383,1.0762948576284914,2,49
45,0.9483558342568144,1.0610189403806414,2,105
46,0.8852521865590043,0.8209935568627857,2,42
47,0.8827413599993216,1.154006052017212,2,20
48,2.0183674501390216,0.7909065578822736,2,108,22.591769339998347,0.23758875259331294,2,199
49,2.3438570347824195,0.6561049222946167,2,11,0.0005716791747569453,1.1160561773512099,2,20
50,1.1314806770237196,0.7997061730180897,2,159
51,0.6794113135315294,0.7461841560545421,2,21
52,5.588160503863485,0.11505008754083666,2,59,0.02487400261876338,0.13243785666094887,2,122,8.23631019163098,0.055145798371983815,2,199
53,0.11725144281693724,0.16156640685186152,2,82
54,0.8977429401419587,0.7614227800797193,2,78
55,1.6188376515494605,0.7948762229830026,2,200
56,0.3381061584848599,1.0732760429382324,2,7,6.062371522895886e-05,1.11326409303225,2,20
57,1.9496713531080245,0.8457140028476715,2,30
58,1.2450152836761446,1.1801729462363504,2,55
59,0.5657781631988362,0.772154612974687,2,22
60,0.5473353854862326,1.058295339345932,2,12,0.00030349239498052516,1.058538794517517,2,20
61,1.1715754084624082,0.8869750797748566,2,6,6.719932931714698e-05,1.079281095947538,2,20
62,0.4499582354977574,0.9599351261703062,2,71,3.985905454773307,0.6215992004753234,2,182
63,1.746985797473398,0.6372647501157792,2,181,51.245819290728576,1.7773809746692055,2,200
64,1.3282545514886723,0.8992256088690325,2,44
65,0.39040957139635385,0.540303839310523,2,62,30.550395738703497,0.2098219610642696,2,200
66,1.0173680073195281,0.747464432909682,2,37
67,1.247626609084037,0.9748494625091553,2,73
68,0.26684767626606753,0.7570457692239799,2,51
69,1.6260534342562563,0.7274034535512328,2,160,0.014003859298115465,0.2299781933426857,2,200
70,0.8511313380824491,1.5063408649328984,2,33
71,2.1826684250352173,0.9344380389560353,2,66
72,1.5934077060690441,0.9685989022254944,2,15,0.0010938636102414867,1.0000497579574585,2,20
73,0.5742419476608316,1.078301184452497,2,52,17.188480436418747,0.9616824420789878,2,112
74,0.8920292752144179,1.3104601617042835,2,52,20.732444020350886,0.06333876249414903,2,160,0.44727000642292447,0.24692768529057502,2,200
75,0.31147661317322295,1.0528123527765274,2,8,0.0001270261806862854,1.1199142734209697,2,20
76,0.1953989689491672,0.7715936964604913,2,41,2.7694616226502276,0.5522033724312981,2,137
77,0.17012198685232446,1.0508043766021729,2,20
78,0.9512862956281655,0.9122855224107441,2,38
79,0.0982293239619534,0.5740842889336979,2,34,18.578746210759487,0.40223784466464835,2,200
80,0.25595704106108147,1.2236078083515167,2,8,5.4859561116705954e-05,1.306819220383962,2,20
81,0.5326490080723545,0.8413162430127462,2,12,0.00031791870994593986,1.1776938140392303,2,20
82,0.29018070243792593,0.9909255601465702,2,20
83,1.5521475020386901,0.9554436402885538,2,76,10.955396084526816,0.5873144961172535,2,200
84,25.16149921021548,0.16898675687611103,2,200
85,1.2147387973500705,0.9058452797314477,2,126
86,5.8475108022769895,0.4497120224538891,2,87
87,1.1430917683462412,0.7798418308559217,2,38
88,3.5391995208898175,0.6392513126134872,2,35,0.03746437419773111,0.3223580097665592,2,84,1.4814222935346935,0.3522435348284872,2,122,32.48716913628841,0.10821054570185833,2,200
89,0.8511712442246628,1.2166814187477375,2,29
90,0.5908379117670609,1.0650246309679607,2,43,9.53549789849269,0.4978431092233074,2,92,191.19814744971998,1.648806537742968,2,200
91,0.10711441702158046,0.9319099954196385,2,7,2.6250695585203736e-05,1.0936305706317608,2,20
92,0.5905775508355051,1.0397778749465942,2,20,102.4045961835567,1.7819154030746884,2,200
93,0.3148802015975097,0.6162525016595336,2,68
94,0.37801289324660503,1.1403100192546844,2,8,0.00013765798110537003,1.1046252151330311,2,20
95,0.20656090392968332,0.7924236830856118,2,56,3.3331926607805156,0.20527562758196954,2,125
96,0.6017977705765784,1.0522486925125123,2,20
97,0.630970825011167,0.879698255482842,2,34
98,2.08235586175002,1.1331211090087892,2,5,7.364909409438376e-05,1.0410431464513143,2,20
99,5.4980201652502805,0.33549916247526806,2,51,144.15324761567553,1.8538454707036882,2,200
100,3.7668154464936183,1.4142058202198573,2,35,0.3265458850322781,0.25759843104290514,2,88,5.236876101290995,0.20356772504411302,2,199
101,1.802352821241508,0.975935581784982,2,156,0.047327887630893,0.1993786578261575,2,199
102,1.7823024302685926,0.6235163504577647,2,198
103,0.9197104696177895,0.8598698273301124,2,20
104,0.6622822191636664,0.7256274623376829,2,111,28.521674992942557,0.13946937627336953,2,200
105,1.6835896296690207,0.8322805691573579,2,59
106,0.11830955651724748,1.188916802406311,2,20
107,4.511233693795132,1.2249863835481496,2,26,0.013234993612390413,0.2583688366062501,2,60,13.68173919408556,0.12761217629422947,2,109,277.34908580250897,1.741653601328532,2,154,278.4259917200131,0.2624896032654721,2,200
108,5.866305441241386,0.21207546830177307,2,75,16.376437446047014,1.7528607934713363,2,115,260.24069300893774,1.5533119103182917,2,161,1.8286829415585233,0.635657644806764,2,200
109,5.207732689716887,0.5655248186417988,2,21,117.983112230925,0.5905484997977813,2,165,3.081718588764702,0.1407385289669037,2,200
110,0.2697514284664211,0.8363751411437989,2,10,6.291873239637278e-05,1.2442174196243285,2,20
111,1.9217397722921086,0.8470036709630812,2,148
112,0.9443077296198986,0.9759455740451812,2,20
113,0.04844335231840032,1.3328822553157806,2,4,3.555855261263952e-05,1.0493810176849365,2,20
114,0.9684132314664748,0.9697877686956654,2,46
115,1.6515328230203423,0.8962230808341626,2,97
116,13.662173919236343,0.24797440213816507,2,105,0.004239454300717537,0.45915118356545764,2,111,13.772466094506608,0.13357240480653357,2,200
117,0.9678645317154096,0.9450676834502187,2,147
118,0.8085015045421687,0.7462410261997809,2,26
119,2.0465643509639593,0.5435287233056694,2,87,86.11503999937008,1.194673580485721,2,130,0.02359726342724598,0.5404424497059414,2,151,4.821907918754873e-05,1.1256720830093732,2,173,31.15357378706125,0.292867037653923,2,183,0.04804884253620536,0.7240357434048372,2,200
120,2.183433282924704,0.5013553211923505,2,122,61.49108987606885,0.10754077229648829,2,170,0.47358339249562054,1.205908984973513,2,199
121,1.3913240778628586,0.8588066715747118,2,32
122,4.253040964737263,0.6331364156530915,2,139
123,0.19551432754719372,1.1100475788116455,2,20
124,1.3266629112648327,1.102638488014539,2,24
125,0.5845354895211314,0.7112017318054482,2,27
126,0.99661885524924,1.363672943909963,2,30
127,2.7022762028220795,0.5659121837880876,2,54,0.004984705696547915,0.34426373669079374,2,75,98.20623315237872,1.8999139587084453,3,105
128,0.6694773993764113,1.2213997518022854,2,48
129,0.1986558609556012,1.111048780736469,2,21
130,0.17787038192056634,1.3784019947052002,2,20
131,0.8879174198276727,1.0142034053802491,2,20
