1,1.1126319081056455,1.2675396771658034,2,42
2,3.1563957581967654e-06,0.7172331541776658,2,20
3,1.348753118421176,0.9374915758768717,2,33
4,8.799415334782738,0.27133297247994215,2,133,86.86168332630764,0.08449223971188959,2,200
5,9.593502319032515,0.2886660784095913,2,77,0.0725613540932644,0.2040574111044407,2,97,10.997887146083631,0.15603091473718292,2,200
6,5.057095564705656,0.4302685817605571,2,114,0.0249290701354426,0.19799776126941046,2,138,0.6816622692941112,0.9094059522054634,2,187
7,1.9407935683799233,0.7176628916159921,2,23
8,0.11286748630781199,0.9807052314281464,2,8,4.6357661778807776e-05,1.0803339282671611,2,20
9,0.8059724988859667,0.6721556266148885,2,30
10,0.15151323662568356,1.3345817157200404,2,7,6.51324891267677e-05,1.1316681733498206,2,20
11,4.288451265568412,1.2905475071498327,2,7,0.00019904873005875123,1.2133900569035456,2,20
12,0.4474602427237397,1.0870406883103507,2,14,0.00022485132522324957,1.0947173237800598,2,20
13,1.720739625270898,0.8427243202924728,2,20
14,0.6285065092668296,1.0777703106403351,2,20
15,3.064003862036146,0.7430825832486153,2,50
16,0.42974092634528055,0.6843969871264857,2,148
17,0.801939819633322,0.3018381874198499,2,23
18,1.4646954154926135,0.8019747368991375,2,200
19,0.12872016291013277,0.6516504198312759,2,40,7.037656747670128,0.42663398683071135,2,175
20,0.6950198498678175,0.6980554974741406,2,72
21,0.5227192280284219,1.0138877901163967,2,22
22,1.0770688793222376,1.1025136107206344,2,200
23,0.3990388201498461,0.7241130471229553,2,21,14.810051407730475,0.2010526552796364,2,171,0.22443957501598572,0.19294904994553533,2,200
24,0.39971328419363533,0.993103414773941,2,20
25,0.6712044467120251,1.1155248403549194,2,10,0.00011388773990426996,1.127845335006714,2,20
26,1.3224536289227786,0.8244202117125193,2,180
27,19.32560627822542,0.20155598014070278,2,114,1.6452779625699168,0.6197779421196428,2,200
28,2.4330851311753205,0.5203816562891006,2,200
29,10.790603456896253,0.7412335276603699,2,5,8.361237970008803e-05,0.9848476807276408,2,20
30,1.5456725430613103,0.65775549526398,2,78,21.509607112451498,0.3865395647580506,2,200
31,1.1730854833531406,1.0003415530920028,2,200
32,0.08167332553974652,0.22296292086442313,2,27,4.575189163769758,0.48886886838732696,2,109,0.39503831013518714,0.6525430782483175,2,200
33,0.9509433652714184,0.9070374227705456,2,42
34,1.0711578301328102,1.0025624693656454,2,49
35,8.756615440245966,0.2335202845931053,2,200
36,1.322407258417383,0.9264440774917603,2,15,0.00019988396687844892,1.2884896039962768,2,20
37,0.553891763745466,1.1618254401467063,2,11,0.0001010947760721408,1.2021803458531697,2,20
38,1.577310883464475,0.8093055248260498,2,30
39,1.032768069664298,0.8679449558258057,2,39
40,3.100282474276707,0.5587912734597922,2,200
41,0.31588514122766953,0.9270753115415573,2,4,8.534316013547263e-05,1.0910922437906265,2,20
42,0.03755267179801317,0.4268108675113091,2,78,16.02060778206846,0.22965191952029212,2,200
43,0.5564394613822743,1.0826302492304851,2,38
44,0.043872041639160524,0.20082658630880443,2,88,10.113763859845728,0.16812532075813838,2,200
45,3.290141387924482,0.31662152939705396,2,199
46,4.5839553110079985,0.7936288714408875,2,5,0.0001596459339987811,1.2631099700927735,2,20
47,0.6063823544361687,1.102764201514861,2,68
48,6.285146078238158,0.3120989441214239,2,136
49,1.2147023167458406,0.8834739923477173,2,6,7.903344920354323e-05,1.136161276272365,2,20
50,0.7066115329978938,1.0217755498557255,2,29
51,4.553444227477829,0.47378976695239544,2,200
52,0.08411741183681495,0.4192884294567881,2,74,15.894257631902141,0.12418942827553976,2,200
53,0.9009727703450368,0.8562043905258179,2,27
54,1.726840127631655,1.3017463337990545,2,31,0.019105699442912925,0.15462393537163735,2,51,15.83692462158799,0.24713426058324392,2,200
55,0.9072545948271319,0.8684891912826272,2,86,0.01202621625441489,0.4610950786333818,2,99,3.9392158530555257,0.2215472161769867,2,134
56,1.7016024042337097,0.6795815661549568,2,40,0.011299830008909485,0.25385436713695525,2,60,72.99632815741822,0.18564359992742538,2,70,0.1482781905496563,0.3119824743270874,2,95,11.752274365140567,0.15714502377169473,2,200
57,1.7330620870601627,0.8024701421911066,2,22
58,0.5696677621638768,0.6898222980291947,2,23
59,0.10655816488493369,1.4580984456198556,2,7,3.25390482057218e-05,1.2186992260125966,2,20
60,0.47899012080975245,1.2309941450754802,2,12,0.00042254868503159955,1.2609233856201172,2,20
61,1.2382675411005066,0.9672827178781683,2,22
62,1.0154186882807659,1.0531752400281953,2,41
63,0.22421816277703363,0.6151959449052811,2,12,0.00011878784409750824,1.220531940460205,2,20
64,0.39475489895302596,1.4145029485225677,2,8,6.202250916958574e-05,1.4003964165846507,2,20
65,0.8995889569486111,1.02326642870903,2,20
66,0.6405029607364479,0.5214242456537305,2,33,20.498621738259878,0.24129157732514775,2,84,0.03261041628393297,0.22067929052171253,2,189,14.221009004986046,0.2176473872228102,2,200
67,0.7689404630818617,1.1398290693759918,2,36
68,0.8402119038459406,1.028534598269705,2,59
69,2.471781773370879,0.6083401146591926,2,98,0.037939675660211565,0.18346070385340488,2,164,2.47614779963677,0.6384213243212019,2,199
70,0.049374511696802785,1.3556594848632812,2,6,2.3818082963973163e-05,1.0655282820974077,2,20
71,6.175196190579988,0.4707079499959946,2,200
72,2.636101286395323,1.084308292578768,2,27,51.45459408210285,0.15818116361695217,2,200
73,0.03297056453922937,1.4899538457393646,2,4,2.3239872243387525e-05,1.12550887465477,2,20
74,0.5890432224061966,1.0329507951424501,2,107
75,1.3357161940719158,1.1767438831208628,2,79
76,0.7706303736874498,0.5096110943704844,2,32,0.024795708004417372,0.3079505671815174,2,73,11.210991026070962,0.25359750427599026,2,200
77,1.0816398325373107,1.561263899008433,2,6,6.549426725816611e-05,1.284090212413243,2,20
78,0.5657949319120119,0.9823321931502398,2,85
79,2.1071341354286766,1.3090425332387288,2,6,0.0021931796044037197,0.30302636604756117,2,22,1.74069175462318,1.157267270417049,2,51
80,1.154123379284654,0.9415471797086754,2,49
81,0.48592379827429216,1.542997121810913,2,10,0.0025903994571653418,0.24454809589819473,2,32,4.094143125106527,0.20490869969643397,2,148,0.03252970171611278,0.3284252594624247,2,162,7.599649184387166,0.19001083703417526,2,200
82,1.6651675234766457,0.5042358077153927,2,41,0.059145683481333554,0.16688953145690585,2,64,6.712367894928632,0.2210338143083979,2,200
83,0.34464630145561337,1.000330885251363,2,6,7.477988579065587e-05,1.036014267376491,2,20
84,0.36229475158955743,0.6376292124871284,2,155,25.057330738463868,0.30152078668276466,2,170,0.0004973198370966822,0.7387196322282156,2,182,0.45675516953282613,0.8884162306785583,2,193
85,0.39694394844855824,0.6148401218223142,2,111
86,0.5969956235058933,1.0261669779817264,2,192
87,1.6729450260318988,0.7881385087966919,2,8,0.00021223854892124446,1.3406432569026947,2,20
88,0.698585625001314,0.9733047378596975,2,67
89,0.9158681436426725,0.7645518969703506,2,91,0.001487752956433535,0.3132279326518377,2,121,11.489638553848158,0.38465052390400367,2,200
90,4.04272434812495,0.4895179060101509,2,100,0.17443561838431149,0.38996673901291456,2,134
91,0.21527925106964885,1.2168681979179383,2,10,0.0001525157786876924,1.1857902526855468,2,20
92,1.2503240828611037,0.8192408157117439,2,99,0.024606696213423564,0.2996284379845574,2,120,3.7142314562919525,0.8711257062852382,2,200
93,1.4773155590073879,0.7690220517771584,2,28
94,1.1485775817675188,0.7931125684217973,2,55
95,1.0764518891718053,0.8850271848889141,2,77
96,1.0032516510982512,1.0322606321424246,2,32
97,15.684574627400606,0.5383405824502309,2,90,0.44993597490792014,0.6006952222614061,2,132
98,2.89620804775566,1.2862726364816939,2,14,0.00012536447680146462,0.9976045290629069,2,20
99,0.7556935769010968,1.1458299934864045,2,20
100,0.8785624839344985,1.1679672241210937,2,20
101,1.0433342649984494,0.9550618731206463,2,124,0.025549375175002616,0.07151429990927378,2,199
102,0.7282950842988009,0.8433576822280884,2,20
103,0.05667118035441473,1.5160162250200908,2,6,3.862518612286042e-05,1.068002802985055,2,20
104,0.9340091752819173,0.7258883568475831,2,53
105,0.2800221980483147,1.2378956377506256,2,12,7.771203768772075e-05,1.1887344717979431,2,20
106,2.210762432462965,0.7818590882234275,2,192
107,0.3891098008519887,0.5494426235556602,2,20
108,1.2575703743015036,0.7644526868699545,2,83,191.1043079367369,0.13861828297376633,2,163,1.0110738789536713,1.0169023363678544,2,190
109,0.4124199998845408,0.6176770753834558,2,46
110,0.9035630048414995,0.6272583412107571,2,129
111,0.22180379415913207,0.3490190353149023,2,39,0.0040208430407873376,0.6400848243917737,2,60,2.1351975345157044,1.0091619710532986,2,109
112,4.045478685063181,0.23340700292273572,2,38,0.004093729410894666,0.273904636134336,2,119,7.5044647707983065,0.15620205689359595,2,200
113,0.6104733247525497,1.0296660621960958,2,30
114,1.9095879512213993,0.9029475835061842,2,31
115,0.8947985781797089,0.8845330347185549,2,23
116,1.5406334768189347,1.0132504689693451,2,100
117,0.7833495600877698,0.8318949161281048,2,71
118,1.571622900776012,0.7205313137599401,2,70
119,0.040449504781182685,1.4616132974624634,2,4,2.9419285229915693e-05,1.1473916098475456,2,20
120,0.6158064362661498,1.2783380415704515,2,108
121,0.6951199296542895,0.7658254099743707,2,56
122,1.8415151147463653,1.4148945164680482,2,100,0.026121330068080862,0.12363700825592568,2,129,1.776453289516098,0.9410855174064636,2,150
123,0.88982470422973,0.8125724895247097,2,58
124,0.5914672707029668,0.7185690646821802,2,22
125,2.219679229020958,0.773166523873806,2,40
126,0.0866634272134701,0.07136368472129107,2,48
127,0.07301047031731182,0.18681203152822412,2,23
128,0.8841886604109666,0.910001811434011,2,61
129,1.254108248135944,0.975455851931321,2,38
130,1.2325547773609984,0.6045142362515131,2,48
131,0.5299119447969405,1.090628645155165,2,45
