1,0.6567431527431298,0.9471033041070147,2,164
2,3.1586493693673425e-06,0.7171992093324662,2,20
3,0.6920202660473227,0.77663254737854,2,116,28.410532652539302,0.08156000893740427,2,200
4,0.1341686372202052,0.585976066796676,2,23,21.178098441597065,0.17315771788527062,2,200
5,2.446580351828691,1.0331781173453611,2,34
6,3.1586493693673425e-06,0.7171992093324662,2,20
7,0.09080014961868364,0.35388346314430236,2,15,12.127723537551816,0.2294393133472752,2,200
8,6.605581839804996,0.25149012356996536,2,8,0.00021371170151655925,1.061735729376475,2,20
9,0.6731299813025942,0.8024611156813952,2,49
10,0.6492489941652562,1.0533088980888834,2,49
11,0.6058029533186031,0.7077767650286356,2,15,0.0007250751711114286,1.1450989246368408,2,20
12,0.6322951043213575,0.26180632453825736,2,36,19.03706874503964,0.1286657249963865,2,200
13,8.548133037623408,1.1773286163806915,2,8,0.0002541985699552414,1.263000875711441,2,20
14,0.06787967696884716,0.3312685236334801,2,10,4.219163464198844,0.20473180491673318,2,200
15,3.08663384716342,0.5023076373572443,2,51
16,5.04716719966213,0.394434367492795,2,200
17,1.780694913892959,0.8893312573432922,2,20
18,0.12745329295559296,0.8196169137954712,2,6,2.744381684302084e-05,1.1538283739771162,2,20
19,0.464548670949632,0.9880746801694235,2,18,0.0073096808641394135,0.12618231922388076,2,48,14.174588589476027,0.20200153052806855,2,123
20,8.930792472060883,0.2438476200401783,2,200
21,1.097022143902847,1.1444197527567546,2,75
22,0.936144813428915,0.9370647821670923,2,39
23,0.45066614727337173,1.0571728150049846,2,6,3.5112010216138e-05,1.1015703678131104,2,20
24,1.5395536313088356,1.1656902406526648,2,46
25,1.4390896121337775,0.7048178734602751,2,54
26,17.55433504930599,0.12583772003650665,2,200
27,17.624465481280094,0.11547586093930637,2,85,0.3079263607979076,0.2534629310432233,2,104,42.51741819112867,0.07610621101533373,2,200
28,0.6145911097885878,0.6911121951906305,2,19,25.089891011514645,0.1865888936084937,2,200
29,0.12471566301055059,1.2801312605539958,2,3,2.7552459499659096e-05,1.1318877164055319,2,20
30,1.7058069529908022,1.0351521513041329,2,34
31,7.553117357774879,0.6793088133518512,2,26,0.09048374022707625,0.2817509961128235,2,51
32,0.98562397663344,0.9579388499259949,2,28
33,0.225539263833941,1.2732463836669923,2,5,7.93443535605292e-05,1.2228508472442627,2,20
34,0.9053907264356931,1.0138571573340374,2,23
35,5.258882527121284,0.31019601074315734,2,59,0.0486459284270054,0.4242196851655057,2,78,24.988985551471263,0.17420874370468986,2,114,0.10191523403813302,0.44690656858055217,2,152,3.6211666402340206,0.27803131751716137,2,200
36,0.9319291685531099,0.9961207294139732,2,147,0.040816892555278116,0.20824762869555996,2,200
37,3.190214136757565,1.2195320010185242,2,10,7.497662301167103e-05,1.0958865523338317,2,20
38,0.33360035512512914,0.5804871119013647,2,82
39,0.1743312852859161,1.2465715805689495,2,12,0.00011658504660130999,1.2363896518945694,2,20
40,0.9886208715806655,0.913758118624811,2,77,7.330391792255096,0.1435339006244159,2,199
41,1.0067045691563838,0.847283446452987,2,71
42,14.124283835931129,0.19272491657733917,2,125,0.0013184780546987033,0.16847717398550452,2,166,2.5008229219423543,0.8013396000160891,2,200
43,0.8941697600671845,0.7460003562511937,2,31
44,1.7239860334323398,0.9581680695215861,2,15,0.0006578494072848968,0.8102850794792176,2,20
45,1.0554509229636242,0.7542545180767775,2,64
46,0.8392528496534499,0.7963875752908213,2,81
47,0.40259092231401,0.7039200356373421,2,65
48,0.058414109365693835,0.5645016634038517,2,28,52.602002518571055,1.2227744966745377,2,58,1.082844567422694,1.069242809500013,2,170
49,0.6584958908722308,0.6202913701534272,2,10,0.00011475560267005886,1.1137564420700072,2,20
50,1.4070404640198617,1.1067294279734294,2,51
51,0.020636159262834713,1.5171092483732436,2,9,10.887027770976061,0.17587085793779783,2,200
52,0.8877947264078516,0.9439837065610018,2,22
53,0.6841257877339747,0.6843174568244389,2,14,0.00021358889936903065,1.0970280567804973,2,20
54,2.18179547535307,0.5924375893055708,2,87
55,7.969767773990461,1.01466965675354,2,9,0.025126240940652904,0.3067290676852404,2,68,1.5439291333356915,0.5918589113280177,2,132
56,1.0750420253206312,0.7463588367534589,2,79,0.0613278987621979,0.2625099755283715,2,148,11.582451994590912,0.36139515844675213,2,200
57,1.0182283836087325,0.7250820973584818,2,86,0.002695598421159431,0.5036252647638321,2,96,2.409954438966002,0.6190954002623374,2,200
58,2.001544653501756,0.6509921731693404,2,56
59,2.2197440184495054,0.7006937143477526,2,88
60,0.1754842823146837,1.3372812807559966,2,20
61,2.1775409676900166,0.8049398609276476,2,58
62,3.302246927478236,0.5917404612356966,2,44
63,0.11740954904974006,1.6617230971654255,2,6,5.5646496506603113e-05,1.2197413529668535,2,20
64,0.25620394380997813,0.9932840466499329,2,10,0.00010013649240497833,1.1998251080513,2,20
65,0.07590508134568619,0.3720647270480792,2,66
66,0.9208277490771911,0.8563004970550537,2,5,4.960358593804145e-05,1.0608139991760255,2,20
67,0.08429123820462062,0.21656117788874185,2,104,6.195106776061262,0.12088291409114997,2,200
68,2.0640746776563477,1.3420157065758338,2,52
69,0.1050027229748485,1.5366498231887817,2,5,3.4797174132877774e-05,1.0869295477867127,2,20
70,8.08949605280478,0.07657758630158608,2,57
71,0.9910949049777958,0.9058204681976981,2,69,0.01010160456585307,0.31663133566443985,2,143,25.629000663424097,0.0697111390661775,2,200
72,4.06311825568303,0.4987195677793206,2,199
73,1.2144446810932858,1.3152260862547775,2,29
74,15.12269533692922,0.18052236286539527,2,199
75,0.6591565455779821,1.2624423921108245,2,20
76,0.7360660243177864,0.9247560247983018,2,73
77,7.293311107410294,0.23234061904251577,2,200
78,0.17701568721266292,1.1664164264996846,2,6,6.381991652322052e-05,1.0545529552868433,2,20
79,0.41420596476147414,0.8596105873584747,2,12,0.0017756770380575949,0.6531652053197224,2,27,2.4738671135883066,0.41772674773469826,2,200
80,0.7418128811511857,1.217840158022367,2,13,0.0002381536899162883,0.7844973291669574,2,20
81,0.41700861944941997,1.182673019170761,2,20
82,0.08677396892899644,0.4664468881876572,2,23,15.037352768448065,0.13126658770324146,2,200
83,2.2127928825773644,0.659149957554681,2,63
84,1.5107118236466093,0.8577779391978649,2,47
85,3.3329054996022247,1.1604000627994537,2,20,0.06075092539210111,0.14553031864318441,2,67,17.039029256745987,0.7560687473286754,2,113,0.7415019901593681,1.133495262690953,2,148
86,6.04001008300893,0.441152565068935,2,199
87,1.9320291575627953,0.9185478037053888,2,11,0.003229298305748489,0.2449512814774233,2,28,2.5145579037092434,0.8026706209140164,2,56,0.026112866598964425,0.4827386325803296,2,85,2.3061194914886882,0.9287126213312149,2,125,43.387224123887684,0.14907033185164134,2,200
88,1.8285400765792594,0.9703805190934376,2,88,10.300024173471286,0.21354076379462134,2,167,0.14124551832834437,0.11448955174648401,2,200
89,1.5742326148204262,1.0581548452377318,2,5,9.698577067434024e-05,1.0829565127690632,2,20
90,1.3695640966974465,1.030454154937498,2,93
91,1.5643384727036362,0.911472676656185,2,39
92,1.0748355933083051,0.71339976373646,2,144
93,0.18398793910841982,0.7026784524321557,2,20
94,0.5457397451147382,1.00312235722175,2,13,0.0005955436529957623,1.2257190431867326,2,20
95,1.0209264409035559,1.0960602114597957,2,48
96,0.9423376123296826,1.0117009098713214,2,52
97,0.29267830870958683,0.8282603710889817,2,20
98,1.071915375968906,0.9963447426406431,2,71,0.026466217394671976,0.22225102165649677,2,100,3.524170233134771,0.5660391359225564,2,169,0.004819265637558898,0.5000697337090969,2,177,93.78895310081558,0.3187345713376999,2,184,0.07367469776590965,1.2723217532038689,2,200
99,2.5284678247495833,0.9405779739220937,2,36
100,7.860211904113247,0.19734980341266184,2,102,0.18214889643465804,0.2868617335634847,2,133,12.159828223990347,0.11105792268888275,2,200
101,2.7720590797300786,1.5659081141153972,2,24
102,9.969263675076633,0.3247743613190121,2,9,0.011900639423328694,0.31221782907526546,2,56,9.211184160698307,0.13463214803032758,2,97
103,8.370900688929439,0.331029691256401,2,164,0.040842799148831724,0.23664498577515283,2,200
104,10.353326246431857,0.09083987583842458,2,158,1.3429673702480436,1.269243021806081,2,200
105,2.605369584952506,0.7875372399349471,2,185,0.019743730839727934,0.5546954313913981,2,200
106,0.1472269614196205,1.382295560836792,2,20
107,0.4589674481950189,1.1887522339820862,2,6,7.326918292258536e-05,1.0679274456841605,2,20
108,2.0257662811040364,0.9559432622548696,2,37
109,0.581965124042813,0.9112256914377213,2,4,4.4792615155329894e-05,1.139480471611023,2,20
110,1.5503288863591564,0.893410073859351,2,28
111,0.3476178787332565,0.7785215192370945,2,45
112,8.655444719789369,0.7550504207611084,2,4,5.2104685932562196e-05,1.2729511931538582,2,20
113,1.0906656106427182,1.049044907093048,2,14,0.0003243583415108108,1.1297920942306519,2,20
114,0.810290264764675,1.2119194825490316,2,90
115,2.466224587897224,1.4298115869363148,2,6,8.748050988854464e-05,1.221712589263916,2,20
116,0.788061322746196,1.0263326168060303,2,67
117,12.403294418272854,0.3007256876889283,2,123
118,2.9054317225443977,0.8499548695981503,2,16,0.052157923884236575,0.2384486233397406,2,114,7.697190601662854,0.1682345307497091,2,200
119,2.846897517324597,0.3983245857633077,2,130
120,0.14266354409306242,0.3790925847632544,2,49
121,2.2606293048240227,0.5263035155959048,2,59,18.03979108903351,0.28084147238094387,2,190
122,1.9360944900694939,0.6826295524090529,2,200
123,0.3091135067535537,0.901204839348793,2,8,8.73667675796661e-05,1.119028349717458,2,20
124,0.9981040688922445,0.9632033109664917,2,45
125,0.6743181996946797,0.9306278563382333,2,57,39.91883454315591,0.2175999381104294,2,106,1.5518737105426461,0.752643826107184,2,130
126,2.519508312603525,0.4649845681384078,2,117,0.22344752163621837,0.38571089093225547,2,200
127,1.0602181857259672,0.5635480185349783,2,24
128,1.9243179442085023,1.140716737508774,2,20
129,1.6601032504448703,0.9519002768728468,2,27
130,0.00015987098620880117,1.1894741535186768,2,20
131,1.5857599991915146,1.1117531259854634,2,12,0.00011702338337024504,1.232696682214737,2,20
132,0.056744866051961176,1.575222373008728,2,4,3.986466993781067e-05,1.147379081696272,2,20
133,0.025484373474955947,1.4900406360626222,2,5,3.239094454773853e-05,1.0655070741971333,2,20
134,0.03492398408844928,1.4407569766044617,2,4,1.949434833719292e-05,1.1430030353367329,2,20
135,4.113726369941805,0.5584592591557238,2,72
136,4.827270408923088,0.600817294497239,2,38
137,0.9965874182430172,1.1934748802866255,2,28
