1,0.047248332557130096,1.5588473677635193,2,4,3.7208583907923505e-05,1.1763762906193733,2,20
2,0.41528136536419485,0.7463235038298147,2,54,0.0259476310343748,0.2522717902534886,2,92,5.867706872870911,0.2567107275776241,2,161
3,2.6789941678638898,0.5967635430395604,2,200
4,0.5421759174489047,1.307212811249953,2,13,0.0006112941415241618,1.2430395569120134,2,20
5,2.032083384634962,0.9364338134016309,2,56
6,0.8407771343682487,0.8619253619721061,2,114,6.078424594925012,0.4464333993547103,2,199
7,1.224280859818912,0.8062226516635794,2,95,33.27531680101948,0.24456316289447602,2,200
8,0.6423929077368264,0.9587358983530514,2,138
9,1.7168385680777896,1.1277978294774105,2,38
10,0.8125043408089366,1.1571475642068045,2,35
11,4.551930969964987,0.6027828475885224,2,114,39.60030066868629,0.463622929051865,2,200
12,4.204272863772322,0.4417218428910078,2,199
13,0.8596474849888457,0.8411256457865238,2,200
14,0.8720437595711862,1.007213541955659,2,33
15,0.6931906516430562,0.7414499044418335,2,20
16,1.4190223766405161,0.7649058837157029,2,13,0.011081382971344497,0.18589691019483975,2,41,3.8791798710880756,0.3483885884284973,2,141,0.1053778058882597,0.339199041158466,2,200
17,3.2731437061820974,1.4198944012324015,2,15,0.001242504940627907,1.287511420249939,2,20
18,0.5114932915241592,0.9653992002660577,2,11,0.00010386800027239809,1.0694125294685364,2,20
19,19.356219528437506,0.4664174262434244,2,200
20,1.274785889912522,1.1898808418176112,2,39
21,1.1823474449789486,1.0301975127189391,2,31
22,1.851989712330301,0.8061583397849914,2,31,0.05918211036405606,0.2663898148706981,2,122,7.634675793968927,0.3221053032156749,2,200
23,0.9461814672861445,0.9876822077709696,2,23
24,2.138493564140248,0.6961847818814791,2,39
25,0.8444971744689644,1.5187949282782418,2,14,0.0003870103145205228,1.0639168918132782,2,20
26,2.4006229815674898,0.8207546735213975,2,59
27,1.8489430389083048,1.1462279319763184,2,5,9.808064552647105e-05,1.0794363419214885,2,20
28,1.6237112224036132,1.295442521572113,2,24
29,2.366041061436519,0.6587852241113933,2,198
30,3.922026763757764,0.8953525207259438,2,77
31,0.27104661601750785,1.1078866869211197,2,40,26.14892556057068,1.1433282065809818,2,97
32,0.9146570121033784,0.8608781165546842,2,9,0.00013715387850143506,1.2983209544962102,2,20
33,1.897607732391432,0.7741171105911857,2,38
34,1.3553894306200447,1.157022940851476,2,137
35,7.2077106152276835,0.9060725825173515,2,7,0.00025059257650796507,1.3601762423148522,2,20
36,1.5060059988444778,1.3310837564261064,2,46,20.852730724743488,0.1611001783561322,2,170,0.7694592998801743,0.7864044745763142,2,200
37,1.6200517420422993,1.0981356048583983,2,25
38,1.5442534410918867,0.7672898293960662,2,84
39,2.3236065000985775,0.7012883060508304,2,171,30.937742004391975,0.07145467863000672,2,200
40,1.2632354702066366,0.5331361514070759,2,23,48.808862477144515,0.07054308727383614,2,63,0.5729166220289409,0.8847157990932465,2,113
41,2.5073534670384876,0.42146446711795277,2,43,0.02882521805316398,0.22387108409946616,2,109,19.19506771732738,0.13000278463286738,2,140,1.0361736473077963,0.9659696340560913,2,200
42,8.555361104001223,0.37898694613465556,2,54,0.03328953050024736,0.3671284685532252,2,84,9.902306694940714,0.18797753532898837,2,200
43,0.15560988919911856,1.1979996383190155,2,20
44,3.847037092896512,0.44217488932609555,2,125
45,0.10435400571010257,0.17994800209999084,2,19,3.596414537832503,0.2685557548130784,2,126,34.858792901593304,0.13209185950659416,2,200
46,1.021415795695535,1.1447651505470275,2,20
47,0.04647420131588786,1.467301070690155,2,4,3.701626449410562e-05,1.1349615156650543,2,20
48,1.8452081609281104,0.8267042835553488,2,6,0.00011993216989040876,1.063705631664821,2,20
49,1.343248074187778,0.8638164289295673,2,80,9.46689957330516,0.5077202160049368,2,188,0.024304250079285356,0.3010524238149325,2,200
50,2.0841619778402403,0.6872235220212203,2,65,0.0077368777043535925,0.4588191930366599,2,111,1.4893982926335179,0.4597933611699513,2,125
51,1.5235816353126859,0.8533643327261272,2,57,0.04729439718221189,0.2104700742935648,2,155,1.5913222412777603,0.9311161004006863,2,187
52,0.7373523600733417,0.9397016593388149,2,105
53,3.0685445943389174,0.4282096645784104,2,174,0.01706206233087991,0.5898359324783087,2,190,9.948830812865255,0.35951625257730485,2,200
54,0.8977400665770978,1.1750632226467133,2,20
55,0.056946228119018,0.2946141689596042,2,71,3.5574937817885806,0.2197042612373367,2,200
56,0.755517260601387,0.6725902259349823,2,8,8.806354919521414e-05,1.0168334742387135,2,20
57,0.6135179626465317,1.195328299815838,2,26
58,0.3778474255065916,1.1248610258102416,2,10,0.00010864610852360956,1.0696627140045165,2,20
59,2.580708065222684,0.8361163721843199,2,66
60,5.803154744590179,0.522016147533095,2,83,0.007586899542386102,0.2276102025662699,2,145,3.923735763990497,0.8350282484834844,2,200
61,1.0882704328280104,1.0807048848697118,2,28
62,1.7628544728900575,0.8501693640436445,2,35
63,0.6874233997427558,0.700519969327408,2,114
64,0.41815613530641,1.1641316294670105,2,20
65,2.9410022044310775,0.578584112226963,2,200
66,1.6046740998564277,0.6277294076151319,2,99,26.08330487850827,0.15302234784801408,2,200
67,5.99431609550443,0.4812629592012275,2,44,0.014566929848491696,0.1779708765885409,2,61,0.8962445359768576,1.3149100967815943,2,117
68,1.6016320297432722,1.1182865381240845,2,45
69,0.8111581793874194,0.7232951752993525,2,49
70,0.09944835391982226,0.6646910429000854,2,5,3.176126069012066e-05,0.9742202281951904,2,20
71,5.486767819840543,0.2179270294067022,2,111,0.539920309029777,0.9645261753623079,2,193
72,1.220145632909325,1.0107460703168596,2,7,0.00014852663313867743,1.0068829793196459,2,20
73,0.26372191094563485,1.0208323001861572,2,3,3.0745976048589206e-05,1.1093793897067799,2,20
74,3.5443525151247215,0.3689275393635035,2,200
75,2.2433820249053955,0.648671501561215,2,57
76,0.7772438019930739,0.6716344118118286,2,60,13.180621982785679,0.3491423807555823,2,199
77,1.0888799485262106,0.6785701756488602,2,106
78,0.07582404202526603,1.2520016431808472,2,4,4.56359856770418e-05,1.044512752443552,2,20
79,0.6488617817936653,0.8149112133418812,2,85
80,0.016477700461794146,0.2725628577172756,2,64,5.162253638250225,0.37536010739550124,2,177
81,0.1308437259264357,0.5536676297585169,2,6,2.9575212147432743e-05,1.0652678268296378,2,20
82,2.0705871279833947,0.3939390182495117,2,22
83,2.7663228549735206,0.5747623827421304,2,33,0.0740558515486272,0.3057541542432525,2,55
84,1.8590666729484975,0.7208371233131926,2,59
85,0.8969010309793529,0.7806366925889795,2,22,21.472314011151322,0.09990751049641905,2,80,7.316965877405728e-05,0.8653574046634492,2,101,0.08899281343653764,0.08357150066982616,2,156,11.189339582188822,0.09046381781267565,2,199
86,0.633050643922555,0.5723979581486095,2,11,0.00011235828758722508,1.147765384780036,2,20
87,0.0720317299258653,0.358687163132136,2,122,15.98795922030356,0.12900152745155188,2,200
88,0.7037388133980734,1.0633426010608673,2,20
89,0.22750944333760964,1.1349344491958617,2,20
90,0.2319252441368013,1.1177871525287628,2,4,8.929328325628448e-05,1.087723657488823,2,20
91,0.870631326497042,0.9737161227634975,2,21
92,2.4122031486438953,0.5161953692759701,2,199
93,0.2350483481280859,1.067915575844901,2,14,7.819481399211116,0.31700508592910664,2,200
94,2.7798589752737177,0.38297718666169955,2,46,90.97480288962541,1.1606217757798731,2,78,0.7773635064199903,0.9169372369031437,2,200
95,2.4567272571507965,0.5739864427596331,2,80,18.099469341177333,0.15894355736672877,2,200
96,0.26309566822803826,1.4985977709293365,2,8,0.00017389440747958923,1.2224400738875072,2,20
97,0.6676361648163499,0.6784620682398478,2,21
98,0.024118725505698716,1.5041397571563722,2,5,3.200892589336745e-05,1.0761558294296265,2,20
99,0.5204859710206626,0.8703536316752434,2,24
100,2.0264093436894113,0.8814474771151671,2,74
101,5.284003344560862,0.3606369687616825,2,200
102,0.26837307560259227,0.8631054436167082,2,48
103,1.0342967268311212,1.0294922908147177,2,30
104,0.0001211085149226576,1.133229273557663,2,20
105,11.06931989790281,0.30981926749071736,2,127
106,0.7790345005272211,1.2795285284519196,2,12,0.00027926025437995116,1.1799413710832596,2,20
107,1.0652997655467837,1.357878073056539,2,15,0.0008473963068738337,1.189138126373291,2,20
108,1.8886514599393591,0.5531414790285958,2,45,0.02891035229904545,0.4585832384856124,2,121,0.8275664406791352,1.1957615406616875,2,144
109,1.7524767753821209,0.6692894546540229,2,91
110,0.6735298028686426,0.867138217365931,2,126,7.408194967352268,0.6791674675973686,2,200
111,0.5961718162665393,0.6034113911290964,2,60
112,1.4273056881573811,1.023199158745843,2,37
113,0.46425196922720213,0.8827702866660224,2,54
114,2.7519403251452936,0.5896319001913071,2,20
115,0.029094402779821064,0.12714896945778384,2,109,0.5355001232532938,0.7220616029067473,2,153
116,1.4601005629227735,1.0306793559681287,2,33,0.003825190593913977,0.3139060940593481,2,65,12.332568758112847,0.645168125629425,2,69
117,1.2710934927186825,1.0656450814095095,2,69
118,0.04700242747943299,1.5226251780986786,2,4,2.7249681470618257e-05,1.168987512588501,2,20
119,3.608823475169917,0.6768621965366252,2,85,0.03928206756033349,0.6228769627110712,2,114,6.639889461445404,0.41491590126564626,2,190
120,1.3185691789723308,0.6111186562940992,2,87
121,0.6124104676439389,0.5041635763645173,2,25
122,1.4486527254419865,0.84881951212883,2,20
123,3.5484796825367764,0.5972783866091671,2,117
124,0.8528597593991366,0.7222853497017262,2,43
125,1.230101210124875,0.9093472054510405,2,33
126,0.8311029770663321,1.1768561757129172,2,69
127,0.98636837059352,0.9777586380640666,2,45
128,3.2063042549234,0.18764721552530925,2,30,0.00039534020881356463,1.033172619342804,2,35
129,0.94810901292726,0.8585388815921285,2,23
