1,2.550887657483106,1.2130844688415527,2,25
2,12.308476586405268,0.23112600483000278,2,200
3,5.497892272044747,0.703909183420786,2,41
4,0.06975473614676295,0.16928240690719,2,44,3.295683742687007,0.6220959822016378,2,199
5,0.0323925920873503,1.5554813385009765,2,5,3.2918393639243664e-05,1.1123278339703877,2,20
6,19.894000016547274,0.14878421589732171,2,200
7,24.92639902127264,0.10386580139398575,2,200
8,0.5105043799574522,0.7130376737978723,2,54,11.604120457146136,0.10896892608075902,2,192,0.05491923789400889,0.5128851495683193,2,200
9,8.696957128616091,0.3221850979422766,2,189,0.12085448311965497,0.7555239796638489,2,200
10,1.7543634738124112,0.7978950011509436,2,135
11,2.983714679848026,0.6714651024057752,2,126
12,0.841877159741705,0.87846702807828,2,38
13,0.29932719537197816,0.7444988191127777,2,4,2.5367852414064725e-05,1.0363593101501465,2,20
14,0.8119351187639097,1.2464625338713329,2,12,0.0004249490782262858,1.0803135633468628,2,20
15,8.100068771925953,0.2447744092770985,2,35,0.16939908152883673,0.5076694825421209,2,58,15.505077016803126,0.08701772894710302,2,106
16,5.178642752813739,0.40507341011778103,2,77,0.022952627668768818,0.1916079196285029,2,138,12.395160005006643,0.22101773973554373,2,154,0.017861845299370238,0.2052474313456079,2,200
17,1.5921165625005342,0.5509437620639801,2,7,0.0001747238506071007,1.1147155945117657,2,20
18,0.6029290308767281,0.9890820384025574,2,6,6.791959358011175e-05,1.1103948269571577,2,20
19,0.6197570493568922,0.767093515250741,2,41
20,4.039179938089619,0.46830673441290854,2,200
21,121.52379846330545,1.7944532069895003,2,36,0.034972618456295256,0.22888284692397484,2,49,4.547726643792956,0.17332255095243454,2,63
22,0.4327835753599652,0.6819250404834747,2,5,0.00010093322215366137,1.2287771940231322,2,20
23,3.2090879913406014,0.603475813070933,2,105
24,2.6564479865696207,0.5605456464820437,2,63
25,0.8965640622187158,1.4136542975902557,2,20
26,17.703986096973818,0.18025944410067685,2,106,0.7882297530633634,0.9831793904304504,2,151
27,0.09620744829852218,0.29752586781978607,2,6,52.21956286959813,0.0826802813668841,2,200
28,2.364552364038343,0.6215286918661811,2,44
29,0.3078480444782411,1.0102550983428955,2,8,0.00013402903626776863,1.103800763686498,2,20
30,1.3011516502496332,1.1649278163909913,2,40,0.007890723938692546,0.2672164126926539,2,89,12.170423653916455,0.29257404750531857,2,200
31,0.815578179511006,1.2330541321725557,2,33
32,0.5207574506156748,1.03428011848813,2,42,28.545505229717893,0.1630852836370468,2,92,0.6810389279229874,0.7747403127806527,2,113
33,1.3987238821882522,1.1408389568328858,2,45
34,0.5017042434144052,0.9783158600330353,2,40,0.014864225300159285,0.15191639959812164,2,89,0.9386142748711203,0.874318126114932,2,199
35,1.4614740107542872,1.1641008734703064,2,10,0.00015420860593510564,1.1209280014038085,2,20
36,1.7233279870901754,0.7319162063214971,2,87
37,1.6975000438100325,0.6511723399162292,2,27
38,1.4079132530885181,0.5014737699713026,2,35,0.004103341278163527,0.13668246632036957,2,81,2.225217141539027,1.1129368090629577,2,156
39,5.254604601173464,0.31387210041284563,2,200
40,0.12855215107891688,0.5380603443173801,2,68,9.753372885511293,0.6507526178862534,2,170,259.0528078430343,0.12734032173951468,2,200
41,0.03789777878649594,0.5494010928604338,2,18,1.3366494168285488,0.8705506236929642,2,113
42,2.3863420663979005,0.6648447217626704,2,144
43,1.383850842340073,0.7595758517583211,2,15,0.0008495345135829459,1.0644654035568237,2,20
44,1.4731546066429873,0.4763408773220502,2,52,0.019443735598900516,0.1497182234607894,2,110,1.1701326163379844,0.9583678297374559,2,133
45,1.3288835406104789,0.9481828212738037,2,13,0.0002757664667230094,1.0068404163633073,2,20
46,1.3138247994348866,0.9702918595737882,2,54
47,1.2850865652937429,0.9946660995483398,2,20
48,0.48579174645000445,0.8470517132769931,2,88
49,0.5793508138612791,1.0030640200072645,2,51
50,1.075814922433284,1.0407497653254756,2,135
51,3.3252806543072286,1.0313608837127686,2,25
52,0.3884889728049083,1.0398088842630386,2,8,9.52308557087257e-05,1.1573925216992695,2,20
53,1.8288402950821112,0.7741373538970947,2,20
54,0.5503906595926761,0.5641663382947445,2,200
55,1.8917540709403393,0.5284005099474781,2,99,53.537065197932485,0.38593098834941264,2,118
56,1.1991284105423394,0.7483155370956689,2,199
57,0.3176735888342882,1.1618280410766602,2,20
58,0.062413391756937796,1.6531017422676086,2,6,2.4840756248960524e-05,1.102940057005201,2,20
59,0.7428260985836301,1.0127349694569905,2,21
60,0.6784929952410633,1.1854274948086359,2,113
61,0.7900442307306336,1.1394879221916199,2,4,0.00013754092365039338,1.2420461624860764,2,20
62,3.9146035249469806,0.7038950156420469,2,48,0.4207940495968464,1.2021685103389705,2,155
63,2.1149844258847814,0.695464996780668,2,70
64,13.958210179826505,0.1757601451415282,2,65,1.6447674431397454,0.9734169998739519,2,182
65,0.3483562688759991,0.7167637114341442,2,65,5.899638990194161,0.09081290816438609,2,123
66,0.07255729306287384,1.526764988899231,2,8,2.353738454350476e-05,1.157508244117101,2,20
67,3.6509573864804055,0.5388746374639971,2,29
68,0.7989659565998826,1.0533082049067428,2,41
69,1.0611352990794063,1.1863364374095744,2,88
70,1.048087348182467,0.9772969759427584,2,104
71,1.5301168374159064,1.198664555946986,2,12,0.00023040753307850085,1.2545496225357056,2,20
72,0.2500296773211592,0.8181008696556091,2,6,3.1296328738598565e-05,0.9942716530391148,2,20
73,0.07682181617258303,1.081849491596222,2,20
74,0.15384353774417683,1.1209433376789093,2,8,4.7058387911561355e-05,1.129073013861974,2,20
75,0.02491584246114802,0.1553720735013485,2,40,24.272624835674318,0.3654644254227759,2,111,0.2675656051638052,0.8759401512997491,2,146,29.843634251687643,0.27102614056181024,2,200
76,0.3128300054067448,0.8122090607881546,2,20
77,0.8526849689851557,1.1810532808303833,2,31
78,2.2032920761648547,0.7934990802949126,2,66,0.08525334869649717,0.13567897746729296,2,109
79,1.7148090449171403,0.7100492376420233,2,72
80,9.504254513883726,0.18936233676970005,2,200
81,1.0436622850629629,1.3131316683509133,2,11,9.843326473211923e-05,1.1368434296713934,2,20
82,17.342234860933363,0.2832854750007391,2,200
83,0.8131909603809543,0.6269449750582378,2,15,0.00028319453949150096,1.3056263208389283,2,20
84,0.15629715462422475,1.039215189218521,2,20
85,1.40819160375719,1.0725085212259877,2,98
86,1.8961373836641624,0.9809456110000611,2,30
87,0.38833034725891474,1.1661673386891682,2,3,9.936789986797267e-05,1.089762708720039,2,20
88,0.7060324394195485,1.228697508573532,2,8,0.00016001250903697543,1.152973602215449,2,20
89,0.8692012714545654,0.509679558910901,2,158,11.730354240883255,0.28692897373721715,2,200
90,0.9751027784111613,0.9657640641843769,2,71
91,1.1266510189093086,0.9599231798927506,2,77,31.70595396963162,0.38389441467882174,2,200
92,0.5124990950658995,0.6520665425520676,2,13,0.0005043123575813901,1.0110894101006644,2,20
93,0.35985496917491505,1.084845667300017,2,23
94,1.1168989534322233,0.832063629716432,2,147
95,1.1785940403475983,0.839623898267746,2,12,0.00036820533531324633,1.2243123203516006,2,20
96,1.2346885375670602,0.9297145775386265,2,35
97,6.951105700497437,0.3735429768760999,2,102
98,1.7237275988848948,0.8077554003945713,2,29,0.07894032249968831,0.41527398228645324,2,84,63.60512307278581,0.08586645871400833,2,118,1.5907682857252696,1.1591275894280635,2,184
99,12.662923427782156,0.15397901736199857,2,200
100,3.4311670305988,0.4299625197336787,2,168,42.79628735091721,0.28088527265936136,2,200
101,13.642880618614731,0.41927446201443674,2,40
102,0.07506890330430038,0.9913390534264701,2,7,2.4829386971175744e-05,1.1123901055409358,2,20
103,4.206293362860398,0.39304224607245675,2,116,0.019148292633399618,0.2201718319621351,2,152,2.301976593137214,0.26094705341978275,2,199
104,12.405175131999728,0.20944245882332324,2,200
105,0.2911846522485354,1.472584341253553,2,14,0.00033023376646498386,1.3106100757916768,2,20
106,1.3107756575985272,0.5468181425602592,2,199
107,0.30708922896806656,0.9176737785339355,2,20
108,6.084436899940415,0.44920733181329875,2,130,77.67998953522282,0.2520463766796248,2,200
109,0.8589493301779731,0.8328791282795094,2,54
110,1.121893891607117,0.9602948236465454,2,25
111,16.048945291420466,0.2226271947989097,2,65,1.2192613115952233,0.6783763894012996,2,79,0.49729958226784426,1.1166181377142914,2,200
112,0.8680360565195997,0.7976803287863732,2,40
113,3.1225491940060888,0.5631172463297844,2,60
114,1.2418267852142244,1.378685712814331,2,5,9.450443384181726e-05,1.1666340748469035,2,20
115,1.6356522233055621,0.5195789997992308,2,23,55.47262364686282,0.2575964416528857,2,109,1.5299033291060415,0.8121496289968491,2,131
116,1.3504177379233056,0.8263747990131378,2,8,0.00016162652810842757,1.085987816254298,2,20
117,0.9719196549703102,0.9068214155859866,2,59
118,1.0682362013044417,0.9722008913755417,2,40
119,1.5440058330724258,0.9036917267618952,2,37
120,0.04176295418173536,1.4071269631385803,2,4,1.8819563700626356e-05,1.1173321902751923,2,20
121,1.673079842835627e-05,0.8973142296075821,2,20
122,1.1036061767637564,1.1198123147090275,2,24
123,0.060086687349899616,0.4452578329170744,2,48,2.6867655705242335,0.6277348816394805,2,93,126.91781427161014,0.14236270857823863,2,130,1.7781244342894111,0.746344866660925,2,156
124,0.9667822497990237,1.2497319432405325,2,65
125,0.758263179902724,0.7680493334065313,2,23
126,17.86089326160476,0.4759604993254639,2,86
127,1.332804990916602,1.0547760261429682,2,36
