1,0.4466589117161912,0.8142997334985173,2,85
2,1.344875766808914,0.8851385863140376,2,99,18.26085044961621,0.18089939127950108,2,133,0.0014427255094656625,0.9742184355854988,2,141,8.586952204409334,0.1124501038910979,2,200
3,3.054407195816248,0.630678068063198,2,195
4,0.7008564499682081,0.852884322553873,2,200
5,0.05824898510770648,1.005365292231242,2,6,2.9331066206790268e-05,1.0001365031514848,2,20
6,0.7313052137146979,1.0657855224609376,2,100
7,4.3117153672119,0.8006683943363336,2,52
8,0.7006358670909374,0.7819042875161094,2,124
9,1.469728321080031,0.9286692496389151,2,64
10,18.363611089831796,0.06295088157057763,2,60,0.05680666100178293,0.31104426831007004,2,86,8.478326348666592,0.14809071717032216,2,200
11,0.9588358807691559,1.1982194209098815,2,50
12,1.866708936286285,1.0521926446394487,2,33,0.08791892259262303,0.07501562982797623,2,73
13,2.4194638739401593,0.8079126379528984,2,61,18.94580293705746,0.21258979950019782,2,200
14,2.467352135077556,0.6061055545012156,2,150
15,0.08457137856724993,1.1803174359457833,2,7,3.477596773521633e-05,1.1614490105555608,2,20
16,5.385744305973751,0.4586505921263444,2,171
17,2.0309174506070775,0.798412941518377,2,61
18,0.86585928172809,0.6742062456202957,2,53
19,5.983371794008688,0.26440739251197654,2,188,0.023891419624813184,0.20118076105912527,2,200
20,0.9537059908757165,0.7983487175038112,2,199
21,0.6219655979468978,1.011850223425896,2,62
22,0.988573961799682,1.2749851014879015,2,9,0.008040277651263757,0.2447558457360548,2,43,5.314353734995557,0.16634274553507566,2,139,1.1802915618234762,1.1113413113062498,2,200
23,0.28084431206386673,1.2626572251319885,2,14,0.0005800091530946743,1.269823670387268,2,20
24,1.6394796802020652,0.2566620604576249,2,152,33.405114943721884,0.09291326968620221,2,200
25,1.340157913467206,0.9221718049885934,2,57
26,0.13328258541802626,0.6402020982156197,2,48,1.6628906199843563,0.8586626750858206,2,181
27,11.56178490537974,1.3079151081026725,2,53
28,1.3548775616865596,0.7316462668505582,2,11,9.847924963100599e-05,1.1208709743287828,2,20
29,0.7017431730421952,0.7942717818246372,2,69,0.008828614877437626,0.16419718733855657,2,90,1.7701110592835698,0.3585407289986809,2,186,0.03529487724136399,0.42059233146054403,2,200
30,1.290994161220714,0.7970252599356309,2,53
31,0.8800947337629205,1.1648710388125796,2,33
32,1.604689918707946,0.9148624064265818,2,138,0.012363322476609874,0.2680518611481315,2,157,3.3223212086369958,0.6002101593074345,2,199
33,0.6358951109507041,0.9718040353373477,2,38
34,6.158357089396552,0.5366913086059046,2,102,0.0016092133252121167,0.657089478439755,2,111,2.669066443759028,0.8798926220885639,2,169
35,0.9824237647728106,1.0554490586121876,2,24
36,1.6766655363669893,0.9214753398188839,2,54
37,1.3295033765839865,1.2121022272109985,2,25
38,5.131658073320697,0.34376203616460166,2,30
39,1.6343014518711103,0.46071242541074753,2,20
40,1.4458373449664332,1.1016479954123497,2,16,0.0010369132430457881,0.7271942347288132,2,20
41,5.190236701031562,0.3271005908327718,2,31
42,2.662055127567966,0.7095071342709947,2,73,0.0036160131089625147,0.3214551560124572,2,122,1.9521654605955208,0.6231774031728893,2,199
43,1.1036162125950038,0.8268070845871933,2,129
44,1.325209887387226,0.9406022691726684,2,25
45,1.5066701935667834,0.982120192275857,2,53
46,1.33711755149136,0.8000413749528967,2,69,0.026070901784618034,0.58857622878118,2,91,19.147637744120026,0.13163095001780659,2,200
47,0.9250990212185634,1.357590153103783,2,21
48,1.3572769779555327,0.6477408519675655,2,62,11.861513412305461,0.11991762942162112,2,200
49,0.5937262696077166,1.2326003193855286,2,50
50,16.214127517789034,0.23596329307093203,2,103,1.2007828208582971,0.5356471584629767,2,200
51,0.6150182009241569,0.954643814460091,2,46
52,1.2331851394111273,0.906529674024293,2,66
53,10.02743425458793,0.19702251605689525,2,200
54,1.2256725726560318,1.0612307484187777,2,63
55,3.316211253593155,0.26867401108145716,2,200
56,0.7516264038657666,0.9588377067020961,2,105
57,0.8571926666928542,0.6247916936874389,2,10,0.0006010748298104613,1.1390034675598144,2,20,6.057839339968674,0.21842709487798262,2,69
58,0.17077437692131434,1.1216207544008892,2,6,7.129796300202364e-05,1.1075190646307809,2,20
59,0.9721924359136677,0.984252681799024,2,107
60,9.195697186216576,0.38750253143635666,2,132
61,1.0089991752164358,1.080013345927,2,64,9.910876740062436,0.3064057012910352,2,200
62,1.11048678533158,0.797931608173155,2,62,0.011577944984969822,0.09710782407610505,2,116,7.68703502303788,0.11122292333415576,2,200
63,1.34006571221646,0.8342597881952921,2,15,0.00041352816887860893,1.4318703889846802,2,20
64,0.5199851560581994,0.5772273510694503,2,20
65,1.3115306003162324,0.873752447962761,2,20
66,0.07459710441407812,1.4722232818603516,2,4,2.9703839732570158e-05,1.13063433021307,2,20
67,2.7017872964207528,0.388314003679926,2,151,24.807969585602464,0.17635442590226932,2,200
68,2.269691908623827,0.8501033782958984,2,74
69,0.04507966111152709,1.366431176662445,2,4,3.729669537455911e-05,1.141466435045004,2,20
70,1.0918377569576663,0.86856923358781,2,14,0.00031922083045478886,1.0485540628433228,2,20
71,16.651308139062582,0.2820342688968307,2,190,0.08363819865893145,0.6835673034191132,2,200
72,0.29052474311671644,1.337404978275299,2,10,8.272012721624685e-05,1.292545998096466,2,20
73,0.8632671128077175,0.7969734221696854,2,50
74,0.3207545542267219,0.9124642963762637,2,27
75,0.09874874746286408,0.7048102991921561,2,35
76,1.417417183354452,0.7721667022540651,2,29
77,1.2107936517667122,1.0164477947430732,2,39
78,2.5509223402689885,0.5006175835927328,2,12,0.00030521399823524775,0.93311507999897,2,20
79,0.8291487642635696,0.6759363227337599,2,200
80,1.7274221201041233,0.7609792871352954,2,39
81,0.37605154364106036,0.7672337214152019,2,105
82,1.1818395826900912,0.924813864407716,2,54,12.944884607650893,0.17682293486105252,2,200
83,0.3736023698239249,1.2227068305015565,2,20
84,6.9238995519757225,0.2734495750628412,2,96,0.06442920761847394,0.2967031389474869,2,126,8.936336555920555,0.13346057667120084,2,200
85,1.043869875791338,0.7573840498924256,2,25
86,0.15002004753889636,1.1958762208620708,2,6,3.378929909436091e-05,1.1292645718370165,2,20
87,5.519726418114456,0.16186320271931195,2,76
88,13.883751695729076,0.1673827937990427,2,200
89,1.3472607582796943,0.7387120291590691,2,40
90,0.2922035334990523,0.891555198601314,2,7,7.325620146702933e-05,1.2757557813937848,2,20
91,1.503603702524553,0.859821015544105,2,114
92,0.7780677771505439,0.9686713378970363,2,119,8.083712163120943,0.24226120279894936,2,200
93,0.9069372266288358,1.3595075342390273,2,9,3.703734580264379e-05,0.9810167063366283,2,42
94,0.3522343026672839,0.2852918980643153,2,16,12.056880441462752,0.23277552263892215,2,200
95,0.6886737759000335,1.0777771047183446,2,14,0.00039894374207310405,1.1574521660804749,2,20
96,0.06595003712819868,1.5349043011665344,2,4,3.8818201199987186e-05,1.1298704147338867,2,20
97,2.2416995079112474,0.8475877046585083,2,59,141.33911302652652,0.10775729364925815,2,121,0.7915143137308114,0.8050798046879653,2,162,19.75641035999478,0.20644012485679827,2,200
98,0.7554001306087188,0.9977534846826033,2,22
99,0.3106527253351259,0.8418400108814239,2,10,9.806181442068861e-05,1.1467658042907716,2,20
100,0.35554045012120244,0.7822024768049066,2,11,9.354795862489716e-05,1.1071473360061646,2,20
101,1.0071897137331929,0.7409999138779111,2,36
102,8.796649178835102,0.28052479652687906,2,160,0.5069095681003286,0.30396121442317964,2,200
103,5.389758635503193,0.2688672141730785,2,200
104,1.4515750757769814,0.7407840622795953,2,9,0.013036884274444795,0.2387768128200581,2,47,3.4658716013190918,0.6239946221196374,2,90
105,0.19075469032405765,0.9165023356676102,2,20
106,0.3551977110534561,0.610575536886851,2,6,3.0884909434381464e-05,1.0484394090516227,2,20
107,0.2419123196935364,1.048901116847992,2,20
108,0.03480966243989064,1.4091832041740417,2,4,1.591104451016176e-05,1.0675609894096851,2,20
109,0.8498792747983969,0.8287659913602502,2,99
110,1.3369204753398845,0.9664508709540733,2,65,0.031144692864489586,0.23027579892765393,2,87,24.977378947956996,0.6354413558455074,2,104,0.005707169428261408,0.7206431158951351,2,111,2.9631864058678734,1.0096570173899333,2,126
111,1.2116741312955865,1.1078272277658636,2,55
112,0.6043046087845002,1.1919123381376266,2,8,0.00015010793195568137,1.0816376209259033,2,20
113,1.159470034392973,0.8365732302536836,2,37
114,1.1130941894560593,0.6963388285575769,2,78,31.251623576349164,0.07946869223675829,2,172,1.5039625087518746,1.310227062020983,2,200
115,2.0557734723538994,0.8995347023010254,2,8,0.0002635889479612294,1.2802473604679108,2,20
116,1.0941905367879814,1.0827835633204534,2,65
117,0.08896369029351418,1.2727341055870056,2,6,2.8277114416657156e-05,1.2190520933696203,2,20
118,9.164356000525533,0.2820755212600507,2,199
119,7.361642003414998,1.2635060408536125,2,17,0.0017535567665493959,0.5532562484343847,2,29,1.5785266724266198,0.6122843325138092,2,47,98.08016150780969,1.7563299261606657,2,73,1.1806819898204672,1.3203790883223216,2,121
120,0.054161712621242974,0.28875638901347844,2,71,0.7243670134507713,0.8152264459379788,2,129,9.705584686041705,0.4332453169992992,2,199
121,0.08608999620373596,0.3367135988653831,2,53,2.3331124390004483,0.8318732762336731,2,128
122,0.3566567415010129,1.500689297914505,2,8,0.00015349898553530998,1.1968605518341064,2,20
123,0.17214969229624344,1.5056358724832535,2,8,2.723410778010266e-05,1.2604865531126659,2,20
124,3.9802657197525004,0.3214234546365508,2,83,0.01817898207770302,0.3309155762195587,2,93,31.95780748391076,0.11717355677059718,2,142
125,1.1673688739536416,0.7975708883227283,2,131
126,0.4545712467076853,0.8341772480942737,2,87
127,5.11934762708476,0.249903055280447,2,80
