1,0.6864029228021135,0.6101135313510895,2,6,6.171569406233628e-05,1.0574942486626762,2,20
2,1.2192050636767389,1.3940917764391219,2,7,8.536374871968055e-05,0.9589126110076904,2,20
3,3.9274279464966657,0.19201383240844894,2,115,0.05255542688831098,0.2892079171207216,2,142,12.510601384588998,0.12708008571945387,2,200
4,8.721892655628144,0.14275237906258553,2,128,0.3056497625838439,0.2726039884405004,2,200
5,0.8293625816305824,0.7187804743647576,2,20
6,1.1813067069475347,0.717289365530014,2,25
7,0.052807215079158164,0.3874661512672901,2,8,43.11987766620888,0.23672929117266012,2,106,0.9455317718574832,0.8493301051740463,2,158
8,0.42953239971954904,1.3207087516784668,2,3,5.6394393956687336e-05,1.1437694886151482,2,20
9,12.195284378672966,0.29104895615263987,2,114,0.7172092850106155,0.7870978437937223,2,166
10,0.91551623486324,0.917062725984689,2,66
11,3.338433425914784,1.2401864767074584,2,10,0.0001440890859473836,1.1407163619995118,2,20
12,0.1107598429277327,0.5439462466486569,2,29,6.626001053311659,0.4212111167609692,2,149
13,1.4145777650498599,0.6013013314117085,2,22
14,0.7568226229336277,0.9571634309236393,2,43
15,0.570392009868158,1.194013779813593,2,11,0.00014943939476135717,1.3848920663197835,2,20
16,1.6304659381085376,0.7884312842203223,2,23
17,1.7269605587445074,0.8518289618632373,2,85
18,1.6815590628673989,0.7912173192752036,2,38
19,0.7722279295802874,0.7867760275091443,2,14,0.0001299497273107218,1.1123857100804646,2,20
20,1.3399374274877054,0.8554259481884184,2,21
21,0.9917012561001874,1.0341598843083237,2,33
22,0.6428762191019798,0.7212822589219785,2,51
23,14.6340323924685,0.25962866298854353,2,200
24,0.6000378916534227,1.0690075026618109,2,27
25,4.7072564993198425,1.110463872551918,2,28,0.03561907966971571,0.24681646834340012,2,85,1.867359942521706,0.7991557992421664,2,98
26,20.356281939245296,0.24386085099295565,2,57,0.602377281758345,1.0789447329765143,2,100
27,10.043277630322725,0.20579386877921202,2,129
28,0.6193797824266529,0.9720752524657988,2,71,7.976520142811854,0.15681074651671045,2,152,0.028582852721347116,0.27415545055499446,2,165,4.039823351205265,0.3354355705635888,2,200
29,12.777582636247958,0.11635192222893238,2,200
30,0.8106508764091664,1.3458049978528703,2,14,0.00025998776699123256,1.0630253950754802,2,20
31,5.021885515928987,0.5369985448963502,2,170
32,1.7595689453492427,1.1319152855873107,2,25
33,3.4567049193285078,0.337446424890967,2,51
34,0.5668323332271263,0.6723819147427004,2,91,4.998221116355116,0.20078200583948808,2,159,0.00034821562458891853,0.6864826411008835,2,169,16.376834080581332,0.12619735348609187,2,200
35,0.11138448037386965,0.931964693272986,2,41,3.3380406727313567,0.5627484652174621,2,160,0.02009064564054585,0.4119123640385541,2,182,2.943632149941197,0.4278068261014091,2,200
36,0.8182834280673648,1.3052397529284159,2,30
37,6.618043437209879,0.48490174871224623,2,65
38,0.10401095527414678,1.6404504776000977,2,6,3.838787581335339e-05,1.21269713980811,2,20
39,8.456034871729704,0.3147281770730138,2,199
40,2.97432894777306,0.4403956622630358,2,200
41,0.3071092971003063,0.6128389927925486,2,132
42,2.120909705307203,0.5661838054656982,2,75
43,0.5181461942509736,0.6409498204787573,2,6,7.617115708263722e-05,1.122937832559858,2,20
44,0.3487836420142854,1.0584435264269512,2,12,8.117188823270519e-05,1.1472493261098862,2,20
45,0.6386904374303699,0.8830015448535361,2,82
46,0.5684857119650937,0.8789168436135819,2,67,18.98120156248281,0.13456570329074574,2,200
47,2.1044836572544425,0.9132281185852157,2,72
48,10.531777778732625,0.1515834628790617,2,200
49,0.10263644168606074,1.4625333746274312,2,6,5.576967650828614e-05,1.0874876465116228,2,20
50,12.002962711040778,0.3004735295811007,2,155,0.01097028601631048,0.14439686669243706,2,200
51,0.9433054988387274,0.7276234117647012,2,48
52,2.159779410294616,1.0189121874895963,2,55,0.16482365756938394,0.7592959193847119,2,133
53,1.007562600854441,1.1385898859270158,2,31
54,1.9079158850138513,0.9589808940887451,2,15,0.001490406052272502,1.781577730178833,2,20
55,0.7318946554684438,0.9318395907228644,2,22
56,10.271822041833806,0.4335863828659058,2,5,0.00012749633768822794,1.026458207766215,2,20
57,2.1342609682607057,0.8599611486900937,2,88
58,2.4296151337578196,0.46447510965939226,2,29,0.02273254022775019,0.10965471595525741,2,79,2.5708093187476306,0.8063006619612376,2,124
59,0.11911189151314368,0.3648368303071369,2,44,11.21375932985044,0.18913657017625296,2,200
60,0.24293394469102939,0.9819038311640421,2,6,4.782860954892827e-05,1.0664737054279871,2,20
61,5.502317079476433,0.5046583142072435,2,63
62,1.615525063503312,0.8175103273548063,2,61
63,3.6059510270684667,0.7256041844334222,2,113
64,1.337258295239359,0.6680468811708338,2,34
65,6.24839260882514,0.2544461207545322,2,115,0.018412612180287107,0.31508862546512056,2,129,6.553058427691931,0.3790438024091049,2,200
66,1.6461014295720575,0.6016173660755157,2,6,0.00011004644764502985,1.3053721615246363,2,20
67,0.13938874914067753,1.1749092638492584,2,8,5.13712697863436e-05,1.0761275390783946,2,20
68,1.7892099392741592,0.9549974923332533,2,24
69,4.343615093306433,0.3940696500034796,2,144
70,0.8513901769383865,1.3083549462831938,2,13,0.00027870457083995897,1.1707756519317627,2,20
71,1.1546009534599864,0.9321404034548467,2,101
72,1.9782738891494378,0.8968583941459656,2,88
73,7.818479616456054,0.29499111270904543,2,125,0.049384085248458075,0.44567663754735676,2,146,2.985972100250849,0.31113243875680147,2,200
74,1.36284853938665,0.9411856835005713,2,61
75,1.3010081097470831,0.8109445680271495,2,66
76,1.0017866775389108,0.9405429556563094,2,37
77,0.8338167082859563,0.9925418496131897,2,64
78,1.0310373424723875,1.0619943843168371,2,51
79,1.7246727102663018,0.7822767082654255,2,71
80,6.275045584839414,0.5475204404443502,2,200
81,0.7424890967217966,1.0723085284233094,2,10,0.00011241027795575938,1.123106026649475,2,20
82,0.5410716608907297,0.9653736493166756,2,51
83,2.772444019094196,0.3662276596037878,2,144,62.10982776481703,0.14055448131901876,2,200
84,0.815452843475868,0.9708833779607501,2,28
85,0.2520700021154885,0.5348195144108363,2,35
86,0.8562493310074532,1.2526771414036653,2,49
87,0.5801058613482221,0.7034512351666178,2,70
88,0.8459750904961274,0.8587915500005087,2,12,0.00020906998976512255,1.1738032549619675,2,20
89,3.8494845314734096,0.2661104019562803,2,199
90,0.5003651793045604,1.1012789100408553,2,40,18.650504659292267,0.15334262447431685,2,200
91,1.2706963208926292,0.701123130209041,2,53,32.72982015676379,0.151287289399679,2,200
92,0.8179380658011679,0.9322364372866494,2,126
93,4.758210092159127,0.24345949946719908,2,107,0.40500907269732506,0.8457337342282777,2,200
94,0.7871209303436785,1.2261967717147455,2,41
95,0.7232933770951566,0.9005740791030185,2,169
96,1.5816112313746877,0.6514268692523714,2,63
97,0.9971574604764114,0.8720909453727104,2,37
98,0.8024422769048589,1.1020985314479241,2,52
99,0.9177206101133181,0.9487022732694944,2,48,22.824856094455768,0.09026144279374017,2,138,1.802357327917634,1.0868566061588043,2,185
100,1.1616854642376817,0.8579666843781104,2,13,0.00021721949700780394,1.2151066064834595,2,20
101,2.191797865315617,0.6194840034097433,2,200
102,0.4715466597024526,1.2651216685771942,2,12,0.00026628801464395553,1.2144363075494766,2,20
103,1.9653734882049623,0.7306154308647945,2,29
104,2.299427579854206,0.5340781333354804,2,130,49.16368116628896,0.31849298924207686,2,200
105,0.08231831916175858,0.803871750831604,2,7,2.4960839075711488e-05,1.0602455689356878,2,20
106,1.9196110542186358,0.5488719307893032,2,74,93.39727642345164,0.10146022469751419,2,200
107,0.8616097608399448,1.0625832818322263,2,59
108,2.7969288714704166,0.3590681565078822,2,110,67.51161798019801,0.12972701112834775,2,159,2.0241620740212003,0.5396070792907621,2,200
109,0.6509411275586952,1.1539338688055674,2,30
110,0.9480700155267087,0.9036307692527771,2,25
111,0.020078818744904536,0.5648437482970101,2,49,0.618857802759731,0.24297652071392215,2,123,34.250635599484575,0.085533260525047,2,200
112,0.6603863789061044,1.001071294148763,2,6,8.00022799356365e-05,1.0983055319104875,2,20
113,6.685551168565337,0.22267138177916507,2,149,0.2669019581555657,0.3900433355011046,2,181
114,0.32072185639732037,1.538526639342308,2,8,0.0001487128168662044,1.3368829389413197,2,20
115,0.86082550671979,0.8612117189533857,2,49
116,0.16149977648690927,0.8267602655622694,2,9,17.163442287226072,0.38970735902879755,2,60
117,10.04324980111746,0.16658509865000443,2,37,0.24067914019469744,0.2680265022648705,2,82,12.147892499150396,0.07237773502277116,2,200
118,0.8644193362446808,0.9469366577955393,2,13,0.0002042322854291442,1.2655565908976965,2,20
119,0.5321757771517193,1.2201130886872609,2,12,0.0003345539691838091,1.3234861195087433,2,20
120,0.993015961301643,0.891337925195694,2,10,0.0004425759362712271,1.169095480442047,2,20
121,0.8691217929321878,0.9381534037766633,2,54
122,1.715376890366062,0.7900324700207546,2,145,26.68802067047736,0.11123906536535784,2,200
123,0.09526269068080358,1.0287100871404011,2,3,1.3994286220434954e-05,1.217023418230169,2,20
124,0.026907736244332094,1.4196814596652985,2,4,1.6283152752523764e-05,1.1615568585693836,2,20
125,3.8151403788414027,0.3458100025142942,2,14,0.0007987467361664545,1.0725980003674824,2,20
126,0.06955835071000627,1.5724958777427673,2,4,4.1231376454969145e-05,1.1403564289212227,2,20
127,0.00016452054310167068,1.1475543200969696,2,20
128,1.558133609380297,0.8573835388136407,2,192
129,2.783198101496844,0.2462598564369338,2,28,0.0071193757114894505,0.27906441865932374,2,70
130,1.5693111960706907,0.8944929657560406,2,33
131,1.0130469826666695,0.8175383345647291,2,66
