1,7.407068715662185,0.09325523751298177,2,97,139.87941547352705,0.796850302318732,2,127,0.2615313414257194,0.7889796291909567,2,168
2,4.306810812874149,0.4821083737271173,2,63,0.02129208857850344,0.13969329851014273,2,105,1.2864396473527913,0.9819967809476351,2,200
3,1.039188748787278,0.8749370358207009,2,22
4,0.5620057170283731,0.8756750013730298,2,73
5,0.5165270732470203,0.9350773890813192,2,24
6,0.4710413983989089,0.7313415030407351,2,86
7,5.967657753774174,0.9981873268751722,2,76
8,4.249879873347563,0.7626398276926866,2,67
9,0.6714294383828715,1.0156277530333575,2,85
10,0.06456778039781547,1.3078643480936687,2,6,2.640234330220241e-05,1.0481503520693098,2,20
11,1.1929312244524726,0.7760075437171119,2,28
12,1.5122110011626073,0.9375934127049569,2,117
13,0.12530861624520437,0.3117790278047323,2,56
14,0.984299131789596,1.0484133422374726,2,20
15,0.32013164715754067,1.4112767631357366,2,22
16,0.6435737390606368,1.2722501974356801,2,38,18.796830997693444,0.32908453954302747,2,84,0.10613364996100831,0.4562177356887371,2,178
17,0.8998938535503339,1.1708618558423465,2,43,104.99514636048426,1.759744035570245,2,62,35.52234051573762,0.30849449187517164,2,72,2.1885450280036074,0.10138324908912182,2,112,158.76230778569854,0.4996684430675073,2,200
18,0.06264306411576777,0.5771659947931767,2,28,5.095672600982817,1.3415530413389205,2,68,50.447923103350334,1.4503860473632812,2,82,130.82788710057557,0.10893237653930309,2,200
19,1.3929096331628552,1.041169951359431,2,48
20,1.3840086528173874,0.3631640794456646,2,93,0.000965604655586848,0.8886570845331464,2,100,6.194195322960902,0.21285839704796672,2,164,140.6642446124402,0.18167996489339405,2,200
21,0.5725832072146005,0.8054413398106893,2,3,0.00010634391092476357,1.0469407824908985,2,20
22,0.07928123353571354,1.0999057690302532,2,6,2.6010378642784512e-05,1.0303364396095276,2,20
23,1.1122771460520202,1.0111356833401848,2,51
24,1.0176146772822101,1.050453280580455,2,29
25,0.684247261121609,1.0912919770926237,2,64
26,0.6600275469478867,1.1423488124724357,2,31
27,0.7255001783422473,1.213566584587097,2,25
28,16.6822463924481,0.9329523167748383,2,69,1.0785474698704847,0.24832748195954732,2,153,18.689567315969725,0.268766794115939,2,200
29,0.7529634828196868,1.0075544760458999,2,144
30,0.9961361494577724,0.7278221035003662,2,50
31,13.293840739491854,0.2356866498788198,2,123,65.82721588720315,0.2799758017063141,2,134,206.43059431213908,1.6582675576210022,2,170,129.1944188296109,0.0806672175725301,2,200
32,0.057857221116129835,0.31816039410504426,2,55,10.029433509928193,0.1373152519094533,2,200
33,2.451799366594015,0.6871866472065449,2,200
34,6.4334178013098695,0.2240695936042209,2,86,0.02658192107531445,0.21102735613073623,2,100,16.420613712282996,0.13083385974168776,2,200
35,0.03941283605421005,0.6006544530391693,2,31,2.340667602255318,0.6230353292077779,2,111,0.04153826676108716,0.5238989312201738,2,143
36,1.1668326639252224,1.1226475923149675,2,54,0.048696914951914014,0.26843156147262326,2,100,1.0455408342485455,0.4477979980409145,2,200
37,0.5990123943852979,1.150241619348526,2,20
38,0.07936803688669081,1.0590884923934936,2,5,2.6136790361796018e-05,1.0170104225476584,2,20
39,2.580064342369659,0.880248752800194,2,37
40,2.18557214437415,0.9021399087376065,2,54
41,0.09719944955082982,0.9270639618237814,2,6,4.467578754471315e-05,0.9395873759474073,2,20
42,1.063874947666325,1.067575487651323,2,76
43,0.9555177221361411,0.8452588581121885,2,130,76.76923348310706,0.13636882300826086,2,199
44,0.07517934772397242,1.3557903170585632,2,6,3.806968030300541e-05,1.07198600258146,2,20
45,0.7548072586274962,0.9714460726137515,2,27
46,2.2708166068579985,0.6698920637369156,2,150,63.20770774723394,0.040750914812088014,2,200
47,1.7375417080325004,0.7436698323488236,2,200
48,0.897591084572553,0.9005369531347397,2,47
49,2.2110021945496974,0.8038769137798524,2,98
50,1.915237108168731,1.0686554000491189,2,21
51,0.000702295984826294,0.8986354619264603,2,8,3.111316753033051,0.5906147201513422,2,37,84.44250948293904,0.142570507655973,2,152,2.181840800298012,0.7168662645987102,2,187,0.015647656560965006,0.2339073236172016,2,200
52,0.3049726312521021,0.7118885040283203,2,20
53,0.5097163537588798,0.8624600465550567,2,132
54,0.2691559752024111,0.6328547944625219,2,6,2.638672924107076e-05,1.1422641788210188,2,20
55,0.7204858571644162,1.0883388466387987,2,200
56,0.808094315948086,0.8880143068932198,2,37
57,1.1842412410542151,1.001855573870919,2,22
58,0.8951656319344792,0.9508278434341019,2,37
59,0.03846275928973734,0.6755420178174972,2,50,18.397781215213858,0.1850909354289373,2,200
60,1.2057055082949448,1.1175612295177622,2,71
61,1.4427101704059577,0.6903197084154401,2,35
62,29.80149713526387,0.4346333115765479,2,113,76.13362159099864,1.6695558654850926,2,200
63,1.5142323274156315,0.6591853148796979,2,34
64,0.11451692953256044,0.4248774502521906,2,39,4.862479643135426,0.36742062096627764,2,188
65,0.4695439055930399,0.9814355530581631,2,91,3.6332946931647485,0.835100718111877,2,174
66,0.06555993276355926,1.318748265504837,2,4,2.752867172838843e-05,1.0741292983293533,2,20
67,0.1142131241066632,0.4645767061988269,2,163,5.089021648741928,0.3261839832003052,2,200
68,0.43683303036403104,0.47264793142676353,2,8,6.876166354459972e-05,1.098327527443568,2,20
69,0.9953757954539754,1.130402578434474,2,71
70,1.8756729105334569,0.954629035099693,2,23
71,1.2602607459141384,0.7359026352710584,2,68,22.34276384120579,0.3027883196870486,2,200
72,2.675796661570739,0.2808909462048457,2,26,0.052696499637565626,0.21102390741860425,2,53,2.083364506073757,0.475006543961512,2,200
73,0.47336380610889445,0.7700820246747896,2,51,114.94822230726301,1.27707110055341,2,200
74,1.5353980075131586,0.8883973282575607,2,100
75,0.09913451363144338,1.2602263424131606,2,9,6.51497542415033e-05,1.2169431773099033,2,20
76,0.06831821623699462,0.29263666001233185,2,44,1.3254859832722268,1.0733651017385817,2,107
77,1.6534346233491617,0.49836935918955577,2,168,81.34709695595244,0.17279030190360162,2,199
78,0.19448972755611335,1.7591875314712524,2,5,3.258296261148374e-05,1.1682612578074136,2,20
79,5.493365433031903,0.16991048852602642,2,30
80,0.4684237460881631,0.8287862283842904,2,14,0.0006517001983131607,1.0850122173627217,2,20
81,0.5132632686044737,0.7198136124921881,2,46
82,0.2495331964755951,1.0912326795864948,2,113,0.020027243495695794,0.22361057825472164,2,200
83,11.638373880113905,0.32202261686325073,2,7,0.0001298104509108901,1.2170245830829327,2,20
84,1.790442410430529,0.4691648733231329,2,31,28.753133464186,0.05831118254266547,2,200
85,0.6846957871581466,1.4031552255153656,2,20
86,1.3075130010228788,1.0476024933159351,2,32
87,1.2553237868610305,0.7776307474289622,2,28
88,1.1936985074875717,0.6592105055177534,2,111,8.68625102180355,0.45598025301868994,2,200
89,1.3286465810999042,0.4458919857298174,2,62,34.91184686530874,0.24158169642306757,2,200
90,2.031432519925694,0.5639637575430029,2,85
91,1.4617075781291113,0.8975129151830867,2,49,0.09354354366646073,0.29261546280999845,2,200
92,0.9483743747425789,0.881898544728756,2,8,0.00010769782008919288,1.0498963594436646,2,20
93,0.9970154670442107,0.9411614614725113,2,150
94,1.4403365370709853,1.1181137556746854,2,118
95,0.5051783547969027,1.317382574081421,2,10,0.00015595637425579469,1.1719683170318604,2,20
96,0.7739578163806009,0.8003201860897612,2,101,73.49458413187429,1.5231778637088578,2,159,139.61588062222557,0.10297919700785381,2,200
97,1.9084042497641838,1.033291184902191,2,20
98,3.2714927830255873,0.5193323366005312,2,176
99,1.5574084942394053,1.097409673359083,2,23
100,0.05786360532638213,1.247984488805135,2,3,1.9095172716712042e-05,1.1733571150723625,2,20
101,0.055574508721559154,1.2948025067647297,2,3,1.8628150368786018e-05,1.195612907409668,2,20
102,0.45866750231345543,0.8135982751846313,2,6,7.635941066718653e-05,1.0969283921378,2,20
103,2.598370326158741,0.8166155020395914,2,36
104,0.6365693258799919,0.7755894456841365,2,119,18.014979974297717,0.36363259045516744,2,153
105,1.3324882217431049,0.5475452453532117,2,141
106,0.7766120402244527,0.8529963739732704,2,101
107,1.5072899955157755,1.0800185714449202,2,28
108,12.169529520982021,0.5089062482453464,2,89
109,0.7382131891742828,1.0001055891230954,2,59
110,0.8934428513778326,0.8015563416481019,2,25
111,2.303236044642895,0.5116987453728188,2,41
