1,4.14309150004262,0.6739650070667267,2,116,110.47062980389113,1.837128534203484,2,200
2,0.20760735617729098,1.5078796446323395,2,4,7.826171091584738e-05,1.1551213562488556,2,20
3,0.6214883049968479,1.0035486887483036,2,34
4,0.20104067712767426,0.728771618434361,2,7,3.680629748022559e-05,1.0113493754313543,2,20
5,2.114854229004455,0.8699614548519866,2,73
6,3.068923507198456,0.7481171201914549,2,40,29.873450068231413,0.509835747735841,2,110,157.3872784227654,1.6201145483387842,2,200
7,5.237337562019032,1.0507189273834228,2,10,0.0001912545186840925,0.8263630628585815,2,20
8,0.5610364986479437,0.9198847954923456,2,11,0.00028066504754214495,1.4563980102539062,2,20
9,0.6779418635721755,1.0184750392519195,2,29
10,1.1114700536524407,0.860877703397702,2,39
11,0.8172488540585372,1.1585215051968893,2,30
12,1.0705977495199976,1.2646744598041881,2,55
13,0.0022956006153144466,0.3167665553720374,2,19,2.7424284874820675,1.0142863438679621,2,45,121.11160923120953,1.8723953554504795,2,83,0.0154782751213343,1.1962825536727906,2,88,128.58754654687527,1.486808945823993,2,200
14,0.7576563783816053,0.9902983951568604,2,25,141.36421879913172,1.9470289527324207,3,82,0.1691109134647871,1.3046458065509796,2,90,147.21141548332668,1.9007714260708202,3,200
15,0.4561065715759832,0.7191507569514215,2,64
16,1.012110344742276,0.8829590965961588,2,29
17,0.6635235970834645,0.8684138412085863,2,104
18,0.41748835120810324,0.9507610142230988,2,20
19,1.424047479105765,0.8585121429327762,2,165
20,0.8950738842715756,1.2822480547812678,2,31
21,12.721239798348348,0.14209692746400834,2,200
22,0.5583067129819146,1.1806666819672835,2,38
23,0.7319234061791284,1.0604141785038843,2,72,0.22729696574893968,0.2698171130485005,2,90,44.10552607757233,0.2284220109838958,2,199
24,0.7616890117233752,1.1647867816825246,2,86
25,1.939380244387062,0.9261861599626995,2,21
26,0.4506515372857276,0.7615839668682644,2,7,5.743575616663439e-05,1.206343045601478,2,20
27,4.142384085702862,0.3192712941340038,2,77,0.014591194567429291,0.23906130778292814,2,149,2.1003891805620447,0.6692461311817169,2,159
28,0.23295570789279627,0.9663479089736938,2,20
29,47.119838944572614,1.7061385691774136,2,49,0.0342288651089277,1.3105881929397583,2,54,184.82676048488767,1.8566539165091842,2,200
30,0.09895859746410703,0.3441724216984224,2,129,24.206096530950223,0.3042191669974529,2,200
31,1.0091633853503637,1.0159584299938098,2,74
32,1.2797989244190515,1.1093855289851917,2,34
33,1.8804597516491042,0.4205328695476055,2,40,56.03341504838645,0.23724538972601295,2,200
34,0.34695102653899484,0.9403116583824158,2,10,0.00012802334527831742,1.3156827092170715,2,20
35,1.0403079671202728,1.2058139654897875,2,31
36,1.4908951168441886,0.6552160736373676,2,186,0.007697598658047898,1.186680895941598,2,200
37,0.6785207415846084,1.1606495160322923,2,130,30.498762178702805,0.16027696281671525,2,200
38,2.414966720118466,0.6600700824890496,2,106,0.07688787989603643,0.07924185807888325,2,158,3.7680363753623856,0.7468617618083954,2,178
39,1.2531675391737251,0.6050859714547793,2,36,0.0429772644876671,0.3388195280795512,2,82,1.0196854028336826,0.8532472440543083,2,186
40,0.31711266518716685,0.5972371391825757,2,59
41,4.02877944429238,0.3259748665765784,2,87,72.90989892212275,0.7684870801473919,2,106,195.91980176851067,1.8330757706723315,2,200
42,0.13907435931821685,1.5159361561139424,2,6,3.2923166068300736e-05,1.1258194702012199,2,20
43,3.2389788252202414,1.0583263196443256,2,57,38.84954667483283,0.13756621397774796,2,86,72.75820912523535,1.7320268396288157,2,182,0.017133026548587546,1.4503385821978252,2,188,27.653369256667386,1.8059453964233398,2,200
44,0.3129345407407362,0.7458341680467129,2,20
45,4.974595328138267e-05,1.094273602962494,2,20
46,1.3657884314478959,1.0169702898710966,2,64
47,1.2463709631437274,1.4279176394144695,2,24
48,1.1299969701913968,0.7461732864379883,2,15,0.00017431624880664598,1.3160431385040283,2,20
49,1.53905573965661,1.180471890851071,2,38
50,0.00015781849394456198,1.2054148495197297,2,20
51,0.624784275395303,1.1114464376283728,2,23
52,0.41028972815051284,0.7293907105922699,2,12,0.000490962856449016,1.0037595480680466,2,20
53,0.2645240293123211,0.7586422614429308,2,23,27.910838442089553,0.03978330194950104,2,98,1.372181626294803,0.18462517784267177,2,159
54,0.5613284450164462,0.6527179394449506,2,7,5.965299498187248e-05,1.0432612254069402,2,20
55,0.7620865979929355,0.9606751080217033,2,29
56,1.7678143714207089,1.0310092457048186,2,91
57,0.5100210119547905,0.709067563422852,2,72,0.024924538335477545,0.26096935683413397,2,151,2.4724281340230787,1.2064256993207065,2,162
58,0.0665913724139976,0.26549696661531924,2,120,0.569696439780502,1.0507019296288491,2,200
59,1.0357350509972976,0.564971270232365,2,29,15.113288479487446,0.5603329202403193,2,52,74.43771905409427,1.740120833387246,2,200
60,2.02684656719203,0.5185279275951439,2,179
61,2.373253525441147,0.9996291951435369,2,41
62,0.3858242605091047,0.41425717684129876,2,48
63,4.213940794271418,0.6174854886318956,2,56,0.045061835952882476,0.28337886423936914,2,112
64,2.340430700531013,0.8555431485176086,2,20
65,7.255257596590288,0.33752271049731486,2,37,210.94676342227663,1.7974121153354645,2,57,0.12952690045625395,1.2045932824795063,2,83,194.15057370386296,1.9063712044766075,3,102,0.017205422480314893,1.2986916502316792,2,108,113.5781236958955,1.7195302028866375,2,176,0.07284242388733266,0.30333531523744267,2,200
66,0.5192494426375625,0.9558290727436543,2,48,5.365374985041598,0.5710110454223095,2,126
67,2.6147110197712404,0.5325903879144253,2,78,35.3014227297577,0.9402689329887691,2,97,188.58787009500102,1.864201449880413,2,199
68,0.16419086139964773,1.099720522761345,2,8,3.364687514771829e-05,1.260342647631963,2,20
69,0.023704957912556477,0.17133797170260015,2,39,52.62684738800099,0.5184384176264638,2,62,202.18917089760475,1.702008306980133,2,110,76.55056578607214,0.20510780033138062,2,200
70,1.273590845592903,0.5583311553028497,2,88,240.26430877296593,1.8702825094972337,2,200
71,1.2052471639057338,0.6592235338120234,2,21
72,0.8862378671464222,1.095761511636817,2,23
73,0.9030060685194047,0.9083839185694431,2,141,26.06173769635119,0.6808922179674698,2,200
74,1.0517283184125563,0.9571986850351095,2,64,0.07376806073281256,0.4398083578456532,2,130,4.233678211271196,0.42534049451351164,2,200
75,0.83492823815858,0.8256550940600309,2,55
76,0.0789259822819882,1.170680562655131,2,3,1.799082561416294e-05,1.0908869119251476,2,20
77,8.49974872346756,0.3535786141951879,2,45,0.8636045852560611,0.7587834665941637,2,174
78,0.7648982043549818,1.078480178117752,2,20
79,0.5368703596331598,0.9072147267205375,2,14,0.00019343671969999693,0.976210375626882,2,20
80,1.6824211395265192,0.9680311358232292,2,139
81,1.4096496907757559,0.7826293408870697,2,26
82,1.0236545479222237,0.9820925522791711,2,76
83,2.4078255883618995,0.5930453114784681,2,52
84,0.25860921847956064,1.168647474050522,2,20
85,1.519572802212654,1.0262443158361647,2,18,0.03243553038222778,0.3904740265646919,2,79,1.0509486201195295,0.8550085084778922,2,198
86,0.25715266489443056,0.9476860364278158,2,6,6.023671267134402e-05,1.07276565687997,2,20
87,0.1849779283887391,0.35914144299778283,2,51,31.49128634486306,0.12440693759640982,2,94,0.0357939867701011,0.1799754632531472,2,200
88,0.5923196101301439,0.5500158559192311,2,11,0.00016196714721115974,1.0893487135569255,2,20
89,1.0065564025438214,1.048749724301425,2,110
90,1.4974833638220606,0.9705316623051962,2,15,0.0013814488108496777,1.0824666976928712,2,20
91,1.6739451899237918,0.855394086903996,2,36
92,0.6509170331560123,0.8559798541523161,2,21
93,0.630611956504273,0.9849318125668693,2,17,139.87136930153255,0.0924672535279902,2,58,0.8071279404856481,0.8478552777792366,2,200
94,0.37187166388411574,0.8501858413219452,2,10,0.00010102656502734081,1.1869297862052917,2,20
95,0.4264633213994822,1.320572363005744,2,9,0.00016379641122601688,1.2610035159371116,2,20
96,0.10573331210040937,0.3981616826994078,2,28,1.3913088839268684,1.0275267962126704,2,199
97,1.096044494362623,0.7410787528958814,2,29
98,1.108290050788177,1.0944889307022094,2,15,0.0007713717456718065,1.313355278968811,2,20
99,1.8462954143301764,0.5907449433032204,2,34
100,1.6030172054163718,1.380209732055664,2,20
101,1.1847908217736212,0.9188240750630696,2,150
102,1.0130175701079325,0.7080112477784516,2,93
103,0.032137046278522964,0.35752712974422857,2,19,4.5893053072491545,0.3589246615767479,2,29,1.5875429440298696,1.0584242343902588,2,42,151.51676253477427,1.7514034597600092,2,164,0.6626214396559089,0.9068012381422108,2,193
104,0.500592805418212,0.7740452906323804,2,144
105,0.10390493355171093,1.5534269094467164,2,5,7.427787115324489e-05,1.102425479888916,2,20
106,4.108676278664499,0.40551025569438937,2,20
107,1.7515309601670168,1.0759698456906257,2,94,152.0525888688754,1.8849329329156257,3,171,1.4910028104031698,1.1242863803074277,2,200
108,0.14990214541929903,1.2513558268547058,2,4,3.581080156024276e-05,1.091866660863161,2,20
109,40.9117028340702,0.2269833032851634,2,46,2.6983916967925543,0.8350261356681585,2,110
110,0.45391291953342366,1.0785356495115492,2,9,0.000128544430631,1.1170094446702437,2,20
111,1.4615436124390808,0.6058061156007979,2,36
112,0.5316323232689707,0.9396960680131559,2,54
113,1.4639419227656132,0.892639305194219,2,60
114,1.154058614036351,0.5541772017112145,2,13,0.00031548950440989294,1.1441504103796822,2,20
115,0.7018649950007635,1.3030049228668212,2,25
116,1.0883440371345314,0.9316698278560013,2,122
117,0.28723894378135495,0.838350738797869,2,7,4.020345688150932e-05,1.121042013168335,2,20
118,0.64335377959802,0.8923378749327227,2,33,29.824084749669222,0.7755542718551376,2,143,0.18799380398256765,0.3523676723241806,2,178,43.30335823910652,0.05103711783885956,2,199
119,8.512253779422474,0.657094368007448,2,45
120,0.5494022096493063,0.9411067787025656,2,112,5.223399996588395,0.6334788860643611,2,180
121,1.508757521468582,1.4188699520240395,2,59
122,1.1507053614974918,0.9230794766039219,2,106
123,0.5209317282864618,0.7782698452472687,2,90
124,6.496936770115969,0.754691966884845,2,74
125,0.7706337861617547,1.1219618205101258,2,31
