1,3.186171106696421,1.3973556905984879,2,8,497.03851895538253,1.9803305795559516,3,60,0.018884349793389647,1.1814329028129578,2,64,523.1370292282345,1.9546554789823645,3,81,1.4317075834398396,0.5587173170513577,2,90
2,0.14847025854053633,0.9378303090731303,2,6,5.898412776874255e-05,1.0181978344917297,2,20
3,6.664364197570326,0.15250868971149126,2,48,0.032067926559780205,0.3402284506489249,2,65,2.0743900217008013,0.5554071871133951,2,182,51.63028465983221,0.1319475563036071,2,200
4,0.49050136077467754,0.6984619833528996,2,56
5,0.7824727110013566,0.6861989660494363,2,134,10.370105131658063,0.5797442139850723,2,170,0.0256989843455175,0.16847921907901764,2,200
6,21.014797748445666,0.11500136242122264,2,148,0.13943935651526154,0.20931939006997988,2,200
7,1.2518564038493623,1.0611463785171509,2,10,0.0001169699290230667,1.1516286611557007,2,20
8,1.389532158130154,1.1089803686848394,2,27
9,0.02233253173568313,0.24013873571768785,2,78,2.0135781940214006,0.690257385798863,2,113
10,0.9572251467743665,1.14018510778745,2,30
11,1.070932186141359,1.1751771936049829,2,26
12,1.847464218937326,0.7439791054930538,2,64
13,0.6974503956275718,0.7955724515125785,2,142
14,0.23705050481274542,0.4895387169585299,2,134
15,0.3247094169815478,1.1544918954372405,2,20
16,0.06411534547786588,0.35449926720725167,2,9,22.22307671615418,0.4094287475218644,2,46,196.77555903326478,1.8554717689365536,2,200
17,0.6400536676876744,1.0683029245685887,2,37
18,0.2885121877019806,0.5488136341345722,2,58
19,1.610658818372201,1.1750684217973189,2,55
20,0.8548327292982444,0.6772263589359465,2,21
21,52.018469327843974,1.5973548919707536,2,200
22,1.5475497739826372,1.209023376305898,2,54
23,1.0745866742923993,0.5989188990172218,2,34,14.35991352348606,0.2939619857324175,2,200
24,1.5653580493081738,0.9484821955362955,2,48
25,0.7289172754906019,1.315322756767273,2,20
26,1.2817512952208405,1.1108713327570165,2,47,49.53797132711277,0.12541160660405312,2,78,0.010306598693129101,0.14500838628521673,2,105,1.3708442040943152,0.2502049542963505,2,161,0.012304142964923178,0.07563664136748564,2,199
27,0.9764265747857995,1.2682890353664276,2,31
28,0.6714369106865937,0.8852082209858468,2,123
29,0.34315042082451164,1.0901853640874226,2,9,0.00010229752125718704,1.053986668586731,2,20
30,3.6505602053175736,0.3684268216400043,2,184,0.01601116427765088,0.3599305171519518,2,200
31,1.7919913157012448,0.5505881540901293,2,123,91.96068894176234,0.08741159775814453,2,200
32,1.0988559672538962,0.9661376875294142,2,121
33,0.14812057521937214,1.3411459624767303,2,4,3.177090041264843e-05,1.1313402950763702,2,20
34,0.8342544363238235,1.0781406606397321,2,124
35,0.7554451479823625,1.0949344336986542,2,44
36,0.6367848442483199,1.2605335895831769,2,13,0.0002384362962195695,1.1626835891178675,2,20
37,0.6198638309136754,0.6999092884361744,2,16,40.143578782449225,0.03752229001153918,2,152,0.7453041257949731,0.09973783170183499,2,200
38,0.1307282749212702,0.6901561850208348,2,59
39,1.2641265368549006,1.2574036955833434,2,60
40,2.440096059729505,0.7566940463853605,2,99,0.007719684436433845,0.7896846234798431,2,105,17.118800999988082,0.39050156270202835,2,200
41,1.4675732787963816,0.9401464632579258,2,91
42,7.613810244198882,0.6963289976119995,2,5,0.00011864215634291745,1.2986921866734822,2,20
43,0.5122909094635899,0.8110543737808863,2,24
44,0.07824452181690325,1.3526923656463623,2,4,2.181146152866761e-05,1.1254553198814392,2,20
45,1.1877147685971328,1.1000698821645387,2,71
46,0.19758874095920345,0.3607030964019347,2,49,34.86993950966557,0.35325406748332727,2,200
47,3.8814629352107217,0.24089473172238,2,38,0.08995462787853149,0.15726491422564895,2,65,13.434204753233002,0.42020676612854,2,90
48,0.9535285466421877,0.8780305345143591,2,140
49,0.5742404010291894,0.9123805797461307,2,33
50,0.014413674747285395,0.2672879588676662,2,82,2.6696316876806576,0.705847137353637,2,126,0.007423810061609083,1.2865557074546814,2,134,10.174833349525453,0.578268627686934,2,189
51,0.493257823195164,1.0818474113941192,2,20
52,23.061841206986518,0.4784360811196638,2,181,0.10075611137296403,0.5262318747608286,2,200
53,0.4888094513951108,0.8679998964071274,2,24
54,1.7065839573964574,1.0258862684512962,2,29,49.46009435801605,1.3398925719722625,2,60,58.67965038635664,0.14273934677625313,2,138,206.4284751457255,1.7785764394267913,2,200
55,1.5060131458781436,0.9899946799438991,2,89
56,1.3243608830744549,0.9388987747105685,2,198
57,0.8646279214394127,1.2309568248413227,2,108
58,2.134192415061092,1.0688165934880574,2,75
59,3.7630429848951943,0.5843224781362907,2,138
60,1.980020800567366,1.1068557898203533,2,12,0.0004443737188640333,1.250438392162323,2,20
61,0.09392169294894641,0.36829263814117597,2,46
62,1.6793337696150408,0.8695516389804882,2,91
63,1.410625980988731,1.016943503029739,2,79
64,0.8569048758426814,0.9129493007756243,2,99,7.974132560729454,0.04437481945958631,2,157
65,2.0298208551730625,0.8029687956527427,2,27,0.007404992167956228,0.3705235722249952,2,85
66,1.5866931471953534,0.6826021432876587,2,20
67,1.800479840614216,0.7096217238173192,2,49
68,0.11491145172798653,1.270194262266159,2,4,5.855512034141712e-05,1.0710706561803818,2,20
69,1.5382130299784709,1.4004131058851879,2,24
70,0.1365063616072675,0.9444228559732437,2,20
71,2.6885913813601383,0.6194329664987677,2,51,125.60553120142839,1.7193215574537004,2,65,0.19784364757832162,0.27561894823343325,2,104,105.82650814243004,0.9141051055242618,2,200
72,0.7624306875754301,1.1186749023549698,2,34
73,0.14211655585932884,0.88363050421079,2,6,7.8298555497119e-05,1.1584906322615487,2,20
74,3.1108512346285058,1.4883034860386568,2,17,0.0852050210707076,0.7174166377450599,2,78,45.53867490005758,0.46766479478942025,2,87,0.006467898660742117,0.30374062226878273,2,177,1.4200798379034463,1.310977298280467,2,200
75,0.5261005771200458,1.1376756599971227,2,14,0.0004408754120247532,1.1163702805836995,2,20
76,0.05735456639268423,0.5759836234152317,2,20
77,0.6959742870856731,1.1078154549879187,2,51
78,8.74658237645558,0.5108982137851901,2,154,76.84174040380296,1.1031060976826625,2,200
79,1.9281210888685885,0.7448783254623413,2,50,125.34799306760839,1.915031108856201,3,200
80,0.9319148935146015,1.4184441225869315,2,21
81,0.05506450095445399,1.070835252602895,2,6,2.8879719325539288e-05,1.0069279628140586,2,20
82,1.3598280977995743,0.9179902541928175,2,41
83,1.1468376825118982,0.8616586656406008,2,29
84,0.6930901773623381,0.8069359451189808,2,87,0.028889327838775198,0.3933028011866238,2,133
85,0.5807868852303779,0.9557087475603278,2,22
86,0.712764803914705,0.9455846034563504,2,65
87,0.903989876647763,1.058325399523196,2,46
88,2.2993822587486474,0.8758455081419512,2,33
89,1.139071464862171,0.618616934365301,2,67
90,0.4949434525701927,0.9705021554423917,2,31
91,1.1667142226718235,1.0955675304690493,2,79
92,1.1899730060475722,0.7503465712070465,2,20
93,0.46586062843077697,0.627526479107993,2,28,10.7199153460536,0.1395444680265216,2,200
94,0.11829426941460928,0.29549183920025823,2,40,0.0014077698169950494,0.3734592755098601,2,77,6.459251581647127,0.3223258304547091,2,199
95,1.2262830585810254,0.7105370258030138,2,38
96,1.1954243451630626,1.6171977917353313,2,18,0.1247093285203596,0.2644363061889358,2,110,23.79019115245093,0.09288977964056863,2,200
97,0.0185007117569564,0.5433113504858578,2,17,6.125701555463344,0.370522429220012,2,200
98,0.3186288711284786,0.8150785148143769,2,10,0.00011529308112405082,1.1690908193588256,2,20
99,0.9673904709313268,0.9104684680700302,2,20,166.92361141229784,1.967450895092704,3,42,1.042562012373423,0.9617723236823904,2,158
100,0.7826336029901165,0.9580439041607344,2,199
101,1.698382487294338,1.0437146723270416,2,56,0.08075877655296579,0.22026204806752503,2,184,9.007139733309497,0.5793000757694244,2,199
102,1.590262455727769,0.8193330673440811,2,62,21.599283952190635,0.22364001894990604,2,122,7.649608107115656e-05,1.3626484274864197,2,138,3.70194800646038,0.3137799415816652,2,185
103,0.3212823723564103,0.8547419369220733,2,10,9.321016502202972e-05,1.1897373080253602,2,20
104,0.6366935499246204,0.8221403181552887,2,20
105,0.4535518126721717,1.1263416330019633,2,60,3.4905030179719,0.6572156185979274,2,194
106,7.982331174176076,1.3600321263074875,2,30,0.020129487699278928,0.17425947482215948,2,88,4.154119439667178,1.605926611844231,2,105
107,0.8111977951218218,1.1503666639328003,2,30,27.328011461935382,0.08357128339220388,2,159,0.9629904339213013,0.3464444398880005,2,199
108,1.657221920451731,0.7424634572337655,2,187
109,1.1930829417571887,0.7262658392520327,2,152,14.019982367058434,0.23315978857378164,2,200
110,1.3626701837969177,0.7110466755126134,2,121
111,0.4420091050383162,1.2203484773635864,2,9,0.00013554044093176258,1.2773734439503064,2,20
112,0.07793647501440538,1.3244887590408325,2,3,2.2124454565963846e-05,1.1648239072631388,2,20
113,0.030189789317710984,1.435853123664856,2,4,1.757244661452114e-05,1.1041799560189247,2,20
114,0.050462524112947875,1.366699755191803,2,4,3.5285468520911526e-05,1.0722820088267326,2,20
115,0.03145948254667687,1.4425950348377228,2,4,1.8351521156123954e-05,1.1359719559550285,2,20
116,3.2206202368059724,0.8745806264877319,2,25
117,1.7067711672207886,0.713544851342837,2,75,0.04809412575101078,0.19390229571540402,2,128,2.4851133311320437,0.7043434862907116,2,167
118,1.9878045620972205,0.6726085018852482,2,46,0.006872640141226923,0.22666829210870407,2,63,0.4819167024146451,0.4107590935059956,2,105
119,0.5217961717391616,1.033539593219757,2,66
120,0.8049510409865158,0.9378102918465933,2,30
121,0.17051835454075195,0.6381104453043505,2,22
