1,2.5490981291996015,0.5564805328845978,2,5,7.931420236603797e-05,1.1117700338363647,2,20
2,2.7948695895996605,0.6556000666272256,2,62,27.677380077887253,0.5848518684506416,2,70,127.46479358355079,1.8282445944272554,2,200
3,0.583883908395539,1.036468905210495,2,20
4,0.8986571555185611,0.6985224410891533,2,48
5,51.337524667080075,1.6469722936550777,2,108,0.10727782646080075,1.3039850848061698,2,115,344.22921799547373,1.8366619194255156,2,200
6,0.9982356040448873,0.9499306367503272,2,90
7,3.1827865772608437,1.113110277387831,2,9,0.00011748689949451444,1.0445851412686435,2,20
8,1.8832023516160736,0.8707884959876537,2,108,244.08136218383754,1.868556318283081,2,158,1.0895949596978458,1.0855664669013605,2,199
9,0.0041109933895063415,0.5702051392623356,2,7,1.3733554658680165,0.48059753522481,2,80,0.0036850055490483704,0.6067167270568109,2,111,5.285091219455607,0.4869446674089753,2,200
10,1.9782937602389559,0.4899296296139558,2,180
11,2.682014211875754,1.2471795558929444,2,20
12,0.09542086733231743,1.4380424916744232,2,4,3.5343224318572876e-05,1.1466879099607468,2,20
13,0.46250222522805795,0.7811376750469208,2,12,0.00024028398035471602,1.0368312448263168,2,20
14,0.33651261628627205,0.8208504319190979,2,9,0.00013914262331749628,1.1632764772935347,2,20
15,0.49324090260654685,0.8133493820826213,2,15,0.00014615112739155533,1.13816077709198,2,20
16,0.2530322891191572,0.9960339665412903,2,8,5.710710761715157e-05,1.2510257760683696,2,20
17,0.9943484318230955,1.1056488856025364,2,23
18,1.089673605552615,0.7214714428957771,2,102
19,1.2974653397791944,0.3797347729441023,2,137,23.94528096083944,0.14900267408007667,2,200
20,1.2138925122944917,0.99572843975491,2,9,0.00015198979981100938,1.077154354615645,2,20
21,0.1911472430450755,0.8645597355706351,2,7,5.5510886533683665e-05,1.0680728142078106,2,20
22,2.5588270073139348,0.7672757321879977,2,42
23,0.6355919106226718,0.8604551156361898,2,27
24,0.7110048708968375,1.0829438246213472,2,13,0.0004476230985681307,1.2298216649464198,2,20
25,3.923128391927191,0.7307465836131499,2,163
26,0.5871994165407616,0.7152442909204043,2,26
27,1.1075415612962165,0.6624069792382857,2,34
28,14.370898941169918,0.772235373655955,2,3,0.0001380141766065341,1.1182388137368595,2,20
29,1.1822811329488012,0.6458863283091403,2,47,129.1425520566003,1.7050091051587872,2,200
30,1.8977431074407187,0.8505624320007797,2,117,0.010551396684228056,0.35872905373573305,2,142,11.145282504778416,0.05399798704632398,2,200
31,0.45316557842340105,0.6071791061252918,2,106,0.0005100706232820344,0.6205490021144643,2,123,0.69974529466821,0.18327067444076786,2,200
32,0.03480951537185123,0.40391713305044985,2,59,1.8756365263966597,0.47206108877435327,2,155
33,1.0553961887542054,0.7766005787693087,2,61
34,1.3957552752896965,0.7526594305038452,2,25
35,0.8283229687280567,0.9935693400246757,2,28
36,8.191393830256665,0.12823867421840954,2,107,0.6680773355246266,0.909628380899844,2,199
37,3.3194573332067767,0.5954999864471625,2,161
38,8.878070936808559,0.126375260807219,2,42,103.84293033417897,1.676611766219139,2,74,37.648047330512284,0.14661386514466906,2,200
39,0.39861004525266436,0.844062394783145,2,61
40,0.11160370428484027,1.1463203430175781,2,6,5.9074011970006296e-05,0.9855151942798069,2,20
41,0.6634053248431511,0.9964035308879354,2,46
42,0.9137995406948938,1.1019803136587143,2,8,0.00013778414857828036,1.166666328907013,2,20
43,1.1236726170256157,0.8735563416372646,2,88
44,1.3476349693367946,1.0033984607265842,2,31
45,0.7939888053011441,1.0969769358634949,2,20
46,0.8248302486152181,1.1334870274250324,2,78
47,0.32382880325842317,0.9309323072433472,2,5,6.189819935481884e-05,1.1257757027943929,2,20
48,0.0689366943306877,0.19043882936239243,2,50,14.92280161151337,0.19669337596809655,2,107,1.7272706392456316,1.160409433686215,2,153
49,2.13253153160448,0.9054135220949767,2,61,0.13144132648880064,0.2801007029825243,2,119
50,1.0960993471551173,1.1867782413959502,2,20
51,1.06438740139824,1.0864969321659632,2,14,0.0003324506637114223,1.0645291606585185,2,20
52,0.8248149295300079,0.9575503244996071,2,24
53,1.2798276773582775,0.6538358898195502,2,73,31.24601761195158,0.4643510862832933,2,200
54,1.8153879377473232,0.6169048768502695,2,27,0.005115966793291455,0.13293594057145325,2,73,0.8794156574784636,0.9731389206497609,2,192
55,0.5668032789337636,0.9684374213218689,2,40,0.024386251255704046,0.1619589477777481,2,111,0.8749343454451014,1.0820676847361028,2,143
56,1.2008448869393789,0.951980498433113,2,20
57,1.9526098117538249,0.769179908213792,2,54
58,0.13495754640154414,0.1791008374840021,2,200
59,1.5824006811071258,0.9357597448263958,2,157
60,1.6617670821600778,0.7145791979630788,2,75,15.433941491679636,0.17795230746269225,2,200
61,0.7112173122055292,0.7042484279525908,2,38
62,21.14327304300621,0.33318434000015257,2,75,16.2304785160308,1.3088198355849712,2,199
63,0.1519323115352796,1.001724499464035,2,20
64,0.3963103142332968,0.5730267912149429,2,12,0.00035107589117376863,1.1773883998394012,2,20
65,0.781622717591068,1.102539757023687,2,23
66,0.4015230244239329,1.13099105656147,2,8,0.0001361167434045404,1.2239013115564983,2,20
67,0.7854562502058197,0.9238050613138411,2,36
68,0.11713371447698355,1.4085747599601746,2,6,7.255959235548493e-05,1.2001790830067225,2,20
69,1.16502009977285,0.9086926424503327,2,100
70,1.6610463911403723,1.3054069739121656,2,13,248.37010659432548,1.952337115206183,3,200
71,2.4675769244746704,0.72114330300918,2,26
72,0.9177106516805115,0.9599651736230707,2,199
73,0.7021362736872336,1.0576417357833297,2,27
74,0.3460220969459655,1.127030951636178,2,7,0.00011052261769101544,0.8703428827799283,2,20
75,0.06349908843539799,0.47104496373371646,2,22,1.2048187128352956,0.8340222649276257,2,158,16.518921474101845,0.45708548799157145,2,198
76,21.502830856599598,0.8574422763926642,2,35,0.031550321899029087,0.12679543266597304,2,138,1.6582161367655044,0.42582971254984536,2,153
77,0.5137839598192216,1.2289190471172333,2,20
78,0.866953907061596,0.9547911966056154,2,57
79,1.052621445779113,0.8232479424312197,2,87,0.025591125269384958,0.1089095733193464,2,130,4.7702148600866865,0.5536376440525055,2,155,0.02228356083554247,0.4233678685294257,2,200
80,1.869251298172769,0.7668803339510892,2,113,18.77755142581656,0.28215507828459446,2,162,0.0012489506861942102,0.2544955909252167,2,182,1.380677224916144,0.655998268061214,2,200
81,2.5835800944581058,1.0641438194861015,2,120
82,1.0673771849295781,1.168271165145071,2,38
83,1.610246275541172,0.7894070311575323,2,74,0.04254965146296542,0.286316712931642,2,180,15.35021818287924,0.295925677606934,2,199
84,1.7936983017777957,0.7430278969307741,2,48
85,0.2050241267449246,0.4276128585996299,2,29,11.034832373034405,0.3322960446987833,2,57,136.22034067968522,1.7755967427774804,2,154,0.15636272481430152,0.23444267087861112,2,173,21.20534956222255,0.11077392818751158,2,200
86,6.9064128093444195,0.2503215126693249,2,200
87,1.4217145728033591,0.9432917515436808,2,45
88,0.05594979083227906,0.39404817794760066,2,36,4.726104697190896,0.532004787150873,2,145,0.06537369627431991,0.15906799733638763,2,200
89,0.9487878300076965,0.9383714258670807,2,20
90,0.051846024259149165,0.3207716450647072,2,27,5.700337976736694,0.35386239721419965,2,121
91,0.22519149657547258,0.7115198889603982,2,39
92,0.3751330763842863,1.2426529441561018,2,7,6.096305391541593e-05,1.055168106005742,2,20
93,0.5731974615077955,0.5481225966799016,2,49,5.011509896147312,0.609429988708045,2,197
94,4.280698154748582,0.44302923677127753,2,134
95,0.40824950034987934,0.8329622759311287,2,54,23.03555308330515,0.11549977396857249,2,200
96,1.6221210856578208,0.47420653530529566,2,35
97,1.7439962351893297,0.7711607656058144,2,34,32.26779828344045,0.25483125597238543,2,44,174.14215324606874,1.8811876307695339,3,200
98,1.1443416438850493,0.8421328751767267,2,61
99,1.0209400415199832,1.0592388272285462,2,20
100,0.8264620496231707,0.6697220355272293,2,20
101,0.7379607457004485,1.0096752867102623,2,16,0.0005306820309437195,1.323084980249405,2,20
102,2.61321001901755,1.4056857313428606,2,35,5.199340714410921,0.24530153455478804,2,119,0.00520708742578685,0.4854096228426153,2,130,2.304475169821281,0.3932893938251904,2,200
103,0.6481928946365719,0.6002676420741611,2,90,11.79210005917581,0.09982794956727462,2,200
104,1.107050825800547,0.8553596847462204,2,53
105,0.7109899720718367,0.7611871379263261,2,34
106,21.08986514660394,0.10482552465869159,2,164,0.9074831348593778,1.0589077042208777,2,200
107,1.2714892239186766,0.7214790918457676,2,71
108,1.2867853718519027,1.0168111008756302,2,68
109,1.1468043592378931,1.0733114719390868,2,20
110,1.8585424027454673,0.6373171493411064,2,200
111,2.1801632920103686,0.8823281675577164,2,32,0.06457619092019298,0.24802149372065768,2,100,26.9428933446863,0.7511398223042488,2,200
112,0.7040267881905531,1.1117922425270081,2,20
113,2.265846961869064,1.4115994132083396,2,23,0.05138681092583885,0.2845672943194707,2,98,79.51190696522649,1.7784223815669185,2,144,53.302336182370524,0.09843366859214646,2,200
114,0.334486407108062,1.0372651815414429,2,6,6.207730938338185e-05,1.0100814359528678,2,20
115,0.4061306354291115,0.9033064597845077,2,100
116,4.809275120664652e-05,1.124755522608757,2,20
117,0.05460626347822486,1.545523226261139,2,4,3.9464482451729846e-05,1.131699413061142,2,20
118,0.05655853282406709,1.5345403254032135,2,4,3.500397109972842e-05,1.1603362783789635,2,20
119,0.035336750476341335,1.461473524570465,2,4,2.022046712690652e-05,1.143514197319746,2,20
120,5.358346047933264e-05,1.0963571935892105,2,20
121,1.225310786671537,0.8851083645013847,2,198
122,1.4512986994409645,1.3886303305625916,2,8,0.00016324891087081818,1.095758984486262,2,20
123,0.3604774632841935,0.6191751837730408,2,20
124,1.7156450509463015,0.9019250664217718,2,29
125,0.05032915440359289,0.12300589899806415,2,34,3.4458123556366127,0.41605531338569335,2,147
126,3.5624770741638745,0.6174137417007896,2,34
127,3.2396553164077564,0.6690290914641486,2,135
128,0.7925715811367111,1.1754156288347746,2,38
