1,0.24980733450765863,0.8013228438794613,2,16,15.564267679541906,0.33904335937566227,2,124,0.48865903193776833,0.6332643534672462,2,183
2,1.1756906809636232,1.0151235801833016,2,14,0.00046589459768725126,1.1851138472557068,2,20
3,1.251939059236512,0.8332445008887185,2,36
4,1.9004858337480728,0.9713260519261263,2,49
5,1.5568715741337524,0.9304287655012948,2,35
6,18.60731847166645,0.13351808488368988,2,44,0.6995280827853636,1.1172226492096395,2,112
7,0.7287221924152444,1.0243400939996692,2,69
8,7.670644036064834,0.37300558290081826,2,167,0.009555772706688613,0.22648697905242443,2,175,23.578008070985025,0.2340959596633911,2,200
9,0.7902489884998656,1.000747797354846,2,71
10,3.209415850418896,0.7910324767231941,2,20
11,1.0077145646765038,1.0311477445065975,2,32
12,0.9820588980954749,1.1237538485299974,2,21
13,0.8540149133264119,0.8930074630013431,2,83,0.03477764284757973,0.2963879836930169,2,128,1.642374264051624,1.129114754498005,2,144
14,0.901007285872383,0.9505769073963165,2,60
15,8.205464543618783,0.3658616726100445,2,200
16,1.38699071273687,1.0207564284404118,2,24
17,1.2105525615194488,1.123878186941147,2,20
18,0.806032893193312,0.9589993113821204,2,22
19,0.6420749446749526,1.091719231822274,2,22
20,0.039980864806553044,0.41563344640391214,2,42,7.956166782348213,0.2133241809076733,2,168,0.02908208871824801,0.292301659937948,2,200
21,0.883213368489076,0.9531537701523369,2,183
22,1.3237093877218336,0.9547232719867126,2,92
23,0.3942360513866096,0.9414325384866624,2,42,4.9255439022732865,0.22612173916542366,2,115,0.054990233146958306,0.204133917031617,2,173,1.8677792118604373,0.5179845304400833,2,200
24,0.818218597551651,1.062698195962345,2,34
25,2.067295991234114,0.7676753009620466,2,38
26,1.0263949372431795,0.6195800176688603,2,14,0.00024040493458599423,1.135598103205363,2,20
27,0.8454681145476731,0.9475024366378784,2,50
28,0.5855363262476195,0.7977467030286789,2,20
29,0.4597159647741811,0.92713887267506,2,97
30,7.379861676688314,0.2147900488227606,2,200
31,0.1690513390537271,0.3309119240717685,2,94,1.9250280679484417,0.6244980141298094,2,161
32,1.6456866918734916,0.6178646428244454,2,28,21.56534506184773,0.20035139367330906,2,200
33,0.11349181524428144,1.3735349416732787,2,5,5.6050470651938816e-05,1.1093105872472127,2,20
34,1.1767505208569198,1.200225536028544,2,15,0.0005867943554481906,1.2420356035232545,2,20
35,13.900507889581936,0.23032248616218567,2,200
36,1.8793532920767004,0.7043818990389507,2,15,0.00038267718873822453,1.1903799295425415,2,20
37,1.964403460764352,0.7284074571787142,2,102,0.05788933664614975,0.23496398902856386,2,154,47.9990539759944,0.40287005545004556,2,200
38,0.7694307892377356,0.8351884062091509,2,48
39,0.8154981689742028,0.6087800562381744,2,8,0.000110483051709418,1.1057989796002705,2,20
40,2.1625591752233215,0.7754857076538934,2,99,0.06247911933566091,0.2579567739296527,2,183,4.779334954423339,0.911099654786727,2,200
41,1.944398042298825,1.072946662488191,2,23
42,1.154780489748115,0.7581902080112033,2,63,11.421053803323003,0.1752312176854071,2,200
43,13.181885077886433,0.4137209730617928,2,132
44,1.1488372473536215,0.9443877000557749,2,95,15.546756076066785,0.1572026177094533,2,160,0.01763625715721874,0.1459780909396984,2,187,10.30192992664714,0.5160455717281862,2,198
45,1.3434953914981629,1.0340712229410807,2,30
46,0.9072242672953105,1.0601134384379667,2,85,12.024016667209777,0.18245598868183469,2,200
47,2.539266710516296,0.8425950214266777,2,40
48,0.9904929237103434,1.0235478444532915,2,11,0.0003203081197038899,1.0072553422715929,2,20
49,0.3500552106062601,0.8021636679768562,2,8,0.00012804839276759516,1.0250009497006733,2,20
50,26.278335372048513,0.18454494207136093,2,62,0.8431289402853652,1.259209804534912,2,162,10.780002458113003,0.05132829476343958,2,200
51,0.20492499179632057,0.7392567269228123,2,54,6.25246764270299,0.26908295877175786,2,200
52,0.6430533358380465,0.9872903324836908,2,43
53,2.6861060891740407,0.557920240279701,2,72
54,1.8949836716088153,0.9256749079777644,2,65
55,0.7488441268855178,0.8140541970729828,2,20
56,4.58466462182569,0.4935492865026814,2,73
57,0.370456117472068,0.8734297632024839,2,104
58,10.281922967557433,0.34200247898697855,2,200
59,2.803401799598974,0.46166679018164336,2,146,0.0143729847226293,0.16693967166874144,2,200
60,1.6102296429985543,0.9613705575466156,2,20
61,0.1778217066121671,1.1251346945762635,2,20
62,1.3289321018403248,1.164728581905365,2,20
63,1.0052126105616994,0.5856193155050278,2,8,0.00010670393128504918,1.1052314341068268,2,20
64,2.9526009432557307,0.6265136736248611,2,109
65,4.154605126380151,0.3103960939777007,2,109,0.015489705874080809,0.27589744950334233,2,121,1.6005422216154457,0.8965450214303058,2,167
66,0.20822325245287188,0.6825676659742991,2,6,5.919884086082887e-05,1.0569263356072562,2,20
67,7.474415101279048,0.8736471772193909,2,5,9.021415656985314e-05,0.9907239516576131,2,20
68,1.61581009678989,0.9483758632479042,2,29,45.00678459462861,0.12774258459869184,2,200
69,0.03384160855679103,1.4400009512901306,2,4,1.8698219974516283e-05,1.1492122821509838,2,20
70,0.3111672900351868,0.7865036129951477,2,9,0.00011546969231064375,1.0664440610192039,2,20
71,0.5219209688134134,0.5072175686558088,2,66,18.875778777513315,0.35514586541190074,2,200
72,0.956905951804199,1.1452152931084068,2,59
73,0.24017217343462804,1.2273645500342052,2,12,8.303136420399412e-05,1.3109209388494492,2,20
74,3.281182328955658,0.4223891594516697,2,67,0.013066433527184958,0.2733841400061335,2,81,86.16526317244916,0.26208022236824036,2,87,0.024129266661085558,0.40547496719019754,2,108,7.703757001903654,0.10965497927232222,2,119,0.0040622957059210695,0.10636667666896697,2,181,22.977958584079992,0.10463837285836537,2,199
75,0.17752729640599949,0.6494474168866873,2,40,3.3987469756044355,0.5060761904513295,2,128
76,1.0682108216175668,1.024868130683899,2,167
77,1.561507494980772,0.898785267303239,2,67
78,0.5900216052879131,0.9494922494187075,2,34
79,0.9540064071732146,0.9038316309452057,2,10,0.0001307167147279423,1.1193687081336976,2,20
80,0.7487652536165577,1.1010656510629961,2,31
81,4.654578347306179,0.3338719763576168,2,73,0.022060656824522195,0.42593803428686583,2,112,4.874815357881049,0.7544770998614175,2,147,0.01134281071769443,0.42483396641910076,2,163,1.1920447674431764,0.5045331683423784,2,199
82,2.368772804049663,0.6019457806664777,2,83,0.002603470111632539,0.6779928008715311,2,95,3.7667291900845927,0.3312954136303493,2,200
83,1.4339905195304306,0.7549484346223914,2,69
84,10.63920487095039,0.2954913970847793,2,151,0.001235262447612546,0.7520808151790074,2,158,12.534547668424992,0.24009267453636443,2,172,0.0020803394542882434,0.5206862645489829,2,179,11.848591011751695,0.18724716986928666,2,200
85,1.1207262958736834,1.233722710609436,2,20
86,2.0674087623385695,0.43443698436021805,2,20
87,1.7567702705956536,0.7425924897193908,2,15,0.0007278165835427131,1.2993993997573852,2,20
88,0.6222389439447413,0.7323245692253113,2,25
89,4.794196742192836,0.44941832073032856,2,200
90,0.7598506256733667,0.8338594675064087,2,10,0.00010722171163873098,1.1415990233421325,2,20
91,0.7859366515748194,1.0263631820678711,2,5,3.278695280408355e-05,1.0454933245976765,2,20
92,0.4693485712980464,0.7990317642688751,2,10,8.918357683406946e-05,0.9909193873405456,2,20
93,1.8064448272050095,0.8867249318746605,2,198
94,5.710643868305958,0.22964095926665246,2,94
95,6.021281326747401,0.48513420875910873,2,91,0.3204419063210547,0.4497424367555352,2,134,9.326874862055147,0.3546547344097724,2,199
96,0.058908971084870865,1.1007171670595806,2,6,2.8874484463436244e-05,0.998421881880079,2,20
97,0.6910807562902374,0.5149037239948908,2,75,9.437541769462024,0.32393522262573243,2,200
98,0.6119795123539247,0.8403021186590195,2,20
99,0.37841772231193016,1.1513908743858337,2,10,8.553978883002091e-05,1.0411316394805907,2,20
100,0.04965372155740518,1.3537493646144867,2,4,3.396193321560144e-05,1.049158662557602,2,20
101,2.805622992490015,0.5016611537999577,2,90
102,3.491962219209252,1.3289420449215432,2,23
103,2.3578294213768074,0.677560682639037,2,101
104,0.5349844283898295,1.0737836996714274,2,15,0.0006217976173856426,1.3253395795822143,2,20
105,2.1237155889510904,0.9418467342853546,2,20
106,1.6417420054443679,0.6547039806842804,2,30
107,1.1344895025038153,0.7335377212726708,2,165
108,0.6035170390861334,0.8268228143453598,2,20
109,1.2023315660111467,0.9399971516508805,2,95,0.011725588851624594,0.3032431702595204,2,159,9.958205711950862,0.5383446961641312,2,199
110,1.724808979457173,0.9987805894776887,2,51
111,1.144631953043497,1.2264837668492243,2,13,0.00032086069923105523,1.1213455029896326,2,20
112,0.3760243374512222,1.0103997225346772,2,138,12.287272102482373,0.47763990407640283,2,182,0.333787618503205,1.0992182824346755,2,200
113,1.1857041482290671,0.4031561301513152,2,22
114,0.5733548004629707,0.6351132155819372,2,44
115,0.30960575011119884,0.5412856496193192,2,22,7.492432659781764e-05,0.9128374656041464,2,31,0.8860679281365577,0.5125696594258408,2,185
116,0.42533088718734996,1.1546159386634827,2,12,0.00033330299669523774,1.0054067969322205,2,20
117,0.8844675275423046,1.1304409535307633,2,76
118,0.08169420815815441,0.23407380846706596,2,111,14.599955507459468,0.20148971626597845,2,200
119,0.2513854151773652,1.0499013304710387,2,20
120,0.05808748201252145,1.3386475642522175,2,3,1.9077195080584875e-05,1.2255904779714697,2,20
121,0.05872148905502396,1.24613352616628,2,3,1.8329701403754342e-05,1.091470059226541,2,20
122,0.03398309722838716,1.5708600521087646,2,5,3.309379995423497e-05,1.1014384428660076,2,20
123,1.0295937367670636,0.9296836226256853,2,97
124,0.8112495608899907,1.1741234593921237,2,54
125,5.852470005648577,0.5839021428156708,2,177
126,2.13804832497252,1.0587332786583319,2,82
127,1.492576819311691,0.9049512269133229,2,59
128,0.6385861326580433,0.9290568767449795,2,39
129,0.21161236386105578,0.76480747120721,2,7,5.2422384618759714e-05,1.0435415231264555,2,20
