0,0.8663713887631078,1.0136260158485837,2,36,0.008162381046801845,1.1249432116746902,2,44,1.1336677023060573,1.0646210175294142,2,200
1,0.6171819531159383,1.1379205042665654,2,22
2,0.7686685877867638,1.0903162956237793,2,33,0.03639884319694284,0.08444068220353895,2,64,0.6896943505593296,1.0071765905932377,2,102
3,0.8806432162057056,1.2806265209660386,2,33
4,0.6465065881786773,0.8820354038096488,2,47,0.03099005788263145,0.14212148872817434,2,88,0.6917212466473605,1.013279550075531,2,138,0.03937966559174495,0.050751076590630315,2,200
5,0.4352652405916883,0.8749697653949261,2,200
6,0.9226162650786699,1.046890627592802,2,64,0.08887918907890109,0.12404774268006169,2,150,1.0537481265675428,1.039706540107727,2,200
7,1.3932332282145699,1.1093733465516722,2,154,0.03375610309852344,0.0922808368568835,2,200
8,1.069050141827285,0.9704679146553706,2,103,0.016804331870070084,0.206148874014616,2,123,1.111274305349105,1.0013234153870614,2,185,0.047739032207328884,0.21324271063009897,2,200
9,1.1400899269302371,1.1544441865040707,2,65,0.0340705147461034,0.08121013885638753,2,126,1.2591663119659133,1.4489212036132812,2,134,0.02640811813740416,0.07536990714795662,2,200
10,1.1584486291538831,0.8757848381996155,2,25,0.028881450837280116,0.11304355412721634,2,61,0.986531193109297,0.9727421056392581,2,190,0.022719468393682406,0.18465773165225982,2,200
11,0.038960124526543655,0.37359202620775805,2,23,0.7777838484424556,0.9513481110334396,2,79,0.024510745562084327,0.2139738806761986,2,200
12,0.02735122684430259,0.11553984354524051,2,17,1.5884328547135573,0.938299814860026,2,185,0.0795391356361402,0.21262847781181335,2,200
13,0.7603188241380527,1.0321447054545085,2,24
14,0.06593502545978207,0.2505849718394941,2,137
15,0.9746386271151881,0.948414478302002,2,200
16,0.8831445673551573,0.8545469538025234,2,23
17,0.8746521605562038,0.9450878605246544,2,80
18,1.2579471597079042,1.0165084628171699,2,43,0.044957164944196236,0.22691709832711654,2,98,1.1735481439378526,1.0063532287791623,2,157
19,0.6014768223219187,0.9331004951894283,2,200
20,0.8528336391752356,1.0317506539821624,2,200
21,0.08512006474870443,0.2619752540356583,2,72,0.942562725256792,0.9755568914115429,2,200
22,1.465321407392605,0.9806172326759056,2,135,0.03622317036171547,0.24393086250011736,2,200
23,1.7640521851953324,1.1087767346338793,2,44,0.056253239707516355,0.19198897872597742,2,200
24,0.8915120064935268,1.1042010403693991,2,47,0.03760614977629067,0.1521108990035406,2,88,1.0947140707212124,1.1553177482315473,2,200
25,1.014495550932908,0.8244498685002327,2,200
26,1.0912308045914967,1.2846801159853605,2,187
27,1.6784138471817251,0.87175816876217,2,103,0.02161048400570757,0.21031367927789688,2,123,1.1540735985406518,0.8802595486888638,2,200
28,0.9580371003028323,1.1078630417585373,2,200
29,0.023508504785234245,0.12466347924733566,2,59,0.15936333855261242,0.7628713575276461,2,70,1.0218881980434849,0.9729829868384167,2,183,0.03419800928441456,0.257466122508049,2,193
30,0.6844789813653919,1.201402404091575,2,22
31,1.2091503909776187,1.0157448359351744,2,187
32,0.8953225879647487,0.9557152180110707,2,34,0.02595123173592314,0.2629869282245636,2,45
33,1.252702859410508,0.9537206413676438,2,103,0.0307907321143435,0.14710661059334165,2,124,1.1110882274185774,0.8795014117893419,2,200
34,0.6234452217744719,1.0065828972304893,2,151,0.030353452837926606,0.07765479325031747,2,200
35,0.10619814619931195,0.37909603325857055,2,36,0.9161877937985621,0.8948663417249918,2,68,0.04374976082674404,0.25849703483675657,2,144
36,0.7161492490949454,0.7686157289147377,2,200
37,0.9710392716236895,0.8303472352027893,2,100
38,0.8064881601196766,1.0425506830215454,2,13,0.06961021819460093,0.2269072237817999,2,200
39,0.03847675621884237,0.46627744004644195,2,29
40,1.3119243033800236,1.1450520742507209,2,105,0.026461618351759725,0.16240043387464856,2,151
41,1.025299387596803,0.9340714111815404,2,137
42,0.44231719322785706,0.8978755533300489,2,151,0.02687633559901923,0.05895659388328085,2,200
43,0.9392777530545021,1.0386176515132823,2,94,0.07343243029218288,0.11656208266064806,2,200
44,0.8756950032977273,1.086230914871972,2,111,0.04574246083139379,0.24920426376080246,2,200
45,0.6342025752508429,0.9204504388134654,2,41
46,0.9998402874743524,0.9605888948812114,2,154
47,1.0739787953113233,1.231793686747551,2,24
48,0.20388896449473642,1.040865385171139,2,66
49,0.1435452318759957,0.7603399071376771,2,128
50,0.7489057798807602,1.1081183954726819,2,43,0.0619883593675969,0.18520217791932528,2,104,0.11073976713932812,0.7516420245170593,2,119,0.7485008538307734,1.005133330821991,2,153
51,0.7725071089762107,0.9354217106645758,2,22,0.10322585308630149,0.3148565437184291,2,200
52,0.6588195537431784,0.9982280445098877,2,200
53,0.7974828073332666,0.9900957586472494,2,114,0.03808199789081637,0.10864796749381132,2,200
54,1.1060493309469221,0.975350128279792,2,72
55,0.9689303054186785,0.9641640161474546,2,48
56,1.0776396822223016,1.0086136162281036,2,132,0.03524578959907894,0.11841830970912144,2,161,1.03452038826598,1.0165902284475474,2,200
57,0.5740791487969177,1.115131073138293,2,34
58,0.6135924689454659,0.998014689477022,2,121,0.025080116304861615,0.08910645601115649,2,200
59,0.738530742259972,0.86211430396025,2,104,0.034993004239809514,0.23446188939780724,2,145,0.793754714548862,0.8470717668533325,2,200
60,0.7255502833977246,0.524979714836393,2,7,0.026563396520434313,0.26522519396884103,2,77,0.47537732036534924,1.1172872944311663,2,110,0.03287882332466531,0.1876801654889986,2,187,0.44510170275306665,0.9310155858596166,2,199
61,1.1943903490798364,1.0660988337853377,2,136,0.03724115645510453,0.20819135289639235,2,200
62,1.2626455979793758,1.0818248769411674,2,104,0.02048143335429483,0.22506199306563326,2,123,1.0966511471680005,1.3649271726608276,2,132,0.027888475727814558,0.09366979024239949,2,160,1.6753270973231782,1.1013981848955154,2,200
63,0.746296876049292,1.0908515725219459,2,57,0.3054866168588407,0.6278297838237551,2,102,0.038856499701785875,0.09379868087221364,2,163,0.5754995103308638,1.0242847899595897,2,175
64,0.8688133210420153,0.7112160786505668,2,62,0.08539581095730771,0.13810833712870424,2,106,1.5851510118326544,0.9127718165833899,2,200
65,0.9589845862749939,1.0173603296279907,2,146
66,1.1996171444251065,1.1194546932265872,2,42
67,1.4924600735899387,1.1498843963657106,2,56
68,0.7616888375983317,0.9501901344699755,2,181,0.062349506471028264,0.15148928134064926,2,200
69,1.6241380034905784,1.0091963678166487,2,138,0.03447209742707587,0.136122974416902,2,200
70,1.6201496322135576,1.014589934814267,2,41,0.13802397254742632,0.600615615194494,2,63,0.02949684048670935,0.08082368118422371,2,98,1.1835268554340612,1.0307245686942457,2,200
71,1.136250374432386,0.8263587341422126,2,42
72,1.1802634551027604,0.8179176361834417,2,61
73,1.105924242992849,0.9038403816521168,2,32
74,0.9123625484482125,1.2329700554118437,2,34,0.023277780147002443,0.13539467866604143,2,47,1.3044791221752348,1.2639065303585746,2,91,0.026845052350452217,0.15214315354824065,2,181,1.5144328121138113,1.3404825549376638,2,200
75,1.0244963036305574,0.8675670376190773,2,65,0.03552225182231432,0.20282209206510474,2,200
76,1.562102139673678,0.8792421969961612,2,141
77,1.4968446499331103,0.8175793444288189,2,58
78,0.7747885064890686,0.9837469935417176,2,200
79,1.2438188579838827,1.2676610010010856,2,28,0.0602565392899642,0.15875252264161263,2,183,1.5115896371359843,1.3056998393114876,2,200
80,0.757478229927218,0.9359927126701842,2,94,0.06892517710687546,0.09021225627863182,2,200
81,0.8151119752447874,0.9907842115922407,2,22
82,1.2644462482604728,1.0899570322036742,2,200
83,1.0775483137500839,1.0069206933665082,2,123,0.026289531926013025,0.09673407848005171,2,200
84,0.038701440187861445,0.3652412806238447,2,21
85,1.1135749607473897,1.0487366209567432,2,71,0.017753662568113567,0.06165857102772961,2,144,1.3359993505343628,1.0123385595423835,2,200
86,0.42416638548041213,1.004718970909393,2,139,0.016742258073580357,0.13673549622297287,2,189,0.1609528278433299,1.2156617424704812,2,200
87,1.030904236257989,0.9267041802406311,2,40
88,0.9515877616074983,0.9974099650527491,2,33
89,0.9923246090162946,1.0152231071676527,2,28
90,1.236795272129557,1.0105862050953478,2,101,0.0215046580156089,0.2805479952404576,2,132,1.4672977977371662,0.9865995698115405,2,200
91,0.9956665693089971,1.2463489732434672,2,31,0.04617002819269054,0.06205121077686907,2,114,1.1632988917803209,1.218097048777121,2,168,0.027923363035551034,0.21213297685608268,2,200
92,0.09513410242396551,0.16565760900266469,2,64,0.14467975780767614,1.012044940676008,2,71,0.5435196392203265,0.837027777304021,2,200
93,0.34499284074505787,1.1200111031532287,2,40,0.04467868854105923,0.14186107325104047,2,146,0.3702474677239748,1.2082501230416474,2,200
94,0.3868506298088909,0.7701179732333173,2,91,0.02614401367912726,0.1904228287083762,2,182,0.522397742083278,1.0539911323123508,2,200
95,1.1278322605030322,0.883736381928126,2,36,0.026386270335259684,0.09811912831806001,2,162,1.084328384884201,1.0082257468449443,2,200
96,1.091593333565932,0.7017812232176462,2,30
97,1.0478715241570071,1.019411449432373,2,75
98,1.2513483251753064,1.0647689490009555,2,139
99,0.16421141374460582,0.49344550344077026,2,22,1.1409736266149875,1.2476848777459593,2,71,0.016623284048580565,0.07275376662816087,2,144,1.2617523550569965,1.2004542030939243,2,185,0.043795685024002905,0.2484829843044281,2,200
100,0.59317374920529,0.9840376479285103,2,70
101,0.6706445794109801,0.8925761580467224,2,31,0.09150029544733376,0.1264210177792443,2,76,1.0080961996531685,0.9953810726442645,2,200
102,0.05756051584175051,0.13886424490521032,2,124,1.4213920828664657,1.0483856248228174,2,200
103,1.5483837231991602,0.8390002879229459,2,55,0.04782109878827683,0.1544409080826003,2,84,1.68560198818747,0.976593326438557,2,172
104,0.8913315245119028,1.0672421117327107,2,67,0.06793770614802214,0.18766546473708204,2,160
105,0.060762054460096575,0.21068823299346826,2,39
106,0.846917731780424,0.9690863694230171,2,146,0.07294486149151298,0.16510043817537803,2,200
107,1.0998390868597423,0.9947468590462345,2,87
108,1.526028163118661,1.0497333256595105,2,83,0.03970517613848153,0.18339173793792723,2,98
109,1.4173992578602268,1.2030437954010502,2,31,0.07532775362438247,0.10863688792668137,2,184,1.9141377311712628,1.2500602006912231,2,200
110,1.1612366342038485,0.9920910011638294,2,55
111,1.1980164697627362,1.0039248211043221,2,28
112,1.1680395003091693,1.1382664901018142,2,200
113,1.0995826529569082,1.0697096037864684,2,200
114,0.12454668277266732,0.30077346180166514,2,35
115,1.255376204813557,1.002609560887019,2,48
116,1.404670849555684,0.9414898890715379,2,104,0.041152505188854355,0.22305749037436076,2,146,1.457435439953737,0.9835627785435429,2,200
117,0.5310722649406169,1.1927398604154587,2,200
118,0.8425383841267867,1.0493206752069069,2,132,0.02735313406848145,0.0602909216985983,2,200
119,0.781374605467319,0.6270789217948913,2,25,0.02779528228009613,0.12650003688676018,2,60,0.7258128207556267,1.0029860373699304,2,126,0.04621253717392258,0.1649768381859317,2,192,0.9823996651599203,0.9078570157289505,2,200
120,1.0110675106794935,0.9085305699130946,2,114,0.14873661931294832,0.3627738168365077,2,171
121,0.9104333280368553,0.955935466523264,2,51
122,0.7279423307147026,0.9651487288850077,2,89,0.05485552900844062,0.14038222767412661,2,129
123,1.0742266372513698,1.09835537440247,2,72
124,1.713412457851346,1.027091646194458,2,25,0.04909859106117121,0.2962708491832018,2,57
125,0.39115934366450333,0.935680251121521,2,25,0.025444950474292335,0.11466863688801517,2,144,0.6694368988424826,1.0649619840440296,2,165,0.018955825522769924,0.09709678888320923,2,200
126,0.9529689722357265,0.8826088074481848,2,33,0.09737107152292104,0.16765879922442967,2,87,0.7806370286001456,0.8779450261846502,2,181,0.046596482206863736,0.20391085430195457,2,200
127,0.799779262732313,0.9209507778286934,2,200
128,0.7199014323012528,0.8491032188481623,2,101
129,0.7146360777986995,0.8544392405134259,2,33
130,1.322022047794591,0.8816454865599191,2,93
131,1.668087952013142,0.9788566398620605,2,25,0.02837609265626024,0.13192840619012713,2,57,1.2101858279054267,0.9765299461983346,2,94
132,0.8551878322001029,0.9080453020921025,2,193,0.04705616346619456,0.8205365027700152,2,200
133,1.0686340371775715,1.029683807492256,2,200
134,0.1618392240159049,0.438451659950343,2,22,1.3406328190823338,1.1981413225794948,2,65,0.026576855440234942,0.07091742900551343,2,126,1.345300052542817,1.027308823289098,2,200
135,0.5161005718373463,0.7384214482524178,2,44,0.06462865819081066,0.295548935731252,2,119,0.47422551447703803,1.0070035565983166,2,141
136,1.4639420478112266,1.1746083830223708,2,122
137,1.6185482145037478,1.0362449591619927,2,57,0.0405747643527558,0.38077611724535626,2,72
138,0.7278680191725186,1.008723783369509,2,193,0.03629335270736182,1.0345265013831002,2,200
139,0.6128010772599041,0.8231348123239435,2,92,0.27158480164841975,0.42540161808331806,2,95,0.06001272104607497,0.28405933805874417,2,200
140,0.6622507847243522,1.0810532615442945,2,157
141,0.68374257193405,0.7962200473994017,2,32,0.09355323965226896,0.374203696846962,2,78,0.9663127460031818,0.9441859780764971,2,200
142,0.7054895551602525,0.9479385209935052,2,168
143,1.0235266530874154,0.868481367164188,2,45
144,0.057136996247322776,0.14725259654834622,2,61,1.1982187831537876,0.9689140988118721,2,94,0.034049924009953575,0.13547297228466382,2,171,2.3000591295110753,0.5552396525939306,2,183
145,0.7777522445448201,0.8989408300557268,2,109,0.07652174269515209,0.34016152858734133,2,134,0.5103227049410931,1.065616371053638,2,200
146,0.87206071406997,0.8890111195662665,2,126,0.05435851665127471,0.21025698325213263,2,143,0.8172736159200352,0.9416292508443197,2,200
147,0.4912353568134092,0.9924085392671473,2,85,0.024011903685735,0.09286083149559357,2,153,0.6275435631885851,0.9280680823833385,2,200
148,0.7470455423426523,1.144353237748146,2,200
149,1.0113065841196718,0.7394179113209247,2,60,0.041563902817096994,0.21000877164659046,2,186,1.4034081597453607,0.8986244073935917,2,200
150,1.3267806956900459,0.9714240464899275,2,36
151,1.4225177340262145,0.9506701765389278,2,29
152,1.33208209134712,1.0651105362176896,2,200
153,1.1895626935380026,1.0410217330569314,2,21
154,1.7662634784990006,1.1914227225563743,2,33
155,1.2935371040899375,1.1256586001032876,2,42
156,1.6417717095265996,1.2543799430131912,2,24,0.03349912684544587,0.09651798303974302,2,100,0.9783229879819109,0.9368622924970544,2,123,0.03010220709274222,0.27609907942158834,2,130
157,0.48367693069141837,1.1212890119087406,2,41,0.041021330393716825,0.17044518689314525,2,146,0.541877258339988,0.8184369151239042,2,200
158,0.6735737138201746,0.8791388357058167,2,64,0.08152406118737052,0.06470227188297681,2,148,0.6261626355716233,0.9522009732631537,2,200
159,1.0435131239593676,1.2660515200008045,2,11,0.023750598460202412,0.08637746937515199,2,140,1.0931140600885618,1.1780447661876678,2,200
160,0.5031012383919957,1.0426153311362634,2,39,0.020207320480400064,0.09816990660296546,2,174,0.40317109115187666,0.8821983391588385,2,185
161,0.709658534020255,0.8824212900597415,2,139,0.01886245631856642,0.07969415068626404,2,189,2.173186717604297,0.6286526864225214,2,200
162,0.8493683863480492,0.9470438098907471,2,200
163,1.0893446833746363,0.9924749240540621,2,57,0.041197767812401066,0.13721989366141232,2,79
164,1.4333799261030697,0.6768107448305403,2,35
165,1.1315532022977834,0.8477058053016663,2,5,0.022368149385139608,0.07355778850615025,2,77
166,0.044448131103116684,0.33897942304611206,2,21
167,0.7173982485863515,0.6152972543239593,2,25,0.0321954021006994,0.08681288205865603,2,92,1.073780979525817,0.9690083596441481,2,200
168,1.063397926592637,0.9819758912873646,2,126,0.08211682987430802,0.2716252868239944,2,200
169,1.2970993209422563,0.8823450759053231,2,200
170,0.14180686097937267,0.15633830084250525,2,26
171,0.5268490418557624,1.1790988607840105,2,22
172,0.7396535361460216,1.1002110655491169,2,26,0.05489419766947885,0.04878336630883764,2,87,0.9274634467562812,0.7376913211562417,2,98
173,0.6143357872202064,0.8803223159752394,2,76,0.022554132649084423,0.06669091922896249,2,146,0.8570147211933591,0.8969364440118944,2,183
174,0.5174012241103024,1.0195159123789879,2,31,0.09009953346977728,0.21086811853779686,2,76,2.1215528830995587,1.219598138055136,2,119,0.11985543001080746,0.23954285574810846,2,147,2.2640232112120664,1.2304852616112187,2,200
175,1.2299954578935413,0.9887319138792695,2,61,0.034824654482115705,0.18752197667404458,2,196
176,0.794420396833537,0.9630382686853409,2,200
177,0.6433599182382199,1.2691569670592204,2,101,0.027021310106143403,0.1183940633650749,2,132,1.0151185208583196,1.3705302284044378,2,200
178,0.6279297267995695,0.8223715841770172,2,10,0.024241831853512252,0.09884168100442818,2,149
179,1.3257121856280372,0.8266554666416985,2,28
180,0.9729214723740259,1.0553702490002501,2,51
181,1.1236069548872376,1.1399538273714027,2,147,0.022838044746343242,0.14187951416385416,2,196
182,0.5541188610870397,0.9649886971428281,2,21
183,0.526041872489742,0.5875912671503813,2,23
184,1.1018205919985693,0.9578114853185766,2,68,0.018370029961274254,0.11135114494122957,2,144,0.08366501457358454,0.4162283624921526,2,200
185,0.09947707753662871,0.641779851528906,2,31,0.7235959735101395,1.153796482243036,2,183,0.0665915680315169,0.26998356072341695,2,200
186,0.563266072092633,0.8044932630003953,2,41
187,1.123400673741759,1.025822160243988,2,200
188,0.7931446711898974,1.0901731115579605,2,200
189,0.32884221656486834,0.9998040161435566,2,63,0.043634358895988004,0.14083511229508963,2,141,0.3480456096293008,1.3796672087449293,2,154
190,0.03472461018633175,0.2289875538452812,2,23,1.380103577582175,1.0299575733286994,2,79,0.020606465136838767,0.17382615739884583,2,102,1.2600953723901012,0.9623027702172597,2,132,0.02580156040643586,0.07800645753741264,2,200
191,0.022031186323702892,0.45670491953690845,2,6,0.5897049309144601,0.9143745671761664,2,82,0.023772504247663636,0.054636573287802685,2,153,0.5551657630748458,1.116500973701477,2,200
192,1.0955333413056603,0.9316842420762327,2,119,0.06413250058044831,0.22065648734569548,2,159
193,0.4246139589342404,1.015311910992577,2,126
194,0.05608609040928442,0.10856244570077067,2,99,1.8542805182442785,1.0361248583629215,2,128,0.06902646264813894,0.09884809330105782,2,200
195,0.7484459278824294,1.0883822613954544,2,200
196,1.5978068225219362,0.855874647696813,2,36,0.02818619772429772,0.12682237428805185,2,162,1.8106215255150853,1.463682372123003,2,194,0.048006306728581354,1.1871766845385234,2,200
197,0.8072096378440723,1.0170539637743417,2,59
198,0.6539154910069159,1.0312754190885103,2,39,0.049856998995564415,0.05135112421380149,2,75
199,1.059671936767112,0.37438117027282714,2,25
200,1.7984776360052261,1.0726386046409606,2,200
201,0.8510028173148244,1.0769658189708904,2,118
202,0.748304431224491,0.8809440121054649,2,80
203,1.316779266101508,0.8682689625283946,2,115,0.04066818357927792,0.15254568720565123,2,200
204,1.1538997133327566,0.7848567795008421,2,32,0.09424031684778095,0.14497112469239667,2,87,1.295487676835236,0.8550199101456498,2,200
205,1.3616105808815837,0.7618344314396381,2,32,0.0685061559712077,0.45083784063657123,2,77,1.5305410093382845,1.028520470712243,2,200
206,1.072672994528024,1.0971799464452834,2,21
207,0.9184233041094892,0.8215738260556781,2,63
208,1.0438156913062298,0.7490784879083987,2,27
209,2.0142762497054805,1.2549981084363213,2,29,0.0891260136609638,0.11184123357137045,2,44,1.7601141847537647,1.2832691505037506,2,73,0.06304208450796717,0.21172643775070035,2,147
210,0.9023475938806484,1.0729006540775299,2,200
211,0.4173022080244343,0.7111549652539767,2,156,0.7977897523709059,1.2663745934312993,2,200
212,0.9661587789350095,0.8979107668233473,2,43
213,0.5634425264390239,1.0438936670621237,2,60,0.018682848750717095,0.08911163892064776,2,95
214,0.6429825653277397,1.3630622178316116,2,8,0.029723456971048955,0.17340841821648859,2,30
215,0.2608222245344408,0.5175154876708984,2,25,1.2504872139629009,1.204355288233076,2,200
216,0.6767524121572085,0.9468129207422068,2,111
217,1.3547709379037918,0.7416245571591638,2,44,0.04948702096011078,0.19461117044855386,2,200
218,1.0745956341203857,0.7755958058617332,2,22,0.06942779010469972,0.09675679268205867,2,56,1.0681447480522017,0.8853857807210974,2,167,0.03604393860677642,0.14176361804658716,2,200
219,0.05763235264928499,0.6197560557297298,2,28,1.274097710347314,0.8990986534329348,2,200
220,0.3905259893507587,0.9640325009822845,2,56
221,0.4183912670303876,0.8197059685533697,2,11,0.02211364738603736,0.15363072581016102,2,141,0.4939920966004817,0.7540509450435638,2,191
222,0.35580162276396277,0.9110161444144462,2,134,0.0237438728484951,0.08342775476701332,2,200
223,1.3797298832766574,0.7337932156191932,2,18,0.042517836598452714,0.17979354057155672,2,79,1.35369750340786,0.9032468355220297,2,102
224,1.2337703165921847,1.0168728977441788,2,60
225,1.2244374777374043,1.1752444467236918,2,31,0.041835146652053214,0.09774023152533032,2,115,1.0220817843136931,1.1080542206764221,2,164,0.05273052045992807,0.05859318582548036,2,200
226,0.7014591812529629,0.9871808498194723,2,132,0.02805909269658658,0.09761233825017424,2,200
227,0.9373323680539773,0.9837842830797521,2,123,0.0441827567718881,0.32578039341248,2,175
228,1.8079282878417637,0.8387982663181093,2,108,0.03349047688224759,0.13158562187200937,2,186,1.0645534386947066,1.1358169061797005,2,200
229,1.7754639773965315,1.240474814391998,2,83,0.04145293630799152,0.17431694605658132,2,114,1.9286778880400288,1.2633613098499388,2,200
230,0.691892994645393,0.7214478666965778,2,13,0.05537442952483471,0.21525898729524914,2,139,0.7533317985456048,1.0210670174145309,2,200
231,0.05510757878163612,0.07946528406704173,2,17,1.0166284455833035,0.9910344313119204,2,148,0.059956547426257924,0.17617436727652183,2,200
232,0.8659155088572748,1.0089959016698875,2,151,0.024210165949451433,0.10166417214335227,2,200
233,1.592865823640224,0.9076467174892278,2,129,0.05881179990571634,0.20647534392249417,2,200
234,0.63307071550424,0.5519541331699916,2,21
235,0.9962276395340637,0.5673264137336186,2,21
236,0.8674046594354269,1.211993009054742,2,147
237,1.2211167723327372,1.134326984538114,2,187
238,1.0829267035110866,1.083328875335487,2,37
