0,0.9310466819923412,0.9767193871159707,2,31
1,0.6820060461145415,1.234787763551224,2,43
2,0.6681715087015232,1.1844267472624779,2,48
3,1.2000719574445236,0.8358119078304457,2,46
4,0.9014972975074195,0.9936556328426708,2,22
5,0.030510797459040367,0.03761177769927091,2,43
6,0.889146486736606,1.2677118900944204,2,136,0.08093416099239333,0.3107319244224092,2,182,1.3946199706891143,1.3092304070790608,2,200
7,1.1149029831920498,1.3752913053589637,2,99,0.02721748670129528,0.21009147772104433,2,200
8,0.4703888240949751,0.9941448693151598,2,154,0.04813332238115539,0.12922666545795358,2,200
9,1.0989413744796188,1.0198091506958007,2,60,0.05870501129187221,0.10560869224487789,2,123,1.0318138135199542,1.0326367949510549,2,200
10,1.1299021380954897,1.2497590623216002,2,167
11,0.840081120970669,0.6685484771070809,2,29
12,0.13546172959016656,0.47447644288723284,2,26
13,0.6543228973495624,0.5361060139380003,2,38
14,0.4957564817454634,0.7488867385046822,2,21
15,0.7371191252847651,1.0741511836196438,2,33
16,1.1335148740785932,1.0131359354213432,2,54
17,1.004469377262949,1.1285812258720398,2,38,0.06633018530181345,0.15803174370968784,2,200
18,1.102232391035485,0.9896997660398483,2,24,0.06407650228879756,0.11822635945627245,2,83,1.3205796590666252,1.033717172777551,2,200
19,1.2050512087801915,1.1689407664376337,2,74
20,0.5409000805303511,0.7281302980014256,2,35
21,0.7530998475934844,1.0316143327289158,2,45,0.044454699353296476,0.5650423005223274,2,85,0.9920211762394016,1.0925675312678018,2,145,0.0379337117772934,0.20364742387424817,2,200
22,1.455950572370684,1.0109945338964463,2,200
23,0.5723215478830141,0.919718372516143,2,39
24,0.6821448752089894,0.5197654068470001,2,15,0.04410990998075732,0.10939294421205334,2,117
25,1.3360594534109536,0.9357885642657204,2,63,0.02128246879035264,0.15745225144644914,2,122
26,1.0549687602818247,1.0253025414992352,2,49,0.018530398465874138,0.2464642841969767,2,80,1.0069837828979213,1.0148853694017117,2,132
27,0.8415250489528047,1.0155222296714783,2,20,0.044634314726532044,0.08424552187087044,2,83,1.4822765432449208,0.8452388059009205,2,138,0.04093648265436029,0.17790928799094577,2,171
28,1.1800585971771753,0.8927750271558762,2,200
29,0.7222177591606689,0.990474005540212,2,18,0.05486572334995288,0.15317348539829254,2,38,0.8987849202708917,0.9684560337792272,2,130,0.07236679834175327,0.16018415604318892,2,165
30,1.327319358748982,1.084261833452711,2,153,0.028935905059665156,0.16635792950789133,2,180
31,1.1025826384087338,0.8712025686027178,2,153,0.030260078676258684,0.3155541936767862,2,200
32,0.9777408912538014,0.8001969268447474,2,38
33,0.7354274072165884,1.0240534383517046,2,52,0.27009744868636554,0.53626016775767,2,55,0.06416201128953217,0.1196460212496194,2,99,0.8541699499132305,1.0177956571181614,2,147,0.030730279850554838,0.3836516163967274,2,174,0.6999224846230269,1.099385156081273,2,200
34,1.4216403266904474,1.3513502138001579,2,14,0.02069296900416256,0.657671717080203,2,25
35,0.7054267237793319,0.9730567544698715,2,200
36,1.479751582668079,0.9990210664736761,2,154,0.035728600652698166,0.09650519393060518,2,200
37,0.6662926021610269,0.9403466742772323,2,52
38,1.0891381741531558,0.7148787379264832,2,50
39,1.41520768199656,0.9514114214823797,2,26,0.05378195780222658,0.2989287499440919,2,135
40,1.8369029526125507,1.0430655712368844,2,174,0.05060127134091999,0.07617210424863376,2,200
41,0.7914491943397363,1.0423038835110872,2,23,0.018318718013913694,0.056476152901138575,2,79,0.5372149352238295,0.606744898217065,2,93
42,0.19095444360635697,1.2784147092274256,2,21
43,0.7712042604501621,0.9813576644659042,2,200
44,0.10809167144241336,0.21342207859327764,2,81
45,0.5683061486308454,0.8436682919661204,2,24,0.06439007869804397,0.0755483906288616,2,85,0.7302672977908763,0.9404954383006463,2,137,0.0548223449246775,0.26163150436348387,2,182,1.07758254632719,0.8262839350435469,2,200
46,0.5367753672576213,1.085604038621698,2,112
47,0.7772958521510257,0.9990713478119906,2,121,0.028171649288706566,0.20496421638462278,2,139,0.9198697449275456,0.9647216767561241,2,200
48,0.6894764598821281,0.4877663354078929,2,15,0.04418976598357546,0.22662615316945153,2,200
49,1.0468996799824277,0.9936360418796539,2,48,0.02898583429925101,0.1792586990765163,2,83,1.252719891557585,0.9675997760560777,2,101,0.03203424184381841,0.21506361186504364,2,151,1.2962122571449415,0.9368105956486293,2,200
50,0.8090155285631193,1.0496866015287547,2,78,0.02288095468957129,0.19406730412948328,2,200
51,0.814811206676363,0.8288830310106278,2,40,0.06462585129814805,0.23216685096183456,2,123,0.9154053854641434,1.0827713755818156,2,200
52,0.7618020587886554,1.140131950378418,2,119
53,0.6947835560288343,0.9929510423770318,2,26
54,1.7719569317220019,1.064438198208809,2,200
55,1.0068436696255596,1.051631646496909,2,98,0.04904676673592634,0.13880501935879389,2,200
56,1.0636881174293382,1.029014590382576,2,200
57,0.8335140308912456,1.154228687286377,2,164,0.032175518492308604,0.41537940272918117,2,177,0.5931598207158696,1.0282727479934692,2,196
58,0.6691705733573333,1.2310054964489408,2,36
59,0.6530372434865711,0.9762332800662878,2,66,0.07049090619151484,0.1970529711187476,2,167,0.4456200559439974,0.8998117406259883,2,200
60,0.6037549887034733,0.9354867652842873,2,19,0.0509686456459248,0.21226090689500174,2,37,0.9380316819316403,0.8362746131953909,2,104,0.03691658921751678,0.1553745336226515,2,178,0.6001560015722809,0.9357942288572138,2,200
61,0.6518547033140197,1.3158973830086844,2,35,0.05439321581097502,0.26248078870050834,2,200
62,1.4584046682960936,1.0590686757912797,2,89
63,0.8393305251144028,1.0743920886516571,2,200
64,1.7446861862822576,0.9525178487484272,2,26,0.01589807799536733,0.23814150077455185,2,60,1.4676188925311948,1.0171157735766787,2,126,0.018811031585903658,0.08693274734793482,2,200
65,0.722205706814837,0.5600509066134691,2,32
66,1.237159244427184,0.736523981889089,2,15,0.12928092992295656,0.23733023260090802,2,200
67,0.22522436262948098,0.6228207467861895,2,53,1.1331294550212645,1.0702897137211216,2,115
68,0.09356405058957747,0.1718572570553309,2,79
69,1.329723611610712,1.0708253020825593,2,23
70,0.6182787287452823,0.624320764201028,2,35,0.05554491076704263,0.15342217819257217,2,68
71,0.9518046167822033,0.9940214084542316,2,115,0.01817781083387672,0.07597677351592423,2,192,1.0371573083024928,0.842868622392416,2,200
72,1.3604724620489854,1.3269388993581137,2,30,0.024762629792195106,0.044034473884564176,2,134,1.4850139934873667,1.45629345548564,2,163,0.02573858882607163,0.11763168710309106,2,200
73,1.0248504200189825,1.0086779038111369,2,30,0.040991366489962835,0.14232023687006157,2,137,0.8673122016232527,1.0488710045814513,2,157,0.03609748227271271,0.23842452542904097,2,196
74,0.7593900170818948,1.0994881940515417,2,76
75,0.7082145996695285,1.0504166313580103,2,14,0.03371569802556355,0.17222540794561306,2,62
76,0.9392740408107871,0.7749187935675893,2,56,0.03278192525556671,0.07208779320502892,2,134,0.6376398280322448,0.9768356031841702,2,179,0.037954039463383236,0.08382761478424072,2,200
77,0.9099951781703027,0.7001196843512515,2,47
78,1.0152144402451602,1.0312469959259034,2,80
79,1.1187037137311993,0.8134839749336242,2,200
80,0.06600467429918654,0.23144885824050432,2,81,0.17659204255807942,0.990497847565082,2,200
81,0.8666150607046305,1.2076876713679388,2,13,0.029127588909589438,0.13590211110810438,2,37,2.1870828620590657,0.9052900208367242,2,46,0.025246934443238497,0.10417449288070202,2,78,1.3732939776148072,1.0472063033952625,2,187
82,2.3414773865547636,1.0546355903148652,2,20,0.04752307127565962,0.2302588385084401,2,135,1.8282212771561483,0.8046004542937646,2,200
83,0.70323974918262,0.871523241698742,2,200
84,1.6225747489046431,1.1329958209624658,2,26,0.023860940397295773,0.13405991082682328,2,60,1.3517096475377566,1.3175021798714348,2,106
85,1.2617790142311625,0.6293639667106398,2,33
86,0.7708346922926674,0.8970159191005634,2,53
87,0.9625592901348059,0.966720905996138,2,62
88,1.217699137464046,0.988026328086853,2,25
89,0.865156469428448,1.1472320897238595,2,28
90,0.3892470357060288,0.916764882405599,2,75,0.02658219842906995,0.16759826118747392,2,87,0.625053394631633,1.1389833791593535,2,200
91,0.5715740089446979,1.0241376487471217,2,139
92,0.6053042509360852,1.0066311056331052,2,59
93,0.14168097351644662,0.87669438123703,2,23,0.020424713676430915,0.05017569262002196,2,79,0.17762764872918615,1.0058948983830853,2,200
94,0.6003519276400863,0.8660147227346897,2,32
95,0.3576805341519904,0.9943378509259692,2,51,0.023995225283602706,0.24641309136694128,2,95
96,0.12767801019752864,0.629544402493371,2,45
97,0.5112085674665907,1.108886409136984,2,72
98,0.7380039778702068,0.8809525668621063,2,52
99,0.04816985595229843,0.16494153667655256,2,72,0.733972805520668,0.8169582313857973,2,200
100,1.0086052744441445,1.1467511256535847,2,60,0.05239233674304152,0.09755528974346817,2,124,0.9152461327168381,1.0915808420824378,2,200
101,1.208171977597129,0.9825896716412202,2,162,0.03214798113190438,0.7337539245684942,2,174,0.017173113684015442,0.11673832914003959,2,200
102,0.7445286953095855,0.9294127651125367,2,171
103,1.4450783766551099,1.1196529182295005,2,192
104,1.3645075155831161,1.0219149408461172,2,79
105,0.8859622225881885,1.1605054944753648,2,40,0.065391743641099,0.21871141802115612,2,123,1.5028691177570837,1.0458842438536804,2,200
106,1.0440024889390191,0.9663081846453927,2,22,0.021164815448219517,0.4147797767072916,2,54,0.7974787346059661,1.0094426168154365,2,127,0.036049148438794316,0.22656213119626045,2,143,0.9146588190118944,1.0107835635804294,2,200
107,0.052497817051422785,0.09504925959730802,2,73,1.5566359342012608,1.114146237624319,2,168,0.017983407012063742,0.3135821739068398,2,181,1.7329209742896936,1.2163379568802684,2,200
108,1.305032419028708,0.9756995808217943,2,194
109,0.9510246812198693,1.0082242488861084,2,15,0.07240176673452603,0.5257048006568636,2,50,0.04027882183590785,0.15048841754595438,2,200
110,1.0328437662124572,0.9682483388416803,2,67,0.07655021856342809,0.08107633286654348,2,166,1.5428136584162244,1.3260878394631779,2,200
111,0.7499548254454614,0.9754633110761642,2,200
112,0.911552649163643,0.8907235997418562,2,48,0.020946612999638015,0.12750170926253002,2,78,0.7107436357089838,0.9599991647564635,2,127,0.03130709036144826,0.2513515939936042,2,143,0.7676445753347946,0.9532179727888944,2,200
113,0.7919916800422087,0.9489299677036427,2,27
114,1.5440583363331013,1.0645010405844384,2,182,0.024295805728576276,0.11093922124968635,2,200
115,1.2829917424533817,1.2035597472631632,2,119,0.03418136791182749,0.11478474381424132,2,161
116,0.542849405665171,0.896929699055692,2,94
117,1.003933535681827,1.0321047419593448,2,63
118,0.7081477108338987,0.9364781222253475,2,53,0.04674592392308967,0.3187598926680429,2,74,1.2430833346604024,0.933059488573382,2,105
119,0.5263397640773538,0.7714444279670716,2,25
120,0.8526765783333297,0.985589746294952,2,164,0.06224853903122007,0.10929580943451987,2,200
121,1.311190360000392,0.9417814989479221,2,49,0.018980840287029163,0.14956614995996156,2,73,0.7686531823661333,0.9831386452371423,2,106,0.03142386394148756,0.11977387663353695,2,195,1.4999441001044624,0.7823992013931275,2,200
122,1.1104705021596417,0.8563920398553212,2,30,0.02567294029462543,0.06520479659621532,2,134,0.937787571303087,0.9444261066841356,2,200
123,0.6251323626838641,0.9936533044366276,2,85,0.028900647867370486,0.10643733765767968,2,200
124,0.7170271353788837,1.0688457757234573,2,200
125,0.07309357764640857,0.2018710404145913,2,122,1.5282399039975272,1.1320991989893792,2,200
126,0.6510431600451063,1.0176945056604303,2,92,0.06879421592360929,0.2465672516822815,2,142,0.49042052655149615,1.0443939361078987,2,200
127,1.2290442529180614,0.9853073072433471,2,200
128,1.2110077008691393,0.8417095708847045,2,200
129,0.7335295079271713,1.0889851292785333,2,49,0.031388618299315336,0.10130675805026088,2,78
130,0.7830256091392748,0.9684285832266523,2,117
131,1.2172914034219604,1.025288184483846,2,57
132,2.460346036194182,0.9504911984716143,2,21,0.03013641867030014,0.188912827408675,2,54,3.6379912244834713,0.7306554019451141,2,60,0.05454878828300284,0.17453378662467003,2,80,1.6577067985028031,0.9105986227591832,2,200
133,0.5425973255610258,0.9035846091085865,2,31
134,0.8127746077271001,0.9272686493569526,2,69
135,0.45511033692758773,0.8464438984791438,2,120
136,0.02535932705388842,0.0834764334999147,2,61
137,0.9441751931119226,1.0024728373195348,2,89
138,0.9892725485368744,0.8373791112619288,2,85,0.034110695033781106,0.12775008885756783,2,200
139,0.8290101244335579,1.1397202101445967,2,124,0.04495005084332622,0.2608499244639748,2,200
140,0.11193539664009176,0.8002954027056695,2,200
141,1.4626830992233728,0.828036430478096,2,200
142,0.7327655772990069,0.9648842107165944,2,22
143,1.2712704509022477,0.8808473927634103,2,105,0.022833817675626537,0.17899434947305257,2,195,1.2338077052484688,1.0581140041351318,2,200
144,0.6216579166823752,0.8892022132218539,2,182,0.016942652711232815,0.18679092162185246,2,200
145,1.123491659404527,1.00759853738727,2,33
146,0.2616471859124476,0.8434252991126134,2,26
147,0.7723839568557526,0.8868566026558747,2,37,0.06321947405406998,0.16549680450576945,2,200
148,1.3077286137701365,0.9406910917975686,2,33
149,0.06718599821369405,0.3239928681302715,2,111
150,0.7472742501493127,0.8831123498178297,2,155,0.03383832068672433,0.12012378341621822,2,200
151,0.8881359495801914,1.0332335865497588,2,200
152,1.4490330846730426,1.0630082030818886,2,146,0.05204041796992837,0.36175368087632315,2,174,1.7857087250487378,1.3070241900590749,2,200
153,0.8525818428270883,1.0865109843366287,2,34,0.03099506500649048,0.11609598573965904,2,112,0.7800122871094455,0.9825608446484521,2,133
154,0.5086356642741626,0.8970937993791368,2,18,0.025126621945964347,0.12455481604525917,2,37
155,0.5779768580681994,0.772750469478401,2,37
156,0.5128033678137484,0.6922753409103111,2,27
157,0.6118719784398483,1.0697366901346155,2,37,0.021579491018718647,0.11904059272063405,2,75,0.5621810986422545,0.9979320049285889,2,105
158,1.491417194537753,0.9485531289403032,2,41
159,2.2279322896276277,0.7390806542502509,2,27,0.02079164356788354,0.08386906510905216,2,65,1.6438423998531926,1.1951284289360047,2,95
160,1.4514772471227706,1.0383425707719764,2,49,0.04281690084665193,0.12000300927508262,2,111,1.2214658829109428,1.0633483108352213,2,179
161,0.5995786022851284,1.0140643103369351,2,145,0.04079789499346529,0.20035872459411622,2,200
162,0.939380838910164,0.9497643417241622,2,49,0.07855399805094904,0.2066764786387935,2,82,1.0996969699016976,0.7518993139266967,2,102,0.0854486086572725,0.061967912985354055,2,200
163,1.0524216235957446,1.0770523178166356,2,174,0.05310726509329015,0.09591680593215503,2,200
164,1.3294627264975238,1.0150483242452961,2,73,0.03415478558365624,0.12099451743639432,2,112
165,0.5378014118392045,0.6800154083734983,2,77,0.09131065409354823,0.40244961217526465,2,108,0.05594744719868716,0.12890536483863127,2,200
166,1.5568319587432926,1.3178518546952143,2,18,0.05348080752336884,0.16931649736869028,2,135,1.6826530265314836,1.1414373611149036,2,192,0.0761056895954228,0.8433536440134048,2,200
167,2.018097070061005,1.134536636993289,2,64
168,1.9709481726221916,1.4450174178395951,2,70,0.021785346237049384,0.07832759395241737,2,110
169,0.7896077714759873,0.8193977128815007,2,74
170,0.7138404542459705,1.0528196202646387,2,101
171,1.1383321478805877,0.9838220433326764,2,177,0.05029340060585963,0.2015125075976054,2,192,1.9408726532468181,0.7067648991942406,2,200
172,0.9889170504882265,1.0522038141886394,2,66
173,1.2268459464392374,1.0103988485821223,2,59,0.05730151168391642,0.44984511457956755,2,72,1.5667892887805503,0.9640726052539449,2,143
174,0.8976196429171822,1.1235715124918066,2,92
175,0.6896886719912318,0.9951572062133195,2,77,0.06289674518082708,0.2417040853723278,2,200
176,0.6682418774341444,1.0178664548056466,2,35
177,1.2568402311882636,1.073536033431689,2,24
178,0.8161757542761469,1.4290491620699564,2,30
179,1.0790024871333095,1.2818513466761663,2,39
180,0.9344062859857294,0.9853315662454676,2,162,0.040678100658622325,0.16307860259947024,2,200
181,0.5785997056034423,1.0184297974293048,2,26,0.017878861339207377,0.1625533994625915,2,70
182,0.8261119707716651,1.08977989414159,2,68,0.025439601906688484,0.20785116117734176,2,94
183,1.2758140218946528,0.9081216586960686,2,36
184,1.4188060599770231,1.4267997874153986,2,9,0.028293839459508228,0.10600847035646438,2,59
185,1.2504554707337467,1.1761597849820788,2,190,0.07622138075707274,0.3384074330329895,2,200
186,0.42675263222270005,1.0000230036204374,2,158,0.02380137848197761,0.13619735056445711,2,200
187,0.6353366211445426,0.9476495730876923,2,25
188,0.9202112842000381,0.9514660579817635,2,21,0.023572490501856738,0.14137579314410686,2,37,1.3366376952382848,0.8674452264657181,2,126,0.017128129816276434,0.12499363780827136,2,200
189,1.4217641627039674,1.192918516971447,2,81
190,0.10280300780784545,0.40333359550546716,2,27
191,1.0534237781331783,1.2363404712161503,2,37
192,0.9927051412581895,0.9681727250939921,2,152
193,1.0726520109622366,1.0421273864880958,2,99,0.03329997270961934,0.19051508428436695,2,200
194,1.1852794017280008,0.9907920154241415,2,104,0.030716097907546883,0.1856519467121846,2,178,0.9150573173665495,1.10055903413079,2,200
195,0.8016081219825074,0.7769513400644064,2,200
196,0.05247403660944528,0.17031177625060082,2,200
197,1.5359464164545638,1.0353912327024672,2,45,0.03906941687935204,0.36772020409504574,2,57,1.7729180260456103,1.0406589093415632,2,103,0.02318416853168708,0.13051580438311672,2,174,1.1191260840831547,1.083595376748305,2,200
198,1.6830649202905692,1.3064574866459286,2,29
199,1.2349427276522664,1.1760671999719408,2,72
200,1.1593521051885178,0.9832374817365176,2,154,0.03941998462228094,0.31832611787578335,2,200
201,1.2256960939534045,1.048450907793912,2,55,0.04159399719131856,0.13815590466062228,2,175,1.2826341869072286,1.0523867011070251,2,200
202,0.917158536084451,0.9370864954861727,2,44
203,0.9241555679905713,0.8951955437660217,2,79,0.02496605699292107,0.17147805744951422,2,200
204,0.2613701391222895,0.49822673083920227,2,38,1.1206435869663884,0.9877471504077106,2,180
205,0.9353634881720181,1.0466654467582703,2,50,0.022574967817957543,0.14252427152611993,2,72,0.1906734698683462,0.5612742491066456,2,120,1.488216943105199,0.9860581567412928,2,158,0.036346535886655346,0.06431802078371956,2,200
206,1.246620733259381,0.9827075004577637,2,200
207,0.8941127903524314,0.9067587630223419,2,177,0.15370034088620974,0.41079911978348443,2,200
208,0.6466138754031453,1.0915943104028702,2,200
209,0.537669052026905,0.9145081424713135,2,200
210,0.8469728225243514,1.0226544956771695,2,49,0.026618422952802246,0.1457509424756555,2,83,0.6128809205524176,1.0919445157051086,2,101,0.033036953543225105,0.24118617586061067,2,152,0.9176882947202614,1.1233677690227826,2,200
211,1.013611138436322,0.9709985132341261,2,77
212,0.5116965744014164,0.9365197129871534,2,115,0.01594178127221276,0.058264845764482175,2,192,0.5533394542801089,0.6438806876540184,2,200
213,1.3700724487115898,1.0888351477109468,2,143
