0,0.8376321545064961,1.0326531244360881,2,23
1,0.12113854055846186,0.3934114020446251,2,29
2,0.5719559477258858,0.9975180278221766,2,24
3,0.04523803978879532,0.14810998560417266,2,42,1.0952193877133667,1.1644956384386336,2,56,0.04129745724284135,0.09021951052649267,2,114,0.9921678346043032,0.877124680315747,2,182,0.048421192444812036,0.06992874377303654,2,200
4,1.4188355436296398,1.127873118519783,2,200
5,1.26716160892827,1.1245128704550489,2,183,0.07504866758240775,0.18139775886255152,2,200
6,0.9109547900102185,0.9375110871189243,2,91,0.028062760847389758,0.16680916547775268,2,146,1.18974426605606,1.0207196981818587,2,200
7,1.0435132315269058,1.0293271846714473,2,168
8,1.1268515476427432,0.9661901506685442,2,124,0.015121414198878988,0.07134890687816284,2,192,4.904672925121474,1.1939923614263535,2,200
9,0.4473091526255148,0.952567998568217,2,15,0.014641751522762045,0.04737447120926597,2,70,0.8199787263332396,0.8705995174554678,2,200
10,1.515021065929872,0.9059420477959418,2,31,0.028524195512724615,0.1017493272231797,2,149,1.1786316254662252,1.2094576908991888,2,162,0.015630670996056164,0.1059335986009011,2,175,0.6665163362975829,1.1042908032735188,2,181
11,0.03217615146952776,0.17450717304434096,2,42,0.7388215497090126,1.047654074958608,2,200
12,0.8235696030815186,1.0896659222516147,2,22
13,0.6724292822430767,0.8201975268977029,2,28
14,0.6479873132054854,0.879815901701267,2,26,0.031560316634104586,0.09310994073025232,2,129,0.7957876577738406,0.8630292239323468,2,200
15,0.979090923679215,1.000936521391074,2,150
16,0.16792691762448306,0.4669009362873824,2,23
17,0.6650900566870835,1.0425726771354675,2,44
18,0.03372159845474037,0.21646982431411743,2,19,1.688029542841365,0.9917689447631379,2,186,0.10687303612346394,0.7040088602474758,2,200
19,1.0175863137680834,0.8460677125874687,2,34,0.031081120942364343,0.24756862620512646,2,64
20,0.06791887779601785,0.1895534203898522,2,93,1.027002618853566,1.051553886147994,2,172,0.06610867240596374,0.17581249986376082,2,193
21,1.1041964291364865,0.9335776842557467,2,26,0.03327205268843887,0.152209759488994,2,128,0.9096640062724525,0.9422518495056365,2,200
22,1.1163436443876622,1.0232802848426663,2,98
23,0.6594707326836156,1.1566678233517027,2,103,0.0788732075091863,0.06367189030057376,2,200
24,0.4219555857372819,0.9481460297305281,2,181
25,1.2342507097320183,0.6594318151473999,2,20,0.04043878040181113,0.06865082816644148,2,53,1.3034475269348793,0.8907454411188761,2,116,0.031093597681473545,0.0883838724006306,2,171,1.1125840160888734,1.177758710137729,2,200
26,0.7113887675565922,1.0293894517421722,2,200
27,1.1516445736634144,1.1258555658658345,2,150,0.03983355009827325,0.21218374460935593,2,200
28,1.6459418444980796,0.7483464876810709,2,21
29,1.0376256021713426,1.204956951348678,2,23
30,1.0195764527467477,0.6979279892389164,2,43
31,2.1825941017490025,0.7441232715334211,2,7,0.02854755889713612,0.06110523804090917,2,135,1.7782462269671657,0.6843518189021519,2,170,0.02668519261277889,0.2042503868540128,2,200
32,1.3293685551533185,0.8891090500739313,2,124,0.015216227002179804,0.11339188367128372,2,192,2.746080661748962,1.206214115023613,2,200
33,1.59792811390674,0.8734586509068807,2,75,0.027113637805677104,0.09240884179467554,2,186,1.4092900701287752,1.0456366113254003,2,200
34,1.0130707547963784,1.129755300283432,2,200
35,1.6630394479035524,0.8092231154441833,2,4,0.02839680758180625,0.11693277209997177,2,120,1.2682334980079473,0.9636245608329773,2,200
36,0.8572533925940069,0.6996860480308533,2,25,0.0363653885272687,0.10978599395070757,2,200
37,2.74321369554829,0.7503258148829143,2,15,0.01832155393424619,0.04706130534002226,2,161,2.191582555988949,1.2158690018531604,2,200
38,0.5894734270517208,0.9960219983396859,2,29
39,0.47561094648752694,1.0396445631980895,2,30,0.028785996936215252,0.08749481085045584,2,146,0.6145564962633266,1.0742683940463595,2,200
40,1.0954165473893773,0.9760751633933096,2,66
41,0.6224126685499148,1.1232841754534157,2,166
42,0.827984127481855,1.0363678000867367,2,32
43,1.1588234080638333,0.649253333768537,2,31,0.04052204386231649,0.2158346878882696,2,200
44,1.082514325169774,1.1054493779117622,2,103
45,0.0400958886040589,0.11020155275861422,2,120,1.4176100333099109,0.8932376563549042,2,200
46,0.613592340354392,0.9497502198835619,2,147
47,0.7949705762633478,0.7623343357333431,2,27
48,0.6879717999948991,1.0446723500887554,2,24
49,1.2532901629736166,0.9759645500490742,2,31
50,0.5906605449222475,1.1772684523037502,2,70
51,0.5293653904027064,1.1874303604137002,2,173,0.029409444485942116,0.17633070989891333,2,200
52,2.1932914296545403,1.243485927581787,2,5,0.026848587423681926,0.0655545324087143,2,35,1.1077590120796754,1.0280073209242386,2,200
53,0.9545519873344904,1.0260555246501293,2,103,0.07145687380936043,0.10665864735534511,2,200
54,1.1276148604180156,1.1207216027620677,2,74,0.02344987874940093,0.11602255515754223,2,186,0.7256572415867327,1.3850646785327367,2,200
55,1.3851054507186966,1.285502345473678,2,27
56,0.5704514061855623,1.0068790003969952,2,143
57,0.6363643806375047,0.8222450202474227,2,130,0.06952145179937362,0.1432901964419418,2,166,1.612796550596997,0.9681441148122152,2,196
58,0.07333178320384769,0.1805995578567187,2,48
59,1.2889119164499543,1.5526915311813354,2,10,0.060052267069765145,0.18432147963212267,2,111
60,1.8322440812235572,1.0525399426282462,2,59,0.04735186027128666,0.1741497963666916,2,90,1.5828723417250226,1.0033537076444041,2,139
61,0.5106769078605252,0.9667108356952667,2,8,0.03327365018635203,0.14321909012558223,2,119,0.5245389938583674,1.0330153281038457,2,174
62,1.169923420515127,1.0135273456573486,2,200
63,1.0219192488228328,0.7889058589935303,2,12,0.016543867578685225,0.06829437911510468,2,42,0.636417889393432,0.4703322649002075,2,45,0.9905627366905766,0.9374442412739709,2,108,0.015992932773572378,0.053418538006751434,2,200
64,1.3759024543656522,1.0941968593332503,2,36,0.08714349154148503,0.34084270982181325,2,138
65,1.0430045245946111,0.9708843978246053,2,75
66,1.1034729918106498,0.9982026753754452,2,116
67,0.9268459584176737,1.0160586517304182,2,192
68,2.1913796800171657,1.2375261386235554,2,9,0.02600385735663878,0.08133870060161008,2,127,2.2826657962906314,1.2488346298535664,2,133
69,0.573120623800312,0.9933487176895142,2,12,0.01744151036510543,0.09231467992067337,2,42,0.7074577910188087,1.0618622344505937,2,200
70,0.692294144275967,0.9004563788572947,2,18,0.03318511088973086,0.21539084410125559,2,40,1.0624195950743314,0.8904910578447229,2,108,0.01936335248137383,0.05296264912771142,2,200
71,0.5623952991644712,0.8033960163593292,2,22
72,0.9201822322797181,1.0519408307044336,2,153
73,1.1449509937131555,0.9915077911446923,2,184,0.07440725630404012,0.12879530247300863,2,200
74,0.03924042461121334,0.48649543192651534,2,18,0.40640664573337093,0.9812784420101197,2,200
75,0.05576016180790823,0.11479733421884734,2,29
76,1.1395827404397845,0.9976097394009026,2,98,0.032210939692315706,0.06734594397924164,2,142,2.575459601365472,0.8946486264467239,2,150,0.038573247076266026,0.16893137931823732,2,200
77,0.71587020473436,1.1648007820953021,2,66,0.18517209648166377,0.27531253940918865,2,83
78,0.7632565404375774,1.013870860849108,2,42
79,0.4816352372537907,1.2702841937541962,2,20
80,0.7524422288545582,1.0001455664634704,2,200
81,0.8226995844900838,0.8037184076011181,2,200
82,1.3139985596894177,0.963204642888662,2,185,0.07654305226269044,0.19093920886516572,2,200
83,1.0104062062377432,0.8270684694871306,2,64,0.02570768651848826,0.28657069750900926,2,93,1.1477463090109647,0.8306808454968105,2,200
84,1.4695632892844133,1.204079953592215,2,67
85,0.7539397059437634,0.6469802937724374,2,22
86,0.039170592746466774,0.28585703395031115,2,27
87,0.7064416100375721,1.2263786220550537,2,25
88,0.7421571932555553,0.9667390762491429,2,47
89,1.156096915848111,0.955330368578434,2,200
90,1.2211371183364788,0.9387360530741075,2,17,0.06873812055520602,0.24816028406358745,2,90,1.14086257876076,0.9197745436971838,2,200
91,1.6458265055801677,0.43132230242093406,2,15,0.01789862603376391,0.07353849302638661,2,70,1.2094658594337955,1.013984858072721,2,200
92,1.536870934402465,0.9671893387005247,2,116,0.024908197915035457,0.10843480879610234,2,171,1.4751677865509822,0.9295875204020533,2,200
93,0.6197814093273412,1.1378581949642725,2,14,0.01794469668956014,0.09190020147635013,2,161,0.6434672280117205,1.043351534085396,2,200
94,1.1283353922182244,1.1007881858132103,2,55,0.03673967347762691,0.1168891894320647,2,115,1.297176018402344,0.7718534083927379,2,200
95,1.0338925175905878,1.0059436187148094,2,64,0.08059005612272763,1.0624398440122604,2,72,0.06899192014260061,0.3037607668666169,2,200
96,0.9296105643518106,1.0214045789777015,2,98
97,0.9439796220646894,1.0424246716499328,2,200
98,1.3477902091716676,1.0921378626928224,2,182,0.04475820772113485,0.15387626820140415,2,200
99,0.5247171051011568,1.0445572343365899,2,87,0.05841637908847315,0.20455263275653124,2,119,0.5347835784137023,1.0835100883319053,2,200
100,0.9652620520509944,1.0556077786854334,2,161,0.0771285358796029,0.5173815579006547,2,199
101,0.03903893232634685,0.12205351626171786,2,119,0.554953652440612,1.014655559151261,2,200
102,0.9020703918449234,0.9968244453956341,2,29
103,0.9838573745440281,0.9983961317274306,2,27,0.048480126359676204,0.10442709284169334,2,55,1.166724255792232,0.9594376506476566,2,200
104,0.6172998206659825,0.8893213254563949,2,34
105,0.642679841633543,0.5901356066266695,2,24
106,1.157575684908437,0.9815521797826213,2,31,0.04058861915757365,0.05610840294672095,2,146,0.7547591986002459,0.7780542713072565,2,200
107,1.279119043499213,1.0473106465441115,2,94,0.045514293894449505,0.288763959556818,2,194
108,1.1653148402945268,1.0128434028890398,2,180,0.05780114612207544,0.2192140392959118,2,200
109,0.8531288210764518,1.2737851498419779,2,57
110,1.6405375154741637,0.99330249759886,2,18,0.01366953985036601,0.0798582175716025,2,79,0.9628016235411767,0.9442880085536411,2,114,0.019486035462873183,0.058288601136976675,2,145,0.9164532436749093,1.1405004826459018,2,200
111,0.35093810450350893,1.0149902981519698,2,200
112,0.12883758825769973,0.45523737952476595,2,41,0.5133199796906714,0.9427838895305898,2,200
113,1.269346063281455,0.9072936243481107,2,36
114,1.1442209315744003,0.8642969046320234,2,35
115,0.051519043474301154,0.11959760387738545,2,24
116,0.8199769028308286,0.9245937466621399,2,32,0.04699895587458638,0.29858375787734986,2,47,1.0591058026246596,0.9601366088745442,2,141,0.05598822157849346,0.1572585791349411,2,171,1.3957422565952713,0.8605098683258583,2,200
117,2.1413056298148647,0.5912564311708722,2,7,0.043443317750381794,0.25677534739176433,2,82,0.3176996026705599,0.31159827180884103,2,104
118,0.5790194970944814,0.590406006780164,2,29
119,0.8246516953395455,0.8720333000135155,2,179,0.0549013625917756,0.13150968225229354,2,200
120,1.4974763193358205,1.1450121028082711,2,35,0.0440548564371945,0.20355021762542236,2,74
121,1.1088682832969132,1.0478507013881908,2,85,0.16310899339431711,0.8091915845870972,2,89,0.059067450193063205,0.14633343214387293,2,200
122,1.0612325699864527,1.010320510183062,2,112
123,1.7319570105006394,0.9387621609149156,2,108,0.015256891186001953,0.26888665469253764,2,125,2.2332937581830667,0.8878957716623942,2,200
124,1.0750160582740673,1.0087388617297013,2,96
125,1.9643661715963756,1.3818575314113073,2,7,0.012424418227688944,0.17560978340251104,2,21
126,0.7645759797536543,1.051393672823906,2,104,0.03381101627518449,0.177202307195826,2,192,2.2170820122278068,0.6685664169490337,2,200
127,1.041011848790756,1.2299313978715376,2,11,0.02866924606560836,0.24157647490501405,2,26,0.7612276805852505,1.1133928924587602,2,167
128,1.25636785138744,0.9676995630617495,2,54
129,0.7676293931536171,0.7798354824384054,2,30
130,1.32925805969983,1.0502762881418068,2,96
131,0.2560289522676519,0.9191782262227307,2,146,0.0248451114511023,0.09565024160676533,2,200
132,1.6616985034936436,0.8660863202715677,2,126
133,1.0073600274970995,1.2999789749874788,2,34,0.05495839588713209,0.14185951541109784,2,75,0.7484022719021961,1.1187241622957134,2,134,0.06367161166262512,0.14461077004671097,2,168,0.6688529913298976,1.169617660343647,2,200
134,1.0929798248237466,0.9083461783018457,2,83,0.021748225967603632,0.17194050164134414,2,110,0.8430024729170065,0.9757820129394531,2,200
135,1.0541375063263079,1.1869839020073414,2,32,0.03667708132485941,0.19241095587928245,2,126,1.4365363475445851,0.820147534479966,2,200
136,1.0161775615310564,0.8969759089606149,2,7,0.025078960736101986,0.0940783207770437,2,135,0.752986110737792,0.8243292106522454,2,162
137,1.487194246046396,0.9966357616056879,2,83,0.023956342309662395,0.16455268528726366,2,110,1.6155554044334959,0.9894081407123142,2,200
138,0.44914395853679956,1.0054537757583286,2,184,0.050998000867448295,0.14414815790951252,2,200
139,1.3423790541764364,0.9032552912831306,2,200
140,0.030016605812877906,0.09135594109042747,2,122,0.3060235454226922,1.016854931478915,2,145,0.021200047002922762,0.0550106021490964,2,200
141,1.17564169447111,1.005154994496128,2,114
142,0.7718739140304897,0.9843633997440339,2,200
143,0.9065207863121414,1.0753638803958894,2,20,0.034704382304612064,0.11834252801011591,2,54,0.6212176194364136,1.0987221917060956,2,200
144,1.8964507695553496,0.9719814676046371,2,200
145,0.6798433849409424,1.0347564290551579,2,34,0.058463009020344604,0.2921549895082612,2,200
146,0.9146223261248222,0.95207737321439,2,92,0.0741218392728397,0.12236462452489397,2,184,1.5993796281609973,1.0137502886354923,2,200
147,0.20798696833535302,1.0688929173254198,2,62
148,0.1270983549516739,0.9137465249408375,2,66
149,0.8207620828740996,0.9871999136472153,2,118,0.036619364968718135,0.12947650645908557,2,156,1.3115369697318593,0.8411383604009947,2,180,0.0534957449490039,0.1164940282702446,2,200
150,1.2815654660517368,1.0720586603787279,2,193
151,0.8350803678610903,1.0067710959911347,2,200
152,1.1858643581504449,1.1015843698533916,2,59,0.03227057084051759,0.23044647084128472,2,90,1.2427552037900418,1.1586895281618292,2,200
153,0.13512990947436343,0.1986258864402771,2,25,0.9750034005769979,1.0302457412083943,2,106
154,1.7131289012109991,1.4127386882901192,2,64,0.03294110135077647,0.13264847756101844,2,153,1.510657488191948,1.2907157391309738,2,161
155,0.10432636772358157,0.3376005031168461,2,28,0.7004099174785964,1.15979507912037,2,200
156,0.975125950427487,1.0289704117000613,2,117,0.018991413036451115,0.18170485550012344,2,156,1.220128288185814,0.9788216856809763,2,182,0.09352294595404531,0.07148331734869215,2,200
157,0.0753761859117144,0.2348253173487527,2,21,0.7654409587805214,0.7239573491762762,2,94,0.04740083635309249,0.14021860948507336,2,163,0.7779340667314002,1.1340310025859524,2,200
158,1.0801373138483754,1.1263141110539436,2,32
159,0.9486311145956955,1.0587153997686174,2,36
160,0.3753624695496314,0.9102728761905847,2,86,0.04798646037051265,0.1810776503647075,2,120,0.3810852487081027,1.0121794283390044,2,200
161,0.41823709472034176,0.9168937736087375,2,90
162,0.04803899985377301,0.28297658354947064,2,99,0.9484284295579364,1.1373155768960714,2,163
163,0.7366523266602107,0.9385151465733846,2,27,0.039991294032700284,0.11311404460242816,2,55,0.8999570877082461,0.9013832693689325,2,144
164,0.1903167325778033,0.5275968225990854,2,41
165,1.5119676708564824,1.114128914475441,2,200
166,0.8599961450461376,1.1884877529550106,2,47
167,1.0054589417970203,1.0119944545957777,2,18,0.019106519920640413,0.05443060837808202,2,79,0.6691384300420388,1.0004346685961258,2,200
168,1.1741912567719093,0.819152383700661,2,23
169,0.04049528815241931,0.09111383350359069,2,36,0.26248263760986784,1.01014479442879,2,90,0.03555564853629946,0.23895766155587303,2,180,0.27274364793300304,1.1502468287944794,2,200
170,0.753725007096422,1.16519029935201,2,27,0.05098535672353543,0.14193640356463505,2,200
171,1.0670861886635423,0.9576597412427267,2,6,0.01584234131968003,0.15632486526782696,2,136,1.2939851007550638,1.1025589387863874,2,200
172,0.7902311309675213,1.1539062671363354,2,32,0.029642441825032857,0.13378025917974237,2,105,0.6757516425742122,1.1173442802931133,2,200
173,0.6612942522885179,0.9649575001001358,2,200
174,0.8740436579804388,0.8865200504660606,2,12,0.036419537284602704,0.1491339998319745,2,28,0.7975770303884492,0.9330111825188925,2,200
175,0.600257795546114,0.2881464163462321,2,6,0.01793714243520545,0.07940547993549933,2,136,1.4035972723926742,1.0906018614768982,2,200
176,1.6375222069941067,0.9293315391987562,2,64,0.02271170439879631,0.19163063168525696,2,93,1.3756765119416452,1.0657076438268025,2,108,0.024414922460213102,0.17654797522460713,2,125,1.9965604754970494,1.1742613930856027,2,156,0.05260025362882677,0.20416637931181036,2,179,1.9930619354239332,1.2858269384929113,2,200
177,0.7126138435777983,0.9517815654928033,2,44,0.038543674619730746,0.27404118875662486,2,59,0.8142275308881298,0.9400850366801023,2,91,0.07411857997384765,0.09051173633855322,2,183,0.7727199340654191,1.0932053748299093,2,200
178,0.7459408132914515,1.1237267774343491,2,200
179,0.9345010296817847,0.6285345650488331,2,31,0.027308011042969992,0.12425557003445821,2,104,1.1043890933829217,1.2216244041919708,2,188,0.09087184307220474,1.0246398200591404,2,200
180,1.4122510011989549,0.913740998506546,2,20
181,1.2381673365270587,1.068818401920703,2,129
182,0.041104957104752045,0.07720298692584038,2,24
183,1.4766233663567776,0.9337493950320829,2,31,0.03998107263344698,0.07026124479515213,2,87,1.2713816149610453,1.0200696698332254,2,200
184,1.3000627552943125,0.9321246438248213,2,43
185,0.983391565004029,1.1576791149046686,2,144
186,1.220369322005603,0.9910076683014631,2,200
187,0.5438206544064642,0.87927320972085,2,80
188,0.027118241298212557,0.15254266481650502,2,19,0.7078545443593418,0.9632582091494818,2,200
189,1.0190329170310546,1.3334067770929048,2,33
190,0.5130512776734246,0.7575964312274734,2,77,0.04471058583984014,0.10661511680459589,2,200
191,0.033883997273920226,0.09123937625530337,2,121,1.5522161844170048,0.44919795862265993,2,135,1.6495829140460956,0.9435795050400954,2,200
192,0.5220013329747524,1.2661619441849845,2,28,0.04617808432292579,0.23430788413036702,2,200
193,1.1548735085109074,0.9714043289422989,2,64,0.06811863050233286,1.0406300574541092,2,72,0.05652779948007936,0.18964209835976362,2,152,1.6282746754383415,1.0036339978377025,2,182,0.10504982396238781,0.08418683211008708,2,200
194,1.1555664468150106,1.2049427657358107,2,124,0.04467352554348101,0.21313436100116143,2,137
195,0.9689697966370152,0.9348918491939329,2,159,0.04040177873365146,0.19593133976062138,2,189,1.4214086758470905,1.0541144121776929,2,200
196,0.6040971177649584,1.051811753000532,2,70
197,0.039659940891965444,0.0840839311596035,2,129
198,0.5342685827320358,0.8747263484178706,2,141,0.036232625847851536,0.27003558228413266,2,171,0.7391202487241416,1.12008902533301,2,200
199,0.8950850534553786,1.4107734084129333,2,30,0.040004042101039194,0.12446965960895313,2,200
200,0.29164011376981747,0.968826824618924,2,31,0.05244971925538208,0.21425224741299947,2,166,0.1110936066239564,0.8689310550689697,2,169,0.38216843641607323,1.0198697928459413,2,200
201,1.0526865817692546,1.0173119841789713,2,49
202,0.1203654520641455,0.4829135577668223,2,114,0.019341731880816424,0.13330942248144456,2,145,0.4086378295043409,0.890119778026234,2,200
203,0.9723725645316084,0.9247951430082321,2,200
204,0.6731495010881527,1.0525769889354706,2,108
205,0.6028863889529898,0.9245900650546975,2,73
206,0.7087378595578608,0.9526754110709004,2,87,0.03464447709641783,0.31160694666397876,2,126
207,0.7152674578744849,0.782134702205658,2,25,0.04058299517370757,0.11213941967640167,2,103,2.646950525123176,0.7181330152920314,2,110,0.03726087353320331,0.06785650766558117,2,200
