0,1.1887865563461466,1.0691990489545076,2,23
1,1.6193955891595098,0.9772312641143799,2,14,0.03194981360366486,0.5857232528574327,2,48,1.4616863609216593,1.0491661848845306,2,102
2,0.9340719344076636,1.1872857885482984,2,78,0.01695427981302403,0.17712688386440278,2,103,0.8269175702901852,1.1991256919671904,2,156,0.02382872128176367,0.11646140798142082,2,175,0.6422056549501564,1.270160093307495,2,200
3,0.6074631876175871,0.9609197980287124,2,98,0.040511952801354896,0.06720434772033318,2,200
4,0.76980808992464,0.9461521244138703,2,133
5,1.6081849824263812,0.6677654981613159,2,7,0.04111656453186197,0.09717297329478068,2,80,0.9492196168783185,1.426856968137953,2,89
6,1.4916989794224156,0.9853660901387532,2,30
7,0.8057388385936982,0.887696051397803,2,179
8,1.529087714814708,0.679506174155644,2,28
9,1.2693116069205534,0.9148249439164704,2,51,0.1851705719091038,0.34331058111132645,2,92
10,0.8363196173277231,0.8614459832509359,2,6,0.016533837317063853,0.07614662426133309,2,68,1.3043834458056387,0.9578242843801325,2,79
11,1.0202071054381159,0.8021803150574366,2,120
12,1.226934188926594,0.9454284575250413,2,63,0.045240551689062214,0.22590990494126859,2,86,1.228170830321296,1.0018914568013157,2,115,0.04485258379866026,0.139780655503273,2,180,1.2508300687851417,1.200372928380966,2,200
13,0.4460028892626866,0.9222487415753159,2,102,0.03576887739048276,0.1733877702939267,2,200
14,0.6764477460034077,1.1380558013916016,2,25,0.01808448243333109,0.910088062286377,2,33,0.9138298269750812,1.1806372558369356,2,118,0.033654243057355857,0.14742393007403926,2,175,0.8200018608364232,1.207544093132019,2,200
15,0.35316565611746603,0.6544143938842941,2,34,0.028187360320046935,0.12602764310745093,2,60,1.2891602409645413,1.0876697424130561,2,138
16,1.9331690175839833,1.1759272168080013,2,24
17,0.5607170471823584,0.9927450829082065,2,180,0.05621690739437921,0.16423634439706802,2,200
18,0.646387317352292,0.8946443644369612,2,161,0.031590313597808437,0.17534976509901193,2,200
19,0.12453773776165068,0.16753739278231347,2,28,1.1726906037972487,1.0733727022012074,2,178,0.05221281404973834,0.2494333196770061,2,200
20,0.9737795870551966,1.3040408520471483,2,42
21,0.8052970153774422,1.2267998911085582,2,21,0.02781136315459377,0.07724780417405643,2,34,0.8053780721419954,1.210213343302409,2,76,0.03051003757652257,0.09373691308814867,2,189,1.380717431748528,1.4468134099786931,2,200
22,0.2727000802900326,1.066298097372055,2,16,0.017551159946115683,0.06304898231789685,2,154,0.41040834705194834,1.1277125996092092,2,200
23,0.06380838266856781,0.15449958178732132,2,90,0.7117772377178017,1.0123487589034168,2,178,0.06287326295894441,0.3124529326503927,2,200
24,0.4973498864584679,0.8527907399194581,2,56,0.039315488947728384,0.1243087992719982,2,79,0.6328499775787184,1.230137872695923,2,94,0.031436097449590895,0.11708674340877893,2,200
25,0.6059894193182717,1.242147431468332,2,151,0.045956004031204034,0.21195264403917352,2,200
26,0.480191592665356,0.7614577233791351,2,10,0.01612730589269731,0.23094172843477942,2,32,0.6744788392470384,1.014736082404852,2,96,0.04291002463291485,0.048009074714085824,2,169,0.4609931866552002,1.0781421815195391,2,200
27,0.48848262393293096,0.7211278884087579,2,59,0.0538484879051,0.10181657524629571,2,146,0.6186221350091254,0.915366522691868,2,200
28,0.9502854007865693,1.1641000424112593,2,84
29,0.5265719092241452,0.7495677037672563,2,11,0.01510145767849268,0.07056792722131214,2,148,0.7325829619083184,0.9832595891140877,2,195
30,0.049356998846379334,0.21506107403236685,2,103,0.4743350835284336,0.9208052072328391,2,200
31,0.1149232232667367,0.09205236711672374,2,28,0.7896240940224765,1.0817151700341425,2,200
32,0.45724730236900285,0.9305905103683472,2,32,0.027525034998698766,0.17550862077120188,2,69,0.5551140027000607,0.9705413083235422,2,129
33,0.9168436670100653,0.8830644958897641,2,38,0.08028711108759895,0.24697026587796933,2,104,0.9536876633996009,0.7384416276300457,2,175
34,0.9880657456970636,1.1561536292235057,2,24,0.028540745229717127,0.14887219071388244,2,39,1.1559922590213225,1.118143569855463,2,81
35,1.080513476252774,0.8538891931374868,2,30
36,1.335979596485444,1.0233615466526575,2,21
37,1.1362050047951515,0.8824430558416578,2,45
38,1.0519136417671757,0.8874881034609915,2,87,0.009941560288184268,0.6560742457707723,2,96,1.4365349514086476,0.8147432059049606,2,200
39,0.06427130479734242,0.07481105944940022,2,70
40,0.5685761860819868,1.134981753230095,2,200
41,0.7461565624068648,0.9589785764614741,2,180,0.13845029242317955,0.17263700813055038,2,200
42,0.03080778079162674,0.16791957515207204,2,88
43,0.6664353555527559,0.9712624010585603,2,105,0.05031006630667704,0.15236856372732865,2,200
44,0.6907603750828067,1.0412578635577914,2,158,0.147516595399013,0.712115507040705,2,200
45,0.05012842438366976,0.14707635869883529,2,99,1.1390937353371224,0.9612096566706896,2,163,0.056077242675168226,0.270123941393999,2,189,1.3419102462023147,1.340803623199463,2,200
46,0.9684994994488413,0.8542019906251327,2,23
47,0.5757838519433911,1.088240648508072,2,200
48,1.034671880088163,0.9201101245880127,2,125,0.055276969874434104,0.06863017082214355,2,200
49,1.1413222636647256,1.1084525662660598,2,200
50,0.031147285251229995,0.14333628863096237,2,90
51,3.258470309852278,1.472485566139221,2,5,0.02883102655121997,0.12831226010111313,2,84,1.3519767328945735,0.9754639232859892,2,101,0.06900865341120044,0.27744258789703097,2,200
52,1.1067488080280323,0.9963458163150842,2,138,0.028958472176368138,0.16042962766462757,2,200
53,1.154577470354259,1.1474126130342484,2,80,0.028398038689106307,0.18292062878608703,2,100,1.1295915004228012,1.1666443212122857,2,179
54,0.7902058959052254,1.275448068257036,2,145
55,0.538434442653603,0.7157071530818939,2,22
56,0.020220062189843655,0.04062744416296482,2,48
57,0.06053871286574826,0.3875554636830375,2,21
58,0.6234883094943464,1.196632757782936,2,32
59,0.7009286180680843,1.1575011213620503,2,24,0.022656945271901038,0.2220410426457723,2,39,1.1977158464348778,1.1199265109731795,2,180,0.07357562438421579,0.6977968633174896,2,200
60,1.0279816871413783,0.8760210634111525,2,143,0.020617247310795735,0.06739871857459084,2,200
61,1.6039647498687988,1.1195631510502584,2,37,0.03435515312442477,0.1458031909333335,2,82,1.5528700110141067,1.104332862076936,2,109,0.04624760318832382,0.07343797556689528,2,170,1.2678470699824218,1.0712015867233275,2,200
62,0.8738287157356199,0.9946904959100665,2,33
63,1.088080646715213,0.9142262806495031,2,60,0.0687811469451264,0.1337643627857053,2,146,1.4367923212334615,0.9063829823776528,2,200
64,0.7799111390953241,0.9667271804809571,2,200
65,1.5383423336565063,1.0253788896969387,2,35,0.035998413457782256,0.06027831243617194,2,175,1.7955179030651107,1.3405612087249756,2,200
66,0.8420558707628463,0.3929419196569003,2,26,0.7648689558670901,1.3285668039321898,2,51
67,0.9633567157576329,0.7691687797196209,2,128,0.11178042355765944,0.1586856611073017,2,148
68,1.178201523921902,1.0702988075304636,2,158
69,0.5732594683664325,0.6916078691897185,2,23
70,0.6244313632155404,1.1738211540948778,2,21
71,0.5156034748674594,1.1332200413018885,2,142,0.019098229961450965,0.09061685178814263,2,200
72,0.7729184156792465,1.1703643202781677,2,6,0.014671830339963159,0.8325541317462921,2,14,0.8902128377451646,0.9768366676110488,2,40,0.038430986081714386,0.08619942808789867,2,96,0.864655455891823,1.0054635313841014,2,200
73,1.3346380901448553,0.9713372039794922,2,25,0.028385945428809248,0.5267558209598064,2,33,1.6644933107833229,0.9674806868443724,2,94,0.030475619968041052,0.18445418761023935,2,200
74,0.6836665592354608,0.989288467168808,2,20,0.03769706891201867,0.10289845273301408,2,57,0.5944197138519356,0.9810530458177839,2,92
75,0.06003881465127131,0.24067347308436593,2,182,2.0289998264513764,1.4542475011613634,2,200
76,0.3838721895685948,0.8153027972725572,2,183
77,0.8854054254418866,0.8586058355063844,2,139,0.029012276019168306,0.2506429267222764,2,200
78,0.8950306738873467,0.9505318403244019,2,191
79,1.0665352011009634,1.0910631482665603,2,37,0.06540436513080636,0.3376198918682284,2,150
80,1.418062218918673,0.9774502583912441,2,35,0.03979129318040023,0.04980896966797965,2,175,0.5343327439773973,0.6398511821031571,2,200
81,1.0933966684150596,0.9013011774846486,2,56,0.0493114234643827,0.11340097067030994,2,78,1.1273003995873667,0.9182024288635987,2,130,0.06454039806943192,0.19131274265902384,2,200
82,1.4728013385222174,0.9617194497585296,2,100
83,0.0635016680291185,0.18859162571077998,2,88,0.6987153735296673,1.0870990987334932,2,200
84,1.4367192416602763,1.0912630644397459,2,69,0.03170080065743322,0.15564996924470453,2,137,1.3673691977511937,1.0230757054828463,2,200
85,0.5339622854462279,1.0842821033377397,2,19,0.01595247209351349,0.29732342765611763,2,36,1.0813162399605853,1.0735270427722556,2,138
86,0.9359354250415296,0.9418682887636382,2,87,0.023848282201017784,0.6112403339809842,2,96,0.8044877028122993,0.949628080924352,2,156,0.04440348826524421,0.1580824145248958,2,191,0.7500188289328024,1.1179886791441176,2,200
87,0.9481946693544997,1.2003254034580328,2,39,0.07187809329813298,0.23281542056550583,2,135
88,0.8172622784127876,0.9631658583879471,2,200
89,0.9534270011633191,1.1830878019332887,2,10,0.0269412750452753,0.40208114428179603,2,80,0.8346631526930771,1.200198687116305,2,200
90,0.8177375550205126,1.1633133531376054,2,157,0.09001728854561643,0.22030597821224568,2,200
91,1.0276371777603879,1.055922854514349,2,21,0.04655020207843322,0.09215258635007419,2,34,1.432492287179541,0.9951966944194975,2,76,0.03501306651805719,0.1031954429582157,2,189,1.8463311863075718,1.3272417350248857,2,200
92,0.850359915888155,0.96671389751747,2,61
93,0.6646762067104456,1.0125266265869142,2,200
94,0.9292268872212229,1.1136517655849456,2,200
95,0.8019894246947845,0.822829829454422,2,200
96,0.9701819173286497,1.2619667127728462,2,32,0.040144804387084766,0.12420072693091172,2,58,1.3575035646919982,0.9533353022166661,2,72,0.064169307873076,0.14470398290590805,2,182,1.033561502017694,1.1046147412723966,2,200
97,0.49045552187049746,1.098167208108035,2,22
98,0.07797231217013681,0.17167651285863902,2,73,1.6071114379658045,1.0882634907438045,2,130,0.06673205574624713,0.19834731881107603,2,200
99,1.0286584278200448,1.277724398756927,2,53
100,0.864700345605104,0.7447147497109005,2,28
101,0.893909169608623,0.9781976630610805,2,155,0.05000966260300753,0.4012453593313694,2,187,0.903677813498065,1.1588261952767005,2,200
102,0.8959960824296115,1.0647706204447254,2,29
103,0.5937197397771778,0.587428230047226,2,10,0.03127154614666718,0.30517160998923437,2,80,0.5100218063079474,1.025613780816396,2,200
104,0.5936554201060732,0.9353470963400763,2,37,0.03653151827568438,0.17619730863306257,2,82,0.6810459250424914,1.093640735704605,2,155,0.05903795254467931,0.33312733822009144,2,189,0.7941380652524941,1.5589568614959717,2,200
105,1.3578218964542628,0.9002254162515912,2,35,0.07847928022669844,0.25927663391286676,2,57,1.1484940966413435,0.8862181716448777,2,200
106,0.5557270340369938,0.7798357340620785,2,82,0.024888181241870585,0.09313672696644405,2,135,0.6200590132394318,0.9575227609047523,2,200
107,1.573681456353515,1.020500700388636,2,140,0.05893732561562745,0.1871280568950581,2,193,1.8358986829189765,1.173949888774327,2,200
108,1.763079357582666,0.9610309422016143,2,200
109,0.5917770634009416,1.0935355293750764,2,200
110,0.024023425492893803,0.14901439876606068,2,48
111,0.5429617614710673,1.0126072576171474,2,38
112,1.0116550749670516,1.08151338213966,2,42,0.05428236517968354,0.20368040729136694,2,147,1.413338755561292,1.2087415569233444,2,200
113,0.7076901340680728,1.3028660345885714,2,118,0.03175664760298117,0.15166028053091282,2,175,1.3270718046141556,1.4151184701919555,2,200
114,0.3314697027499087,1.3224925637245177,2,10,0.01585665230270647,0.22961680387908762,2,32,0.8174906191972918,1.051366621797735,2,54
115,0.059108351633482104,0.17693866349079393,2,44,0.43776800181899334,1.2004118583820484,2,71
116,0.9342279514972293,0.804807152066912,2,98
117,1.2648710647027352,0.9982806173237887,2,22
118,1.1661463872437376,1.1149922340146956,2,31
119,1.184275793356022,1.0299404275183583,2,102,0.040097058252970844,0.14604605673527232,2,200
120,0.10824865845843337,0.768935767263174,2,200
121,0.8807154913648014,1.2483408066534227,2,31
122,0.7980890333671692,0.7453894723545421,2,22
123,1.1786118307383981,1.201763072184154,2,28
124,1.7574135326143736,1.1227551817893981,2,10,0.01603077422113492,0.02811865583062172,2,90,2.3443945484191326,1.4371168083614774,2,99
125,0.41182968299016964,1.070705134421587,2,32,0.02721668021274177,0.0793484605020947,2,122,0.514625419278341,0.9085287841466757,2,200
126,0.595841984735976,0.766417587587708,2,95,0.06851387895889195,0.19182313165881418,2,117,1.0405248696947247,0.8570698391960327,2,200
127,1.314190000299438,0.9413747317450387,2,175
128,1.7265259605803458,0.9351352728330172,2,156,0.010267456821091843,0.34082198739051817,2,176,2.078752522883843,0.9433459540208181,2,200
129,1.0903928243030983,1.0503323100231312,2,108,0.06581427313011898,0.12310487634324013,2,155,1.4760943238336286,1.095694571071201,2,200
130,0.5254334568037334,1.1499015718698502,2,40,0.030570201454316895,0.09485365141112849,2,93,0.19620079174720353,0.4661011934280396,2,98,0.6188571559578044,1.0157296108264549,2,200
131,0.8068334939981805,0.9538686299324035,2,50
132,1.2740312764188473,1.1022573788009005,2,167
133,1.244248798747008,0.9805719922115277,2,154
134,0.872555606915122,0.7979795248420151,2,27
135,1.1986714317494611,0.9585439464939174,2,67,0.021459937666059876,0.08357544478617217,2,200
136,1.0165232659535668,0.6825536921316263,2,98,0.03848291040067358,0.07154472917318344,2,200
137,0.8378529461154619,1.1973739435913366,2,109,0.06394938461138423,0.0996822581316034,2,157,1.0591403246551307,1.176561527473982,2,200
138,0.3477937062833859,1.0181063920259477,2,200
139,1.651290532550601,0.9466995807255015,2,34
140,1.2114283515324273,0.90985239939443,2,116
141,0.5910396851065228,1.118530554557914,2,67,0.018410331511262912,0.08266034251765202,2,200
142,0.09376664053645913,0.17666891713937125,2,21
143,0.09878222005680387,0.3648606694262961,2,23
144,1.010829152818333,0.976944571208654,2,159
145,0.8942327524121805,1.0091925263404846,2,60,0.015063924414044097,0.05153949342776036,2,129,0.7906321335175839,1.050658494234085,2,133
146,1.1057953205861317,0.9590077817440033,2,200
147,1.4349211501953183,1.3394205201239813,2,42,0.05272096169012457,0.12801751705273143,2,148,2.0985340193526185,1.1516825602604792,2,161,0.04134685942527249,0.10528053343296051,2,200
148,1.349289361457682,1.0672057469685872,2,81
149,0.5834149386992431,0.9079305592924356,2,200
150,1.6396677626512455,0.8338959357317757,2,34
151,1.486155708519508,0.8838120253992753,2,71,0.027229871471723847,0.18351027475936071,2,85
152,0.7539861418091388,1.0114173865318299,2,200
153,0.7068572417932467,1.0376673936843872,2,33,0.025351026680148023,0.12448152320252524,2,123,0.5749046073069081,1.1073654100492403,2,200
154,0.0471533040040661,0.1851330350997836,2,43,1.0876381423865868,1.0519996931155522,2,91,0.019315810936480566,0.06280020717531443,2,171,1.2333285346026042,1.4721806624840046,2,200
155,1.2507989154338301,1.1066119283195432,2,123,0.025494914913288546,0.1884018416915621,2,137,0.672060845770254,0.25792061469771643,2,148
156,1.173753780470978,0.9878463992050716,2,140,0.0457331741603859,0.10381281572692799,2,193,2.2811673179650906,0.5728287271090916,2,200
157,0.7276051859450654,0.9802675438778741,2,56
158,1.2465649553939524,0.6953168282906215,2,60
159,1.1444533985831555,0.9584518732168735,2,39,0.062179194453680475,0.4767185760041078,2,63
160,1.4605561009815156,0.9580976786436858,2,54
161,0.8950029504973918,0.8219951506583921,2,31,0.043089437791233545,0.09762869849801063,2,51,0.7333862138595372,0.9182500015169182,2,200
162,0.486025452776838,0.9306150744943058,2,17,0.012182283296484759,0.08609607304845537,2,87,0.4984859908356452,0.8825823393735018,2,98
163,1.3392809508208567,1.060696398615837,2,200
164,0.6989961465007376,1.1062691336870194,2,200
165,1.9466283131170385,1.2009625945772444,2,21,0.0371348941492002,0.0653646469116211,2,96
166,0.8308377999459868,0.7323995782778814,2,26,0.04894312606192676,0.062303419279701566,2,94,0.6874918479496658,1.0568064451217651,2,115
167,1.1057372926295703,1.0450402777642012,2,64
168,0.8880596670459701,1.0521898192744101,2,31,0.043995429859789076,0.6833192929625511,2,51,1.2700008233614508,0.9393609864637256,2,179,0.05421466552346803,0.5075472415912718,2,200
169,0.8053048110404586,0.7350207657525034,2,66,0.045301206819620236,0.17337184727191926,2,141,0.6405471494816218,0.7946378305806951,2,200
170,1.0842796452918688,1.0747871780395508,2,200
171,0.07681541338102335,0.43180252264425595,2,103,0.6875288790119182,0.9650607720801705,2,179,0.05291482625961909,0.16462797352245875,2,200
172,0.7651897916345354,1.092852401105981,2,76
173,1.3412951760925933,1.0912028153737385,2,9,0.043555308561008664,0.18047148764133453,2,34
174,0.986508252581771,1.2588798271982293,2,95
175,0.8244687097463537,0.9607278108596802,2,26
176,0.814118156982575,1.0028640731521274,2,23
177,0.4454153792230854,1.0265577100217342,2,32,0.02056946660063132,0.16170810695205415,2,46
178,1.4117597795584724,1.0190043811862532,2,148,0.04592537671505652,0.460673615888313,2,175
179,0.6979124545614288,1.010352904146368,2,99
180,0.7324611376400401,0.7916261106729507,2,24
181,0.897753026258204,1.089521024376154,2,32,0.06405079936778564,0.10915700474689746,2,61,1.6542913451841084,1.1704011722044512,2,72,0.06362291187420951,0.13344567946412347,2,182,0.5081439012162869,1.085476855436961,2,200
182,0.6339219828419942,0.7712234941621622,2,48
183,1.1598963555045267,0.8749952111925398,2,105,0.055782650962231964,0.27456595270257245,2,200
184,0.2723549151368575,1.0113578295707704,2,200
185,1.3559910546771439,0.9663091432179837,2,151,0.0435997558810004,0.17773112472222777,2,200
186,0.8130031907779003,0.7641695060847719,2,81,0.014743604935627883,0.26721764852603275,2,99,0.8269827697530886,0.8219200490724923,2,200
187,1.084584424546034,1.0616348987817765,2,200
188,1.1091490753661206,1.1055009529131268,2,109,0.047352093960421185,0.12547289763317734,2,170,0.6398257279957135,1.1825040300687155,2,200
189,0.6718440404103442,0.883252604007721,2,200
190,0.2709156887916001,1.3582299053668976,2,48
191,0.32516609398884533,0.7815057624404024,2,82,0.027471848380079707,0.10391320812481421,2,136,0.5598434428872203,0.9169051736593247,2,156,0.06263138048491634,0.23170257258144292,2,200
192,0.6074966135598728,0.9637817636368766,2,63,0.047263487072181316,0.1794132732209705,2,84,0.47503655323839455,1.0016545669452563,2,121
