0,0.9347249071222766,0.7825260788966448,2,117,0.05831300315627478,0.2972514948931085,2,200
1,1.4044512658131572,1.0216801152342843,2,84,0.05824786937104799,0.8976043462753296,2,94,0.03145445199153706,0.10158889055252075,2,119
2,1.6793725749842288,0.9818643759458493,2,39,0.028083376444933826,0.26519235278949266,2,160,1.6855661564260704,1.131377324461937,2,200
3,1.0537176332014118,0.8910484876525536,2,178,0.0744882546478501,0.28441508182070474,2,200
4,0.7238047497520599,1.1399305385092031,2,69
5,0.8890046180731319,0.9957090516885122,2,24
6,0.581751070408434,0.8087078720331192,2,20
7,1.0212451176859445,0.8805025764133619,2,23
8,0.9153031068505121,1.0698971167588844,2,78,0.028969199223786615,0.10020535622463851,2,200
9,2.1221171271194352,1.327208924293518,2,10,0.037557780916676414,0.0999167197767426,2,44,1.107656759336486,1.1025954484939575,2,62,0.03603228944305454,0.0766182962136391,2,101,0.8769044489258784,0.9859389729645788,2,150
10,0.07397147123189766,0.1800863957580398,2,68,1.1373451390116691,1.0569400970752423,2,94
11,1.3472537845094044,1.1249384217792087,2,9,0.04363445807361149,0.22294993610943065,2,43,0.5789557319408831,0.9715666174888611,2,61
12,0.03261319064237347,0.1063758660303919,2,19,1.3674355142689854,1.0320981372127216,2,200
13,0.8236183845300874,0.8893672972917557,2,62,0.0424889107356107,0.06349022430367768,2,126,1.4414940377340957,0.976693873469894,2,200
14,1.002808110496243,0.7894676324725151,2,200
15,0.9047604250027795,1.0326237659300528,2,62,0.03452299328931151,0.1545568371657282,2,126,0.7278752104979989,1.108092875094027,2,200
16,0.9477621938176035,1.0895709359645844,2,200
17,1.180959903769561,0.8933581972685386,2,127,0.03197867985353121,0.15448940450494938,2,182,1.5298061061064918,0.7692421012454562,2,200
18,0.8409105226170941,1.3013009819491157,2,29
19,1.081121375977643,0.6034559806187948,2,27
20,2.0198876582957674,1.0877761104527641,2,17,0.030998913713700157,0.28320917527417877,2,91
21,1.7806900250003201,0.950028749073253,2,17,0.012267763828214524,0.1072500541806221,2,47,1.3733284628817142,1.0153185845979678,2,200
22,0.5993519251711902,0.9760504758358002,2,200
23,0.03004970270381622,0.382722175435016,2,19,1.394851124538075,1.2541905977449364,2,200
24,1.5854322095015276,1.009760498054444,2,126,0.038296991189003024,0.23093287586360364,2,200
25,0.7385783123045389,0.9240454302893745,2,72
26,1.6711177117429352,1.1160682876904806,2,30,0.05832894522577699,0.09960053183815697,2,52,1.4020262124317158,0.9613447709725453,2,182,0.06601121026457384,0.07558668073680666,2,200
27,0.0699326092089455,0.33331771194934845,2,22,0.602884176561923,0.9436373691089818,2,144,0.0245573442791228,0.05629465116986206,2,200
28,1.4809781152146255,0.8509384412318468,2,32,0.03495963813607132,0.11569614433461711,2,200
29,1.540052037836368,1.0869631986869008,2,38,0.0294559547208465,0.1747660180553794,2,54,1.2446810267384962,0.9936646741369496,2,100,0.02804720685313354,0.06643398915018355,2,170,1.346819542306248,1.0157510876655578,2,200
30,0.0400493960811669,0.18667378243225724,2,67,0.5590111557982167,0.9864517410596212,2,82,0.026543115863371776,0.24347673312706106,2,150,1.361743474086908,1.0165866613388062,2,200
31,1.102735561028045,0.8710656833444905,2,117,0.0235742838599342,0.10979673742420143,2,189,0.30573305663362194,0.5368396111510016,2,200
32,0.7572043699229247,0.8276848042833393,2,58
33,1.2944870881391208,0.9947723186933077,2,130
34,0.06836179062438645,0.19738354371941608,2,69,1.168772729137147,1.1381671598979406,2,83
35,0.022143762184463803,0.26248108616897037,2,35,5.423584149036065,1.0011185109615326,2,39
36,1.1860381382744787,1.0665143825287042,2,43,0.018277754355048723,0.11136524379253387,2,67,2.0866577208477697,1.0025107860565186,2,71
37,0.7930152263530685,1.085785441442367,2,109
38,1.025904301936464,0.5361903429031372,2,10,0.05341045957798309,0.20982679900001078,2,44,1.1740193117514222,1.0364183023058136,2,102,0.02920944547988946,0.20170901822192328,2,200
39,0.7900691625753116,0.8717462246119976,2,200
40,0.7717530856000928,0.812144855260849,2,100,0.019554768875445903,0.1637849205070072,2,145,0.7390615878701903,0.8529598561200229,2,200
41,0.519909361437703,0.9086985369523366,2,60,0.0317956128416807,0.1302474924496242,2,95,0.6247220744702379,0.9972320292145014,2,159
42,0.46578279288479435,1.1154903014500936,2,135
43,0.8591965215453575,1.067870643734932,2,40,0.021106933298782774,0.05842328288902839,2,184,0.8501970244554264,1.0266160517930984,2,200
44,1.5182753842741736,0.9488410263061523,2,125,0.03162372587398407,0.2295433477560679,2,200
45,0.8987706043232229,1.0650727248191834,2,200
46,1.1317146329595644,0.9152175918221473,2,200
47,0.05075494848918294,0.41778383652369183,2,150,1.0919579900132241,0.755145902633667,2,200
48,0.7881842975724187,1.0649811226474353,2,121,0.0843233146025803,0.19212935204747356,2,200
49,0.553544717516992,1.0033803880214691,2,200
50,0.0261613126132353,0.14462159480899572,2,32,1.253800881467353,1.0730539510647457,2,200
51,0.8384352660146301,1.1168587576775324,2,126,0.04308134498878584,0.19230442816341245,2,200
52,1.6042585101017952,0.8053786820835538,2,18,0.07131123060193385,0.23560401635004743,2,119,0.8562766398082036,0.8999996114585359,2,178,0.08336513500825407,0.37940947169607336,2,200
53,0.7652629088180793,0.8669132788976034,2,9,0.040503764589037705,0.5989529561428797,2,30,1.0720945757205615,0.9327258548315833,2,200
54,1.0155452454409561,1.0214454302420983,2,52
55,0.04043457446905092,0.3053976189006459,2,66,1.319746393716103,0.7584247941320593,2,88
56,1.0005146442467694,0.9471827205373438,2,181
57,1.249528743869818,1.0322386172951246,2,122,0.02556740755023936,0.05061801220919635,2,159,1.1380691798599583,1.0350092707610712,2,200
58,0.7247468793535038,1.2029285430908203,2,85
59,0.5795446126054469,0.5130935934456912,2,11,0.026247777666974486,0.17082373188300568,2,55,0.5420518924429206,1.0062442574007757,2,200
60,0.042767125942155974,0.13731477541082046,2,34,0.7299269350195887,0.8163791525931585,2,55,0.019164775893939442,0.12407669950934018,2,89,0.7265146545049607,0.9650010257153898,2,200
61,0.06128044628910253,0.164535695598239,2,21
62,0.018643595994614785,0.3784020572900772,2,25,1.0148783065911733,0.46753986477851867,2,30
63,0.5215208330578444,1.0808918396631877,2,30,0.06102275608516847,0.19695396166901255,2,73,0.9521519999887406,1.0365254197801863,2,192
64,0.8035683052072317,1.1105111837387085,2,24
65,0.9620187550483983,1.3281015253067017,2,25
66,1.0503435608360878,0.8873840841380033,2,11,0.04672198180227525,0.14814037716749942,2,44,1.1028929744899103,1.0438476963476702,2,88
67,1.4204085954154684,0.9754114334399884,2,26
68,1.079623791877322,0.8130080529621669,2,21
69,1.1476420248234591,1.1152592218936759,2,188
70,1.191365813148055,1.0179129596799612,2,64
71,0.05425729294963191,0.17956630637248358,2,24,0.5245783239031626,0.9397923028604551,2,200
72,0.04766657922996487,0.12964099505916238,2,32,1.2646940328786176,0.7969685456027156,2,55,0.01816794354377344,0.08682883092585732,2,89,0.7655014312550196,0.9590074779751064,2,200
73,1.316938080977525,0.7957187736034393,2,200
74,2.4793127995712534,0.7261739481579174,2,11,0.06185875757359891,0.26524336545756366,2,44,1.5810843965169614,0.9476082810649166,2,71
75,1.5364746485790377,0.9064223988111629,2,43
76,0.10869994959957,0.6527200847864151,2,30,0.9012468989253349,0.9670473659739774,2,200
77,1.3012620331511544,1.1478725093783755,2,33,0.10323704599310275,0.31944240581604744,2,126,1.0108392803021464,1.159078681791151,2,200
78,0.82527415335266,1.0333693253993987,2,200
79,1.0177262247168402,0.9073783963445633,2,63
80,1.0205401774524048,0.9341318056268512,2,53
81,0.0755652710479564,0.2715962752699852,2,38,0.9885324032014264,0.9986938659487099,2,96,0.047362643628771635,0.22654390238946484,2,127,0.8333811633082907,1.2753832737604778,2,148,0.05902997116736957,0.0858173192693637,2,200
82,0.9677049359198928,0.91640505194664,2,92,0.07806544026399086,0.2557191443112161,2,200
83,1.193047860037461,0.9164654440001437,2,76,0.09913511228375081,0.23227129605683414,2,109,1.0655613846091192,0.9483024577299753,2,127
84,1.01650839252779,1.0933124109318382,2,38,0.016904013307480547,0.06718818015522426,2,74,0.9199880536113721,0.9673665340930696,2,200
85,0.8195882267241311,1.0695189414200958,2,27
86,1.0003391812538394,1.0367028128867055,2,102,0.03508985264501467,0.19932945270319374,2,200
87,1.0646810255263626,0.9956949861844381,2,75,0.05467681723952327,0.1306351883844896,2,97,1.217586337797112,0.9680192103752723,2,110,0.04093730151953147,0.1362954669220503,2,153,0.6162897735960694,1.121725759085487,2,187
88,1.0628677893667566,0.7603997687498728,2,24
89,0.49928516002351914,1.1123848213089838,2,90,0.021654538808931346,0.12086728631063949,2,133,0.6507808952067715,1.1513648086519384,2,200
90,1.3913683239500931,0.8517006825317036,2,22,0.035637355337873204,0.12450936176474132,2,85,1.5159719356028358,1.0569808703881722,2,139
91,0.3611398136547891,1.1796291640826635,2,112,0.03631574480844711,0.12356973000061817,2,151,0.47101148741785454,1.1639665170591704,2,200
92,1.442288808999535,1.1510194163573415,2,76
93,1.052089235325465,0.9682019081982699,2,33
94,1.1315422170225455,1.0218616762468893,2,93,0.022029964204056052,0.09584351059268503,2,127,0.7445746550407685,1.0677832126617433,2,137
95,0.8078837480801758,0.9320484225767373,2,137,0.03395313348220928,0.17991905269168673,2,158
96,0.8108922197253804,1.2438726287621718,2,26,0.04849915275229461,0.18587906038997196,2,127,0.9360641706651033,1.1518169157207012,2,159,0.036714229293450605,0.07941458574155481,2,200
97,1.008207235301571,0.933752899474286,2,47
98,1.3105821654021916,1.048942449092865,2,200
99,0.5585088638151137,0.8611651376634836,2,200
100,0.996671530099415,1.1630504781007767,2,200
101,0.7650043557792955,1.0061542212963104,2,100,0.017224837408203724,0.17603262894683414,2,145,0.2344102245411236,0.5918719204989347,2,200
102,0.6692082564758856,0.7791857891961148,2,38,0.03195573550436285,0.18824422731995583,2,54,0.7188105189487396,0.840652346611023,2,187,0.028345435931775097,0.2615248102408189,2,200
103,1.3374551571536595,1.031299823039287,2,148,0.05068213763325575,0.11884094602786578,2,200
104,1.0585117328985716,0.7460370024696725,2,122
105,0.04155702215592878,0.46830087549546184,2,17,0.3650339562433284,0.9684464120003115,2,183,0.03100952032162796,0.16507632679799022,2,200
106,0.956566541982045,0.9209650973478953,2,90,0.02374759921996937,0.10904913932778114,2,133,0.7952436677452096,1.0890593041073193,2,155,0.03905363174297913,0.0793367581235038,2,200
107,0.8831772500030609,1.119090560078621,2,200
108,1.2314851282413104,1.0805285516397913,2,179,0.061277696944253564,0.08585133651892345,2,200
109,1.3659227149317787,0.8585568537314733,2,60,0.0284477613569014,0.13989774673654323,2,117,1.1627645585340691,1.0149521470069884,2,127,0.038893403331123164,0.13127593425187198,2,182,2.5064699527688674,1.165536430146959,2,200
110,0.06958442037701056,0.35951438049475354,2,33,1.0094818613501721,0.9935237283890064,2,137
111,0.8344332392704394,1.1508572101593018,2,56
112,0.9578351312958043,0.9630004860852894,2,190
113,0.9114045116242018,0.9123737373680034,2,189
114,0.14738815251351509,0.868738880455494,2,200
115,1.2046018999991361,0.7243770647931982,2,27
116,1.0950528884666808,1.0003869893058899,2,126
117,1.7682421209305623,0.9372138102849324,2,15,0.043613446443166,0.1945710608905012,2,37,1.6446109386250156,0.8768779250883287,2,68,0.057467080750876004,0.10608366712675256,2,127
118,0.03287975143115514,0.19979441491886973,2,32,1.0591576605438655,1.1015352221096264,2,49
119,0.019884937159387647,0.11673691706223921,2,55,0.18011463349856274,0.37215148454362695,2,110,0.5608743703118243,1.0725588652822706,2,200
120,1.4114874634848544,0.8943528127163014,2,141,0.0328801209790869,0.11537213269936836,2,200
121,0.43860118664963466,1.0421691062676646,2,137
122,0.7138440722268409,0.9468718565116494,2,59,0.048096540507230306,0.174691674609979,2,95,0.8153293021992674,0.8271202825364612,2,200
123,0.7057676025737438,1.0063821661706065,2,51,0.023453193492424623,0.17120299430993888,2,77,0.16690752577700377,0.5022825623934085,2,142
124,0.6300680245642352,0.6481706440448761,2,20
125,0.7056653166017608,0.7379133027532826,2,23
126,0.626206408976842,1.149843192100525,2,10,0.01092274195343624,0.12054131581233098,2,23,0.6535387025247531,1.2179313812937056,2,37,0.017119080139871776,0.05825087731390928,2,150,0.47772059468879224,1.1458842356999714,2,180,0.30892191831317894,0.3585294509927432,2,186,0.02275028970521947,0.08767244219779968,2,200
127,0.05846851004973505,0.10088248401880265,2,20
128,0.06170245057951425,0.07041754041399274,2,28
129,1.151954669729062,0.9850177206690349,2,63,0.026548367578585166,0.22181654671827952,2,78
130,0.5024414522147448,1.0555315916655494,2,61
131,0.6065845054435265,0.7400033048221043,2,21
132,1.4009096966209018,0.6222192613702071,2,19,0.07602481419721474,0.24124658426034798,2,122,1.1121579660456828,0.9028739677025721,2,200
133,0.029453532454264346,0.14192472010850907,2,200
134,0.5827176018490398,1.6194250345230103,2,5,0.024491676161911998,0.13153883987221837,2,126,0.963347826309228,1.0024667650461196,2,166
135,0.7558895652317982,0.9745137095451355,2,38,0.016949542913939342,0.13353124633431435,2,74,0.6731048670241476,1.0572277524254539,2,96,0.05308800359170033,0.11073327112582422,2,127,1.1989013466702407,0.9772609390624581,2,200
136,1.7630822004701152,1.232491707801819,2,5,0.0335256449676401,0.2628920115530491,2,33,0.9954513034490888,0.9829319308785831,2,118,0.03284926324182515,0.11781009304814222,2,200
137,2.2696605187409173,0.6152145266532898,2,3,0.0261972406846026,0.18281797762147062,2,200
138,0.039117253774926135,0.15590395507487384,2,22,1.172192248350611,1.1917402082019382,2,40,0.01904700111166143,0.09561705982519521,2,184,2.118345996130138,1.2820820361375809,2,200
139,1.1498759247763246,1.0866377425193787,2,200
140,1.5507896812636452,0.9159199509067811,2,138,0.015821350063653327,0.11717820628767922,2,180,1.5366063443231939,0.8866607636213303,2,200
141,0.4827312480985737,1.2748310565948486,2,13,0.027964321650496952,0.19876852080225946,2,113,0.8606569446317713,1.0837239383280963,2,200
142,0.7946169406234721,1.0056414315194795,2,33
143,0.7946524603215884,0.8159409623879653,2,26,0.044710840911433056,0.10393585781059643,2,127,0.7013614584783399,0.9034860558429006,2,186,0.022053275472018942,0.1442801452108792,2,200
144,0.6671401696999045,1.123975417653068,2,61
145,0.5729719010922155,1.0927231329328873,2,68
146,0.8491467722714255,1.0033776090164814,2,121
147,1.3967928854678937,1.0366771400791326,2,73
148,0.8524691841691657,0.9625351521985751,2,141,0.02570869995530656,0.09011264751523228,2,200
149,1.4044920881322067,0.8481684449044141,2,88
150,1.3457518675211613,0.9291438723985965,2,104
151,1.0909165259191014,1.1403681417790854,2,123,0.03534618681775943,0.2160131927757036,2,165,0.9646630053287774,1.223325991630554,2,200
152,0.80709598305156,0.8574474580147687,2,85
153,0.6458973360475734,0.788068091547167,2,185,0.07703385578047457,0.13185336589813232,2,200
154,0.7801619360943338,1.0754267975881502,2,154
155,0.45355467529329174,0.9179345394174258,2,24
156,1.2122109721127041,1.1865436170519013,2,194
157,0.942182448923592,1.1529514419621434,2,58
158,0.5792720209312009,1.048655409934157,2,118,0.027696582490268615,0.19010077616790447,2,200
159,0.872220593765695,1.1968257714200903,2,54,0.057020996250878773,0.13702524178906492,2,73,1.0849433157592063,1.0633200510280338,2,200
160,0.7670794116535647,1.1653363763308915,2,122,0.02999796540516669,0.08765001747852717,2,200
161,0.8223756333323451,0.8052450362592936,2,32,0.0285160480436119,0.17879025704330867,2,167,0.774990401226518,1.1325798034667969,2,200
162,0.8669696189034468,1.034723376526552,2,34
163,0.4846491723699777,1.0925148817209096,2,26
164,0.9723922593591877,1.020629132650175,2,181,0.06444616155481746,0.09468717716242138,2,200
165,1.4736855677188143,1.1730455330439977,2,21,0.020210711726592754,0.13756732574918054,2,43,0.9773097876397755,0.8323481294016043,2,55
166,1.3279236923439144,0.8619167877313418,2,156,0.04492633709670398,0.09119856222109361,2,200
167,0.5151213166960942,0.9141056382137797,2,23
168,0.5273708498588429,1.1758591152771174,2,171
169,0.7226329445248288,0.9945346649203982,2,168,0.036664048784379316,0.1272695385850966,2,200
170,0.4173600051271343,0.8754657174265662,2,172,0.07518383814123156,0.19243880999939783,2,200
171,1.5768260947358392,1.0534916466474533,2,200
172,1.065408496333107,1.037060751914978,2,75,0.013016575426081176,0.3058605162720931,2,94,1.1341660662524093,1.054511460390958,2,193
173,1.0926730462452774,0.7755409890207751,2,29
174,0.6549560582173534,0.9354187401247697,2,71
175,0.7144939200700344,0.8551887445151806,2,80
176,1.088751166166145,0.8850906282663346,2,200
177,0.16655792994298452,1.1113305183557363,2,78,0.05021356166934174,1.1076641529798508,2,94,0.031859304722118176,0.06462374513911218,2,191,0.20773530254878542,1.1841954125298395,2,200
178,1.3586305788741286,0.9925757561411176,2,28
179,1.6521126025075377,1.0850040489435195,2,200
180,1.2572412337037093,0.9348286971573002,2,121,0.08870480332957209,0.1977462163077125,2,200
181,1.5291776274962479,0.877539391134992,2,81,0.030633644055838637,0.2345191542397846,2,191,5.169952018585693,1.2586021025975545,2,200
182,0.6765027130626873,0.9776068956424029,2,39
183,1.164476788867425,0.8857728024323781,2,30,0.019864986511604652,0.12577450353848307,2,49,0.7513275216414174,0.903494908954158,2,148
184,0.6731190714573421,0.9381175875663758,2,30
185,1.029277805744661,0.8613341987133026,2,20,0.04281131461240482,0.16671092559893927,2,38,1.047802818258304,0.8812864561603494,2,111,0.026941735999123053,0.14217344773086635,2,155
186,0.6320195167150668,1.0028181252656159,2,54,0.07891629010885312,1.0238852202892303,2,66,0.03877195608150289,0.13427487115806608,2,200
187,1.0899440172223118,1.1826760570208232,2,54,0.04917526656163643,0.1932677689888706,2,200
188,0.764825181145562,1.026800932465019,2,91,0.09410329136788571,0.28891982151827683,2,200
189,0.36041780247552513,0.9997152090072632,2,28
190,0.6248612842200876,1.1290548861026763,2,200
191,0.02504832867189195,0.14777391155560812,2,51,0.8908951388569004,0.29790971279144285,2,56
192,1.1144565361745582,1.0983245718479155,2,200
193,0.9491112806931573,0.9922005903153193,2,42
194,0.6706356062760016,1.2902930396975894,2,33
195,0.5494372461004406,1.1722673727915838,2,13,0.04421618561856397,0.22784754194197107,2,74
196,0.5574532985003571,0.8359022388855616,2,24
197,0.6614854790252408,0.924236562130225,2,137
198,1.5346144302817688,0.9824468493461609,2,22
199,2.2537863222410772,1.036220908164978,2,6,0.052886623361358555,0.1990820774526307,2,39,1.6847439997971354,1.009408651772192,2,98
200,1.5424853389701614,1.0390889873871436,2,26
201,0.46076106979794684,0.8553411463896433,2,12,0.029682752794337644,0.1395180063212619,2,114,0.4410549490743281,1.0173997282981873,2,200
202,1.7001563587044164,1.2587631940841675,2,12,0.02717544459070397,0.3054088684065001,2,54,1.0388101099053173,0.9237489048707284,2,172,0.10078825802950116,0.40333772024938036,2,200
203,0.9307220007026802,0.9494801735877991,2,100,0.029072031848423517,0.05819420559065683,2,170,0.8121080388587154,0.9087930937608083,2,200
204,0.8430232842644274,1.2035776376724243,2,33,0.12646385543038302,0.3929192764016817,2,139,0.021283625544611495,0.05746865599620633,2,180,1.6910814226270534,1.332017368078232,2,200
205,1.658096438913501,0.3863748162984848,2,10,0.02291185062051825,0.36885820902310884,2,23,0.9413907879303918,0.642341958624976,2,37,0.017833504129097916,0.04519065159611997,2,150,1.0790126381861707,1.092621121406555,2,200
206,1.131909086873201,1.0087289905973844,2,112
207,1.363515290178148,1.09147337552543,2,107
208,0.9739310832422848,0.9698327779769897,2,68
209,1.7772949129478675,0.894791283532587,2,191
210,1.803170069616889,1.3698892322453586,2,22
211,3.50010130928522,0.42925835649172467,2,3,0.021278137371289762,0.1893454129403492,2,56
212,1.0286632188897649,0.8792162002661289,2,117,0.026055426894274415,0.31262416186102904,2,200
213,1.0502897342245145,0.8940957794214952,2,187,0.04126594645313058,0.11786492971273568,2,200
214,0.7438131548734483,0.885752343639885,2,97,0.07891422735571793,0.12826013825833799,2,137,0.7609736776173813,1.0296951634543283,2,172,0.07568679813814792,0.12409764208963939,2,200
215,1.5163865333517734,0.8975671888679586,2,93
216,1.5974399514867959,0.8246703117321699,2,78,0.025627628811899873,0.13777592460640142,2,200
217,1.4526712480511945,0.8321981592611833,2,22
218,1.2621570708892091,0.9701981857174733,2,61,0.03030416397693727,0.08321720867284707,2,117,1.2344786628215887,0.9650969703992208,2,156,0.048088336499286004,0.09199445322155952,2,200
219,1.0503812167391382,0.9182587841153145,2,200
220,0.036039663983099594,0.12580573077624044,2,96,1.2202472245514848,1.0296197826579465,2,155,0.04455063820344729,0.08701238764656914,2,200
221,0.7814934876340063,0.8906324644421422,2,43
222,0.5437093556660938,0.828200816738704,2,121,0.03412685033874532,0.29109721439225333,2,156
223,1.2997309967141772,0.9093638425692916,2,64,0.03560941386598531,0.22911956122047022,2,83,1.2679912710594083,0.8742272282640139,2,155,0.024229678009360368,0.15859188735485077,2,200
224,1.1958199188346768,1.0897423304044282,2,117,0.06525117097371287,0.2352684170725834,2,200
225,1.3559967388856302,0.9951996791362763,2,200
226,0.9144250260875608,0.9738027768976548,2,17,0.010421345639249631,0.17727885246276856,2,47,1.2236630985003456,0.9111278836244072,2,200
227,0.593542975718954,1.0612738649050395,2,60,0.021990689775206625,0.16776663783405507,2,116
228,0.7307317759980547,0.9443489518658869,2,29
