0,0.6383584725183027,1.1010672880543604,2,36
1,0.7133791085957585,1.0323680109800177,2,188,0.025235712255980557,0.17833154400189719,2,200
2,1.4520587044086055,0.9722957181930542,2,25
3,1.0455511821206056,0.8655467643134895,2,87,0.036145393497022046,0.2466654529174169,2,105,1.1454591493673132,0.7410235106945038,2,145
4,0.4843542421213485,0.9487924696161196,2,104,0.08243246990926813,0.20988888589162674,2,167,0.8627286571055863,1.0119769139723345,2,200
5,0.05143359900068748,0.2758005920511026,2,52
6,1.39883201634663,1.0631598455565316,2,70,0.0451942879436217,0.19770892290398479,2,102
7,1.0100500922910967,1.0515698395766222,2,77,0.02582357887010039,0.20658955256628797,2,200
8,1.254562964974758,0.9542932556225703,2,52,0.024223497823350315,0.18756766974086492,2,123,1.0915407349451913,1.0499241290154395,2,200
9,0.7073379389617255,1.247363539842459,2,13,0.03470485555722389,0.07047591673180381,2,200
10,0.07990810806491608,0.2955040964147737,2,124,0.48495246691100957,0.7371279138785142,2,176,0.06495083785995663,0.13192305093010268,2,200
11,0.8672943170888344,0.8116971164941787,2,200
12,0.8144045885188335,0.8863210268318653,2,64
13,1.0147306240819514,1.3758843718348324,2,37,0.03898076675323253,0.1977214675862342,2,165,1.0299116208278356,1.1399630103792464,2,200
14,0.41454905448602325,0.9659394694537651,2,41
15,0.08232034318432287,0.8993639485877857,2,57,0.0824303180457935,0.1700677562218446,2,200
16,0.65058089805152,0.8507004334376409,2,13,0.019891451468929452,0.07930676187022348,2,102,0.7132460278984836,1.1949650389807565,2,116
17,0.9350871428008783,0.99592125415802,2,26
18,1.267532208416689,0.625425120194753,2,9,0.020053304336917693,0.10592212106870569,2,32
19,0.8321548460819198,0.8122892567515373,2,200
20,0.10390174238446655,0.14489241139519782,2,84,1.460178803979973,1.0779603288091462,2,200
21,0.6588568121664253,0.9414880695939064,2,200
22,1.2366732262650144,0.8725825955762583,2,136,0.02107884708040843,0.1390138334993805,2,192,1.533016510333767,0.9390025287866592,2,200
23,0.6741175063075876,1.0118059880973758,2,129,0.025346715574260447,0.1637895258379654,2,200
24,0.8036276829789115,1.0707570983938974,2,73,0.04919102162579902,0.24872807713586892,2,140,0.7315565547744354,1.0617179254690805,2,200
25,0.8883351833894052,0.9433473348617554,2,20
26,0.8436674493840456,0.8462975203990937,2,30
27,1.1264680819598614,0.9909947088786534,2,21
28,1.0639180860017232,1.069171913682598,2,73
29,1.2899142289005723,1.078040651653124,2,23
30,1.620021057174069,1.5040962054179265,2,39
31,0.5027561357802645,0.6177520126104354,2,20
32,1.1407174406732252,0.8875614281684633,2,63,0.021949488085388113,0.26312194482700246,2,100,0.7217823783099309,0.9450057621126051,2,177
33,1.0159728433564656,0.8791181883391213,2,34,0.07063290883450228,0.18267715093162323,2,124,1.0364530957564069,0.8434911127153196,2,200
34,1.6011733979057325,1.0468702971935273,2,200
35,1.4303792454034336,1.0858904872185144,2,78,0.049067716413485285,0.11542844642763553,2,124,1.9264715349962291,1.2296120489344877,2,158,0.061819573805136425,0.14098434715435423,2,187,2.18712796241701,1.0702024331459632,2,200
36,1.2453038336791973,0.8189252098401387,2,45,0.07739415701585875,0.2319938689470291,2,73,1.2096526314281097,0.9058471500404238,2,200
37,1.8459111760136193,0.9676487871578762,2,28,0.035830135880490444,0.08905121559898059,2,148,1.5143086502577356,0.7866671131207392,2,200
38,0.02233885918876735,0.06449882589377366,2,77,1.807362721584618,1.1324503951602511,2,86,0.029957113026928887,0.11391016579510872,2,200
39,0.7979444372967331,1.167075563967228,2,80
40,1.3086491660317034,0.9169983392538026,2,129
41,1.8951941603141071,0.960973609238863,2,32,1.6959874872889305,0.5157520671685537,2,35,0.04152358393312103,0.17221459394151514,2,200
42,0.6385424220898328,1.1150156637517417,2,41,0.03123831390748231,0.06186986428040724,2,80,0.7893195929146659,0.7308904528617859,2,94
43,0.6796558225175542,1.0736146926879884,2,70
44,0.6533109777729758,0.930393271976047,2,27,0.0278284840952727,0.05518167490760485,2,147,0.5050406724470767,1.0458486045108122,2,181,0.04006387644784508,0.09630353984079863,2,200
45,1.2562191109092038,1.0602126736549815,2,157,0.042686793469485756,0.15157396502273027,2,200
46,0.8701986193029667,0.902466179551305,2,111,0.04429647024172096,0.22449926074062074,2,139,1.0003847725161865,0.8333858971794447,2,163,0.07005733098686918,0.1991707835648511,2,200
47,1.0459086283643222,1.02126105932089,2,52,0.028495753397765892,0.19193692043633528,2,123,0.8134526055693254,1.1404671808341882,2,200
48,0.9414244770372153,1.027619108557701,2,200
49,0.7352624104138881,0.8543476769848476,2,126
50,0.6604305237543298,0.7840346729261636,2,169,0.038218227855398974,0.12739337788474175,2,200
51,1.6646742372634156,1.01184983253479,2,40,0.0754876306622182,0.26820855030393975,2,167,1.339610314769478,1.2185734851019723,2,188,0.01974217904193451,0.16549815610051155,2,200
52,1.5161683453871426,0.8860800080001354,2,32
53,1.1507475638885323,1.0053352514902751,2,6,0.04626524629295166,0.1093088469861709,2,200
54,0.8068633763104375,0.9383432780951262,2,200
55,1.0741842864014575,0.597224323645882,2,23,0.04366717220757844,0.19403577358885246,2,67,0.8141613599027597,0.98718892056265,2,148,0.036504623048163834,0.12183014303445816,2,194,1.668260507396431,1.0107850829760234,2,200
56,0.053069750263232386,0.23243923871605485,2,81,1.0759894947982502,1.1004842089003875,2,200
57,0.5477466308872309,0.9349086383369072,2,163,0.07917166478988137,0.1226653996351603,2,200
58,1.4898663337002735,1.0176658950200894,2,41
59,0.4172385089211479,1.036115126176314,2,143
60,1.5493243630584936,0.9602338562549,2,142,0.03822717965413263,0.2831924675326598,2,161,1.4551376334995052,1.0175482114156087,2,191
61,0.6819431659371402,1.0865948420983773,2,81,0.05974280153523522,0.13396628864673005,2,200
62,0.8181753455407853,1.1484848703656878,2,35,0.08114158375489086,0.2221288807117022,2,126,1.3077724789911367,1.0372882227639895,2,200
63,1.3157243329679253,0.7394048668900315,2,49
64,0.9488653305090718,0.7698926576972007,2,200
65,0.7199048918104318,0.8926440899570783,2,24
66,0.050426704833586966,0.10025379090916876,2,51
67,1.5042296499495675,1.0167486445378449,2,59
68,1.2141809671312098,0.7201287597417831,2,20
69,0.5496013437703667,1.1280315492464148,2,23
70,0.535835075369134,1.2087546912106601,2,11,0.03900614151216033,0.3958807458748689,2,48,0.5634515889604816,0.8894194596773618,2,125
71,0.5271093831166651,0.9950528967380524,2,200
72,1.0920907942998268,1.366146657201979,2,9,0.059977210827391284,0.13369847391102765,2,83,1.0565659284061633,1.1551604138480291,2,119,0.049516138891063766,0.17533029429614544,2,143
73,0.94965154858897,0.7918271437287331,2,200
74,0.3450530767977303,0.46369719963807327,2,13,0.027075860619177827,0.04842323197258843,2,103,0.37071036640849964,0.8691502766510875,2,200
75,0.04948805515835301,0.33223529532551765,2,16,1.045465544894651,1.1096954759286375,2,163,0.020622876554412844,0.1642166158637485,2,200
76,0.13726415262712918,0.11870451141958652,2,23
77,0.17580610567481153,0.11857427443776812,2,21
78,0.6164399298416839,0.980697768330574,2,200
79,0.3649504153698279,1.0122881472110747,2,200
80,1.2497937323164567,1.0260890769958495,2,200
81,1.9375621016974027,0.988936448097229,2,35
82,1.1784936515202893,0.5902811661362648,2,12,0.029936571848375285,0.10030424900543995,2,51,0.8455447286125731,0.945926288763682,2,87
83,0.8074959348461389,0.969258351759477,2,55
84,1.444871880230696,1.0199830532073975,2,8,0.016016530871946672,0.06735181542718487,2,165,0.7441876101871204,1.1818180901663644,2,200
85,1.0632918993881513,1.03850419819355,2,40
86,0.5677896894867672,0.9589503037929535,2,200
87,1.3289972897391116,1.0759959785561812,2,19,0.049070461364464135,0.14078729870644482,2,41,0.7100595141809538,0.9879102309544882,2,65
88,0.03419172821584874,0.13846311625093222,2,32,0.5035195786881769,1.04298334905546,2,105
89,0.03654312849397978,0.23016577160784177,2,28
90,0.6590649779466048,1.3810812532901764,2,48
91,0.7052856868291433,1.4078365564346313,2,16,0.03337611447791035,0.12984427076871277,2,77
92,0.05289533799237184,0.19012766361236572,2,25
93,1.0250234538704839,1.0177347952127456,2,200
94,2.223148532893285,1.0443527698516846,2,27,0.025166551089172595,0.14284613678852717,2,147,1.250835026478065,0.9155634337001377,2,192
95,0.12657269796146473,0.6440550542396047,2,23,1.0294045313877287,0.9700087318575479,2,146
96,0.8357970934704083,0.9497402292490006,2,200
97,0.6051889977112468,1.0669349483821704,2,69
98,0.7407659522591957,0.8915057748556137,2,200
99,0.845247797115983,1.1095585042032703,2,29
100,1.4892234988352266,1.1204664076075834,2,85,0.03200492731474521,0.13443040122156558,2,200
101,0.6977280941680266,0.9973464512825012,2,200
102,0.9697083447329018,0.7216034233570099,2,200
103,1.2758258130639526,0.9750711936799307,2,63,0.05895955378999108,0.10566591242949168,2,138,1.5368322363620361,1.0903292533123132,2,171,0.022144535276574718,0.17731686060627302,2,183,1.063613466075341,0.9324677671704974,2,197
104,1.1839832405948434,1.0968044443828304,2,82
105,0.7055882406445045,1.006366420299449,2,94
106,1.2790211213359233,0.9944283194737892,2,73,0.034533092969466495,0.16787076364545261,2,158,1.5407743955200166,1.0912986738341195,2,200
107,0.016282508658527914,0.057847661114184656,2,107,1.4201203541413894,0.8392624282523206,2,183,0.039630650257946695,0.11369527613415438,2,200
108,1.425903714517163,1.3087281783421834,2,30,0.01847555170651343,0.0672448398784185,2,186,1.2114889253919858,1.5112018500055586,2,200
109,1.253232665882526,0.928475867818903,2,81,0.06185539213006919,0.13766755313933396,2,200
110,2.120284438000253,1.1634860336780548,2,8,0.020322336517328322,0.10884001781232655,2,200
111,1.602931902692598,1.0787281980951324,2,131
112,1.6221430861874193,1.140525153705052,2,21
113,1.5209853849908648,0.9487377021272304,2,118,0.04341574435160814,0.2967013157904148,2,166,1.3297654039859974,0.9581434656591976,2,200
114,0.9125277858400035,1.1024344170093536,2,200
115,1.3294415204220715,0.7773624481381597,2,37
116,0.047072091985442564,0.15734164742217666,2,87,0.6769105056679141,0.9503675661981106,2,103
117,1.7138246097511631,0.8603065318839495,2,43
118,0.91846651783709,0.8764983447649146,2,93,0.04508536009236181,0.17518912628293037,2,121,0.8001263934387904,0.9362720073537624,2,168,0.03880780346040223,0.25397089775651693,2,200
119,0.9420877552294303,0.9436444721809806,2,146
120,1.9988333435763876,1.2091190781858232,2,36,0.04910909915688221,0.0755641602161454,2,200
121,0.3444819879725039,1.0280952305756799,2,129,0.02462839964947268,0.13567851651722276,2,200
122,1.1961412519834282,0.9136212468147278,2,43,0.030727104567456736,0.1483948141336441,2,138,0.8334170777674722,0.9805794203722918,2,165,0.03306770259711603,0.09370912866933005,2,200
123,0.975448486669625,1.1384882132212322,2,114
124,0.655052651980896,0.7450215965509415,2,36
125,0.6600158283702757,0.9931690850678612,2,68
126,0.674544725234451,0.9451197981834412,2,14,0.033995398518468084,0.18800029014387437,2,200
127,0.3309490308146331,1.159940657707361,2,104,0.08122385120702558,0.15799508799636175,2,167,0.275570888924208,1.2988062555139714,2,200
128,1.5579231646350038,1.1834385167984736,2,21
129,0.055101622773246345,0.18506885394454003,2,80,0.9652428793945644,0.9452981067740399,2,149
130,1.2824740123323715,0.9869975343994473,2,46
131,0.7629222136055169,1.078946944545297,2,34
132,1.3786714649684655,1.177949571609497,2,25
133,1.0488265951377438,1.0009917879104615,2,25
134,0.6943606195316857,0.9977880684105126,2,37,0.08566616523189914,0.0677921155164408,2,80
135,0.7736954676348874,0.9713618983240688,2,136,0.024260483523885212,0.08758679777383804,2,192,0.8408013638658539,1.35594841837883,2,200
136,0.057538266986388704,0.6607403084635735,2,16,1.3126688884163706,1.1184601608444662,2,50
137,0.024866346560567364,0.1315267694157523,2,37,1.3024986656525213,1.0305841070110515,2,96
138,0.5292935351101032,1.5284616748491924,2,6,0.05329747416142174,0.17494256356635043,2,200
139,0.2754108105859703,1.147359762787819,2,200
140,0.11726929752667112,0.3906698118895292,2,200
141,0.06642018462404928,0.15749326834553165,2,95
142,1.1704253253799197,0.8882651218771934,2,200
143,0.6315402132107799,1.0230090260505675,2,200
144,1.410659453534149,0.7378378203420928,2,33
145,0.02820167312403544,0.07638253525989812,2,41
146,0.02898364024235036,0.059441403700755194,2,26
147,0.6332742821028507,1.2169849465875064,2,85,0.03309599801547725,0.11151086001292519,2,200
148,0.6476952741444979,0.9128066179703693,2,49,0.035478519454618475,0.13554193464336017,2,200
149,0.9698490794886677,0.7884598118918282,2,14,0.03875118614061816,0.19785484768774197,2,60,1.663274857343116,0.8546803769611176,2,165,0.023379904227196786,0.1863435161965234,2,200
150,1.0291306441643313,1.126373463206821,2,18,0.07387277827927566,0.41850303411483764,2,43
151,0.027063555571969624,0.38337033876666315,2,27
152,1.3290200091665665,1.083215594291687,2,200
153,1.8234071964067196,1.1296469783782959,2,50,0.029452144812857236,0.20254324436187743,2,200
154,1.4326069060201385,1.1989451789855956,2,200
155,0.516539430979122,1.0573221230116048,2,61
156,0.5653316854777173,0.7318823124681201,2,28
157,0.5546284656306179,1.1189291346563053,2,73
158,0.0748806682100536,0.19073649060051395,2,53,0.9911451997202669,0.9563497757609887,2,132,0.02724608774160962,0.15783371907823227,2,200
159,0.9546603722572029,1.1202604214350382,2,15,0.056487042512225305,0.1566299130241354,2,158,1.14313652794275,1.2758435450102155,2,177,0.05795248048662813,0.07757712965426238,2,200
160,1.236940395262826,0.7330883927643299,2,64
161,0.996413884777251,0.935474873818073,2,97
162,0.7821860211228896,1.2252848545710247,2,24
163,1.4064392252024893,1.2027802409895931,2,83
164,1.5380607010014749,1.2263720227826027,2,31
165,0.9919058023870194,1.0932505698431105,2,21
166,1.3534141154877615,0.8058556204750424,2,126,0.0325281696526019,0.15179366677999495,2,176
167,0.6459502427873824,1.0499987268447877,2,200
168,0.7326470819061283,1.025904250741005,2,200
169,1.2634752265407367,1.0063807120689978,2,130,0.0190238599151141,0.5304593622684479,2,140,1.3269373929101034,0.9940740883350372,2,200
170,0.8664183811431034,1.0381389926461613,2,51
171,0.9413617394892605,1.0179510590357659,2,78,0.059013299899379396,0.14146127972913825,2,124,1.0163693766516149,0.9365825872672232,2,200
172,1.2031900657400858,1.0582507763590132,2,42,0.049123466373688925,0.2614667506805107,2,109,1.1031267254920063,0.9984971582889557,2,129,0.02722905784381657,0.11765959187292717,2,200
173,0.32612986514322506,1.560515820980072,2,6,0.10203213616347966,0.12998458407819272,2,86,1.5604767370974781,1.1793733197346068,2,200
174,0.5595140733971355,0.9237937517464161,2,48,0.02054502863868793,0.24786469165016622,2,65,0.7037072964452344,0.98326906186563,2,200
175,0.8308294397518317,1.019071964990525,2,42,0.02580075139262171,0.28029760454470914,2,138,1.5155883198804343,1.0513756082903953,2,200
176,0.03365616873976344,0.11119062559945243,2,77,0.8162273700118657,1.1875999212265014,2,87,0.026261458214514522,0.10413690874006896,2,200
177,1.2413379201848673,1.1070096669373688,2,27,0.03138576984386615,0.1600386872271861,2,148,1.346281815625779,1.118655067223769,2,200
178,0.4203207797266047,0.7193286180496216,2,20,0.033575464675562994,0.08433563138047855,2,44
179,0.2569415976569351,0.916718912837298,2,184
180,1.1814393246902164,1.3553261131048202,2,40
181,1.3413110905076824,1.3189466481025403,2,52,0.02795496082900707,0.11644598424434661,2,102
182,0.588789978574998,1.0451361962727137,2,154,0.08740093643795852,0.1246057641894921,2,200
183,0.518624037149343,1.120213744933145,2,57,0.07918776157085605,0.1984102226845868,2,200
184,1.022203990438925,1.1766036558151245,2,200
185,0.9784069232331276,1.1181453531438654,2,110
186,0.035082453758947724,0.18392455188388174,2,88
187,1.1375567809032652,0.8840643135277001,2,37,0.03322396496984525,0.21587508963420987,2,165,1.209845648352013,0.9028880698340279,2,200
188,0.8745798884378693,0.9932039434259589,2,22,0.04629741984304848,0.2911283744776503,2,69,0.7175018933587787,1.1222732954555088,2,159,0.06221816407786228,0.10521121802074569,2,187,1.1134727912229978,1.1910993777788603,2,200
189,0.47035817068501723,0.7450671948884663,2,38
190,1.3334284427716772,0.9971423198779424,2,48,0.02391508796867345,0.1725315635695177,2,65,1.047835526039155,1.0063528260406183,2,163,0.023255955340394433,0.15869409933283524,2,200
191,1.3349231540043844,0.8296985126593533,2,68,0.023700335932314777,0.09119231598590737,2,135
192,0.6970047154192157,0.7875074553489685,2,25
193,1.3862832309353987,0.6557531697409493,2,28
194,0.8797394504114011,1.2717431698526656,2,42
195,1.441891501777062,1.227743122888648,2,23,0.03455986620071714,0.09885194281051898,2,52,1.4255108982670843,1.3027671950204032,2,87,0.04098569694914518,0.057713154443474704,2,130
196,1.6120034111738861,1.1369870733796505,2,171
197,0.720147405046611,1.249918149865192,2,23
198,0.7927568810396632,0.8159216501210865,2,38,0.02950764413127353,0.13777591507224476,2,72,0.7107761860344182,0.9273514151573181,2,80
199,0.25068053232168724,0.8237501950491042,2,21
200,0.05220525314744149,0.046451012725415436,2,46,0.7711620706983494,1.1653191702706474,2,60
201,0.017966398717006327,0.07872761923957754,2,108,0.7986746891672929,1.0799584410808705,2,162
202,0.7843109516991802,0.9511495956352779,2,28
203,1.534005327242041,0.8399300310346816,2,9,0.008945113778347046,0.9946248730023702,2,15,1.1533439445953697,0.9413293085846246,2,66
204,0.9791044416841618,0.8613814255465632,2,115
205,1.2325942509834797,1.1087455953563656,2,111,0.056164869553893625,0.30020673679453985,2,139,1.0348357934848595,1.1071289992723308,2,200
206,1.0841429583997915,1.0152269818566062,2,44,0.06960309165095402,0.367335573832194,2,74,1.1483792324484958,1.082498041483072,2,178,0.04857364448630384,0.13293468071655792,2,200
207,0.8018532150525607,0.8681960741678874,2,30,0.016542794209040135,0.05974948025764303,2,171,0.8544443318061654,0.9383413483356607,2,200
