0,1.0056019074346898,1.0438233280181886,2,25
1,1.42915134823211,0.9447230478812908,2,145,0.021354610485230584,0.12702273285907248,2,168
2,1.0071330136659933,1.03978197489466,2,84,0.030700391777936466,0.20589459155287063,2,147,0.8039767341300137,0.7806218637610381,2,200
3,1.5640491549800464,1.4475425435946538,2,26,0.08451502388377787,0.06612253857070002,2,200
4,1.5544768386769965,0.8321897119283677,2,20
5,0.6554130678988054,0.8949261665344238,2,80
6,1.0858480547035392,1.374650239944458,2,20
7,1.3705694310170085,1.0711833812572338,2,135
8,1.0159337876732322,0.7685637111249177,2,23,0.0639127763313667,0.14892835123727552,2,200
9,1.4957175053101865,1.1203171268105507,2,80,0.04468458100685781,0.22807923923520482,2,97,1.6229719195124537,0.8937642752078542,2,154,0.05314081475258119,0.19911743700504303,2,162
10,0.5395757319615317,0.955773549420493,2,154,0.07711032195615464,0.34909378316091455,2,200
11,0.6109935169167967,0.6568125571523394,2,7,0.01701619443885841,0.036287928819656375,2,82,0.5188022452645816,1.024264878431956,2,157,0.019115893023647742,0.06899610122567729,2,195,1.3713890805520987,0.7947517812252045,2,200
12,1.0782311913385567,0.8987355458995571,2,92,0.06821118783109079,0.17469974538242375,2,200
13,0.8492890437139357,0.9012540465593338,2,200
14,1.371105107245601,1.0434949757104897,2,83
15,0.9612802573467271,1.1339805953356685,2,98
16,1.2102524630485694,1.0739639692528302,2,43
17,0.9284986457880042,1.1321541377476283,2,35,0.08856564366177701,0.18520724500219027,2,95,1.1963549168307446,1.1546311459758065,2,183,0.08414292311697033,0.1365130727781969,2,200
18,0.6324424875811999,1.1912476982389177,2,35
19,0.09706839414254721,0.1099074679486295,2,47
20,0.6946686026333728,0.8599640641893659,2,21
21,0.9628879647031923,1.0446292261282604,2,36,0.03925942160139024,0.38980300304217214,2,75,1.755110205440734,1.091277140158194,2,102,0.0232846791334598,0.15914404866370288,2,124,1.7702644069796463,1.1099988070401279,2,179,0.03193137679356905,0.14456955467661223,2,191,2.7501405411837796,1.2480241457621257,2,200
22,0.45819405381726075,0.9664330293492573,2,41,0.024054958522910914,0.08953218679038846,2,90,0.5878598448955351,0.8882773388515819,2,200
23,0.5606637847734925,0.9171432662010193,2,200
24,0.05441656610069317,0.17995383716248847,2,77,0.8888637659950352,1.368325650691986,2,89
25,1.1624027384481832,0.9527517729997634,2,200
26,1.3792471645668212,0.9383819544756854,2,27,0.07260447021181754,0.11722646947996115,2,108,1.0099742679723618,0.9557854314060772,2,176
27,0.6267193504425447,1.093564754128456,2,200
28,0.6484277519526493,0.9935771149396896,2,200
29,1.0242168541655172,0.9320480102300643,2,200
30,0.4357039559489236,0.8873145606782701,2,135,0.08047506757404048,0.17172631437961872,2,200
31,1.843681834801814,0.9772362375259399,2,25,0.04696364116819346,0.24903547142942747,2,49,1.6563834565459097,1.1073021005701136,2,130
32,1.427667304778025,1.2356900754182234,2,23
33,2.095478380242061,1.0622250753290512,2,17,0.1224412258132031,0.30553481706551144,2,87
34,1.5750788491288126,1.038843665482863,2,106,0.020185596333955936,0.07853635874661533,2,150
35,0.7022275123700058,1.027138028293848,2,64,0.05789061184079839,0.14398947938838424,2,200
36,1.3006231449279084,0.836204228301843,2,24,0.08669049732512812,0.10732277897609906,2,200
37,1.45769712419937,1.1340212523937225,2,8,0.02062787739696423,0.11176910645821515,2,25
38,2.1546154644827586,1.3190467740808214,2,56
39,1.0571298405089786,0.9687753056550955,2,154
40,1.18675379746057,0.9923310492136707,2,73,0.06539219395073152,0.11760240405797959,2,123,1.4664022497760434,1.0973528577135754,2,200
41,1.170016609475932,1.0882359500974417,2,192,0.04750028942078392,0.9764529168605804,2,200
42,0.7706455669579749,1.1085655338623945,2,34
43,0.8850051918669823,0.9440315741079824,2,27
44,0.8733687122106942,0.9113820514013601,2,43
45,0.6649170452610605,1.1323935664617097,2,52
46,0.6460210904176875,0.7723523173175875,2,61
47,0.6800760295550373,1.2645217335742454,2,23,0.030944813003567363,0.15484352839680818,2,75
48,1.3696567809602762,0.8730493113398552,2,152,0.051786300546688355,0.3029956500977278,2,184,1.4847969933267662,0.9075659662485123,2,200
49,0.48675607808865134,0.7605700684445245,2,56,0.02778332827886582,0.18699700043847164,2,152,0.47830341481076966,0.9114442927141985,2,200
50,1.7082482986666094,0.8662616531405829,2,113,0.020340076507706865,0.3222395032644272,2,129,1.7873481005131986,0.8113132236709057,2,200
51,0.7256720134802819,1.0600214982032776,2,200
52,0.9951341682892919,1.096756420816694,2,35,0.02559077071884441,0.05783150633176168,2,110,1.018007699028311,0.8168219414022234,2,200
53,0.054946772984781164,0.07148379754079015,2,76,0.3243498336318078,0.7097508448362351,2,101
54,0.7587233579533572,0.9373645909130573,2,160
55,0.3414229971096243,0.9644459930062294,2,200
56,0.968448286478799,1.2613874460969652,2,56,0.07304048020045244,0.1901667190320564,2,188
57,1.1191730624453946,0.9243590038755666,2,115
58,1.6701937271139649,1.156504569984064,2,41
59,1.158771659604371,0.9896932043135166,2,160
60,0.9651134614294573,1.1024890271100132,2,110,0.06413259398168684,0.17901444664368263,2,136,1.0881187861552106,1.133416460826993,2,200
61,0.859066724470848,1.1561156779527664,2,200
62,0.5673741321420214,1.0278102797269821,2,200
63,0.44158858112199645,1.0387325078248977,2,200
64,1.2647584773069165,1.0574071064139858,2,66
65,0.6404937369220897,1.1817415257294972,2,36
66,0.9487738052643091,1.1250579149826714,2,23
67,1.2633083839204764,0.9772438194070544,2,168,0.036426940341427703,0.22063146624714136,2,200
68,0.15891138120499052,0.9228058090806007,2,200
69,0.10337576802438217,0.24362948510263646,2,56
70,0.7692598837563128,1.04648346973188,2,99,0.04197470661525872,0.12672207762699317,2,200
71,1.2278804232931066,0.5513266580445426,2,7,0.018678979267827807,0.0453348103407267,2,81,0.4788091813149907,0.4646110534667969,2,84,1.1917816109785906,1.0591247441439793,2,200
72,1.4406964445642247,0.9588593056327418,2,38,0.02306075461090158,0.16607489618990157,2,83,1.1597808864366213,0.9547750170414264,2,135
73,1.1397000885252178,0.6439421243137784,2,27
74,0.9325990797108971,1.3509571271784164,2,17,0.030243788434755208,0.08757030963897705,2,52
75,0.783211236690338,0.8895257864242945,2,39,0.05430303208924007,0.29356527939820903,2,78,0.7642042095846222,0.9436205581563418,2,200
76,2.3874686099775047,1.3473893744604928,2,7,0.020058750370656006,0.1162376194957673,2,134,0.557220304948731,1.0700682600339253,2,170
77,1.370073425469873,0.9984645698128677,2,41,0.02635596996468634,0.1465197004834,2,90,1.0365098477698569,0.9788654815066945,2,200
78,0.5665446665221602,1.140104012974238,2,177
79,0.884921241749318,0.9849170297384262,2,200
80,1.145548026582399,0.8325319364666939,2,8,0.011842374837641155,1.0078892310460408,2,14,1.2599775687093497,0.9423201340895433,2,79,0.11320473573908986,0.21360646397806704,2,143
81,1.3528407524007202,1.0929192264874776,2,30,0.038540045228017385,0.21201923650664253,2,104,1.1323493543459253,1.086988478899002,2,200
82,1.2887951976406917,1.1626964536580173,2,110,0.05714545363596549,0.12093778183827034,2,136,1.5084066050594402,1.1113532297313213,2,200
83,1.5283522351757428,0.857422092131206,2,56
84,1.3002093277189835,1.247166551294781,2,21,0.06794725811000163,0.0912263621302212,2,55,0.4965084923877825,0.20770848294099173,2,58,1.55699320122513,0.9352340787015063,2,105
85,1.4085791783221229,0.559057796230683,2,26,0.04536068099046963,0.06814905643463134,2,76,1.2947408011417099,0.9526272091795417,2,144,0.04732489666409413,0.11611146719327994,2,200
86,1.3867545376736645,0.9439836251430023,2,39,0.04641527183309014,0.2032248013549381,2,75,1.3444278201810507,0.9622554149627686,2,200
87,1.1764731195880227,1.0342243790626526,2,200
88,0.21545510780320917,0.676017333401574,2,45
89,0.7802585145313231,1.2270286854575663,2,102,0.03248455443409162,0.20288546068567626,2,173,1.0057310311773642,1.2714792578308671,2,200
90,1.225245901399253,1.0453112352462042,2,63,0.06440204209539076,0.12765670779847751,2,200
91,1.7780150696213641,0.9295833195958819,2,28
92,0.9964782227978594,1.0565421183904011,2,111
93,0.07624822281244892,0.20136942281279452,2,43
94,1.1660025431099745,0.930395447438763,2,62,0.030743387300958665,0.07695697193992311,2,200
95,1.771300918324691,1.4418558120727538,2,5,0.06080839997071857,0.1344618542098451,2,92,0.7457728168076677,0.44982466474175453,2,96,1.6479455208187777,1.2880895875749134,2,117,0.0651991003016427,0.20155720430684376,2,200
96,0.9547406950826094,1.0035657098021689,2,79
97,1.5180260375637789,1.0528731793165207,2,56
98,0.019884250571365388,0.1560879534966237,2,37
99,0.8370005666210848,0.7266646829144708,2,58
100,1.4929993423854027,1.0871412440881891,2,118,0.03428897521394599,0.20782547101781174,2,192,1.907698835584614,0.8641496002674103,2,200
101,1.3616868208912796,1.058758636713028,2,200
102,1.0880676660023183,0.9823920642230528,2,141
103,1.0372281099067215,1.1726929396390915,2,56
104,0.8538936707063954,1.1429247629074824,2,21,0.04466267461229403,0.11885175332427025,2,101,1.1309380452759807,1.0820197226866237,2,154
105,0.7367185080355318,0.5462096702484858,2,21,0.04789578423701137,0.056868760646144045,2,100,0.7761141400555102,0.9117389357451237,2,133,0.07158050800832921,0.20922168266417376,2,200
106,0.8267848487964697,1.0284580693525427,2,102,0.037209579298945736,0.1518292830636104,2,174,0.6281466130220374,1.0596694762890155,2,200
107,1.2172635769889846,0.73078403849991,2,98
108,0.9010246540870609,0.9758355814218521,2,200
109,0.8176054954338363,0.9769260400817508,2,42,0.05333026454270885,0.4572442330065228,2,84,0.6620321071733054,1.0892770566591403,2,166,0.03418476972362771,0.14550983861965291,2,200
110,1.4276414421627714,1.0954410367541842,2,36
111,0.9158283716259695,0.9984345397641582,2,62,0.03343470099455562,0.06495017957860146,2,200
112,0.9551903540334017,1.4510945815306444,2,13,0.048655562618649804,0.208101838109965,2,200
113,1.5292847441552408,0.9167196471244097,2,64,0.05247064163856196,0.207533988113306,2,113
114,1.3658864227760283,1.2346195086188938,2,23,0.04926486554942245,0.08788741459449133,2,173,1.5147483253373182,1.0608444522928309,2,200
115,0.07327955616934126,0.4014791659265757,2,200
116,0.7617603084002815,0.9906845412603239,2,41
117,0.6926207322405195,0.8636048626392445,2,47
118,0.7169214638010203,0.9162878365051456,2,82,0.13382450426490783,0.5603638008540991,2,180
119,1.3533899047336253,0.8306223367916719,2,131,0.0737349825702554,0.21093109012513922,2,200
120,0.45006148078149133,1.2957284909028273,2,13,0.010778737770971498,0.7408904016017914,2,23,1.0631297585560175,1.1842306778754716,2,104,0.03041168402370708,0.1440188904018963,2,189,0.2436590686216837,1.161541386084123,2,200
121,0.9891581181727233,1.031027392745018,2,200
122,0.5353317390383702,1.309525146628871,2,33
123,1.0198395385291372,1.192694925599628,2,36,0.057811307802870054,0.19347590346027305,2,144
124,0.42077896245064356,1.0451907768845559,2,80,0.02372728488604192,0.2961952015757561,2,96,0.5586470573695154,0.990237628420194,2,144,0.05628174527826961,0.15590764502329485,2,200
125,0.8739065834336772,0.47520470523065134,2,31
126,0.6876201713196699,0.6916548454243204,2,23
127,1.2965079334177017,0.946435917577436,2,155,0.0630928623780976,0.31419699357615577,2,200
128,1.2508074557528293,1.0243473546673554,2,99
129,1.7112834328795101,1.294665393076445,2,38,0.09105647912943678,0.3729329541325569,2,58,1.232472605479387,1.2859400018401768,2,104
130,1.243419400349401,1.128748523561578,2,38,0.049852130432324115,0.25121448593480245,2,73,1.130779522452261,1.2054537224957322,2,200
131,0.5073670299605616,0.9153857188565391,2,28
132,1.161563633150273,0.9154897665693646,2,84,0.03262067985914801,0.23507962624231973,2,147,1.5537516291269706,1.1183030740270075,2,200
133,1.119787512566071,1.1236883331747616,2,68,0.023233359676163495,0.0601613292327294,2,133,0.5625528209155765,1.1209566791852315,2,154
134,1.297928178496794,1.1168935365147061,2,36,0.045541958254224774,0.48059198613229553,2,74,0.9145956137281621,1.1158870259920757,2,104,0.026489342346799165,0.16691150244544534,2,189,0.2162069857348442,1.3760319948196411,2,200
135,0.7936914623195515,1.2418688600713557,2,55,0.040766112687008256,0.20798645348384462,2,200
136,0.06665107757778935,0.04923526323243473,2,89,1.1578110975986255,0.958452201806582,2,115,0.05820549235397548,0.10007779339426442,2,153,1.4042177198410155,0.9599726682013654,2,200
137,0.9272692751573482,1.084527675807476,2,80,0.019064337445100308,0.22330969274044038,2,95,1.173434760176751,1.0612167608170282,2,200
138,1.457255272019265,0.8764576277136803,2,200
139,1.8866147459074216,0.9614897857304492,2,153,0.08293794809798634,0.29614162128022375,2,200
140,1.6096742691391954,0.6816912159323693,2,20,0.05331389001029637,0.17275068099084107,2,43,1.563910798465513,1.0668521803037254,2,156,0.021154313468147706,0.14196997745470566,2,200
141,0.8762525519668756,0.9418017119169235,2,42,0.03758305990860905,0.32870294117346044,2,83,1.0549672894263944,0.9138085935489241,2,166,0.03877867514809695,0.12101481854915619,2,200
142,0.6806802786364301,1.0561710186587034,2,131,0.059669129781649115,0.19811239795408386,2,200
143,1.2130988707245163,0.3837467644895826,2,7,0.021824956845654973,0.13898419172275722,2,134,1.273312461651641,0.934412175264114,2,173
144,0.8228017192486231,1.1246835339453913,2,155,0.033301574853517674,0.33307663202285764,2,185,1.0497865875847001,1.1441251675287882,2,200
145,0.8211172036897764,1.504117978943719,2,9,0.022838299885702133,0.06331538362428546,2,73,0.6245514944236111,0.8620996608891908,2,141
146,0.8709857538018487,0.8094752051613547,2,22
147,0.9091360370350071,0.8820314294099808,2,200
148,0.021103235585712903,0.04247383846015465,2,82,0.04947266450744665,0.6281942299434117,2,89,1.629616788138539,0.8360547905876523,2,131
149,0.24195934422577836,0.4735628535934523,2,51
150,0.5431200837546213,1.025742758512497,2,200
151,1.086641108930553,1.478317990899086,2,8,0.027877528357667398,0.0832905464846155,2,54
152,0.7194145243876215,1.0342871913543115,2,26
153,0.6875822664380478,0.9840070477553776,2,28
154,0.4505449724543315,0.8204836031394218,2,67
155,0.9444049979349309,1.1473159980082857,2,69
156,0.9198532060714391,0.769216978031656,2,23
157,0.8350566406914954,1.0334972101449966,2,200
158,1.1970860740268403,1.2014498856427858,2,139,0.029443929262768082,0.23834441517883875,2,192,1.909252409954372,1.4216821044683456,2,200
159,1.0660185912547449,1.0213770306110381,2,200
160,1.6934025097237662,1.0593265389451887,2,101,0.04659562755695749,1.2540600538253783,2,111,1.0043615464878644,1.0778309223128528,2,152
161,0.11475125953592834,0.4633823099235694,2,24,1.2423266712843326,1.239055566671418,2,65
162,1.5197327342317228,1.1383343814599394,2,99,0.03841855256266071,0.08734370074649848,2,200
163,0.08342309405683766,0.08563592128975447,2,43
164,0.9498814856465719,1.0009915078127827,2,27
165,0.4429221500957169,0.8699579663574696,2,40
166,1.3377239534510115,0.7055321176137243,2,56,0.04282474836646585,0.06425020347038905,2,152,0.8586915115622259,0.8886554079751173,2,200
167,0.12719139279377653,0.21063568274821004,2,62
168,0.021887761514639864,0.10456045626140223,2,82,0.044972373410574674,1.0510034476007735,2,89,0.9123028210139557,1.1054342147466298,2,200
169,1.2304003310832556,1.0164789481365935,2,94,0.04263459387749743,0.15306760947550496,2,125,1.1390255853685844,1.0776070143495287,2,153
170,0.009407110030819052,0.1384000236337835,2,33
171,0.64997765585273,0.9332712417840958,2,200
172,0.580910766956267,1.076109490896526,2,38
173,0.5785694199233703,0.8197611554672843,2,114
174,0.5313849376620505,1.129129120797822,2,33
175,0.4294502260271342,0.9728765452609343,2,17,0.05035929370139074,0.1514946980320889,2,63,0.5231088993899025,0.9950188717891261,2,160
176,0.5904847022619616,1.0672351717948914,2,26
177,0.14294991077380562,0.7833007347016108,2,21
178,0.043851970026432756,0.33365532341930604,2,36
179,1.4069455790026075,0.9611514085531234,2,200
180,1.1778049299525308,0.8655320982138316,2,60
181,1.381396142375237,1.148098291420355,2,41,0.03361660669491365,0.09511085076535002,2,135
182,0.6214849123228096,1.2756467407399958,2,33,0.023816353531190423,0.08643458265325298,2,79
183,0.9191479029215823,0.4884604935844739,2,12,0.05338714991191743,0.10506435253835739,2,200
184,0.5683448163492509,0.8647841965710675,2,27,0.06194620722261287,0.15732428302735457,2,108,0.8094102991891796,0.9716261625289917,2,151,0.03522183544167601,0.2054523392802193,2,172,0.8271760828835726,0.9587457988943372,2,200
185,1.0084024758792112,0.9645942156774956,2,57,0.05627623958229304,0.09622408449649811,2,100,1.365759651401088,0.9696302989072967,2,157,0.017043173231788285,0.0845742861966829,2,194,2.3903227661893696,0.7584146956602732,2,200
186,1.4467950848806999,1.046325513590937,2,115
187,1.0416911208854078,0.8102215275168418,2,200
188,1.0877675790418284,1.0190605381503701,2,128
189,1.027073140507378,0.9405113434138364,2,73,0.05196337927131494,0.22283561289310455,2,123,1.5160572315282417,0.9960370110226916,2,200
190,0.8776354496737137,1.0368257641792298,2,40
191,1.0102824188411865,1.4738147675991058,2,20
192,1.217048922749571,0.9634344896365856,2,116
193,1.050511998290932,0.8170787823200226,2,50
194,0.7198504890338941,1.0895614530525954,2,51
195,0.9294244526433526,1.148167789578438,2,200
196,0.9496460726033603,0.9690866305910307,2,29,0.03290147673012007,0.1093473983583627,2,83,1.08776147859418,0.9145042473434383,2,200
197,1.0835628600369003,1.1286920373504226,2,37,0.023888865891052064,0.08848137745302018,2,110,1.5475244209016759,1.0259711585546796,2,148,0.02413850619338767,0.0793727246614603,2,200
198,1.3222071013876464,0.7688170132182893,2,21,0.06621733616749176,0.15972704496799092,2,153
199,1.2740417540676006,1.0286577953848728,2,86,0.06304729998724111,0.10274330252095272,2,105,1.1668414533014655,1.0648081126965974,2,200
200,1.4999649216485396,1.0003861516714097,2,40
201,0.8365954219679022,1.1510893233617148,2,150
202,1.0530968648674486,0.9959627719301927,2,38
203,0.6483940935519996,0.9978811454772949,2,25,0.04969993090203029,0.1519712439427773,2,49,0.7614206593721058,1.0955555770570868,2,200
204,1.1113026141403692,0.8349826837840834,2,19,0.05825058962270721,0.3138102085694023,2,42,1.3345901302633238,0.9988362513765504,2,200
205,0.5784211306413344,0.841076523065567,2,22
206,0.03213975420143697,0.12114813923835754,2,40
207,1.040476670204738,1.0286017932639218,2,151,0.04824078168362136,0.3212641093767051,2,184,1.169049756220434,1.09535001963377,2,200
208,0.46963619351110336,0.9391050425442782,2,55,0.04101559986710635,0.18112634193329585,2,97,0.5819151100545968,0.93754792958498,2,177,0.020841228381335286,0.12731949985027313,2,200
209,1.0852752271710908,0.9469361579418183,2,200
210,1.0137280538660893,1.083873296380043,2,200
211,0.543617196875192,0.8587367082164236,2,137
212,0.9472270419808668,1.092740741468245,2,124
213,0.7088509914117542,0.9791432197277362,2,65,0.06982489273782141,0.0969550171584794,2,98,0.5997340888376803,1.0328378203797013,2,171
214,0.5304396918849181,1.0786753837452379,2,43
215,0.42286578994434987,1.0227623696022845,2,47
216,0.744444785556851,0.5476444982565366,2,13,0.024256484142266693,0.4830478399991989,2,23,1.3081492141407651,0.8620630999406179,2,113,0.031157160421274938,0.15274408925324678,2,129,0.8817766748385611,0.9323747188617022,2,168,0.04644918382725793,0.062456642277538776,2,200
217,0.9291590610975013,1.0365675348043442,2,200
218,0.061261152843200516,0.11567649345719412,2,89,0.7184950204686187,1.220262936643652,2,200
219,0.7865735070558464,1.1778456431168776,2,26,0.05499005806442316,0.051086007356643676,2,76,1.2879323307511872,0.9717478377203788,2,200
220,0.9661395608658561,0.3772044096674238,2,21
221,1.0539643523303066,1.1223076453772924,2,93,0.10738748095432095,0.2662489996291697,2,157
