0,0.8179704619823673,0.9669435650110245,2,40,0.08274063787746584,0.05910299511721535,2,177,1.6734590187679816,0.8927151923594268,2,200
1,1.3475304204998195,1.0098056584596633,2,120,0.018451920886200266,0.13554291777751026,2,154,1.3693580464247321,1.0385236114263534,2,194
2,0.91000002144716,1.0174634413285688,2,55
3,1.2783883770508455,0.8780810877128884,2,27
4,0.6755104064282308,0.7584640356627378,2,22
5,1.5862558929326829,0.9777415206034978,2,120,0.021724790992980008,0.12421779515165271,2,186,1.3241944461351403,0.9913141557148525,2,200
6,1.2059908017817302,1.0811456648203044,2,156,0.0646164887667473,0.30068337824195623,2,172,1.2580758344234626,1.0731454704489027,2,200
7,0.07475339272279405,0.2286919541656971,2,40,0.6153950795654676,1.2537708160204766,2,79
8,0.06596084475367497,0.20285362116992472,2,40,0.6231318745432173,1.231776151806116,2,72
9,1.2495358161902497,0.959492484331131,2,200
10,1.1108640746081202,0.9407131683826446,2,200
11,2.2254431536673405,1.0577972943966205,2,26
12,1.152412778457215,1.0464778252407514,2,113,0.05980332841808701,0.49303354024887086,2,128,1.4078998091011734,1.0695232831769519,2,200
13,1.6497961920958257,0.6073864632182651,2,9,0.04884592661127169,0.27430015714729533,2,43,1.4514322716871233,0.8812016411951393,2,200
14,0.7897339974021518,1.051698731339496,2,23
15,0.7879387128881608,1.2639666644009677,2,110
16,1.0588861019458287,1.0976990979909897,2,200
17,0.5523097782691677,0.4248041400202998,2,27
18,1.1527198326389532,1.0738464668393135,2,48,0.05064980603809459,0.2734314699967702,2,69,1.0441806599731789,1.147807688780234,2,140,0.05313894174492534,0.24267074937621752,2,200
19,1.1806119524359298,1.0051188717285793,2,24
20,0.553998286252501,0.9070235145719427,2,38
21,1.0397525128614373,0.896595944820995,2,71,0.05555080323384216,0.17861468458579757,2,130
22,1.449253918694303,1.1193955928087234,2,200
23,1.4145538165617095,0.9125936627388,2,10,0.02643323062236471,0.14904903612638776,2,200
24,0.9351719264163917,0.9500445549081011,2,82,0.05577836212354649,0.2167682076493899,2,106,0.8244946040882654,0.983608160881286,2,200
25,0.8618942976246462,0.8644298847516377,2,75,0.024628876929274793,0.22371219750493765,2,91,0.8429579283990661,0.8720392008622487,2,151,0.025517138021902155,0.16786895266601018,2,165,1.3220658151847828,0.8303200602531433,2,200
26,0.1173447763975086,0.8009562363475561,2,200
27,0.756523546589833,0.9904139681560237,2,41,0.019614305787675174,0.06016674443875274,2,187,0.5364754740403072,0.7240301084059936,2,200
28,1.6105758590824155,0.8007808765944313,2,34,0.020274346711038442,0.08925866450254734,2,60,1.4289481628700254,0.9501108378171921,2,200
29,0.5980686072787619,0.8890954788242068,2,28
30,0.9711223918695986,0.9936764782125299,2,66
31,0.32679679342302914,1.0692119285211725,2,118,0.08027208304279754,0.12831061664554808,2,154,0.2678876700318343,1.0707627845847087,2,200
32,0.821863984067108,0.9360060657773699,2,35,0.013826957909680282,0.13664173893630505,2,51,1.4058903507946412,0.6889410614967346,2,57
33,1.1452195014571098,1.09677041346027,2,31
34,1.6450134889410408,1.0758712589740753,2,24,0.041854936664173864,0.14070350338112225,2,68
35,1.0054159944159904,0.9352494837745787,2,126,0.05157822698560008,0.07143477994847942,2,200
36,0.6174882969239588,0.8256204032897949,2,50
37,0.046369483919793494,0.14952255279890128,2,56
38,0.777392304791335,1.2877084947213895,2,41
39,1.4988496070368924,0.9149053367972374,2,200
40,0.5521679135831868,1.0628002291327123,2,111,0.049708479943021626,0.3748236274719238,2,136,0.617166989089479,0.9004598269239068,2,200
41,1.0584686435053494,1.1248174587885538,2,30
42,0.44884496566033927,0.886237130825778,2,83,0.03987971885968842,0.10487160214356013,2,118,0.4974299302107683,0.9109089529514313,2,168
43,1.4847914428290767,1.042397335955971,2,19,0.0976855571941237,0.11885368469215575,2,61
44,1.4299530420028919,0.960279429256916,2,200
45,0.7169246466049078,1.1029264231522877,2,12,0.0650224195382729,0.10251784628188168,2,120,0.5573867066425183,1.1729634006818135,2,132
46,0.656757949439587,0.9461163932626898,2,154,0.049869522168255284,0.14498212188482285,2,200
47,1.1466353301791192,1.0208187316145216,2,28,0.02972130861997846,0.31001482563359395,2,63,0.6584000541800599,0.9307549239075097,2,200
48,1.4286418875558808,1.367555155473597,2,17,0.04972850012716745,0.21309101549002643,2,200
49,1.0655480773108663,1.0010825119156768,2,138,0.08084962180038086,0.24797758075498766,2,200
50,0.939562051904492,1.138524979352951,2,28
51,0.16914767363575947,0.32321281329943585,2,52
52,1.361368447051983,1.0151514465158635,2,11,0.050020260454227576,0.11060533361144798,2,200
53,0.5074442867156689,0.45335055887699127,2,8,0.03209949353981376,0.14051285339519382,2,168,0.5581129053581171,1.2692716717720032,2,182
54,1.2187145879461705,1.1835802030563354,2,200
55,0.49290675313185567,0.9431733460724354,2,200
56,1.0938814361918519,0.9260568672418594,2,200
57,0.8980971695846337,1.0394678928635337,2,110,0.027114121477000475,0.07490087528618014,2,159,0.7115493733085674,1.1786476695859753,2,196
58,0.7010368348221833,1.1088711063067118,2,30
59,0.6927120209605301,1.237021722576835,2,22
60,0.7289877146140737,0.7358501255512238,2,20
61,1.6518870778510344,0.9542196194330851,2,9,0.029965796670327872,0.08158107803872794,2,130
62,0.9484697397226295,0.9924748979116741,2,38
63,1.1159252637280135,0.9127015795624047,2,57,0.032740436761434094,0.23661188843349615,2,129,0.773419298481282,1.0290237165266467,2,160,0.05024715541780893,0.08218085169792175,2,200
64,1.3598576438101027,0.9734141544291848,2,38
65,1.260223650346593,1.0111116260290145,2,40,0.02316817252649727,0.2212707940922227,2,83,1.5403092479162268,0.31362580756346387,2,89
66,1.0781524194691192,0.6963021286896297,2,28
67,0.0277919586659508,0.13321430188544253,2,47
68,1.5327098329558093,1.188508275308107,2,38
69,1.6287866572989487,0.9237897189458212,2,75
70,0.7921239678054407,1.0783099012637356,2,109,0.1522888763279776,0.33245147453559626,2,200
71,1.4173318215791726,0.8890621589891838,2,132,0.08224521056705125,0.11433372040127598,2,175,1.3217185297353102,0.83518399477005,2,200
72,1.1837343984800457,1.1348149691309248,2,14,0.04975634647202003,0.22897819394157046,2,77,1.001984120658211,0.9602636195779816,2,200
73,1.1166535062816056,1.0484067334069147,2,18,0.014355553641364125,1.2900579505496554,2,27,1.4570806150924887,1.012793137810447,2,82
74,1.0714105226064121,1.0463930453572954,2,70,0.07638063998935855,0.0609038280752989,2,200
75,1.0530566484183321,0.9817917159766205,2,121,0.020340162126578777,0.41220002553679724,2,132,1.0694972330275017,1.0008016070898842,2,200
76,0.5974065704292789,0.9916128365198771,2,75
77,1.0472702029027294,1.0118590765274489,2,130,0.026426905922038675,0.43255629390478134,2,146,2.0814337675844,1.1587796027843769,2,159
78,1.7913291535623772,1.3411386728286743,2,35
79,1.1211525421287993,0.9523170112091818,2,81,0.04744608905382475,0.22686349290112653,2,105,1.114986354225453,0.9248531806296196,2,174,0.030307459182051424,0.19492292977296388,2,200
80,0.879938717916763,0.945647842495154,2,141,0.030766613384243156,0.09592003002762794,2,185,0.2836533200410956,1.3203091541926066,2,200
81,1.0883081098904834,0.7584872938865839,2,86,0.09119871731402662,0.2394367612476619,2,192,1.893994013472277,1.1362438350915909,2,200
82,1.1112127237823906,0.9098810658735388,2,34,0.042179337320803284,0.15048549291880234,2,57,1.2068281597074912,0.8524923221564588,2,138,0.08560257413688797,0.23955764933939902,2,200
83,0.07179495765880844,0.15317827165126802,2,25,0.2515250135391263,0.21110859016577402,2,28,0.4754793819062218,0.8104408320126145,2,200
84,0.6411761885197486,1.0583906821161508,2,200
85,0.6646561558440833,0.8084838963471926,2,26
86,1.1425258378181244,0.7118643671274185,2,36
87,0.7209893152813776,0.966184303495619,2,45
88,0.9630246036606834,0.8860861688852311,2,200
89,1.1624376028734948,0.9218035966535157,2,158,0.042758833978754664,0.08460957805315654,2,200
90,0.903002330734248,1.0000912394634514,2,43,0.025788419499205864,0.37591298669576645,2,59,0.999909729457924,0.8440458807078275,2,114
91,1.0647160479032565,0.7145528708185468,2,21
92,1.6184189128808808,1.0891650350470292,2,38
93,0.5824924808970936,0.9648369451363882,2,12,0.05338444128950731,0.05089346430403121,2,200
94,1.5331987968366294,1.395894890361362,2,45
95,0.7326109408958758,1.0560782593001359,2,159,0.030403150008789293,0.16746151083853186,2,200
96,0.6309769563709672,1.1682418446208156,2,43
97,0.9187600174009546,1.091438254243449,2,76,0.023294022927542814,0.09043868796692954,2,112,0.9931894896470609,1.1537569219415837,2,189,0.05799431971338604,0.16197573054920544,2,200
98,0.8089473259394441,0.8927638733386993,2,200
99,0.8129602641102944,1.0806712345643477,2,22,0.027684045740244603,0.06469743224707517,2,66,0.567240913832,0.977404244740804,2,81
100,1.2481757271486733,1.0176192455821567,2,18,0.017267274670102035,0.809968524509006,2,27,1.6676493827082235,1.0825989434593601,2,46
101,1.335143348677648,0.9831282325557895,2,143
102,1.0453829601736366,1.0175183871213127,2,34,0.027418310611277665,0.1349331266604937,2,60,1.0258506059945385,0.9310907606567655,2,200
103,0.37359577387000775,1.04319294154644,2,200
104,0.5386370308125128,0.9425768718123436,2,200
105,0.7984393380765082,0.8365994417989576,2,37,0.042984890570406865,0.20643973112106323,2,62,0.8283532637694841,1.0907124217067445,2,118,0.027789265092473796,0.11471271714786203,2,200
106,1.2516287463854123,0.8538417408340856,2,19,0.012581635008509427,0.3409082197717258,2,33,1.6067514387089197,1.0521163770130701,2,68
107,1.1187074613649306,0.9109405308961869,2,20
108,0.695920051900891,0.9287781165196345,2,13,0.06149203314549014,0.1554839625954628,2,43
109,1.0068849883713888,0.8785577085283067,2,189,0.05208122595221399,0.20114742625843396,2,200
110,0.6958080366477037,0.956400559136742,2,38,0.08504361696824725,0.05521703870605222,2,177,0.5361637677162003,0.9541440113731052,2,200
111,1.2891156146145935,1.0362462013959886,2,200
112,1.1396657551455471,1.1322225761413574,2,200
113,0.04470344501214369,0.1451609199697321,2,55,0.4383753891460134,1.0866727828979492,2,78
114,1.044653526277056,0.7637664308914771,2,39
115,1.1227063210663732,0.9659072035551071,2,200
116,0.8029135609714949,0.9761449885818193,2,53
117,1.2057608573848,0.9440961365114179,2,57
118,1.096236600681774,0.9789935505908468,2,46
119,1.1560810646018043,1.0640168434381485,2,200
120,0.08522231734742566,0.4150817047576515,2,49
121,0.7542297212379816,0.9442884553046453,2,126
122,0.9575761355256914,1.1991047452796588,2,44,0.056273368104432515,0.150301915127784,2,140,1.1683934324298308,1.0589104452223148,2,193
123,0.6983699687459461,0.7153114384534408,2,49,0.0666486878550062,0.21227716616654801,2,108
124,0.7512077921803738,0.9821374324651865,2,65,0.15296167058664073,1.0502171082930132,2,76,0.04800768532737359,0.23182561128370224,2,200
125,0.7379695183818129,0.9984553047588893,2,140,0.047470022864909915,0.21391432558496792,2,200
126,0.4960925489559806,0.6788143185632569,2,126,0.01499068020126342,0.1195043930236031,2,160,0.2659068438447151,0.487392795458436,2,200
127,1.382601697623549,0.8016597381297578,2,188
128,1.4498851671410198,0.9706502318382263,2,30
129,1.1129675287173926,0.9520013832276867,2,31
130,0.7436257942870542,1.0560863018035889,2,6,0.02398014491042778,0.034779763115303855,2,62
131,0.10289879360622964,0.16340816915035247,2,25,0.9422047010096579,0.9302039286669563,2,110,0.05001354428319735,0.26048927700945307,2,138,0.9038793666766843,0.9461019923610072,2,200
132,1.017699751999233,0.9897531952176776,2,42,0.05348756054934446,0.06933800670607336,2,100,1.5313166192467127,0.9695953310660597,2,153
133,0.7260303702882795,1.0648952120542525,2,200
134,0.6258450468245764,0.7773456935371671,2,28,0.030052113633195942,0.20994290621841655,2,62,0.5955175515723317,0.8756789143966592,2,200
135,0.7054220022266932,1.0544501841068268,2,44,0.05216243248455097,0.12324643043839202,2,142
136,1.0626341335824543,0.9428679118553798,2,60
137,0.8647720147972265,1.009356119632721,2,200
138,0.6422828179976723,1.0490834218263627,2,200
139,0.8422137433179553,1.2003855885461319,2,86
140,0.6212215114049371,0.9655227839946747,2,200
141,0.7144115806120295,0.7902436256408691,2,10,0.036858944787448326,0.11588869903768811,2,80,1.0730865045865006,0.9892461448907852,2,120,0.027256906990866876,0.08696623146533966,2,186,0.987495961105984,1.2415212307657515,2,200
142,0.8532686379118521,1.0839404568952673,2,34,0.02708899620536466,0.19734316610771677,2,57,0.8469790026073654,1.1135860969280373,2,86,0.08480684621913183,0.24920332052728586,2,200
143,1.1378771235398122,0.9940341114997864,2,56
144,1.1284744255101198,1.1156875318602513,2,76,0.02244436122131984,0.17715405631396505,2,112,1.3813158451681733,1.1941799101504413,2,200
145,0.5282033631976064,0.9389090432061089,2,45
146,0.9632290645657772,1.140903279185295,2,8,0.051107542954167,0.18198632159166866,2,44,1.0413405228447985,1.2407723845175977,2,97,0.03744976263660471,0.0989003235973963,2,179,1.327913477401079,1.163561843690418,2,200
147,1.1248657472585482,1.158941016793251,2,200
148,1.1132156601327625,1.0078188568353652,2,200
149,1.4483479540117432,0.22698616981506348,2,8,0.076214297124736,0.22690501747032008,2,200
150,1.3733217605253756,1.491199004650116,2,30
151,1.376709759117309,1.0869893594221636,2,44,0.0660851609204256,0.20396022711481368,2,51
152,0.8211588378362185,1.0059115340312321,2,120,0.03638154603801016,0.2275332760065794,2,200
153,1.8188181800331344,1.0594729006290435,2,20
154,1.352910297998706,0.9150961830502464,2,105,0.1231543388258783,0.1877659748240215,2,146
155,0.7131216921639074,1.1172803908586502,2,40,0.05497938188082875,0.23789885584954862,2,67,0.7246713606936198,1.122122625659283,2,200
156,0.9013323900527763,0.9799533482920917,2,173,0.13577592000276387,0.29120312024045875,2,200
157,2.0870670080437472,1.4137069781621296,2,6,0.02412472330450958,0.14592167643868192,2,55,1.2400481003341894,1.0546603633297815,2,91
158,0.9157115314661797,0.9535064744949341,2,200
159,0.7340205283491628,0.9980104970932007,2,200
160,0.07623323467282667,0.15490420361359913,2,30
161,2.27011731313116,1.0871076881885529,2,16,0.026989978230638752,0.2453680532319205,2,51,1.5477543337672486,1.166989069159438,2,133
162,0.808506631861654,1.0639797135403282,2,19,0.051620222162058395,0.3782057374094923,2,67,0.6636094949284059,1.1176288434278185,2,174,0.016256267649227326,0.4519615505750363,2,200
163,0.605154848732959,1.1626509079119054,2,41,0.01489263694029434,0.06330568287648311,2,188,0.7493916439555407,1.0640642444292705,2,200
164,1.2826041674789388,0.9054280952973799,2,11,0.021741078929098104,0.2091668533051715,2,113,1.2104608513372013,1.0824459928205643,2,200
165,0.7905173807653154,0.8550662781511035,2,14,0.05185335963927207,0.23858811434299226,2,77,0.9249593196340168,0.9560477329151971,2,105,0.054843471609531506,0.37200167424538555,2,139,0.876519206375342,1.0669734380284295,2,200
166,0.6895873143214484,1.1443653169431185,2,19,0.06399998923940757,0.3900358422348897,2,67,0.4501139760515416,0.7574976086616516,2,70,0.7445971913022056,1.1623397090218284,2,158,0.046843034835536625,0.17442094286282858,2,200
167,1.3861863781999102,1.220872127648556,2,66,0.03319487436212024,0.1611636694687516,2,200
168,1.015496599610319,0.9213374013803444,2,98
169,1.1250554340997159,0.8907400580743948,2,48,0.061493685748176444,0.13989319516853851,2,70,0.9557000576559286,0.9735236181662633,2,200
170,1.5666162110217974,0.7343858661073627,2,33
171,0.5011231439035985,1.1674170219898223,2,200
172,1.2730908083914865,1.0147562592457502,2,156,0.06723379390445686,0.22911125947447383,2,173,1.6253792757343675,1.0126246103533991,2,200
173,1.5805127267099037,0.9731012070682686,2,142
174,0.8113430733036169,0.951932926774025,2,200
175,1.465756570657688,0.9521886795759201,2,40,0.07583256636496175,0.36968215741217136,2,72,1.8331512687340277,1.0448817927786644,2,119,0.06582578142135041,0.16440983201776233,2,154,1.7024828981564926,1.1536442404207976,2,200
176,0.46288704382318263,0.968422437823096,2,43,0.04980932540516586,0.09227737863858541,2,118
177,1.243575744623248,0.7661977127194405,2,40,0.042372250298274156,0.20538169117644428,2,200
178,0.8800569221473282,1.08707062403361,2,81
179,1.0424433590268098,1.0873103105292028,2,98
180,1.2082384155901864,1.0719558959421904,2,46,0.10581887867936353,0.3720734512805939,2,71,1.2297347954510314,1.1274678217348202,2,200
181,1.7753798120348072,0.4638380805651347,2,24
182,1.49565635197726,0.829285605009212,2,43
183,0.9802234634582955,0.37477427450093354,2,11,0.029401273414911416,0.07555425564448039,2,56
184,1.0953364476810297,1.0006087286430492,2,57,0.04029109272463493,0.15787900735934576,2,129,0.6306965010742548,0.9027926913449462,2,200
185,0.868761710852,0.9008689075708389,2,40,0.042463765867035076,0.17263606656342745,2,200
186,0.940468510977952,1.2614847557885307,2,70,0.06299834049137233,0.09754399978197538,2,200
187,4.521337257715156,1.261687770485878,2,8,0.08329628111808444,0.21101306596150002,2,200
188,1.4191369542012628,0.8990612879395485,2,200
189,0.5884274200035844,1.0970946088913949,2,31
190,1.8687308726705625,0.9051207531066168,2,21
191,1.001739048238928,0.9253369446882268,2,97,0.04618164409741369,0.15598052973488727,2,180,1.9964364177180307,0.9215006917715073,2,200
192,0.9245885642633179,0.9356944717858967,2,76,0.04621396197944465,0.2330894448584126,2,200
193,0.06494349430967775,0.37719257430332465,2,41,0.5585554118340696,0.6518860273063183,2,57
194,2.050910334658428,0.9215152197413974,2,18,0.05543514135405336,0.17232847876928664,2,200
195,0.8478948477723509,0.8905678083819728,2,31
196,0.025018589785513762,0.06525518783068253,2,59
197,1.0205665772935142,1.1197088516571305,2,176,0.06553387818654606,0.11287466002007325,2,200
198,0.8131340849035446,1.069333295027415,2,36,0.04631778528494714,0.30747257492371965,2,92,1.1351413984039695,1.1990421546830072,2,200
199,1.5060969277168503,0.9321935432297843,2,42,0.057661057313899214,0.0521595555132833,2,100,1.3854643112989329,0.9453657725278068,2,185
200,1.0349379640878058,1.028787596510091,2,109
201,0.9428099649919099,0.9122529862620307,2,141
202,0.7590889305062428,0.8687587109479037,2,66,0.031217709379517723,0.2577270623018493,2,200
203,2.3670006677320417,0.6350789599948459,2,9,0.03427746007321374,0.12429426526519614,2,80,1.135824711814608,0.9598454251885414,2,120,0.030490134904955984,0.2220098812133074,2,200
204,0.7569837981689232,0.9352903558361915,2,31,0.047816831151428256,0.3464903545876344,2,91,0.41616570198279706,0.9043950007869563,2,200
205,1.2351614975985716,1.2727031583994464,2,183
206,0.9958217209418987,0.924199891090393,2,5,0.016756938037505335,0.086533834785223,2,45,0.6932797889502781,0.8366419859230518,2,61
207,0.8864029722682504,0.9495120990005407,2,176,0.06544187014594671,0.1336365987857183,2,200
208,1.0490680949040783,1.004313255440105,2,110,0.1751564532782743,0.2984442740678787,2,200
209,0.7641141091131456,1.1043978929519653,2,40
210,0.8415703501627282,0.933052909374237,2,10,0.03174854712508845,0.2801280213253839,2,87,0.8586499428674907,1.0464482069015504,2,97
211,1.0196173716468238,1.1272441172599792,2,200
212,1.241548681511396,0.880942531700792,2,29
213,1.0648130452267175,1.3003550668557484,2,12,0.07486769776687938,0.15296620788337947,2,123
214,1.0873865793632094,1.0503960430622101,2,60,0.027893087866256477,0.10513125024735928,2,100,1.1157515310921409,0.9763442505808437,2,168
