0,1.088705147010774,0.6197340369224549,2,5,0.03353611260063109,0.17607112037829864,2,200
1,1.599395297951991,1.1083475271860759,2,45,0.017303176033185,0.06671219689230765,2,200
2,0.525738729615689,0.897133050262928,2,200
3,0.24441207249971444,0.7052590798916696,2,158,0.043499638457977295,0.06261960026763734,2,200
4,0.6979170498296787,1.4099650382995605,2,7,0.02961398880477617,0.17740453779697418,2,37
5,0.039712734107894616,0.12796940818428992,2,200
6,1.6122352814651408,0.9180601627766332,2,158
7,0.8170650533834936,0.5739068388938904,2,6,0.02621295273855682,0.288515896598498,2,36
8,1.4916750424634975,1.1482988320864165,2,13,0.020669532993913674,0.09246115965975656,2,31,2.53785803990071,1.2465178858150134,2,42,0.017272006995845555,0.05122051598890772,2,95,1.406690305639299,0.7453076309627957,2,104
9,1.1847069655139064,0.994006609916687,2,95
10,0.6048135501719754,0.9804916136885342,2,73,0.022881518748291082,0.08354275491763288,2,200
11,0.847704497452988,1.0424803545777226,2,71,0.07526161377945456,0.15261236286681631,2,94,1.2154272079792023,1.0070149469024994,2,162,0.06327711014584692,0.11258786054033983,2,200
12,0.354146235892535,0.9915518742799759,2,200
13,1.1356327782854263,0.9272743914185501,2,41,0.044924840768672834,0.14704117217621246,2,118,1.2615300836074874,1.0911723687098576,2,183,0.06346604440642327,0.14156734680428223,2,200
14,1.4129598318010574,1.0176398294312614,2,70,0.044888987685552946,0.11656424582004547,2,95,1.4276082521987152,1.0014930470236416,2,124,0.063624320195145,0.08619779253259618,2,171,2.2400189610786576,1.2565724352995555,2,183
15,1.3017526018700245,0.9679458562592814,2,133,0.07974992641171161,0.14156819679843846,2,200
16,0.3756932851005878,1.0153750273916455,2,45,0.02897895076778936,0.18791323183280118,2,151,0.4810148842711599,1.0863037620271956,2,200
17,1.269627599294043,1.1223597556352616,2,200
18,0.9095606947917015,1.0810141563415527,2,23
19,0.060893468533322295,0.2960636178995001,2,29
20,0.7536608861000557,0.9130404103885997,2,22
21,0.8968758828235714,0.9345408175140619,2,128
22,0.8866900123618146,1.4498454464806452,2,9,0.08210405596452473,0.08466616183964175,2,76
23,0.11061734711715317,0.4348204757486071,2,35,0.86327230634563,0.9834452670874055,2,132
24,0.6367049725383988,0.8232588375486979,2,41
25,0.8408711704852965,1.1467798126554025,2,103
26,2.7794194005718054,0.4827673009463719,2,7,0.06342854509263199,0.21355981910013938,2,118,2.4209426129513885,1.0080000990774574,2,200
27,2.209337951898528,0.5096876621246338,2,12,0.02077422713913464,0.16493051673895048,2,174,0.8132809093670667,0.6864708753732535,2,200
28,0.9184717744769975,0.9931362536874148,2,101,0.028496455482096127,0.1990935421652264,2,119,0.6741901544823585,0.9546992046492441,2,154,0.031181594849605126,0.24443702885638113,2,200
29,1.0042971129223264,0.8287804088284892,2,31,0.024108110071317006,0.04502655267715454,2,121,1.6353092584945677,1.0028808056553709,2,200
30,0.9379486638655794,0.9928872978687286,2,200
31,1.2998986196569071,0.907351308465004,2,200
32,2.247570600244304,1.2826283598939578,2,48
33,1.7493753907487288,1.188064233958721,2,80
34,0.68103382553459,1.0585332016150157,2,12,0.02763655150124557,0.11172756638664466,2,116,1.2169746964593677,0.9739719529946645,2,146,0.06512584196403165,0.21393802099757725,2,200
35,0.7442071465312893,0.943452529761256,2,98,0.06051702258666548,0.24839303847037109,2,200
36,0.8934740250815603,1.0943763607740402,2,200
37,1.2584835132489445,0.8848070260844653,2,79,0.06124376130760584,0.15267557060966888,2,127,1.5727353248125846,0.9500410556793213,2,200
38,0.9880345630543552,0.9708397561311721,2,200
39,1.7048821911364918,0.7656558347599847,2,28
40,1.0750567573523282,1.0266093802452088,2,200
41,0.5346769085848607,0.8619091977986196,2,96
42,1.0072534362693135,1.1044238530672514,2,26,0.07389219217104072,0.12352602656871553,2,89
43,1.5715064608517408,0.8222971025266146,2,38,0.0188573362385705,0.8725528717041016,2,46,1.1904232704158333,1.0027547313107386,2,82,0.04974924913358412,0.2404386124884089,2,130,1.5308766819606119,1.043529734529298,2,188,0.05681970680466049,0.18415014942487082,2,200
44,1.273968250546097,1.101540583179843,2,155,0.07353591816222078,0.22856345607174766,2,200
45,2.2572359706208354,0.6978823159422193,2,14,0.0258065649809118,0.22209730359815782,2,45,1.0904623263559114,0.7563874338354383,2,59
46,0.8579475632176803,0.6076451994123913,2,21
47,1.5668044011979656,0.7786336816274203,2,13,0.020194436384896496,0.10363263719611698,2,31,1.241336963733163,1.1422417554362068,2,89,0.04822113747531625,0.1835987550449801,2,200
48,1.3697711740243526,1.2933434808955473,2,34
49,0.5690235018944553,0.7056365410486857,2,18,0.02328549663254242,0.07710837194552789,2,148,0.9822340952280094,1.0002428339077876,2,200
50,0.43192197961371437,1.041942628418527,2,41,0.017778128791173797,0.10979271404169223,2,95,0.4290419466377182,1.0446884357012236,2,108
51,1.3360595419110826,0.7519198443208422,2,28
52,0.7033681659921948,0.9416831827589444,2,112,0.05323719707734027,0.43132456866177643,2,145,0.5857713364607107,0.9086733474617913,2,187,0.05210983600720084,0.1397458200271313,2,200
53,0.6774747272157919,0.7960763838556077,2,27
54,0.12032945856561378,0.30284957743402735,2,67,1.3183557204105119,0.7053223296448037,2,94
55,0.1222108541103688,0.37706534288547655,2,27,1.0905662014165247,0.803725577890873,2,51
56,2.500926820788826,1.3582230448722838,2,10,0.10639057790841103,0.27922222077846526,2,60
57,1.1255726135977262,1.1832109606266021,2,200
58,0.6750662061322151,0.7297627240419388,2,20
59,1.0466474149358231,0.9538519978523254,2,23,0.07828991523933662,0.18002422042539187,2,130
60,0.8499220741691427,1.0655360332241766,2,54
61,0.8192481325315345,1.0278950767083601,2,44,0.11085050657347599,0.2154669327995716,2,200
62,0.7333630834748355,0.9914905273914337,2,200
63,0.9133051380620828,0.7240637898445129,2,20
64,0.6626544177527961,1.0045699935693007,2,78,0.0677711793090616,0.19178864512688074,2,156
65,0.6824148315544326,1.0463701106350998,2,116
66,0.9220672169959483,1.0239585790228336,2,47,0.036293881109881826,0.14998175264374028,2,170
67,0.2736618327221744,0.8793765914936861,2,96,0.06724717913151652,0.14664443567968333,2,200
68,0.8559983245411885,0.9283617409792814,2,176,0.07784333677610138,0.16107043934365115,2,200
69,0.5247653909728465,0.9911648820086223,2,41
70,0.9080809372794829,0.7079821920394898,2,25
71,1.293273106597304,0.6281003166328777,2,22
72,0.9481301579737716,1.2236383656660716,2,24,0.06510749183695884,0.16894528919712026,2,118,1.3031180264192472,0.9662758795226493,2,200
73,0.7006966379120281,0.7855178824177494,2,27
74,0.7197026317990485,1.0493859004448443,2,68,0.018308317885252376,0.09795647114515305,2,106
75,1.0233588361165693,1.1416725541154544,2,48
76,0.58031151469483,0.8993128630518913,2,200
77,1.6837844624448537,1.1796807903051376,2,200
78,0.5685589295023507,0.8851188719272614,2,90
79,0.6948491338341988,0.6416421934615734,2,43
80,0.6880880128395788,1.0604298138618469,2,200
81,1.483812245032346,0.8949427762627602,2,200
82,0.861568248586913,0.9958006375365787,2,36
83,1.2268993081877608,0.561448028087616,2,25,0.014564121150961479,0.10775075303880792,2,63
84,1.0254674413525995,1.0129813883039687,2,36,0.04695761280436302,0.17912833425013916,2,82
85,1.1559983574491781,0.999195139173051,2,142,0.05111617396825955,0.22132482197549608,2,187
86,0.990525876570664,1.3366250023245811,2,16,0.0191464708784895,0.08072883854894077,2,50,0.892247102634493,0.9032430648803711,2,69,0.020602473621971585,0.10746829291336409,2,200
87,1.764755053908543,1.08352871567516,2,118,0.08959878986575599,0.19897030013194983,2,187,1.7241675718790614,1.0354329622708833,2,200
88,0.780683620955528,0.9182106880094275,2,173,0.13280581268786826,0.16111424896452162,2,200
89,1.0011319997698327,0.7517636371776462,2,64
90,0.5608765323636817,1.0145330720004582,2,168,0.05146061121666849,0.23840951127931476,2,200
91,0.8799184425606283,1.0459401811872209,2,35
92,0.8964220061697438,1.0597116513685747,2,11,0.036388423728000135,0.09736817792571824,2,127,0.6915921167305984,1.062565733085979,2,149
93,0.038162546173828096,0.14735154421241195,2,27
94,1.0404910369996931,1.1205705719835617,2,68,0.03769853868264468,0.31138218773735893,2,95
95,0.5131024775471016,0.7117705345153809,2,14,0.03651277045504149,0.218096463910995,2,45,0.7189308108674095,0.9712162685394287,2,95
96,1.278869550976195,0.9444356907659502,2,134,0.027962917903687254,0.13435181656054088,2,162,1.2358223139154494,1.0103708474259627,2,200
97,1.7876716072168712,1.0228245854377747,2,10,0.06444404165891943,0.13163821150859198,2,28,1.1908957867344967,0.9435250045255174,2,200
98,0.662490603569385,1.116940899839941,2,106
99,0.785558923235979,0.9585649973154068,2,200
100,0.7627723223093024,0.8205286487936974,2,24,0.05698360054121258,0.10841751977017051,2,119,0.580004489691403,0.9318451388382617,2,200
101,1.4400841420642079,1.0598138918479283,2,24
102,0.8919579988816093,0.9389385027799778,2,167
103,1.3611544252990435,0.9124836723009745,2,48
104,0.6149636166655853,0.9779489798979326,2,44,0.03265167164822079,0.22382143743940303,2,118,0.4885824074037828,1.0318498763632267,2,165,0.09542601542100533,0.19652962940079824,2,200
105,0.8706060913072864,1.2491055488586427,2,55
106,0.8525493531145123,1.210610302594992,2,26
107,0.7779338964574618,1.0094069396295855,2,31
108,0.7629886039741833,1.0928289994751055,2,194
109,1.212642264398046,0.9409133746073797,2,13,0.04241709010127414,0.18420322984457016,2,151,1.2813812943729441,1.0744033396244048,2,191
110,0.8502424793576043,0.9900540264684763,2,134,0.034719455429737194,0.16907731953420138,2,191,0.5893582551958341,1.1777753829956055,2,200
111,1.1586761951633993,1.1090785011332085,2,188,0.10787249765783613,0.7290258606274923,2,200
112,0.4239454800132737,0.9922010776400566,2,200
113,1.1306732357371794,0.8907260204616346,2,38
114,0.7854472271971182,0.8551605434794175,2,190,0.0721856708460613,0.30508745461702347,2,200
115,1.0076525007086783,1.1154872737824917,2,32,0.06169872243894792,0.11536746554904515,2,104,1.3300668960783395,1.1565727877120178,2,200
116,0.06911209427963251,0.17561239723501534,2,58
117,1.270415732786817,0.9563560901266156,2,66
118,0.8516645858367262,0.9347608124508577,2,85,0.35752718384702153,0.2072925828397274,2,89,0.054108247231180705,0.08738050106409434,2,200
119,1.3826350011057866,0.941896603220985,2,21
120,0.06623041817906374,0.2570228495840299,2,118,0.5563397512196883,1.0526665565444202,2,200
121,0.5443816347031418,0.9179032022439981,2,158,0.04180550014672601,0.10494707524776459,2,200
122,0.9180315066046248,0.9444522452023294,2,144
123,1.0839697651662892,1.0179732109679551,2,122,0.07090121284273147,0.24858642980838433,2,200
124,0.07533188171652692,0.15719431760359784,2,49
125,0.545849014650959,0.8949958486482501,2,64
126,0.8146419604899089,1.0121567889263756,2,95,0.02194325233941615,0.193733444580665,2,160,1.5685465863712964,1.1126209646463394,2,200
127,0.2047390213348782,0.5317441749253443,2,56,0.394742996517202,1.0550444424152374,2,200
128,1.0227510722196158,0.949356476465861,2,78,0.057256801022353185,0.15929476886379476,2,127,1.1217414000882977,1.026063277296824,2,200
129,0.9852858094991338,0.8679529569215245,2,72,0.021679730722492817,0.11953029851429164,2,200
130,1.551408928781739,0.9052120532308306,2,21,0.05620174676448649,0.22052848658391408,2,35,1.1425214443053144,0.8787083387374878,2,60,0.043241162097717396,0.057881937362253666,2,92,1.386862402368904,0.9500041786505251,2,190
131,1.2400611265646808,1.1398420572280883,2,10,0.021330264131033463,0.15674866606359897,2,33,1.3276220558144252,1.0437929892370887,2,174,0.10425341321241371,0.13866366503330377,2,200
132,1.0336227131368785,0.8774605584144592,2,200
133,1.526751523482284,0.6931367940974958,2,33
134,1.5002627376124829,0.8702870038599749,2,153
135,1.4152495237010418,0.8847123967077499,2,133,0.019594191963649216,0.15168240871922722,2,162,1.250744179984514,0.9273351807343332,2,200
136,0.459713796180362,1.00879105218907,2,97
137,0.6388838120018223,0.818729909828731,2,35
138,0.6167089343411372,1.0679549239575863,2,192
139,1.2049081983241936,1.5453176140785216,2,10,0.037988886800292894,0.22826628920747272,2,144,0.9032891076554975,1.3564807091440474,2,200
140,0.9216852042423381,0.9971696701314714,2,36,0.06385131500251606,0.15363881619353043,2,55,0.9814101208022471,1.0633780569865785,2,200
141,0.4840496748390595,0.5846474960446357,2,70,0.05761354035854185,0.11923019587993622,2,102,0.8001662129582902,0.9739991279497539,2,175
142,0.06206100627729669,0.44322654604911804,2,21
143,0.8305228793241716,1.1789156364070044,2,36
144,0.7826040377154398,0.9398659292809264,2,167,0.07545805623328643,0.12012864694450841,2,200
145,0.8042067875069616,1.0393620802135002,2,82
146,0.7978352231099809,1.2381892885480608,2,21
147,0.6628503408671236,0.9398220181465149,2,18,0.01320862499765174,0.11609578921514399,2,35
148,0.5250912148790029,0.9701399793944407,2,97,0.02555608631618577,0.22733677001226515,2,118,0.6426147858792025,1.03529242426157,2,166,0.0744395013920496,0.08487263541011249,2,200
149,0.6921559486976055,1.0435343408584594,2,100,0.04443358881700932,0.08036834332678053,2,154,0.8972401193576717,1.043209770630146,2,183,0.048440929161099926,0.1544687651536044,2,200
150,0.9925538776387772,0.4100043796575986,2,13,0.027721637187775584,0.15082223057746888,2,38,1.2480875560784452,1.0870785966832588,2,132
151,1.7046596318154423,1.1780362725257874,2,32
152,1.237105585336444,0.8899910368702628,2,22
153,1.6073248741649189,0.9131018453174167,2,27
154,0.14020852367070916,0.2686504445970058,2,80
155,0.6496062644828532,1.0385160505771638,2,200
156,0.5203677301743103,0.9752825426332878,2,33,0.05191206055023296,0.2672793575575654,2,104,0.5349845307625202,0.9307082196076711,2,200
157,1.3406515101999046,0.7705437873685083,2,43,0.06428844029509485,0.1352573440920922,2,136,2.2930453711571706,1.347159317135811,2,176,0.07291296606729103,0.10381905175745487,2,200
158,0.7824728814233454,1.0092228134473165,2,30
159,1.0916039352468823,0.7846131101250648,2,16,0.025660958748175994,0.10010082636560713,2,51,0.7558048617697907,1.037796934445699,2,75
160,0.607915942098102,1.0195193235264268,2,43,0.050259899146340145,0.21390400040935684,2,134,0.6496688236258292,1.0531944758964307,2,200
161,0.625939927136444,0.9015322083081955,2,39
162,0.8387736522321348,1.1026157954844034,2,82,0.05007705978441957,0.16323119097135283,2,126,1.2547798645752046,1.0576236209561747,2,188,0.049973834910178726,0.1752463641266028,2,200
163,1.0953475728561997,1.3394938051700591,2,20
164,1.2017071473234824,1.0809677646710323,2,130
165,0.9464414792221391,0.9902506589889526,2,200
166,1.388482319501018,0.8206120729446411,2,79,0.048950829124570036,0.18222827063157007,2,105,1.2995262791122508,0.9118181360395331,2,200
167,1.0938362411705547,1.0684501784188407,2,21
168,1.396880276594018,0.9793139319670828,2,38
169,0.04904470021685964,0.27005510659594284,2,57
170,0.5720607046695592,0.9991555452346802,2,5,0.014676267860074567,0.15348597383126616,2,69
171,0.9916648403883485,1.073097414440579,2,18,0.023916978081619522,0.11861512191997942,2,147,0.9314798250150702,0.940049983561039,2,165,0.0918950067760298,0.14601605449404034,2,200
172,0.9621032250535619,0.8796955157410015,2,22,0.048842937126965316,0.08385726074649863,2,95,0.9298764212677711,0.962016634868853,2,161
173,0.3363268769936588,0.8692482363793158,2,31,0.018862829140139377,0.07893733315997653,2,121,0.6693217937832545,1.1052656173706055,2,133,0.029182251237884024,0.17622787669553594,2,192,1.9423454392788622,0.8291276395320892,2,200
174,0.8523805278045031,1.4187726338704427,2,45,0.015470689167079275,0.05211057624509258,2,200
175,0.2526234177177698,0.6366025894074827,2,37
176,0.7294085504913994,1.1600237279875665,2,117,0.07475508835436068,0.07095013641648823,2,153
177,0.5263314122416226,0.9885556617025602,2,59
178,0.06353758209950491,0.14320405016815851,2,63
179,0.11200751622134841,0.21862485736608506,2,200
180,0.9492497978496031,0.986229672729969,2,200
181,0.8064375593885716,0.7788763344287872,2,100,0.03969814668414563,0.17982518121048255,2,154,0.8580070151416752,0.826043963432312,2,200
182,1.0770150408848655,0.9367652487370276,2,186
183,0.8395526281206124,1.0991682762652635,2,200
184,0.41183421384667546,0.8623250922560692,2,200
185,1.058018537264887,0.9361922764542079,2,101,0.03385173915844837,0.27949865863603707,2,118,0.7797243550602517,0.9321779928037098,2,146
186,1.6811269068251975,1.1446692384779453,2,32
187,1.7244612975779328,1.1512798773614983,2,95,0.01960600572379979,0.11833115541017973,2,160
188,0.788104414577436,0.9969421340929752,2,151,0.025649412218855798,0.3211817571095058,2,172,0.6837983559519916,1.0149455026344016,2,199
189,0.8753764233781106,1.069921687245369,2,72
190,1.2861568375874743,1.2019299268722534,2,11,0.02876526984591671,0.16402692525159746,2,32,2.253834538070677,1.374595582485199,2,36
191,1.461809176616423,1.0320285860921297,2,71,0.06478952396529218,0.14623538242733997,2,94,1.261845586604757,0.9930521110693614,2,124,0.07249125748881872,0.06727865021279518,2,171,1.837611252246332,0.954485282815736,2,200
192,1.3825107258757419,0.6922333159229972,2,22,0.06096704288021433,0.12470766288392685,2,39,1.4585433267589913,0.9286888138244026,2,134,0.06715658135076372,0.13990599165360132,2,200
193,0.7748869976711331,0.97114477234502,2,93
194,1.1708600100318498,0.8129020929336548,2,43
195,1.4586847364925501,1.001800750984865,2,34
196,1.1541047340457566,1.1387979489261821,2,118,0.07528841965770249,0.2301802477542905,2,187,1.2739509087371614,1.341853169294504,2,200
197,1.1391262303843253,0.9158064300500894,2,79,0.025721945172431628,0.1742275506258011,2,105,1.3441009206260583,0.8805842058999198,2,140
198,0.6357623104115606,0.7168511385853226,2,37,0.4392218161390785,0.3126363158226013,2,40,0.03761245588164735,0.08213893714405242,2,145,1.0387610410822006,0.9274515477093783,2,200
199,1.4976247885176752,0.9687441628273219,2,146,0.07511324629087728,0.23192059690201725,2,200
200,0.7305502078308229,0.56673612801925,2,23
201,0.6181029590015119,0.8955453302039474,2,61
202,0.8597855873663216,1.016599622964859,2,200
203,1.1799276628386952,0.7897206432577493,2,69,0.022045668404996797,0.08853962425967209,2,200
204,1.340700102040145,0.8368837349116802,2,112,0.04565191391804505,0.14213266126487567,2,135,0.883740275775588,0.8137472913815424,2,200
205,1.12659044514655,1.0605125296115876,2,100,0.05904201068192396,0.23445106625556947,2,200
206,0.16302606334552477,0.1084634349681437,2,32
207,0.0790831877050826,0.15690522789955139,2,20
208,1.4861518511045924,0.9239140997330347,2,12,0.028752361238824364,0.17815247719938104,2,67
209,1.1199201521482947,0.8801142592899135,2,61
210,0.764406297648738,0.9712839904584383,2,95,0.02635367838796642,0.13593715902358766,2,158,0.8535077267609172,1.0132321743738084,2,200
211,1.2043604770545968,1.1126010024219477,2,109
212,1.5634834658822048,0.7366778146136891,2,33
213,0.9031656888308024,0.9569990527935517,2,117,0.029954163788722808,0.3970734304909048,2,175,1.3685737656832329,1.0244642186164856,2,200
214,1.0887226100869505,1.0689570368552694,2,98,0.05832505749870079,0.2555266516465767,2,200
215,0.6572349929424783,0.9018105420470238,2,200
216,1.0084101280939597,0.8721510544419289,2,200
217,0.045120226612135494,0.1845729707887298,2,76,0.6694033782632524,0.8887018362681071,2,112
218,0.9188434998192896,1.1527240896224975,2,25
219,0.0420943772448583,0.2194353205462297,2,60
220,0.8763938185778435,0.911600248515606,2,40,0.04757278892604533,0.23714631143957376,2,72
221,0.9391667059958441,0.7181301367910284,2,95
222,1.7809190618097537,1.1573790993887125,2,194
