0,1.430270177560101,0.9280645594452367,2,33,0.04023411166506454,0.18155413586646318,2,49,1.147428830012203,0.9337790941628884,2,176
1,0.6486604388096763,0.8390363220657621,2,28,0.018657178932767308,0.0456511965671251,2,200
2,2.2470908016563977,0.23504173196852207,2,8,0.024032325123250483,0.06746369997660319,2,68
3,0.6243291683469676,1.0346637666225433,2,16,0.04925073954196994,0.08718424653057504,2,129
4,0.806161319761537,0.9959873465391306,2,52
5,1.1806141692156602,0.9876691967248916,2,200
6,1.6301755823739155,0.7604244401057562,2,48
7,0.809874444999575,1.0200400295711698,2,21,0.02389341504276216,0.0477254974042497,2,185,0.8058386173094649,1.0499571283658347,2,200
8,1.3381952633939604,1.0458077896725049,2,22
9,2.0929191786839634,1.3369129313979038,2,129
10,1.0503764606565493,0.9331732841638418,2,65,0.0576560388877106,0.20774855415026347,2,200
11,0.3713002475357851,0.8164468861144522,2,46
12,0.40584359386788577,1.1240176628162335,2,77
13,0.34093768850783357,0.688127354339317,2,27
14,0.7790040311992409,1.2224882537668402,2,55,0.030314908968372772,0.20423522653250858,2,200
15,1.0823153765401314,1.0993497438270952,2,179,0.08729593281980563,0.0829250408070428,2,200
16,1.1564891852528456,1.4094309522992088,2,21
17,1.1914583812900374,0.9575849417093638,2,37,0.05350087416063147,0.15678701963689592,2,82
18,0.7868525870763269,1.0032762688398362,2,200
19,1.4646862513828836,1.1398572493822148,2,39
20,1.279207814927871,1.096789233824786,2,17,0.04656907073782289,0.2175426645712419,2,39,1.140265405591722,1.0176728710736314,2,185
21,0.8278236880376698,1.074660437275665,2,99,0.047218823187716065,0.16399826145753627,2,181
22,1.4590612110747272,1.1686498820781708,2,36,0.06770278324999895,0.07274112171596951,2,126
23,1.1383703859680345,0.8599652212399703,2,52,0.02351996953456422,0.10836902943750222,2,100,1.4439296896818414,1.0016407561302185,2,200
24,1.43659983512287,1.1256470973811932,2,134,0.028011063084929736,0.11256183300054434,2,200
25,0.34494777150461775,0.6308712032106187,2,9,0.011442248175942958,0.1937020959125625,2,27,0.9514152459032863,1.2973282138506572,2,51
26,0.7149637233304624,1.245759772217792,2,115,0.01626600597574234,0.09372810206630013,2,148
27,0.8483159888265727,1.077029040631126,2,136
28,0.970334948589034,1.3499635457992554,2,85,0.015279677474569412,0.048352689697192267,2,163
29,1.1123912787667862,0.9446712499856948,2,200
30,0.30550419732678424,0.9709725620654913,2,78,0.05104734797742819,0.08457539694489173,2,131,0.8652510706453598,1.1079625580459833,2,195
31,0.9373535555110152,0.7896886631554249,2,51
32,0.8339901307900813,1.0037838645748325,2,143,0.06006027150516839,0.15649935211005964,2,200
33,1.034085592755512,1.0310570746660233,2,200
34,1.1909559156289322,0.9461698542206974,2,118
35,1.4594652016236984,0.8342108776172003,2,24
36,0.4102416974929779,1.3012134623527527,2,200
37,0.7356348175443771,1.229930634083955,2,23,0.03189619708529754,0.10657929612281627,2,156,1.5830055181424314,0.879066833040931,2,200
38,1.2057709845988362,0.3045245558023453,2,10,0.048817584031494936,0.05481527924537659,2,135,0.1798165633084741,0.5071777725541914,2,172,1.6840699056946338,0.9342250845261982,2,200
39,0.7034943382841978,1.1226620006561279,2,50,0.030961902585452453,0.17260012421945128,2,149,0.606454045227041,1.1917502412609025,2,200
40,1.1122981605253142,1.1232582095422243,2,76
41,0.7760216460029824,1.1537537097930908,2,20
42,0.9967952237578933,1.0895908223258124,2,45,0.03815830649912037,0.1405222004474099,2,112
43,1.076171407705905,1.0490138483047486,2,200
44,0.04241651275067603,0.16596931373631513,2,135
45,1.218898753437131,1.033555472363307,2,179,0.0868034609546313,0.1868395549910409,2,200
46,1.3595493251015256,0.8789867120981216,2,200
47,0.978505808633061,1.011822568518775,2,56,0.0447384424128117,0.21486710177527535,2,74,1.1446211125221104,1.1427456408404233,2,163,0.016483104486062067,0.09105560264071903,2,200
48,1.28671435702833,1.1030947727750438,2,129,0.02606181813112271,0.16233232869228847,2,200
49,0.7796637541641761,0.9753849273337457,2,133,0.064019344528388,0.7168804605801901,2,142,0.05320991894756061,0.23610988464848748,2,200
50,0.717712511393646,0.9216101905703544,2,200
51,0.9691289440593592,1.1114844922666196,2,27,0.01839298313894392,0.6350652774175009,2,33
52,1.0413768541511061,1.1332610547542572,2,52,0.013544819444621714,0.20023401909404331,2,88,1.073668632840618,1.0140725132785267,2,167,0.016072052837912465,0.0917616883913676,2,200
53,0.8314336673002488,0.9475153629169908,2,43
54,0.07950633278736063,0.24242449911792627,2,89
55,0.6189883426991704,0.9307110180025515,2,69,0.02496041095410141,0.11967328918799189,2,200
56,0.7539109765636496,1.0244091546535492,2,200
57,0.06743147661798905,0.41594918422250937,2,149
58,1.319401721759451,0.8767826782934593,2,66,0.02649510884429104,0.1197985869807166,2,103,1.1331176872254114,0.8802271774134685,2,200
59,0.5886817379903742,0.9081907916069031,2,200
60,0.6308814907355271,0.987784453060316,2,23
61,0.9251808864067899,1.0848682186391094,2,101
62,0.934979201744999,0.9172288485062428,2,39
63,1.1432061963902214,0.7162016034126282,2,26,0.008438654128377602,1.0567807952562969,2,32,0.7579601010669604,0.8669785185063139,2,79,0.10426229074977401,0.6961490332528397,2,133,0.04715079396531359,0.06618114505241167,2,200
64,0.9608430562769311,0.9740686883097109,2,184,0.029908050243040597,0.10279420390725136,2,200
65,0.06981653506175323,0.28804475379486877,2,72,1.1248890096969606,0.9733962472528219,2,200
66,0.920791284779236,0.6767545104026794,2,10,0.06221033417747381,0.11620221200164842,2,173,1.0360322978332104,1.282848627478988,2,200
67,0.8084085956676648,1.080630549788475,2,40
68,0.7209357413208071,1.0540184502800305,2,48,0.09247102126501737,0.35824094945564866,2,80
69,0.8195626432963447,0.9956070095300674,2,120,0.04900212856054883,0.09865386933088302,2,200
70,1.2899141801520868,0.8534660604265001,2,9,0.02937710993073408,0.1553275738006983,2,48,1.2157536475783246,1.1301001459360123,2,200
71,0.9587963082154423,1.0279159383340315,2,44,0.06330413605338067,0.1249651347215359,2,200
72,0.07434108130999717,0.33141141310334205,2,20
73,0.026701735563438404,0.13588750114043555,2,60
74,0.6529500774138485,1.182582418123881,2,30
75,0.8357671928430742,1.1719036137356478,2,68
76,0.4933507590808762,0.7986490591005846,2,44
77,0.7534910895486594,1.206224348809984,2,9,0.023228899703977193,0.11417610437742301,2,65,0.8726374150268995,0.9937197004373257,2,169,0.035526334549426816,0.24434064328670502,2,191,0.9326644751918254,1.1732574701309204,2,200
78,0.7851045499059832,0.8526033759117126,2,52,0.05262437751347807,0.4225927893604551,2,192
79,1.3252085557369147,0.9716702952529445,2,66,0.04537526055171685,0.13632228525716866,2,200
80,0.7497551481757401,1.1762756624005057,2,44,0.05090102915112993,0.23138394684363633,2,200
81,0.05472893552788846,0.1330229511930923,2,121
82,1.2803666317107767,0.9904612816613296,2,58,0.04562398713279939,0.190551340006865,2,84,1.545355907521314,0.9721395638253953,2,138,0.04411010411458703,0.11800919202241031,2,160,1.2663214628310857,0.9858436942100525,2,200
83,0.54029186945405,1.181193600466222,2,81,0.03937055734086668,0.1955692129002677,2,171,0.6368323717841664,1.2153456704369907,2,200
84,0.5983262254724334,1.0014199745364305,2,41
85,0.539588964578041,0.9643955339084972,2,44
86,1.389153008974514,0.7702928728917066,2,68
87,1.1350936357512558,1.2589078810479906,2,36,0.05062762085958279,0.09031192196740044,2,81,1.127258241890877,1.0319723912647791,2,88
88,0.9541629272342808,0.8122456052473613,2,28
89,1.1126964067170224,0.8587558018533807,2,57
90,1.949416471613086,1.2093323611077809,2,42
91,1.436119931333834,1.0744327992609102,2,146
92,0.8079874103061762,0.9309347625131961,2,54,0.052343495056682204,0.23460908149999957,2,178
93,0.8168327910336424,0.8871819588625542,2,107,0.08924822066791048,0.3163299938807121,2,159
94,0.44230582685299596,0.9142362859845161,2,200
95,0.9209008093479173,0.8063107262242515,2,106
96,0.5843549484367424,1.0840105575228494,2,63
97,0.7025588611157906,0.6563953691058688,2,9,0.025967824198792608,0.11392218580371455,2,47,0.6978609092892956,1.1123440834608944,2,91,0.03673497621774365,0.14326898650876407,2,120,0.6168812755283031,1.0381436971100895,2,131
98,1.002528107864163,1.1991241832277668,2,67
99,0.7839393318243523,0.9080501437187195,2,85,0.04230626040856903,0.10974755376577378,2,135,0.6005104580590963,0.9102425281818096,2,200
100,0.8285614918608806,1.1839597724816378,2,136
101,1.0413388267195975,1.2645088223850025,2,34
102,1.1250790079402022,0.9769729773203532,2,30
103,1.4775689608702718,0.9397006772813343,2,21,0.012513998032162087,0.05580310523509979,2,57,0.07817425012715919,0.12429182231426239,2,145
104,0.03244319158183499,0.1388407551580005,2,135
105,0.6356517322335405,1.0378801013742174,2,28,0.017976981807004754,0.04248460694107899,2,200
106,0.9963955870357093,0.7259594553992862,2,105,0.016682769742008437,0.8087649430547442,2,112,1.3195791368719434,0.7411951065063477,2,122,0.018826266474793216,0.05157419236806723,2,200
107,1.1770553460543087,0.8968167552351951,2,200
108,1.313808562917073,0.7530689877376222,2,57
109,1.211166584377102,0.9964953088760375,2,200
110,0.791164971093596,0.8773241390784582,2,24,0.03471163182619671,0.13926764991548327,2,42,0.5007768653449601,1.0772048234939575,2,93,0.0262725124185062,0.15976063433651613,2,200
111,0.8586401029578749,0.8455192468784474,2,54,0.02215260894716628,0.28047022772462743,2,92,0.6602941014189638,0.8872172319226794,2,164,0.01782924890045941,0.08902522549033165,2,200
112,1.1052554196669957,0.884112025752212,2,66,0.01633160288243547,0.08713289128767478,2,103,1.1571765308017115,0.8974277509583367,2,184,0.03236153511376839,0.11593736801296473,2,200
113,1.001917114857754,1.0077971130609513,2,200
114,0.7895505446678573,1.1117022132873535,2,200
115,1.3111400520314038,0.9691692870422448,2,179,0.0826151291582618,0.17490324165139878,2,200
116,1.353900804880066,1.0778419448904795,2,73
117,1.319162199032792,1.0705569888416089,2,38
118,1.5494115323597475,0.9027517630773432,2,34
119,1.1290616909332747,0.7679673615429137,2,36
120,1.2825583215501102,0.8726793800791105,2,24
121,0.9685611904349026,0.9683946865797043,2,200
122,0.5947981301290535,0.9897865973669907,2,145
123,0.5531938257016916,0.9112780070304871,2,25
124,0.24612591027932376,0.9192889834705152,2,19,0.021898581902921856,0.05805876797222229,2,185,0.30750741280866956,1.0758493304252625,2,200
125,0.9901817996778326,1.2234543509535738,2,91
126,1.1077038444365561,1.0231509485910104,2,43,0.06681764652170402,0.07752227859132609,2,200
127,1.5529783041109688,0.8727423515584734,2,36
128,1.6940977427288022,0.8923036077847848,2,52,0.05901622740689501,0.17739028135935467,2,142
129,0.07530410523198719,0.39205524511635303,2,72,1.2336787950671386,1.1308766305446625,2,200
130,0.3333445619278146,1.0361278057098389,2,166
131,0.4569326784786381,0.6645353347063064,2,20
132,0.0581432441957527,0.8039712837634195,2,131,0.04679016612037918,0.13872969971186871,2,200
133,1.0609292058556627,1.000093746781349,2,200
134,0.6138494234258433,1.1617767965352093,2,54,0.026173150567211603,0.45577400603464674,2,82,0.7635707729663322,1.314411841687702,2,124
135,1.2361424529013458,1.1029473781585692,2,30
136,1.423376884185921,0.7822040642600462,2,83,0.03516572710381105,0.12087468067804973,2,158,1.4473274404635792,1.1001879203887213,2,200
137,1.2374179628622117,0.8544848954677582,2,200
138,0.9498269105735583,1.0207983869314194,2,200
139,1.4928917824860877,0.9967240154743194,2,200
140,0.5932882759169736,1.3769560882023402,2,7,0.015227156542331264,0.23127211865625882,2,26,0.5785138953603902,1.0147998642038416,2,53,0.048866596861573,0.20371484229790754,2,169,0.7786167197653534,1.0283097306887308,2,199
141,1.7768412714040827,0.8892042899131775,2,200
142,0.7302746256606327,0.874293581545353,2,200
143,0.8354988318026179,0.5662326675194961,2,13,0.08108760082773518,0.05139465865335966,2,70,0.46924513870189205,0.07790923491120338,2,82,1.1331307868411162,1.01258011036,2,200
144,1.5792879985725452,1.1298479368520338,2,129,0.02053130573948657,0.09292225728572255,2,200
145,1.1340548949308784,1.4350185990333557,2,8,0.012581936052033286,0.06552689635392392,2,41
146,1.0937251971815634,1.0905936226552846,2,49
147,0.725657759523464,0.8125044336685767,2,39
148,0.6285233649056328,1.2165897846221925,2,15,0.03696558420002478,0.16908331486311826,2,37,1.4215114205323798,1.0383585350854057,2,65
149,0.8301519373189128,1.3187724600235622,2,24
150,0.5010508354812511,0.8782455703386893,2,52,0.02450906838241573,0.07773926580438809,2,101,0.5199747076273442,0.842784221075019,2,150,0.04652123394022007,0.1359933513928862,2,184,0.7404553684078,0.9594001956284046,2,200
151,0.9681018307330418,0.9294708009626045,2,61
152,1.2825275401995742,0.9922154545783997,2,10,0.050727612824550405,0.2488369139678338,2,44
153,0.8764935093890833,0.8626490756869316,2,200
154,0.8863462225138737,0.9503481153930936,2,28,0.07356129606872651,0.5032209119071132,2,51
155,0.968642038373268,0.8839173461451675,2,33
156,1.0933464936500432,1.0210247569613986,2,54
157,0.9461117677730821,0.8579124253371666,2,145
158,0.4329019518371429,1.0663759958359502,2,31,0.04655571325628732,0.25497697932379587,2,185,0.45917580053931023,1.0215396324793498,2,200
159,1.1454036015663436,1.0344962191272091,2,77,0.027883069268319367,0.22703105931480724,2,197,2.4985332333891543,0.6396743655204773,2,200
160,1.2882922060977862,1.1519348349641352,2,136
161,0.45818285659282526,0.9888662167957851,2,70,0.20532278053950714,0.5011923511823019,2,73,0.03355906649506923,0.12675961893465784,2,145,0.5542699274379583,0.8276277184486389,2,200
162,0.7702558419350394,1.174780707648306,2,165
163,0.7123322435096744,0.8223489189147949,2,25
164,1.559152706592903,1.3695577665910883,2,177
165,1.1622801625337311,1.1410077918659558,2,33,0.028963884671016345,0.1793871129100973,2,99,1.3882129009710815,1.1681682178289583,2,200
166,1.6011213201474939,1.0152877569198608,2,9,0.05329215138250071,0.17503554461633458,2,43
167,1.0982044127568906,0.9536422764261564,2,48,0.02361545874165016,0.1515473091067412,2,126,1.1806365566433752,0.9945850835906135,2,144,0.027053614270795254,0.13362101796600553,2,180,0.6410317391216833,1.0713458359241486,2,200
168,0.9816166120947415,0.9939650291204453,2,200
169,0.8339976602631578,1.026872732201401,2,49
170,1.1161627593001475,0.8956861615180969,2,25,0.029191106873170027,0.18558561027634377,2,127,0.5507024899968376,0.5502583366983077,2,144,0.022425698342151086,0.1347346417605877,2,180,1.485771792720451,0.9790223419666291,2,200
171,0.8524797694841003,1.1714320182800293,2,9,0.026170054750162614,0.08179405017902977,2,66,0.8559858923223798,0.9684713411687026,2,200
172,1.22273600588818,1.050769121558578,2,81
173,1.2312185574701469,0.8735708804691539,2,102,0.018840882767281117,0.11781538561696098,2,186,0.8388469177122115,1.2572957532746452,2,200
174,0.998143620560233,1.133626022122123,2,44,0.05400246667700074,0.21833294907059425,2,200
175,0.049623021082544766,0.1949973318863798,2,54,1.3955347848711652,1.014622071096974,2,178,0.04272260492252518,0.1750993737950921,2,194,3.178905426633797,0.8686871627966563,2,200
176,0.8433674189482535,1.051316134857409,2,33,0.023271807501918026,0.1629129826132931,2,100,1.536163853961881,0.9479493355751037,2,200
177,1.1158009687460064,1.0622039655987308,2,139
178,0.6519371809529257,1.048257880014916,2,73,0.04323154521376994,0.20248231186172155,2,200
179,0.7431367031792204,1.0559103205907259,2,139,0.11010700104476627,0.4452673956507542,2,200
180,0.8686813495529604,1.0589988719986145,2,83,0.02468317325931335,0.10088421521233577,2,134,0.13059817881326818,0.22364598580382086,2,200
181,0.038869090442093315,0.17639636331134373,2,54,1.18156686166877,1.1457467799962953,2,140,0.04892487316570601,0.1805497109889984,2,161,0.9312027364034007,1.2042910482572473,2,184
182,0.7591926581903635,0.9362614360644663,2,139,0.10899355064513486,0.17823092150883596,2,200
183,0.3899840631895211,1.1547938585281372,2,12,0.10158034048175359,0.053749804866725,2,70,0.46956834396096353,0.9676457777451933,2,159,0.08488412978803582,0.1560223251581192,2,200
184,1.251674270118677,1.0476139706373215,2,200
185,0.6535147957719429,0.9438533824065636,2,58,0.04641846561765616,0.379096657037735,2,84,0.7765864077232434,0.9054705305346127,2,200
186,0.6478678575659478,1.009527991215388,2,72,0.043400973880561244,0.07284930762317446,2,144,1.2528946571294655,1.2632917815988713,2,166,0.06897331869335833,0.27494921798215194,2,200
187,1.108775646759791,1.1201342871694855,2,165,0.06946232505977826,0.30751367722238815,2,200
188,0.016661812587906236,0.0802491694688797,2,35
189,1.2845613101437137,0.6521451925409252,2,29
190,1.3364732263204415,0.9799062999395224,2,52
191,0.6946139660940395,0.8584236672946385,2,21
192,0.984349947401344,0.9009909681651903,2,69,0.08099093146219921,0.2752123557031155,2,109
193,1.2841250054462074,1.124281663399238,2,154
194,0.018695776150968204,0.03636119925245947,2,49,0.7976404595188407,0.9314890243113041,2,65
195,0.7570619631626969,0.8769145160913467,2,52
196,0.6841752431251742,0.9225044875969122,2,81,0.044755505624802544,0.11320367689882771,2,170,0.4071029487635771,0.9468532105286916,2,200
197,0.6111494997912876,0.9178265058994293,2,200
198,1.311626028208829,1.0411908474622988,2,102,0.020800053730401096,0.08788474412525402,2,187,2.16691520544167,1.0699608601056612,2,200
199,1.4601308280771679,0.8856885787369548,2,69
200,0.02487574304244745,0.05656559507434185,2,52,1.6948544078838457,1.0409035682678223,2,94
201,1.4378117123828997,0.7014424238886152,2,35
202,1.2437456009463406,1.1454049122960943,2,95
203,1.1108487249911325,1.0763399674342229,2,65,0.056898191777843166,0.15468922897621437,2,200
204,0.947123940860174,1.119844240170938,2,108
205,0.3823471826281347,0.8634929990768433,2,200
206,0.7756898855833434,0.6576784610748291,2,20
207,0.876684866523125,1.1553913406703784,2,23,0.029233460581635676,0.11809204395552327,2,156,0.8399217549300443,1.0382377207279205,2,200
208,0.6590661180138655,0.7315928564312753,2,178,0.10563195661878921,0.3952933231537992,2,200
209,0.7303456978516267,0.8497392927130608,2,73,0.04494651394374147,0.16592211963294387,2,150,0.9994242618069087,0.8446843353184786,2,161
210,0.7674838428250461,0.7109565279063057,2,34
211,1.2301666406699676,0.9860461238142731,2,77,0.02168132384461914,0.13011002266093305,2,115,1.0469532554576544,0.995480941323673,2,200
212,0.7555932463553245,1.0168658180056878,2,53
213,0.7917274137052307,0.7952950540043059,2,21
214,0.7225706828379386,1.0899062928606251,2,122,0.022908055346580258,0.12741534332434337,2,197,2.670294310064811,0.8105113903681437,2,200
215,0.7714066775335002,1.0501736556330035,2,31
216,1.2768969980474951,1.0413973358544437,2,176
