0,0.06568631340946418,0.36339479752562265,2,44,1.12455014908235,0.6974397838115692,2,54
1,0.8972948795166114,0.7467100504371855,2,36
2,0.844235268265104,0.9761515390872956,2,200
3,1.2736786600383843,0.9110673561036212,2,159,0.04617101667853433,0.23313020714899388,2,200
4,1.2934590542099496,0.9623541983691128,2,110,0.0736442681917541,0.20163966963688532,2,164,1.954051319489848,1.1838775840070512,2,200
5,1.2381932332073575,0.9173928173083179,2,106,0.08691885207526319,0.24493734445422888,2,122,1.5467455266303218,0.9980635046958923,2,200
6,0.3730622504324884,1.0303939002401687,2,68,0.05249347814372228,0.23475015107716354,2,175,0.5234811383758573,1.0500965404510498,2,200
7,1.4719436195151079,1.2357638946601324,2,28,0.03790742926172012,0.21931620367935725,2,42,2.2337604675942444,0.6352979716132668,2,59,0.029031318426362706,0.15826268166303634,2,109,1.1898370115788588,0.8878549738363786,2,164,0.12673869525966708,0.35853963904082775,2,188
8,1.11439613019731,0.9562620568919826,2,74,0.7303054788707188,0.2530107766389847,2,84,0.09434208408787835,0.17892432084371304,2,200
9,1.0260856417715842,0.9549606795373716,2,152,0.08881930002256783,0.3402328509837389,2,200
10,0.4717189308585699,0.9872493109145721,2,154
11,0.020763057924090295,0.12872507853792348,2,109,1.3172583898323587,1.1638135333855948,2,169
12,1.650799953357558,1.0222730875015258,2,30
13,0.9345368564505713,1.052838933467865,2,180,0.03124345925020199,0.12517095729708672,2,200
14,0.023804421203147914,0.0640641301870346,2,17,0.7702851961472843,0.9792898118170232,2,200
15,0.9129305228117187,0.9894217063080181,2,132,0.027905513821518742,0.12413026852642789,2,200
16,0.7058741137717494,1.1293445019931583,2,182,0.07033135447720722,0.17237863192955652,2,200
17,1.399913908933541,1.0367612361907959,2,70,0.029279757740991834,0.10820569423958659,2,102,1.4906728468868744,1.1465712510622466,2,115,0.042854475430521025,0.12880204796791075,2,165,0.7032811241440918,1.2522096633911133,2,173
18,0.7068378609333615,1.1145622432231903,2,28
19,0.4386219474737474,1.0030086310404651,2,106,0.044077002596778304,0.1699445662980384,2,200
20,0.8819715333529736,0.9874698127220783,2,112
21,1.2117883527888131,0.8476094007492065,2,20
22,1.0414391734341195,0.7944332428276539,2,200
23,1.2610628306092686,1.1206785791060503,2,34,0.04486321248698857,0.1698273758849372,2,126,1.1921222379200516,1.177404525668122,2,169
24,0.8695632219531884,0.9530073129213773,2,169,0.0786853375413939,0.12167394834180031,2,200
25,1.1976375774767958,1.2059867430053302,2,149
26,0.8654556997220546,0.750206452469493,2,129,0.022096339961571107,0.11895291392619793,2,155,0.6859226030247552,1.017316026157803,2,200
27,1.3638038384215867,0.960203701579893,2,148,0.06052575107683458,0.06421430810139729,2,200
28,0.651673409805314,0.9198029060994298,2,121,0.015213433853263139,0.07823376903231714,2,192,0.3324010094358784,1.4501472264528275,2,200
29,0.6950407999320973,1.1435918001567615,2,34
30,0.7928744712679174,1.2913769943672313,2,57
31,1.1275560138613316,1.2167257631526274,2,17,0.07976907343988669,0.10173719997207324,2,41,1.062273287068048,0.853115955988566,2,71
32,1.1315028478062832,1.0008387072011828,2,128
33,0.3168793709432544,0.7910676141020277,2,71,0.036062524388843914,0.12566828221082688,2,121,0.3526229026493675,0.8848649231316168,2,200
34,0.38279481462469883,0.980492456142719,2,65,0.029439029813025267,0.2659538188632929,2,171,0.5556832190348019,0.8640989363193512,2,200
35,1.3063765765272355,0.9469302539472226,2,54,0.053359777777195784,0.14406538081087478,2,200
36,1.0560933222543978,1.110926748436188,2,107,0.08023792302365337,0.2046082196056202,2,200
37,0.6637654943105581,1.0268827668176248,2,104,0.10768639427917497,0.14677679317223058,2,178,0.749769989304701,1.208329195326025,2,200
38,0.03542307522912524,0.08359338908359923,2,58,0.7632799974639574,1.0587077880727833,2,87
39,0.7906171456989648,0.8786667975095602,2,52
40,0.5964519765157037,1.0714782360123425,2,82,0.026477208337533854,0.17714599125525532,2,133,0.6880248148633377,1.026104742021703,2,200
41,0.7612747973275528,1.1342334384503572,2,23
42,1.064324490897502,1.0889539480209351,2,90
43,0.7090731584427141,1.064526390321184,2,101,0.03665730362960794,0.13523848068834554,2,200
44,0.7565461564931634,1.0022855758666993,2,20
45,0.7877808766833684,1.1621454640438682,2,19,0.027272142133809095,0.1854910465578238,2,31
46,0.4873330892673454,1.081403558452924,2,36
47,0.7266839829995047,1.0960336277882259,2,24
48,0.054884187306744305,0.2812171758692942,2,162
49,0.7771075403025688,1.0407786428928376,2,80
50,1.013362555430403,1.0623780376506302,2,53
51,1.0774194935231594,1.071893283037039,2,65,0.016873394982730095,0.11988790388460513,2,146
52,0.050353559408806446,0.18934570489133276,2,82
53,0.7682790515899109,0.916086879643527,2,33,0.03617571511669605,0.17255357193185927,2,127,0.6442184291419791,1.0050786548190647,2,172,0.07902052575902122,0.08117313789469856,2,200
54,1.6025697403598826,1.0805748303731282,2,42,0.01719070494809978,0.2730798702687025,2,50
55,1.0165689337967072,1.0737628722802186,2,39
56,0.30190225286395206,0.6140807572661376,2,41
57,0.6410421840580955,1.05984206199646,2,60,0.29206411891912715,0.27561632692813876,2,65,0.02902475184068314,0.18756542157600908,2,133,0.9113623539728744,1.0934110470672151,2,200
58,1.3319794922403414,0.9767441535818165,2,145,0.0270178617560626,0.517266802928027,2,162,1.6440016774631214,0.9692264826674211,2,200
59,0.9367717687756816,0.5381661696093423,2,7,0.01529889588523398,0.04311317248310117,2,146,1.1267535394882395,0.8082808147777211,2,179,0.019569224745108624,0.08546784591107141,2,200
60,0.05697215762905779,0.1770707498499229,2,177,1.3003599484648498,0.8556160693583281,2,200
61,1.2427706993601664,1.1105724045863519,2,156
62,1.0202744551140792,1.0054693167859858,2,132,0.02533371941954985,0.1725956701180514,2,200
63,1.7003408755327991,1.086849218606949,2,20,0.034853310980320594,0.09077919237684495,2,121,1.1126566963021665,1.1311846096304399,2,200
64,0.6144037069404591,0.7314963331298222,2,63
65,1.1196941271034904,1.0953641533851624,2,22
66,1.0502928558353615,1.475786566734314,2,9,0.01974720366611425,0.21568081555543123,2,63,1.1580307250443307,1.1889054388613314,2,137
67,1.0537046775955123,1.0420312442277606,2,19,0.04454128785930105,0.13954006880521774,2,35,0.7275507038861316,1.0185610436011052,2,104,0.09132585089315334,0.1658667611404204,2,175,0.6680216135481183,1.2327864575386047,2,200
68,0.026056739739737614,0.11216010953541156,2,108,0.6742216347465506,1.1500537929863766,2,166
69,0.6732590548547811,0.7469847823182741,2,24,0.03947854593231496,0.06012003174559637,2,200
70,0.9634862384533881,1.0725649722984858,2,28,0.025038406949443218,0.18065453991293906,2,48,0.8715750449519225,0.9772219172978805,2,107,0.0530727160394686,0.9426734566688537,2,117,0.021609578042208345,0.09434656311165203,2,172,0.7323809075600882,1.0211145792688643,2,200
71,0.11999576279933276,0.5876487605273724,2,32,1.0654765898693466,0.8428742641752417,2,76
72,0.568175388051129,1.1992298024041312,2,14,0.07241097002428966,0.1297043114900589,2,41
73,0.9840974412551592,0.87816677796535,2,39,0.02607713894828761,0.1515060243472247,2,110,0.9991676174329109,0.878980901506212,2,200
74,1.5795479396569143,1.0919230465303387,2,57,0.05232258420728988,0.06262259897978409,2,149,1.852766785438123,1.278144689167247,2,200
75,0.9661132061091842,1.0653302872434576,2,141
76,1.1194028553189825,0.9614253896474838,2,200
77,0.7650673177586702,0.7648137970404192,2,22
78,1.7831077275850256,0.7840513606866201,2,30
79,1.2361695908276673,1.1268015839159489,2,32,0.047585409671668966,0.22316681975055308,2,200
80,0.5066611301651112,0.9548355090618134,2,200
81,1.3399086463817742,1.1211668112698723,2,34,0.06425947033389968,0.3682203497737646,2,66,1.8385066855187469,1.1352294631626294,2,89,0.06783159243669984,0.15519450900253948,2,200
82,1.273804088845929,1.1019830247189135,2,141,0.041129567260059494,0.16456304607438108,2,192,2.878193787553278,0.846906952559948,2,200
83,0.4606881415188817,0.8741864040493965,2,8,0.025331760280346723,0.09327408527174304,2,39,3.7587793938726413,1.2344298958778381,2,45
84,1.1229442349973378,1.0800551109843783,2,18,0.024275919803932584,0.19851065359332346,2,40,0.8308952620649255,1.0107610126336415,2,52
85,1.415345480938051,0.6871376510650392,2,63
86,2.4158432100312774,1.228050434589386,2,10,0.036701867079831946,0.11496814727783203,2,60,1.1578617383092047,1.0498893082141876,2,200
87,0.6735052422393987,1.2455373883247376,2,40,0.02425629710947314,0.5656105008992282,2,51
88,0.6164987523413757,1.0909368787493026,2,35
89,0.5974432913986678,1.0522497793038685,2,24,0.04098216809634074,0.2408590316772461,2,84,0.9412494746067881,1.1913109861669087,2,168,0.07958842944740085,0.08706549787893891,2,200
90,0.38123960890934344,0.8874891549348831,2,86,0.07387417512483462,0.17941728456501374,2,200
91,0.16758994337065958,0.9968799134859672,2,52,0.03364530480494897,0.19040032242025648,2,87,0.163806546185314,1.0802834445396357,2,200
92,1.3364205446123547,0.9982725477218628,2,50,0.030248510970647454,0.1007636092879154,2,104,1.6309028854060807,1.3097965175455266,2,115
93,0.8257142744713619,1.0932806041505603,2,90,0.020871081877320303,0.1564755571576265,2,116,1.2606798209919043,1.3914703104231092,2,161
94,1.179773038466433,1.045192082111652,2,65,0.03205501506863568,0.1416061523310635,2,174,1.0546602369433749,0.919996094245177,2,200
95,0.5059898885594918,1.0270849636622839,2,21
96,0.050860366367498654,0.30786926216549343,2,27
97,0.6706380278013876,1.2210790634155273,2,10,0.033878897022977326,0.10036008218924204,2,85,0.4370831486158743,0.4143244946996371,2,97,0.7284950142562117,0.954511379086694,2,183,0.045197733412568,0.23627694126437693,2,200
98,0.5813460052201056,1.134026034673055,2,60
99,0.2734868604032086,0.6003432928220086,2,46
100,0.6330425023162691,0.9975311930586652,2,41
101,1.6748032964562578,1.3327402273813884,2,3,0.014659781935542316,0.051221042111211895,2,101,1.576818933919539,0.9399144118246825,2,147
102,0.5997701062287917,1.1171555551615628,2,110,0.08066961709527026,0.16714937626211732,2,164,0.5711048579935647,0.842817964653174,2,200
103,0.9640877029564017,1.1082752028649503,2,44,0.05241329842373207,0.05673194471951369,2,135,0.6163491550067012,1.0961542679713323,2,187
104,0.059198789163206485,0.24930371417373906,2,61,0.35597271705308214,0.26946268402613127,2,74,0.4376035188178284,1.1256511255546853,2,101,0.03643988800334728,0.10797837286284476,2,200
105,0.7089412181208145,0.8231150845686594,2,60,0.01839214545939107,0.44713295860724017,2,82,1.057581928259018,1.0860000650087993,2,94,0.01552900614240281,0.2622454073280096,2,102
106,1.4827206984444752,0.90617260841724,2,183,0.05420199107888481,0.23985420342753916,2,200
107,0.7550604366951091,1.0582517832517624,2,64
108,0.7138203224102228,0.9076342451990697,2,114
109,1.041070584971817,0.8132299495594842,2,70,0.06471366455479421,0.21057048116041266,2,93,1.3050786343455822,0.9738773163233962,2,200
110,0.7611954915244883,1.3344257786160423,2,21,0.03303451906519802,0.13718682482838632,2,121,1.2695769733473297,0.8726615381240844,2,171,0.017476364970804428,0.9166039824485779,2,178,1.356380066039558,0.9280787760561163,2,200
111,1.4249591907087171,0.9233311755316598,2,7,0.01818194513390443,0.045748455918950146,2,146,0.8923955589537688,0.965739293531938,2,179,0.013907508190801025,0.13501013247739702,2,200
112,1.400524875760763,1.0105534528863842,2,145,0.059972199303182705,0.40768805477354264,2,163,1.5462321014722873,1.112768292427063,2,179,0.022378240583580712,0.10131884827500298,2,200
113,0.017086888566250603,0.0780374286788525,2,101,0.7712372268336317,1.0226034673989988,2,152,0.07534886550450759,0.3338302777459224,2,200
114,0.7410784553325453,1.1262207863659695,2,116
115,0.37856518668042816,1.0108843785974215,2,159,0.05375031226012727,0.1310157059896283,2,200
116,1.256349906400557,0.9856950319730319,2,39
117,1.6502483942981836,0.9197792022124581,2,23
118,0.8896383207994017,0.7044763162732124,2,40
119,0.06380727961132798,0.12219000160694123,2,35,0.8214040442325511,0.7453091371627081,2,56
120,0.02508801926306798,0.08640219401894954,2,57,0.9678279429244857,1.0216235323112552,2,176,0.05308521179543568,0.203751922895511,2,200
121,0.6531040074720759,0.8997709269219256,2,47
122,0.12849090086581658,0.3073806112132421,2,41,0.5936582526698022,0.7777731847763062,2,116,0.026540998017714593,0.07436984014653024,2,200
123,0.6236497060622413,1.45199915766716,2,20
124,1.3107919518837925,1.0049372017383575,2,16,0.061751716011454766,0.16428654580502897,2,53,1.088339214396323,0.9452904863357544,2,178
125,0.6960704120416901,0.9778179642226961,2,144
126,0.5681421137660237,0.7585090540704273,2,42
127,0.13052149138777064,0.284629069946029,2,44,1.3896359731814014,0.8763887623571,2,97,0.03634463230849014,0.17681050021201372,2,129,1.291502329420235,0.9409389915600629,2,200
128,0.46373196379495746,1.1379856557062227,2,73,0.027957120889075034,0.10327421083594814,2,106,0.5151028554680626,0.7513424937541668,2,119
129,0.052184980619251475,0.22282851003320878,2,177,1.6062587119560443,1.0397001717771803,2,191
130,0.867382166027444,1.0525179367799025,2,26
131,1.1316349718673118,1.3511252601941426,2,24
132,0.9578489541701969,0.8588855597707961,2,9,0.03018219688782264,0.07361395418643951,2,59,1.3907532813378145,0.9383597361280563,2,200
133,0.7812013923611875,0.9932710364753125,2,102
134,1.2359392135466956,1.0284204896615476,2,49,0.03750249720317955,0.14340607434511185,2,149,1.5844659014706963,0.9333787770832286,2,200
135,1.466246386875128,1.0795388179807808,2,199
136,1.0817612838862485,0.8714774075676414,2,34,0.01820195757052331,0.08867805131844111,2,83
137,0.5310139378598764,1.7684869527816773,2,5,0.02110704003421003,0.05645630646634985,2,86
138,0.6612359836080004,1.052721580862999,2,200
139,0.6546065901067019,1.243234356244405,2,9,0.04278911008750608,0.2411826050115956,2,153,0.8043461792522864,1.1288345976078764,2,200
140,0.9221238428603962,0.9013831442402255,2,93,0.07311906115986626,0.1829101532124556,2,145,0.9973246514158208,0.9321209038457563,2,176
141,0.9916442382832493,0.886908563785255,2,64
142,1.910088109032553,1.1451486486655016,2,26
143,1.2629687805517373,1.5705415861947196,2,28
144,1.0733077142082528,0.992953277528286,2,200
145,1.5886809449856925,0.7373811658471823,2,32,0.05211468152611959,0.22885882011836484,2,200
146,1.3738302021807614,0.986079230146893,2,118,0.03802187857155922,0.20274675451219082,2,142,1.3277274832199455,1.0889835671374672,2,161,0.0195191795986876,0.18273516827159458,2,179,1.468253447909237,0.7298853681201026,2,200
147,1.1691840554565025,0.9318555293838835,2,183,0.06176714927755038,0.1528331689974841,2,200
148,0.16365752300599237,0.912022369603316,2,24,1.1578233971922256,1.0755560845136642,2,88
149,0.9161090723865732,0.7923400317629178,2,120
150,0.8055363952823116,0.9653659488843835,2,23,0.06489257816383623,0.36078951718672264,2,76
151,0.5845771645263322,1.032855150103569,2,200
152,0.5737915143724848,1.22153963284059,2,22
153,0.8129372177010775,0.579866686463356,2,20
154,0.6923394727162593,1.0623646757819436,2,33
155,1.0292578827187528,1.0717315908634302,2,66
156,1.3946051178520915,1.2934296826521556,2,84
157,1.5075144263890918,1.1865795403718948,2,24
158,0.6340590047207475,0.8561259450977796,2,73
159,0.9350366086549381,0.8789659925436569,2,118,0.030387068819958948,0.18673022526005903,2,142,1.2907840610888492,0.9008841953779522,2,161,0.031126129407476322,0.29765358880946513,2,180,1.3245103905666573,0.9754545509815216,2,200
160,0.45679011378400175,0.995914729673471,2,67,0.03887054892869516,0.33109503399545903,2,174,0.36412990221388003,0.7999536349223211,2,200
161,1.0158150001278257,1.1277263325613898,2,37
162,1.2330731202171628,1.1106897724999323,2,72,0.04889340426733453,0.1033745571397818,2,124
163,1.2243383778775705,0.9181215122481373,2,107,0.06852246768314699,0.16104209222472632,2,159,1.2814957484170673,0.9324747338527586,2,200
164,0.9590697894943035,1.02467607426387,2,93
165,0.6225690676350494,0.8483417754371961,2,24,0.036881245847569584,0.10762708066877993,2,200
166,1.7344350221258586,0.8621101048257616,2,9,0.06292406921754114,0.18063721873543478,2,20
167,1.4056519615652938,0.9243801602950463,2,130
168,1.2726239302625681,0.9325434813896815,2,12,0.027830553062639027,0.09468055640657742,2,60,1.4419205358079368,0.96514932513237,2,200
169,1.0902355888226973,1.2255090929213024,2,21
170,1.305702887327683,0.9822905876926172,2,107,0.020980135648728644,0.1236537026707083,2,171,3.1182364200823476,1.099069459097726,2,178
171,0.8721696614503353,0.7182830587029457,2,40
172,0.602693593818218,0.8427325129508972,2,85,0.039905184814830345,0.18478666245937347,2,97
173,0.6880609122572101,1.0227917412231708,2,116,0.03025536037521818,0.11682187978710447,2,200
174,0.9485095606284679,0.992347754240036,2,200
175,0.5873744554171865,1.0893306551557598,2,33,0.07445292681553331,0.17891875714869113,2,70,0.6655973595283831,1.1510394611358643,2,195
176,0.8446475490774642,0.9590688937902451,2,200
177,0.12634664825164063,0.2795675116222958,2,43,0.7377284811626597,0.9975596180387364,2,200
178,0.054215893404440364,0.17327704280614853,2,36,1.3288270569156497,0.9749618474174948,2,121,0.014955714258290393,0.07737620531673163,2,192,2.29990682983483,0.9656096696853638,2,200
179,0.7475220611706198,0.7946668434143066,2,25
180,0.6908769624754794,0.941169776235308,2,35,0.050236162974852734,0.4960387849038647,2,66,0.8624561744700385,1.018797652843671,2,183,0.06413452415770361,0.189041992649436,2,199
181,1.2017818824884399,1.0235775166749954,2,200
182,0.5914385084224459,1.166869580745697,2,22
183,0.045740994662334666,0.2747111674398184,2,80
184,1.0421111324941073,1.1008757876458568,2,107,0.04133297856348999,0.15211630973123735,2,200
185,0.9689199693478383,0.9350694417953491,2,9,0.02930381100556293,0.1267268416285515,2,59,1.4857929557876097,1.0176928738753002,2,71,0.04722041449514612,0.14916768060489136,2,93,1.468617478031986,1.005733276461507,2,184,0.06640703776039521,0.12269895058125257,2,200
186,0.9713811919064039,1.009950075175736,2,182,0.10345837908599824,0.2542189343108071,2,200
187,0.844197441475431,0.9555788992345333,2,200
188,1.0769872784845398,1.189913814718073,2,88,0.07630420215508285,0.1526525683168854,2,200
189,1.232445085289913,1.02987606326739,2,12,0.021950160737635126,0.22897880182911953,2,60,1.489353828722401,1.0271290148005765,2,145,0.0568240671269431,0.3410000410946933,2,200
190,1.1676882887913826,0.965033255125347,2,76,0.06290733818827157,0.20310404835498497,2,149,1.1509086807140083,0.99554488999503,2,184,0.061646732611508895,0.14359051454812288,2,200
191,0.46092463929709127,1.1035876349797324,2,63,0.03257471196835856,0.17581506690074658,2,121,0.14308518415671695,0.40224430958429974,2,124,0.3505727154397116,1.062521047062344,2,169
192,0.746882645318417,1.1941621402899425,2,24,0.039568640213065914,0.11526149784525236,2,84,0.8241324229903518,1.0341277677437355,2,200
193,1.3291758052537372,0.9931209452298223,2,49,0.031130370188659617,0.07868005838615215,2,200
194,1.2102772477653214,1.0986575524012248,2,45
195,1.3760289956460103,1.0585466799912628,2,27
196,1.0427756311495533,1.0291439859490645,2,76,0.08180363856452876,0.16570037195127305,2,149,1.0381811134842216,1.0115845296897141,2,200
197,1.2170446020162486,1.0187297584833923,2,54,0.05523664676325496,0.07244696804921921,2,200
198,0.8356306982876273,0.83323607263995,2,122,0.07498700921930719,0.29272321653815936,2,175,0.7398859915922626,0.9157893824577331,2,200
199,1.0241659372506915,0.678067946434021,2,20
200,0.7077875905668017,0.969545445771053,2,145,0.045126638035396995,0.32895850186998193,2,200
201,0.7022648974423552,1.0007415726071311,2,21
202,0.11572793979276656,0.3275765038671948,2,63,0.7858163616066475,0.8514520330862565,2,118
203,1.2510698590358325,1.0304318964481354,2,36
204,0.05781613406321635,0.30775936810593857,2,38,0.6648900163712794,1.1436932270343487,2,51
205,0.05766444232202572,0.2491578685119748,2,160
206,0.8522211884144099,1.111885144510342,2,131
207,0.7728862154779469,0.924908459186554,2,27,0.025863243761903916,0.175994743903478,2,48,0.744537117416923,0.8987652493428581,2,127
208,0.7260928209170872,0.9135497407271311,2,52
209,0.7405662709515278,0.8347752749919891,2,20
210,0.4958636915125343,0.7798351905284784,2,39,0.030664097450657606,0.0543718213836352,2,111,0.7984991931314629,0.9844012847845105,2,180,0.024810710426095107,0.06974557563662528,2,200
211,1.497125357166637,1.1187762881124486,2,179,0.013231143536767026,0.24755045913514637,2,200
212,1.2158762349174301,1.126112042069435,2,200
