0,1.3462324614220262,0.8752683461928854,2,49,0.029645107333893483,0.10146738041420372,2,98,1.1900246848098648,0.8387700021266937,2,157,0.029359014642720373,0.19524657726287842,2,200
1,0.4688206355117712,0.9648977190256118,2,200
2,1.13939674427198,0.9881212536493937,2,75
3,0.9188494834049252,0.753480497528525,2,34
4,1.070399777127684,1.0527795553207397,2,21,0.036573384842896794,0.14446603635835914,2,200
5,0.9497798781370321,0.5466938252034395,2,23
6,0.5928187196614223,0.9572863382162508,2,97,0.049092364164312785,0.3377598933875561,2,145,0.9263288745503441,0.9350996656851335,2,200
7,0.3243910555967254,0.892446687785528,2,93,0.07451146935772686,0.11280112661594568,2,179,0.14448413731673151,1.0363703072071075,2,183,0.56342318792332,0.9993708975174848,2,200
8,0.5699128867470741,1.3089728437621018,2,29
9,0.6338246569633632,0.7532646363241631,2,57
10,0.7117610115538174,1.0778592544794083,2,200
11,1.5754604150466438,0.692531130223904,2,53,0.0654319238306137,0.1409406748180296,2,155,1.2605240680019603,0.9715460340181986,2,179,0.055591785130749714,0.1478005995353063,2,200
12,0.4098711823878439,0.6956823281943798,2,76,0.05822339168996058,0.1268717069779673,2,200
13,0.513715888092208,0.9704145626908929,2,169
14,0.9328079562027402,0.888393528186358,2,26,0.06725159266779883,0.21151708754209372,2,52
15,1.2410635668638044,1.005786428580413,2,37,0.02625899954126042,0.1240481159860088,2,99,1.4066755794612822,0.9729025411605835,2,124
16,1.426385833223695,0.9639528468251228,2,64,0.11712856893376494,0.7970294579863548,2,80,0.021591538528551044,0.09448534721815133,2,159,1.343923151637791,1.0736278237366095,2,200
17,1.1846771772011861,1.0138358644076757,2,28
18,1.1150088573750674,0.9618864932964588,2,116,0.025922863927761927,0.10762657100955646,2,200
19,2.076024188608446,0.8261861434349647,2,13,0.03220959932310362,0.13724825004844562,2,197
20,0.05842098786528709,0.16772811811104,2,107,0.7644307516246334,0.8864603164684342,2,190
21,1.3674690792817246,1.0240096485330945,2,168,0.03997597418045139,0.19783872179687023,2,200
22,0.4525700583192452,1.0318934436430012,2,57
23,0.4728565837029076,0.907843748400034,2,121
24,0.6050095445262722,0.8545331900770013,2,11,0.029730886110814335,0.059415246150931536,2,60,1.7065380021094723,0.8586597265423955,2,97,0.056195197269635684,0.16169465459310092,2,162
25,0.9946871083764405,0.9090693328115675,2,54,0.01604226367075164,0.055198905974861205,2,181,1.691714348176146,0.8540193156192177,2,200
26,1.0884651756837367,1.0019075555621453,2,53,0.06681888882836681,0.15118286349609786,2,155,1.0708443574812745,1.127620029449463,2,200
27,1.0191867967421198,1.129700688123703,2,200
28,1.1227462064954625,1.090212366620048,2,61
29,0.6307258519888761,1.3157006720701854,2,60
30,1.3814494788224287,0.9141563814878464,2,200
31,1.0885249698843755,0.9748553079366684,2,200
32,1.1815078590358714,1.013839799285735,2,149
33,0.8042728865975485,1.0812649003794936,2,61,0.06142791242385877,0.23541868247574183,2,200
34,0.05088798227332527,0.21957657210852788,2,184
35,0.540730273288821,1.0095277202129365,2,200
36,0.5911124869781182,0.925290188116905,2,195
37,1.1544706730311598,1.035543250483136,2,86,0.05083455947819074,0.15812024302207506,2,112,0.981737590855142,1.014460657772265,2,150
38,0.5760268598955549,1.127253497088397,2,54,0.015016212862255865,0.044894127864537274,2,181,0.6208503521193443,1.1735091774087203,2,200
39,1.391434139907359,0.9637998402118683,2,160
40,0.9380165046141891,0.9425802820860737,2,198
41,1.003568123400126,0.9691767024993897,2,50,0.13577986836388473,0.1849863597604095,2,111,1.1633114722037876,1.0845618777804904,2,129
42,0.9295546235452916,1.1655052929389766,2,41
43,0.7019566820996795,1.0135085334380467,2,24
44,1.021038413312454,0.9997745589776472,2,88
45,1.395358155758816,1.068569409436193,2,29,0.11199288047018278,0.19927822053432465,2,168,1.2651506262333312,0.960245881229639,2,200
46,1.3717035182959536,1.2617528205964623,2,41
47,0.8112366710959906,0.9913231813245349,2,72
48,0.7676429495339856,0.9556848063188441,2,85,0.06646321315845728,0.13054990218235896,2,150
49,0.5771123743095441,0.9195062432970319,2,35,0.02431085090655437,0.18628982167977554,2,48,0.7656047659344692,1.0215481296181679,2,64,0.02282021491625359,0.33726786172136347,2,111,0.7126998674038985,1.0845921950393849,2,200
50,0.49923804669176114,1.2438518777489662,2,16,0.03405557854812805,0.08722732791110226,2,200
51,1.0522472739863113,1.0202327285494124,2,35
52,0.8335674117721581,0.9336353108286858,2,200
53,0.5555011446601561,0.8252625604008519,2,43
54,0.11457096313800685,0.39690127684956505,2,42
55,1.219100577346619,0.6825589504506853,2,18,0.055901955115882265,0.19900994313942208,2,200
56,1.3322104340797878,0.9279774761199951,2,75
57,1.6175650275248483,1.0681151681476169,2,90
58,0.6052783137331925,0.8526195516543729,2,112,0.03362794974021421,0.12684135951779105,2,200
59,0.8427761233576664,0.9886535695620946,2,35,0.026060147149444393,0.13304803921626165,2,48,0.5792195190092332,0.9896735588709513,2,63,0.021372815291647747,0.24562078372885784,2,111,0.8022214791944068,1.0450638398695529,2,200
60,0.6145387445900079,0.6731126084923744,2,28
61,1.7210030528645395,0.8969817992412683,2,33
62,1.0615057295391719,1.0242558519045513,2,30
63,1.21173562679814,0.9934011406676714,2,86,0.023438728957650774,0.06323270813414925,2,200
64,1.2201474168929736,1.1224039977505094,2,84
65,1.3960950110306707,0.8912441163887213,2,81,0.026884019808451114,0.1921024419940435,2,107
66,1.0747778139276805,0.907302735353771,2,190,0.07520318326561394,0.17864670753479003,2,200
67,1.5930103940355385,0.8743844724990226,2,37,0.007424226030646259,0.9889332056045532,2,41,1.3071943145587588,0.8978142236013832,2,200
68,1.3895574949816074,1.0875477644861962,2,49
69,0.08821160917027634,0.16045643792798123,2,96,0.6350657180164344,1.2740702331066132,2,116
70,0.9541971033130263,0.9201292433316195,2,79,0.048648112542335364,0.12051548515305374,2,112,1.0836156748472832,0.9615890031511133,2,200
71,0.8167144390372666,1.1599151662960174,2,157,0.03404319747376542,0.22112122990868308,2,168
72,0.5446876439894758,0.9750740110874176,2,200
73,0.500660651684767,0.9312483510550331,2,34
74,1.0993604350040953,0.934655681848526,2,200
75,1.060756863324581,1.0002774596214294,2,200
76,1.1775829307733512,1.0536547532448401,2,78,0.10492707983519198,0.3636639638685844,2,149
77,0.9096810244787233,1.2065140940248966,2,32,0.05952298952117946,0.15586019409637825,2,134,0.9315608054286367,0.8965300545096397,2,142
78,0.5221475314445423,1.003399901679068,2,165
79,1.2819620454686056,1.088419611255328,2,48,0.037356394761911764,0.2504228850205739,2,72,1.6876417617485653,0.9633208606392145,2,200
80,0.9149252964620636,1.0917133949172328,2,71
81,0.1593257494952799,0.6668892267346382,2,200
82,1.2696296598231327,0.7705260722173585,2,72
83,1.7691475685821605,0.9555441069602967,2,50,0.09697069140328507,0.12146374098090239,2,93,1.8511929859527545,0.9994437638844285,2,200
84,1.116837911451754,0.9205910292267799,2,200
85,1.4923864316471551,0.9284673512858503,2,136,0.06032358047915209,0.2030549204120269,2,162,1.8195426420147074,0.9080063386967308,2,200
86,1.6564049438418713,0.6285537126901988,2,37
87,0.6710767990514701,0.8909471545900617,2,21,0.03517177160881756,0.17462842291293865,2,200
88,1.1518493907252678,0.8826940095424652,2,200
89,0.7961224884567532,0.7723181226423809,2,112,0.0408896841492166,0.10109801268713041,2,200
90,1.0049101791365407,0.9494812221362673,2,116,0.02226680821809499,0.0640090178875696,2,200
91,0.9914419854630885,0.9560612006552854,2,199
92,0.970945977428533,1.098171584881269,2,52
93,1.0187915057047576,1.0149313438506353,2,147
94,3.1593548476950817,1.2119082742267184,2,9,0.020384565895623662,0.07637367864786568,2,68,1.0916267937488047,0.835243754527148,2,153
95,0.7888136312960704,1.2274746782070882,2,74
96,0.6045537027712848,1.0844941247593274,2,44
97,0.8983481328244008,1.0140385493537447,2,151,0.05950583809612282,0.17704496791168134,2,200
98,0.668503688401465,1.4647887415356107,2,9,0.01954724069158112,0.084955662781117,2,60,0.5942253703443677,0.8472616744763923,2,93,0.02327324002592139,0.07508730200620797,2,132,0.6619916947381189,1.0421053320169449,2,200
99,1.0805517927628474,0.8274892728093645,2,71
100,0.06663458627255332,0.3717336085709659,2,55,0.9233865219400618,1.1350746512413026,2,75
101,1.0652947898053433,1.0957231596112251,2,48
102,0.7227525363573596,0.8680954172330744,2,34
103,0.9812388169601894,1.081053895385642,2,152
104,0.055552613967263825,0.13973678315278165,2,161,1.6751906600585793,1.2664200526017408,2,200
105,0.42155765337394757,0.9997936165734623,2,178,0.12570999458337223,0.2390207133509896,2,200
106,0.9888958322161372,0.7648944597618252,2,51
107,0.6347284093642468,0.8891744379486356,2,28
108,0.10965964267852478,0.3610987143798007,2,72
109,1.2881926939743698,0.9579101437229222,2,59,0.09751583381427284,0.3041278100013733,2,84,1.1321645009136556,0.9697614348140257,2,200
110,1.0808394305232116,1.0465673702955245,2,200
111,0.9372451954499462,1.0317769984941225,2,37
112,0.14574495887096628,1.1684531995228358,2,21
113,0.5054620812081128,0.7406561505794526,2,200
114,1.7366062304388208,0.9263643540185074,2,29,0.06613726578677212,0.08160256255756725,2,51,1.5717515554466834,0.6507178715297154,2,79,0.04711030758849608,0.11631119928576729,2,112,1.5519884599207334,0.9267073514369818,2,164,0.07240550155555468,0.15148865886860424,2,200
115,0.06341438226451432,0.3432705607907525,2,58
116,0.6984862882024098,0.8498865485191345,2,20
117,0.7258903438396757,1.1116273981152158,2,33,0.058543040702253454,0.20191605247202374,2,54
118,0.7988807658515752,1.168095048069954,2,200
119,0.9106467898064888,0.8266846204505247,2,34,0.06763014588942194,0.06051229198976439,2,132,1.0564199718290548,0.8975576379814664,2,169,0.05789264022269635,0.09263108670711517,2,200
120,1.6620395178217657,1.066586995826048,2,34,0.06294567155879366,0.06890517622232437,2,134,1.6957306985974823,1.116723111181548,2,200
121,1.1095896504164242,0.9665943453612836,2,103,0.026323699083444636,0.1211824543082837,2,200
122,0.8364430530997983,0.9974227003429247,2,46
123,1.1428407078039142,0.9322482347488403,2,200
124,1.1601596868953372,1.1128498851498472,2,158,0.24330828024446446,0.9317819654941559,2,178,0.15387809144672956,0.1900428127158772,2,200
125,0.9763743304903336,1.1819223100191927,2,73
126,0.7573287290739824,1.0201662236993962,2,33
127,2.264708208300577,0.8198593159516653,2,24,0.1142865109678649,0.07567256879299245,2,71,2.0374027291757977,1.0093463550914417,2,93,0.02257396501161917,0.1337596901825496,2,135
128,1.5920252016653158,1.0934169459342957,2,200
129,1.5119595371917793,0.8707260390122732,2,48,0.04283462696569551,0.09190317615866661,2,72,1.7865784846012291,1.0147340092808008,2,200
130,0.9687712740035855,1.1899288694063823,2,24,0.07707413640204781,0.170262898459579,2,123,1.019715057989305,1.1681666962512127,2,200
131,1.0314527052584006,0.9506213907468117,2,177
132,1.4248520080840372,1.054145117975631,2,53
133,0.748564205256388,0.8589653929074605,2,75
134,1.246486558968166,1.0335619394169298,2,86,0.05906382796627482,0.26118337575878414,2,142,1.141559333733633,1.1362842082977296,2,157
135,1.8504408435059303,0.7967881361643473,2,30
136,1.3858488511732545,1.0703046155881277,2,158,0.07312745541352043,0.13367509309734618,2,200
137,0.9082914356962065,1.3481898372237746,2,37
138,0.512474367776698,1.0217705983668566,2,64,0.01902413060887774,0.18299209072868874,2,158,0.7207453434246751,1.1492868463198345,2,200
139,0.8590780572230274,0.8686089182304124,2,59,0.03852396128774337,0.17056830097799716,2,174,1.3020260149986498,0.9868626732092637,2,200
140,1.1341940425037524,0.8993333514998941,2,85,0.02266342415092349,0.05514924914940544,2,200
141,0.032422940404321275,0.26578847614099393,2,106
142,1.1977725148939622,1.0750090546078153,2,135
143,0.5799027541256999,1.161072978433573,2,53,0.057160920376719986,0.0757594549042337,2,189,0.3740726291884441,1.225395386869257,2,200
144,0.6861812173675407,1.1773757567772498,2,13,0.02974494202624453,0.1519679735813822,2,27,1.2509327457646702,1.0152675949159216,2,88,0.030818101454525185,0.17626037791371346,2,188
145,1.5258277400750555,0.2523006498813629,2,8,0.05636040336026384,0.16342129767720215,2,161,0.8979817517160744,0.9483683231549386,2,200
146,0.7832905904923528,0.9462974106359203,2,171,0.019848435001029837,0.12116194593495336,2,200
147,1.0818127755126197,0.9786300504110693,2,123
148,0.823710775796922,0.9947071274121603,2,114
149,1.0426526190423548,1.0523341614753008,2,64
150,1.1455118027438536,1.1618838697417169,2,117
151,0.5238130231552075,0.9384144389629364,2,200
152,1.3072126602654268,0.9966594924529394,2,24,0.08011509092289021,0.15212496061517736,2,123,1.418440897677564,1.1232326804817496,2,200
153,0.792150322910856,1.1354475617408752,2,52
154,1.1165747162732116,1.1588244233812606,2,70,0.07812592045086811,0.1480585003369733,2,108
155,1.412938980125531,0.9321808815002441,2,103,0.025447396833285126,0.0859413901247929,2,200
156,0.8954522860609279,0.8879612782566818,2,97,0.03744416512707426,0.15352294718225798,2,145,1.1460532234518013,0.7961084524790446,2,160,0.052749190137346684,0.15061792135238647,2,200
157,1.4119197528533354,1.1262160989104724,2,122
158,1.5309562237184886,1.0482377879163052,2,47
159,1.3748649931637515,0.9291320125261943,2,30,0.020848548753487545,0.06081381872777016,2,92,1.2345657183183982,1.033790738494308,2,119
160,1.6379013452498226,1.0953725691764586,2,31,0.013175023959187902,0.1753055175145467,2,46,2.014334970098684,1.2331742506760817,2,72
161,1.1815236278178503,1.0818157739109464,2,90,0.05032908555467766,0.10870138555765152,2,150,2.0593594229943393,1.3352473432367498,2,161
162,1.0515940390708596,1.0330851136902233,2,81,0.09598101624050157,0.10334238161643346,2,129,0.7787490461308985,1.0616757563182286,2,164,0.031400873019819336,0.18100558735173325,2,193
163,0.6034097853524655,0.9339834234653375,2,195
164,0.8491860192440104,1.1087039214372636,2,200
165,1.218645472977677,1.1874614778686972,2,34
166,0.8955719110745411,0.8850526416301727,2,200
167,0.6036680353136716,1.0821367303530376,2,9,0.016768397129839147,0.16397776186466217,2,59,1.0686541202343782,0.9045146651127759,2,93,0.016846628050327307,0.18712345667575536,2,131,0.8741606928046973,0.9613622668860615,2,200
168,0.7523105875497565,1.1300309158184312,2,176,0.055212440422140394,0.20238453894853592,2,200
169,0.6470955862737814,1.0237048905471275,2,29,0.1357979917898361,0.22434050838152567,2,155,0.5447146297321216,0.9878955841064453,2,200
170,1.0338920791494748,0.9658403738339743,2,150
171,1.4559103535846005,1.6253642710772427,2,22
172,0.845551449920993,0.8149639514499697,2,58,0.057331092253327914,0.1857845168940875,2,107,1.5902876734972182,1.03165235570682,2,200
173,1.3436653425421774,0.9037051456315177,2,77,0.05940041981284441,0.13131551553563373,2,200
174,0.994318766690247,0.9240231662988663,2,200
175,0.05868469650194319,0.12921794037395548,2,107,1.0909077015829365,0.9875170814579931,2,136,0.08385546528459153,0.23701300681568682,2,200
176,0.873969637083189,0.9677647868792216,2,60
177,0.8994332384954533,1.0461389422416687,2,24
178,0.5581034130851313,0.9933502781586568,2,61,0.060196005493843,0.1971309280438389,2,200
179,1.190884441564977,1.0391017180681228,2,200
180,1.3512002692555702,0.8267393398284912,2,200
181,1.217658951822753,1.0415956117212772,2,32
