0,0.280716087785658,0.9231181809332518,2,113,0.02887533945106105,0.0968083788951238,2,200
1,0.5811342509453732,1.2559377280148594,2,22,0.05188899192033272,0.1412253085937765,2,130,0.5264584109331807,1.0351689900670733,2,200
2,1.3279972996966538,0.9493004649877548,2,60,0.10380853734068829,0.20473122147664632,2,133,1.3539064675486272,0.8137961652741503,2,200
3,1.185465702431404,1.0539542115651643,2,26
4,0.03662374382899607,0.09615464861156377,2,131,0.5586971204363372,1.357884243130684,2,139
5,0.5555993300191372,0.654951057557402,2,58
6,1.3389883059421082,1.036623978614807,2,110
7,1.3562642499965478,0.8070302527883778,2,23
8,0.764809901592458,0.9088583687941233,2,78,0.04129968931615151,0.10045128812392552,2,126,1.0175599437625777,0.9362572777915645,2,200
9,1.127632257272847,1.1496066345888025,2,68,0.04419860450079468,0.16459074727634884,2,135,0.8140366430991822,1.1185360908508302,2,200
10,0.613196839977608,0.37711778879165647,2,25,0.018831847642614388,0.2061099573260262,2,109,0.6274246490491372,0.3513992591337724,2,120
11,5.8233522720941995,1.2822847962379456,2,4,0.0601941252835409,0.1363093278952093,2,153
12,1.4036837785752456,1.0055907256901264,2,32,0.032950790024645654,0.10079367476559821,2,200
13,1.2652789556414124,0.8548743403874911,2,117,0.057716846057150224,0.14095740400730294,2,164,1.1898316313354724,1.1829785373475816,2,200
14,0.3964988945868916,1.0641435106595358,2,30,0.015548075561793632,0.08066445913003839,2,76,0.1412791508786514,0.7090544224746765,2,107,0.016292260397891722,0.13733278701500018,2,156,0.3009110285076649,1.0883110707456416,2,200
15,0.9081548497685933,0.9513868960467252,2,77
16,0.8582586594111389,0.8591340506076812,2,200
17,3.540038777217266,1.1381973177194595,2,8,0.030122804357165738,0.07870176485900221,2,66,1.1881197164245942,1.280039426442739,2,103,0.031819803337149836,0.07917517024217192,2,200
18,0.017048802956246764,0.1379148536003553,2,26,0.8488250183422675,0.65330711182426,2,43,0.018286619926698493,0.10167152622898856,2,134,1.6511357989626065,0.8789669808113214,2,200
19,1.0839859432072645,0.9925882077552903,2,142,0.0703848421908767,0.1801103402314515,2,200
20,0.5809306970837644,0.9005984772335399,2,33
21,0.6197453846326084,0.8292822614312172,2,16,0.015950342398355435,0.16693454851274905,2,39,0.5530424638732075,1.0336711147557134,2,200
22,1.3549603898651397,0.894053538441658,2,200
23,0.6150826865953899,1.0300415005948809,2,90
24,0.6696617109612124,0.9550123051101086,2,51
25,0.6706755463053788,0.9831216164997646,2,35
26,1.1499930628978419,1.0323959374427796,2,200
27,1.0271290949201208,1.0386842800223308,2,23
28,0.9538237969702807,0.7344431693737323,2,39
29,1.2121718914899782,0.9153359308838844,2,72
30,1.0619941358089446,0.32927900449983005,2,29
31,0.6333594747424227,1.028347290769408,2,158
32,0.5653550611791247,0.9360812430580457,2,96
33,0.43161824340536437,0.8856258591016134,2,27,0.03603812475899542,0.14197661674448422,2,55,0.45263429091025686,0.9774390376847366,2,200
34,0.8309989595473108,0.7418664588082221,2,62
35,0.6801306229665128,1.0223367294568695,2,89,0.02496387257044729,0.09858271748096019,2,200
36,1.1292725564055806,1.1860827501269355,2,69,0.05318023555710487,0.10277058861472389,2,135,1.2148403597103243,1.0409845847349901,2,200
37,1.5063506494218062,1.1914421413721663,2,178
38,0.7890757955082113,0.9630131494998931,2,200
39,1.0222512351745743,0.9675375789403915,2,200
40,0.8548896392040853,0.8335070650319796,2,74,0.015935972204442362,0.1983141265809536,2,106,0.6517977988221253,0.9920986523019507,2,200
41,1.2701666951794583,1.1080767407136805,2,17,0.04109050648922696,0.10498850374962344,2,149
42,0.7675933723221049,0.8918452718678642,2,85,0.03886499173680781,0.19579762863841924,2,173,0.9209707741662205,0.9107739682550784,2,200
43,0.5468317341704267,1.1728802756829695,2,22
44,1.5377398110170486,1.2665043885891254,2,13,0.05290521832809037,0.12175794592236772,2,149,1.3599339567074546,0.9409772718653959,2,200
45,1.1050377551005628,0.9492419748394577,2,108
46,0.6179989440195248,0.9355529622598128,2,110
47,1.228957994859238,1.0185697333326618,2,103,0.03614942252846954,0.05523392097237184,2,200
48,0.39884927956861926,1.0426892962306737,2,160,0.04592499058681791,0.14053684510290623,2,200
49,1.410726717735139,0.9532036666686718,2,52,0.05395101185984683,0.19777186190889728,2,176,0.7437562056169789,1.0795356631278992,2,185
50,0.33606032164060917,0.8211262011528015,2,25
51,1.1129367361527656,1.0979703076898235,2,73
52,1.151653768545472,1.120177169640859,2,30
53,1.4229963800783625,0.9970060642375502,2,43
54,1.9310882828990594,1.057017493993044,2,32,0.030426343975781978,0.07754952549224808,2,200
55,0.9660284684369631,0.6684414767301999,2,26,0.018801255692547574,0.03857068717479706,2,200
56,1.2773647945771014,0.6461629788080852,2,45,0.06652137212373331,0.19708035752844455,2,112
57,1.0061129941470017,1.0178324216604233,2,200
58,1.467047160685262,0.9380520383516947,2,90,0.025937065076121483,0.9017776429653168,2,100,1.3909147882378903,0.9517543995380402,2,200
59,1.0948396153186395,1.0855712616580657,2,87
60,1.21977850158876,0.8856171568234762,2,48
61,0.587927351405938,0.8221327238772289,2,83,0.0839325671177593,0.19774554313248038,2,200
62,0.5291360047177681,0.9818446775277455,2,120,0.02747991330867748,0.17476874273270368,2,200
63,0.06584654519020197,0.17980973236262798,2,176,1.4456833588682099,0.8791859745979309,2,200
64,0.8505652454806598,1.1187759383111937,2,117
65,0.10014052425876377,0.2728709929129657,2,17,0.9227049021448819,0.9544113654465902,2,185,0.09758414714370023,0.18659216562906902,2,200
66,0.4307735208089009,1.0533961747373854,2,70,0.03152174402062273,0.09704124056375944,2,200
67,0.6639146059727763,0.5778684169054031,2,8,0.037998084217944816,0.1532596950020109,2,78,0.7906259922687395,0.7700013484134048,2,200
68,0.3901988155846712,0.9973319774528719,2,106,0.05198982047159557,0.19685578790116817,2,200
69,1.1486462984648242,0.8467783431212107,2,36,0.05375787258521826,0.09219450131058693,2,72,1.973858468384011,0.7366696178913117,2,82,0.05724024031549515,0.1063726202330806,2,126,1.4843716340619464,0.9727302239491389,2,152,0.048542508328789376,0.15527262818068266,2,200
70,0.8527019873162509,0.9550068279107412,2,24,0.036192801636465405,0.152768632096629,2,55,0.8043651775338538,1.0350646224676394,2,106,0.05578767201600556,0.11963625838781924,2,200
71,0.5623312792245106,1.0202315295184101,2,27
72,1.5571936104827995,1.058984187245369,2,200
73,0.5046690340838498,1.1396929599620678,2,27,0.03902605342414829,0.2470709054352163,2,118,0.3176727697962818,1.0740547265325273,2,132
74,0.6921926816762012,1.0819866190785947,2,161
75,0.8146090576982434,1.2431821512139363,2,23
76,0.08563384946332882,0.10159137070178986,2,75
77,1.0895577673250694,0.8399753706021742,2,44
78,0.9294712578513781,1.0275568259068024,2,78,0.040764931578113006,0.07371371667435829,2,125,1.109915472896983,1.0356031545003255,2,200
79,0.988278000632256,0.9583506621420383,2,32,0.08862247094118525,0.24750257059931755,2,132,1.3992444152441328,1.0942932262140161,2,200
80,0.7017127464219205,1.3310449984338548,2,18,0.054089937264033904,0.24851064532995223,2,168
81,0.7426703431407827,0.7625844478607178,2,22
82,1.6656174514298625,1.0093395002186298,2,32,0.04410348701464293,0.13956573247909546,2,57,1.6639394365720697,0.903716646755735,2,153,0.07986502131812998,0.18040532507794968,2,200
83,0.9938744737780459,1.3035189728987844,2,38
84,1.2254340434566537,0.9105632885082348,2,74,0.023120440650183018,0.16159766038943982,2,103,1.0065518246759317,0.9368115270260683,2,200
85,0.9292741733508688,1.0912293224799923,2,82,0.08797254474171666,0.22581173050201545,2,200
86,0.8711324007912828,1.0953242555260658,2,48,0.0657977955558003,0.08133227460914189,2,66
87,0.01664505797937648,0.1250762481380392,2,27,1.4941335042138033,0.9079756912063149,2,44,0.022848383418893323,0.061766866307992205,2,135,1.7044858707308577,0.9164098501205444,2,200
88,1.053581015114755,1.0083292451771824,2,22
89,0.8578637662509858,1.0035116871198018,2,24
90,1.199459892789115,0.7432198601384317,2,31
91,1.017127177467738,0.9647618960798456,2,89,0.03573702409642512,0.38917316123843193,2,165,0.9363320295411166,1.1634459836142403,2,200
92,1.1874793040884035,0.91565753698349,2,200
93,1.1212890074831658,0.8895218801498413,2,200
94,0.750064680930309,0.9424848854541779,2,200
95,1.2757420012875629,1.1481654242183386,2,89,0.03171768353872766,0.13357550098050025,2,120,1.3673422835393243,1.185583956539631,2,200
96,0.34135127527602593,1.3288321004194372,2,17,0.02068536642563468,0.15533518661623416,2,40,0.3671301509806093,1.1574393681117467,2,75
97,0.3222518720769228,0.9571580272732358,2,66
98,1.1697612651991889,1.1078871674351878,2,77
99,1.4969144480736507,1.0364033924905878,2,19,0.04783483628419096,0.2224656474505756,2,160,0.7388585682810593,1.033658716082573,2,200
100,1.667605277786556,1.204878983674226,2,27
101,0.3919347959523363,1.043966910777948,2,78
102,0.5555549623137882,0.9808669984340668,2,20
103,1.2310183501838685,1.1443726286033675,2,173,0.08346480535312821,0.10173611342906952,2,200
104,1.3257048576654913,0.9436295285820961,2,200
105,0.8143840196203804,1.0257096934318541,2,200
106,1.012873925766809,1.029033315083212,2,121,0.036867380236430415,0.13251376504960813,2,159,0.6346428595828082,1.0352139963823206,2,176
107,0.7886427654144804,1.140260144775989,2,51,0.0239597659620165,0.0951794261733691,2,135,0.44458385267411016,0.9505214474417947,2,146
108,0.7370430642795909,0.8651747581470444,2,83,0.03805996174571879,0.1142085836483882,2,109,0.7032266687354434,0.852368175983429,2,129,0.03210560535464814,0.2009078696370125,2,179
109,0.6504787928478761,1.2232795688841078,2,18,0.06143543757898297,0.08910730517492062,2,59
110,0.7927267786658745,0.9349582060961656,2,71,0.03160201342682888,0.2760987568360109,2,136,0.7242656519623184,1.0270856861025095,2,200
111,0.8825346459035005,1.0224109180271626,2,128,0.035200714533009894,0.09604927980237538,2,200
112,1.5681677002880567,0.9023007527690068,2,107,0.049336455096025966,0.10617970207402873,2,150,1.2148964822729753,1.0290669141671596,2,189
113,0.7326057066897891,0.975957111120224,2,200
114,0.6434742043316061,0.9916630405187606,2,200
115,0.6731146439607922,0.776157469853111,2,46
116,0.8039529252377325,0.7094987198710442,2,40
117,0.8607116603756954,0.9054536076037438,2,182,0.05959116141675819,0.0937707093026903,2,200
118,0.04291952136976124,0.07050850361585617,2,200
119,0.038761602602107474,0.058652313500642775,2,200
120,0.9977825782871292,1.1058726292848586,2,200
121,1.2761878684506505,1.0788483301798502,2,30,0.020312869454438318,0.057561739948060776,2,75,1.119909981173805,0.9587559995651245,2,200
122,0.6076513099237318,1.3522070089975993,2,15,0.018332822383907706,0.10376035151156512,2,103,0.553763629771965,1.103974773711765,2,200
123,1.1636038954479389,0.6082087184520478,2,47,0.021699186873930902,0.0474776338447224,2,157
124,1.1172383782456181,1.117431346575419,2,75,0.06371671768806716,0.1253095954656601,2,90
125,1.1346877582176833,0.9703225418925285,2,16,0.024067939827849844,0.17140023014983352,2,65,0.9771237255731484,1.1246349696190125,2,96
126,1.0462636062792374,0.8274696747461955,2,165,0.07453571382911738,0.17235393435866744,2,192
127,0.6219585319840489,1.0806769634547986,2,57
128,0.686499271212002,1.3174651520592826,2,21
129,0.07088465096553716,0.15854480663935344,2,30
130,0.04210564157173967,0.08485037005609936,2,36
131,0.042993420154944846,0.2369063589721918,2,24
132,0.061958164716083584,0.1665025239899045,2,21
133,0.06364960421822363,0.1356334179978479,2,176,1.3146439605051425,0.7318611095348994,2,200
134,1.0378490939693474,0.9400969809549717,2,163,0.020560471131986086,0.2241310183260892,2,200
135,1.7284836316103178,1.0601086616516113,2,11,0.03043810493056559,0.14431128818397373,2,140
136,1.1757109206054386,1.521869632932875,2,18,0.05907742980520276,0.23719424019816895,2,160,1.3020985807538747,0.9502881265455677,2,191,0.048555433802150195,0.12130413121647304,2,200
137,0.9648398994716244,1.098336786031723,2,200
138,0.7384482485799151,0.7831423770297657,2,176
139,0.7915905865609622,0.7807106193900109,2,200
140,0.2898463578514294,0.979893661207623,2,36,0.06335288930810394,0.265378774358676,2,127,0.37472971804432975,1.0279800744905865,2,200
141,0.06972647940869137,0.24817508396128535,2,71,0.7982699242531804,1.0302893819735033,2,200
142,0.9038143371688065,0.9921533859001016,2,159
143,0.6171820004416464,0.9547131508588791,2,48
144,0.7380038478325234,1.0653515229486439,2,146
145,1.5545252035823538,1.1005607763926188,2,15,0.016603867698291794,0.07533074213170457,2,102,1.4750343277230478,1.1155049837365443,2,200
146,0.35422805996338275,1.1134808883070946,2,16,0.024018843446986838,0.1484204856108646,2,65,0.6925169930394821,0.9181728601455689,2,130
147,1.0625623428782534,0.8944437465536486,2,109,0.12427736644907489,0.19780791902935113,2,200
148,0.7729530424108961,1.0107069304495147,2,66
149,1.5445560220427108,0.8903873916025515,2,27,0.02825492155169154,0.13336434960365295,2,89,1.5235669969780012,0.9877165287464589,2,200
150,1.8244252088569377,1.2963808059692383,2,55,0.018138589385295303,0.16440585162490606,2,87,1.493169524747079,1.3152270628058391,2,110
151,1.1830823854508297,0.894565761461854,2,160
152,1.1139513429582872,0.9542587501662118,2,70,0.027843382504502946,0.15258438179367467,2,89,2.82822454133684,1.3683205332074846,2,96,0.02114709290632142,0.08720760345458985,2,136,1.524297941872878,1.0154823437333107,2,200
153,1.1142138826401649,0.9816712498664856,2,200
154,0.5785069117444357,1.2225140270433927,2,19,0.028269689683399647,0.09178005400541667,2,56,0.5882650595365094,1.0721476779264563,2,73
155,0.10374699201860701,0.22481032855370464,2,17,0.8717223257006939,1.0102681293400055,2,126
156,1.379359274259416,1.2383464950323104,2,200
157,1.9359126786510086,1.0562579415061257,2,77
158,2.3180565352182128,0.9541394725630555,2,79
159,1.645618385370689,0.9117401009020598,2,23
160,1.3257163008920982,0.9192595332860947,2,128,0.025151727387628376,0.12757106663452256,2,200
161,0.030197715555687253,0.25327810671245843,2,57
162,0.03834846048055556,0.09267656556491194,2,29,0.7393740238355627,0.705523239241706,2,38
163,0.48854996927825434,0.7710468056409255,2,23,0.09542757167299781,0.23104380971967836,2,200
164,1.6413044106262116,0.944768572395498,2,22
165,1.5132483953843772,0.8303535597191917,2,36
166,0.05997828021275315,0.11537661453088124,2,30
167,0.04738290554431706,0.0429059291879336,2,36
168,0.04041363637120836,0.1315447799861431,2,24
169,0.06457323388176762,0.15062173136643,2,21
170,1.0240672249328877,0.9305020176595257,2,62
171,1.1924875254099812,1.140266478762907,2,85,0.058183076434910115,0.12623720351192685,2,175,1.4068372938931788,1.2040497112274169,2,200
172,0.8029952355933685,0.9455196397346363,2,57
173,2.505750475183596,1.2817192852497101,2,20,0.06044902252315011,0.1942950954600688,2,144,1.8398216070101927,1.051052000787523,2,153
174,1.3363420877199144,1.0958118497348222,2,61
175,0.5971984992189044,1.031456208229065,2,15,0.0518616289642387,0.1256916117089898,2,149,0.9739965701247177,0.8919634199609944,2,200
176,2.377023688555906,0.3375641107559204,2,6,0.08444817640881615,0.1117350172996521,2,106
177,1.8624057036976829,1.0154205632209778,2,200
178,0.7128461867724672,1.1134692788124085,2,50,0.1236351871829255,0.13630981956209456,2,141
179,0.8971994806955718,1.0219973186651865,2,120,0.02072186938844946,0.16120051491904902,2,194,1.7502000986444006,0.9818187057971954,2,200
180,1.5213143397585505,1.1275109623107442,2,163,0.028046188804944673,0.12979503580041835,2,200
181,1.4061095828539336,0.9192129384796575,2,106,0.07099111850830102,0.15638928384856976,2,200
182,0.6595172503574643,1.1644265937805176,2,25,0.020403924810430085,0.04521429300308227,2,200
183,0.9644141686140182,1.0725071430206299,2,8,0.022809889921566268,0.20350626265180521,2,66,0.9595777452004366,0.971713174634905,2,200
184,1.3225007189113975,1.086529279947281,2,200
185,0.40978505771956586,1.0868599975109101,2,200
186,1.2143770544097987,0.8270839978072603,2,59
187,0.7142042611988171,0.9720120531644008,2,129,0.027326333046608125,0.34934743997213,2,166,0.5770527650838334,1.003032757955439,2,200
188,1.541485376585666,1.2555393437816673,2,73,0.019835707946100282,0.09247946937878927,2,103,0.8809376333250438,1.2611064434051513,2,113,0.03197179319938158,0.07866274522638869,2,200
189,1.2199512394249767,1.2288893163204193,2,8,0.03775372865390776,0.11222059726715088,2,78,1.502759558612712,0.9723637397172021,2,200
190,0.6978638887457848,0.9721569093790922,2,22,0.04980935312323928,0.09771275616020238,2,131,1.0273628596395288,1.052855234215225,2,200
191,0.843183701953782,0.9997474529125072,2,27
192,1.076445174465728,0.9515022720609393,2,91
193,1.3030886804860216,0.9184983455582171,2,151
194,0.08871966821683866,0.4017049384443727,2,73,1.0957176043853025,1.042345107071043,2,200
195,0.5046568068604932,0.995692796327851,2,88,0.02968341187119964,0.2507646091100646,2,129,0.38219857731193035,1.030246505435084,2,200
196,0.7838975715849984,1.0696012146332685,2,85
197,1.2222225364359292,0.8520213210064432,2,23,0.09068529535957559,0.22082177924234314,2,200
198,1.112150586744704,1.0240786198143648,2,107,0.014251368884608739,0.07155394128390721,2,156,1.6856283782475212,1.101768436757001,2,200
199,0.7879486272606057,1.1462901254718223,2,89,0.06361995540628401,0.3000734628320814,2,200
200,0.03112344543670883,0.06976295824234302,2,65,0.9679838357084051,1.0461237202672398,2,99,0.0874242714434932,0.07891061164364957,2,200
201,1.3336559624633124,0.8958353497544114,2,147
202,1.6358286067010732,0.8283918879248879,2,22
203,1.134718857511041,0.8459500916965345,2,191,0.061122061495544895,0.38600166307555306,2,200
204,2.579948344421357,0.5115209519863129,2,3,0.03239038668686678,0.11575489563326682,2,65,1.0285686321298693,1.2694181760152181,2,80
205,1.4376084216064402,0.9203794267442491,2,36
206,1.4561481680125181,0.8122614644191883,2,27,0.038367619863719726,0.12681754678487778,2,89,1.8326440246789386,1.0862977151517514,2,197
207,0.6592639748452066,0.9456629081205888,2,55
208,0.1275579860192606,0.21033676523477474,2,94
209,0.7113549943687365,1.1869855584769413,2,58
210,0.6379442514760889,1.1648842308256362,2,45
211,0.5087403360007435,0.6754185557365417,2,9,0.026438693649851713,0.1695615094900131,2,59
212,0.5922399362770006,1.0173820790491606,2,38
