0,1.0853185628816389,1.1019574779272079,2,200
1,0.9558180713171417,0.9357184100151063,2,200
2,1.9054445747408437,1.1063213673504917,2,11,0.02069046338917681,0.20369272572653635,2,25,1.3297853048792097,1.0377151841341063,2,111
3,1.6316037083757506,1.4037311767276965,2,19,0.03521325858310899,0.1971534239974889,2,41,1.836178809916014,1.447824694893577,2,52
4,0.9265811729698652,1.552328610420227,2,5,0.027898467080334992,0.08068563222885132,2,80,1.229826084345515,1.0490795193716538,2,166
5,1.0896509616651142,1.0047780233621597,2,200
6,1.9630289739752225,0.7018550796942278,2,11,0.03899285344832543,0.08968476430764274,2,200
7,0.5348240108595843,0.9591727674007415,2,200
8,0.0789806204784577,0.6175297638949226,2,17,1.1601963618488598,0.9714977053022876,2,114
9,1.3757332063515813,0.9027589003245036,2,15,0.04728800005184139,0.6234371775672549,2,57,0.9286906072841,0.9354375153779984,2,65
10,0.8101253631382588,1.2409410324963657,2,55
11,0.8906731470602168,1.1138388369534467,2,37
12,0.02777500261840776,0.02791961837322154,2,47
13,0.020296748667212833,0.10940619238785335,2,28
14,2.0936192406957583,0.9437935849030813,2,12,0.029844993440776502,0.053710971027612686,2,100,1.1432143266874277,0.9064479160308838,2,200
15,0.6538990342410804,0.47815669499910796,2,13,0.03163103344946466,0.1324385446023176,2,200
16,1.610068902716681,1.0024699237611558,2,81,0.05770756089267223,0.13444230023850787,2,128,1.6963823033670733,1.0251408865054448,2,200
17,0.774282625985593,1.1925814187526702,2,200
18,0.982447464289844,1.0667835992574692,2,200
19,1.0126015468950045,0.9835599128236162,2,47,0.03826493868682366,0.053203354279200234,2,200
20,0.4372240228187704,0.9099178124964237,2,200
21,0.8406566989237433,0.982265367394402,2,42
22,1.3281625945038424,1.0076244845986366,2,16,0.10407053210536939,0.15368880165947807,2,142,1.3489939569744571,1.0870321547162944,2,200
23,0.6355271086910643,1.258142929810744,2,13,0.049782109365015405,0.17806415202525946,2,39,1.1483178496872097,0.7397080659866333,2,59,0.04259177278110514,0.25733186444665634,2,176,0.8596691733253431,1.1367131968339284,2,200
24,1.1924590773325379,1.0404683770360172,2,37,0.05796995482708013,0.19186856059564483,2,73,1.3493940687824033,1.0436602285352803,2,132,0.06855817076651051,0.13920779153704643,2,200
25,0.961684655828475,0.9030616950988769,2,25,0.030755925861776695,0.10761227369308472,2,50,1.2917959835999056,0.9693057751044248,2,128,0.03728494707440013,0.0975919459015131,2,200
26,0.594558251791292,1.062095048526923,2,48,0.06270142361798933,0.1486607667277841,2,116
27,0.8820548774909565,1.002866540636335,2,42
28,1.0488698636059897,0.9593215078677771,2,53
29,1.621657908122285,1.4014160114785899,2,23
30,0.6937970242558696,0.8579956383075354,2,53
31,1.3552404748308065,0.7649378620210241,2,61
32,0.4039573011774228,0.8942558619379998,2,200
33,1.34802162735566,1.340012103319168,2,8,0.03849503400704408,0.1097133041105487,2,52,1.1774841978860386,0.9789936953299755,2,200
34,0.7011564574193117,1.029068323969841,2,200
35,0.45552267042466027,1.0628622397780418,2,16,0.036801805796462146,0.12460534598516382,2,39,0.6697122322929054,0.9413688135774512,2,77,0.03103113379067301,0.15128921645961396,2,150,0.8540355600114546,0.9916007804870606,2,200
36,1.8043666863969594,1.3179385411111932,2,19,0.040903567384049835,0.17581492921580438,2,42,0.9024297552957204,1.2571531314598887,2,61,0.0714175718326852,0.12666567292676043,2,128,1.6292100205579843,1.2255342652400334,2,200
37,0.838115399650316,1.0695145855779233,2,23,0.054380729461599685,0.1688978922638026,2,155
38,0.13217212604519768,0.44126191532069986,2,22
39,1.350719339312413,0.9621085226535797,2,8,0.03972880025243959,0.06742131371389735,2,52,1.1067694018251002,0.9649952965624192,2,86,0.036460159264770066,0.19084351222243226,2,200
40,1.0478894768024953,0.8327946596675448,2,36
41,1.264413714307418,0.8049257680773735,2,40
42,1.1778818439737682,0.6558129922398981,2,106
43,1.825939221798134,1.1290149545669557,2,25
44,1.3499217045636918,0.9562274561714881,2,97,0.04614160278596074,0.12501181842702808,2,163,1.482581848215661,1.1328518487311698,2,200
45,0.7394475055844483,1.1382144149392843,2,64,0.014180868081831607,0.10507319628127984,2,176,0.8688542980792605,0.7903957452092852,2,183
46,1.192052914618702,1.0013892385694716,2,9,0.018408300733702896,0.072709954281648,2,69,0.6824564711734551,1.2504825651645661,2,79,0.020451069801561726,0.10811172672047102,2,200
47,0.14767649948972286,0.5424674838781357,2,40
48,1.3219932465325395,0.9450749366179757,2,69,0.07337022475640022,0.23428541620572407,2,84
49,0.418195233064651,0.7251333252379769,2,95,0.05408947391209786,0.18593766105671725,2,119,0.8087169487684656,0.9792299049871939,2,200
50,0.6497928613909913,0.8663601365685463,2,200
51,0.4905350205993301,1.1164944204124245,2,37,0.020124005394167113,0.15957170932791953,2,80,0.4679250263247282,1.0123609978219736,2,172,0.028504150243938393,0.13940696684377535,2,200
52,0.09264226983423783,0.3248235608850207,2,35,0.5474828253449333,1.0453105353817498,2,132,0.0416559541803116,0.15270551995319478,2,200
53,0.7399623027291866,1.2198241691331606,2,37,0.06365521892583732,0.14991516495744386,2,73,0.618583795977638,1.001748115058959,2,200
54,0.468622044805078,0.896107211853694,2,103,0.021941774777018835,0.3477672720732896,2,126,0.5262767937094797,0.9044535127845971,2,200
55,1.226182941566725,0.9747263022831508,2,7,0.05509505777465909,0.21951443398440326,2,34,1.113535629772666,0.9306977604886135,2,200
56,0.6852000365854898,1.0164170605795724,2,35
57,1.3896545909271079,1.0121733239202788,2,33,0.016698834313175332,0.1500166952610016,2,48,0.7027310516251787,1.0289324318490378,2,89,0.03015531942785668,0.1116603020992544,2,161
58,1.1981258939116053,0.8665235149554718,2,78,0.03146230379753499,0.16944099801617699,2,115
59,0.09633052085801608,0.3047165860389841,2,29,0.6426709368104092,0.8835060884875636,2,60
60,1.6503195246549056,1.102023891040257,2,7,0.0503275663865865,0.1830435081532127,2,45,1.7959323811853523,1.3352230389912922,2,57,0.06542950395386869,0.15692318946123124,2,107,1.3656158979950521,1.1237926265244842,2,200
61,0.9673462241686737,0.7519134078608003,2,172,0.05493348673247338,0.14898391972695077,2,200
62,0.7652126908784679,1.0542539711351748,2,108
63,0.7464814171244202,0.9941280436515808,2,200
64,1.0444328323467522,0.9240566190466823,2,83,0.118242928968989,0.3157137794117642,2,200
65,1.2450074630911319,1.0507709020376206,2,200
66,0.8355551354553918,0.9845889304813585,2,57,0.06141709664835313,0.27428383350372315,2,107,0.852036478493388,1.0513556462067823,2,172,0.07733690696024782,0.1805004110293729,2,200
67,0.9726296791294397,1.0152923583984375,2,5,0.031819876339254545,0.047280321250090726,2,79,1.0274492790101002,0.9882513836395642,2,200
68,0.2622222000023671,0.6559319909738035,2,49
69,0.7280775878911936,0.9886012758527484,2,28
70,0.8065820474157657,0.8667225788036982,2,12,0.0352990391019589,0.1111937859340718,2,50,1.5594106799320664,0.8391137185849642,2,88
71,2.111171866453264,0.9944980794733221,2,11,0.024458886478322388,0.07530158248386885,2,49,0.5204155277501434,1.6797309815883636,2,57
72,0.3144857008974149,0.8119651847764066,2,38
73,0.3955229295250743,1.0957451699108913,2,116,0.039694602757150345,0.2149029484679622,2,147
74,1.1373179597328622,0.9574834192302865,2,142,0.026640726168501733,0.0791906373841422,2,170
75,1.7391534666626012,1.0396765142679214,2,40
76,1.5345197211564126,1.0216441392898559,2,25
77,1.2551725135679523,0.8024127041852033,2,27
78,0.5464417177249219,0.9157313895225525,2,200
79,0.23133370989471716,0.9591777634814502,2,123,0.11224963894357755,0.1319054001337522,2,200
80,0.1245668396968245,0.3710547708802753,2,45,0.8111370325748791,1.032697113867729,2,200
81,1.0322696384147585,1.017540410621879,2,97,0.04201032039377116,0.07535638231219667,2,163,1.4415155630840468,0.9899066138911892,2,200
82,1.290405246558081,0.6728998092894859,2,47
83,1.2019134499205475,1.0493196201324464,2,200
84,0.12355254380494995,0.38479491345584393,2,200
85,1.148542400507974,0.8266061645001173,2,200
86,0.9599539249254144,1.0148223782262058,2,141,0.026300724243841465,0.07154207951144169,2,179,1.6655922997109738,0.9801786570321946,2,200
87,0.5934579550070472,0.7262333525078637,2,28
88,1.0405753044621684,1.1477322540585957,2,126
89,1.2382238831958947,0.8462346918655165,2,33
90,0.35457007344691244,0.9904234223551565,2,154,0.13364811105065114,0.4325944810457852,2,200
91,1.5530494376356077,1.0271908442179363,2,12,0.030268208228309175,0.05251170728694309,2,100,1.6740053135715207,1.0015930143992107,2,175,0.03568028872128965,0.1475193178653717,2,200
92,1.288940523128924,0.818302243285709,2,45,0.06878043980136465,0.35756056672996944,2,63,1.5200503382598631,1.0590254098176957,2,83,0.05465062249455548,0.19848943849404652,2,98,1.0952655873174832,0.9689504688276964,2,200
93,1.23241985130134,0.9882371342182159,2,200
94,0.8542116509119689,0.7744012204083529,2,11,0.03824267026744891,0.11738528941989576,2,200
95,0.6730284117469394,0.9880991035037571,2,45,0.05435348139226341,0.39266464445326066,2,63,0.8685020963760857,0.9990042158535548,2,133,0.04186264962151828,0.14288831669003216,2,200
96,0.754548463976477,1.0208050479059634,2,46,0.030399234737034868,0.07740878888538906,2,186,0.3970147061292024,0.8935760515076774,2,200
97,0.3690093666647976,0.9149148016326172,2,177,0.03504295617666442,0.2640410778315171,2,200
98,1.2215648867338103,1.072683264960104,2,67
99,0.025069458861931095,0.1197254719833533,2,120
100,1.044988815462995,1.1728456098100413,2,46,0.04228351237994393,0.1398756862618029,2,174,1.0365367033795263,1.1513347900830782,2,200
101,1.063977221756474,0.7851606667041778,2,20,0.06197757523959325,0.13457132875919342,2,46,1.1277344287115458,0.8011215313688501,2,200
102,1.5495207656775116,0.8847438953816891,2,16,0.03350994266965927,0.11179093757401341,2,39,1.649242856096578,0.9261675706276526,2,104,0.07625218524126959,0.31853939462126346,2,161,2.167228027563965,0.9533240382487957,2,200
103,1.711107980950248,1.1537667230555886,2,38
104,0.055661748319988186,0.17248443124755736,2,155
105,1.336442663935431,1.1007119137048722,2,200
106,1.3786436317771165,0.9695479036534874,2,103,0.03268946836349886,0.3500137704869975,2,126,1.3281517223232253,1.0032823569065816,2,200
107,0.6708345659482964,0.9710644625001035,2,59
108,1.0167964317057279,1.0070239106814067,2,87,0.0341093768337872,0.17074807093734234,2,200
109,1.0960111462306599,1.0472944595251874,2,157
110,0.6583854999267741,0.8443534073009286,2,93,0.16215001863361547,0.3978339537978172,2,143,0.03741065313621342,0.07764745621304762,2,200
111,1.5080401897235507,0.9477369478770665,2,70,0.06200735787961171,0.29518221356929875,2,109,1.2364501272162003,0.9651262386814579,2,200
112,0.861590052883315,1.0879877938164606,2,27,0.06679917777652955,0.17257575955346366,2,134,0.8483238155115752,0.9431912073722253,2,160
113,1.2435100587869503,0.7054900037390845,2,28
114,0.340745725887236,0.7478588753276401,2,9,0.024501672436596025,0.053205491333711344,2,70,0.8766455867127985,0.1297603448232015,2,79,0.0202155506404527,0.03427987822816392,2,200
115,1.3196147621154926,1.1157470047473907,2,64,0.014504091990345943,0.1054287206600694,2,98,1.1065459600681298,1.1112789478566911,2,170
116,0.09584322982814697,0.226654649742188,2,62,1.3882556403349626,1.3934753090143204,2,78,0.04830963325446951,0.11659153559427152,2,165,0.43716031315174714,1.1717712197984969,2,200
117,0.7647621138784884,0.9745368049258277,2,63,0.06615670790661063,0.23179340147757316,2,174,0.7029772139052817,1.0127553206223707,2,200
118,0.6420262089029392,0.9038826535855021,2,56
119,0.6881241156658021,0.8504770643878401,2,114
120,1.6138115196902385,1.158959345817566,2,50
121,0.6460491324781307,1.103502183647479,2,59,0.0876575975932075,0.17247666851848575,2,200
122,0.13422741923404677,0.2835092862447103,2,30,1.1068858571442368,0.9347162084145979,2,52
123,0.7515211250876559,1.1128895282745361,2,33
124,1.2022546394400828,1.062151136852446,2,21
125,0.8877026844012738,1.2403123927116395,2,200
126,1.6018475557667153,0.9479096206121667,2,172,0.09782161140882016,0.2537798870887075,2,200
127,0.8164065519235592,1.0619117046395938,2,48,0.04428467081587785,0.20888017691098726,2,74,0.6848778275498106,0.9814499153031243,2,200
128,1.9135842999751096,1.045693333943685,2,15,0.10547082397478288,0.09273053161681645,2,141,1.325855282115604,1.01918749890085,2,200
129,1.1525542818585701,1.2034568539205588,2,53,0.021152952220278933,0.12162718352149515,2,87,1.6455439575781863,1.114854985095085,2,134,0.0368589127586818,0.13489645421504975,2,159
130,0.9727421763346292,0.9437748164665408,2,82,0.12591715499378794,0.14667647438389914,2,117,0.7328876405730277,0.9806018471717834,2,200
131,1.258316364605418,1.0292059825733304,2,64,0.06440665561735211,0.14493367075920105,2,103,1.5097310723143553,0.8789577776531003,2,156
132,0.11075213421747523,0.3516491975249915,2,29,0.9389188880536737,0.9875391986634996,2,83
133,1.1390380660344415,0.9827829610626653,2,106
134,0.06153364988287446,0.17299160057384716,2,152,0.5934206633650009,1.2991948193973966,2,170,0.04189886450183016,0.17874436378479003,2,200
135,1.0475488197323373,0.9631395555106845,2,169,0.03678809692898034,0.09158134412380957,2,200
136,0.9548681661903702,1.0573983328683036,2,70
137,1.2952187413237284,1.1258223485946655,2,200
138,1.2113482287569612,0.9549590971932482,2,67,0.041342260130416544,0.279980000808723,2,200
139,1.5790740827460292,1.0054473763420468,2,21,0.05868579063479055,0.16229208376047746,2,74,1.121983426687145,1.0390292368237934,2,200
140,2.947502682461732,1.4250562191009521,2,3,0.026869533485231308,0.38094182525362286,2,17,1.519304970362826,1.025698787287662,2,74,0.0677672412281672,0.13949639191392993,2,135,1.738243169367252,0.8621099503601298,2,169
141,0.8601518021332133,1.010757347797965,2,187
142,0.905794683587238,1.1659162734684192,2,76
143,0.7478556922480819,0.8770535290241241,2,42,0.032939431212095256,0.29764242627118764,2,118
144,0.5225485776622182,0.9527606608219517,2,103
145,1.0610543819149136,1.0484607560294015,2,63,0.08672636808713163,0.1303559344794069,2,91,1.3007907145603117,1.0812383770942688,2,131,0.06718282852901812,0.15259460392205612,2,200
146,0.7411483330770794,0.9517697039104643,2,21,0.01784215405264488,0.0388932873805364,2,99,1.0006112706323818,1.1192896257747302,2,110,0.017548158666673218,0.035517535275883146,2,200
147,1.0681758401220542,1.0106164415677388,2,168,0.1290539142932483,0.22197175212204456,2,200
148,2.227565021214937,1.2805567477878772,2,38
149,0.9265142998971925,1.0545219033956528,2,8,0.043280683548114006,0.05086028864306788,2,39,1.6062106278095636,1.0022896426789305,2,86,0.048072094369475744,0.1336993512210496,2,195,1.7759101100007464,1.0116879105567933,2,200
150,0.7579495857655175,0.7187555265426636,2,25,0.029153550152476088,0.12573451638221741,2,50,0.8582155765301802,0.7702518006165823,2,200
151,1.3145998733371278,0.8663054569201036,2,22,0.05127056223804968,0.15234093856997788,2,150,1.409332877221448,1.11389217376709,2,160
152,0.1586663292096875,0.3285196565768935,2,22
153,1.1342906009138731,0.9892278303534298,2,59,0.0940769943949503,0.17435730729542726,2,200
154,0.0670714601664075,0.1660760091856504,2,156
155,0.6864865310913844,1.2759953066706657,2,16,0.08190082719073931,0.04121774733066559,2,66,1.1226342841688914,1.0387708861548621,2,177
156,0.5767709410794956,0.9421936361413253,2,95,0.03887398736152926,0.22220138424918764,2,116,0.5430313943672482,0.9569400591509682,2,200
157,1.4463313707218657,0.8854443502426147,2,200
158,1.4080807363701358,1.0335327903429667,2,120,0.06344003233851296,0.20569588956625565,2,189
159,0.5650914486377573,0.9306887414004351,2,185,0.05050690803413117,0.2610505094130834,2,200
160,1.220418217101431,0.7561598404457694,2,76
161,0.0753882811142834,0.26138957233532617,2,46,0.40987410011978687,1.0032169137682234,2,81,0.017471222230712735,0.05905016378632614,2,193,0.8978204434404113,0.7869100272655487,2,200
162,1.0748550858809118,1.0870133056527091,2,84
163,0.6654991408385905,0.6654832391511827,2,21
164,0.5783261605749375,0.6891417768266466,2,9,0.025177268798393777,0.15110863380961947,2,54
165,0.7456398015615701,1.2642555011285317,2,37,0.02099803565159013,0.09244020387183788,2,80,1.1381504203743664,1.202383068203926,2,200
166,1.2526607671329142,0.9250840465977507,2,53
167,1.0818433417962903,1.0629396438598633,2,14,0.060000863481471364,0.15439088145891824,2,44,1.0806659057539085,1.012936623096466,2,169,0.05233944355383097,0.06760483499496214,2,200
168,0.6631005983849949,0.987211012840271,2,200
169,0.6415074730822936,1.097141398323907,2,9,0.04639468317154126,0.15973479764444845,2,152,1.1527535178368524,0.6300531162155999,2,170,0.060485048864949334,0.1322464868426323,2,200
170,0.599165463076433,0.8923175476846241,2,42
171,0.6905553651724258,0.8803379574547643,2,46
172,0.3956173229557113,1.35224500835919,2,61,0.07069703581196046,0.3117070801258087,2,186,0.5950918460476311,1.3116799422672816,2,200
173,0.8800633240290497,1.0326229800348696,2,46,0.03845604404181917,0.11581735920023035,2,154,1.015039388814077,1.0737595595419407,2,186,0.05123982820963325,0.2446072612489973,2,200
174,1.1907751594695666,0.6317054799624852,2,21,0.01574993776171047,0.042798979160113215,2,99,1.0577019745435219,1.0484939813613892,2,109,0.015133221101709034,0.0422126041663872,2,200
175,0.3447975576526077,0.7872735136939634,2,186,0.04170193389833345,0.3112421525376184,2,200
176,0.36494880336788477,1.0189901675496782,2,77,0.048689195727918445,0.24908083968046235,2,200
177,0.9815556366759765,0.9716206012770187,2,86,0.04229017947582614,0.17291709256392937,2,194,1.7186737104120533,0.7839283446470896,2,200
178,1.2860666237359546,0.85751411897033,2,67,0.03225946586691599,0.12848574435338378,2,99,1.1445611270297595,0.6138531565666199,2,107,0.02235009520387558,0.07966721007379435,2,166,2.3581648438234204,0.9813801182640923,2,175,0.03892271428858647,0.1267906618118286,2,200
179,0.9126524675464103,1.0167032120978996,2,73
180,1.3664956324008872,1.072465069750522,2,47,0.03443877077250653,0.10674496131395203,2,200
181,0.08377469193170382,0.4800924330341573,2,49
182,1.4816861457609825,1.0338065124693372,2,105,0.022024522210026175,0.523239738267401,2,128
183,0.6769054779540699,0.769655610385694,2,19,0.03942506070380074,0.34601691737771034,2,43,1.604829727469818,1.094213260544671,2,124,0.0254514162544328,0.3159981556236744,2,148,1.6924430479272154,1.1011248895755181,2,200
184,1.0635375263973865,0.7700337891777357,2,24
185,1.053541332616606,0.7325779118321158,2,22
186,0.8571031482507087,0.797370086754522,2,62,0.0673449162547427,0.36888303826836977,2,181,0.8827807488278467,0.8200419921624033,2,200
187,0.6169093235845239,0.9331119555234909,2,200
188,0.7104635999434157,1.0677844746546312,2,44,0.04680459195945775,0.11002099883648776,2,173,1.0261259410928238,1.0545586126822013,2,200
189,1.3267416532872636,1.0408981260326173,2,72,0.05215319208330283,0.15609045660317833,2,139,1.7836481480724016,1.0672080763455094,2,168,0.04601137204345628,0.22541029420163897,2,195,3.136998007765446,1.0358075141906737,2,200
190,1.1421199879336739,1.15320745189633,2,113
191,0.5465167437192486,1.0356260212984951,2,44,0.15800141653708666,0.144902996041558,2,55,0.03672182186648466,0.15772638624084406,2,171,0.5452459043037143,0.81704358396859,2,200
192,1.0348877044541596,0.9818058949570323,2,172,0.08485662207770008,0.3304746731051377,2,200
193,0.06634078919215221,0.271913379844692,2,36,1.2968633579573603,1.0945518668307814,2,79,0.048706555526614376,0.2063049700024516,2,165,1.418255138903056,1.0222550187792097,2,200
194,0.9526269184114822,1.001996396780014,2,200
195,0.64304296082544,1.0112735209986567,2,64,0.057664734636201365,0.16924326522992209,2,116,0.5147859004842915,1.055577221754435,2,190
196,0.4270147962039027,1.2972325469766344,2,56
197,0.8509706003713717,0.7495480940259737,2,29
198,0.07891292170028753,0.17181705549741402,2,39,0.5497978677125668,0.8807839849415947,2,124,0.028393529010744163,0.20559873059391975,2,148,0.4958305060338233,0.9313347041606903,2,200
199,0.562984602948338,0.89266775063106,2,175
200,1.1831991251647744,0.9844804517924786,2,32
201,0.9194913399471538,0.6401901145776113,2,12,0.02520913207161378,0.14954594492912293,2,87
202,0.8621680792025599,0.83583530104613,2,158,0.027690832677765648,0.3259109742939472,2,174,1.3536093630850703,0.8566850607211773,2,200
203,1.1769627046567062,1.0196061362958935,2,73,0.04935737651468718,0.13316576605412497,2,140,1.1690933506186345,0.9617764155069987,2,200
204,2.2192708861031414,1.3491189846625695,2,13,0.032796731133860564,0.07133848311748096,2,200
205,2.382572202161873,1.1720788995424907,2,30,0.021900775385292302,0.16072923598582284,2,87
206,0.9838446887503915,0.9504642933607101,2,200
207,0.6869381474192205,0.7989516854286194,2,28
208,0.926793188192405,1.2153483988487557,2,73
209,0.07219439373030306,0.3257138106439795,2,28,1.018708928863017,0.4442941604122039,2,59
210,0.07041317036278352,0.23804787321696205,2,63,1.0562652735974858,0.7172492049408682,2,129
211,0.1538088068099753,0.42804358632136613,2,39,1.3685004732540025,0.9341396600008011,2,59,0.05155148279565005,0.21906561652819315,2,176,0.90351445110024,1.0062730610370636,2,200
212,0.9461528842723249,1.3075098461574979,2,9,0.029362351504710654,0.05613907156647115,2,147,1.3910109678885907,1.221053080899375,2,161
213,1.0536398721278553,0.9040905489759931,2,59
214,1.7116594664258835,1.3322920401891072,2,12,0.06827313124519223,0.1926503312407118,2,45
215,0.025865433355326026,0.1562788916098607,2,77
