1,2.846833850673018,1.4321918725967406,2,5,0.002494105664505337,0.05855760106476404,2,98,1.5871825343429615,1.0762587062648086,2,159,0.004830510457166041,0.1070845928043127,2,175,0.9031173504511318,1.0497640588066794,2,197
2,0.31341561507460797,0.764649786055088,2,60,14.545266604077918,0.3159442001625019,2,196,0.012475192831372432,0.7987664639949799,2,200
3,1.4561215100869864,0.6166189324622061,2,102,0.007227809619398988,0.3037877428095515,2,143,1.5305019102876845,1.086380567956478,2,190
4,0.7283705045334027,0.919487320143601,2,58
5,0.6254667998834487,1.1580159755853505,2,26
6,0.9642549861270079,0.9722611129283905,2,200
7,1.475686881269833,0.8623580071661208,2,81
8,0.9529234698887128,1.112556979341327,2,106
9,0.7519231033947555,0.9837015867233276,2,53,8.466224066652632,1.3654093585304312,2,127,0.006211724837638947,1.364072322845459,2,134,31.7159879176696,1.6335854114908162,2,200
10,1.2199427916588625,1.0549781540749779,2,71,0.003434626268028242,0.2569967884392965,2,92,3.9901595752539336,0.3080744627449248,2,155,0.024173229934249522,0.7944546259111829,2,173,1.2412689737685734,1.0367921499105601,2,199
11,1.016157832827969,0.9853576065480024,2,87
12,0.9765680951376899,1.123302419980367,2,69
13,0.2769048908104191,1.2952913727079118,2,7,6.457799589240983e-05,1.1811599456346953,2,20
14,1.2080739098352258,0.7142431139945984,2,12,0.0016904598774631309,0.49312101981856604,2,23,0.8021077468892499,1.0958568811416627,2,83
15,1.202561799221439,0.9954292420502547,2,182,0.0014160189701514646,0.31391603499650955,2,200
16,1.2290014593637475,0.8589644983410836,2,40,0.002469917578830062,0.07661447204925396,2,121,1.54980980075139,1.1322050586990688,2,167
17,0.9800450448099984,0.6953238606452942,2,5,0.0017686933346863461,0.16168264565723284,2,33,1.3514857599084211,1.1499519801475633,2,104
18,0.8879299738369614,1.0680142533779144,2,200
19,1.9028657660811112,1.4627985419059286,2,49
20,0.7773508382690514,1.0236079277414265,2,66,58.768910760440264,0.08952531476218001,2,199
21,0.7367955453716895,0.9494354352355003,2,48
22,1.1515799542111016,1.0128938555717468,2,36
23,0.8929817314945973,1.2577827601205736,2,21
24,0.9286756706545974,0.9587513807589415,2,189
25,1.5284258491456524,0.8496311632069674,2,33,228.1734320320321,1.7971416169946843,2,44,0.8623834300973361,1.0008489240145853,2,185
26,0.004176714452689188,0.3538048822771419,2,22
27,1.3686267499011642,0.8217362259563646,2,38
28,1.2136827819642386,0.9060941189527512,2,32
29,1.0566025760212143,1.1020514687826468,2,43
30,1.7930527982052624,0.8444811326941264,2,97
31,0.9798007262166664,1.125542249502959,2,135
32,2.1429303887276734,0.9955839412968334,2,41,23.73230871787692,0.09376284799405507,2,125
33,0.8718902041486217,0.45134891986846926,2,25
34,1.311752904117736,0.6752115560740959,2,41
35,1.6424393607900536,1.0877144746482372,2,96
36,0.8628851711945911,1.0392997088757427,2,88
37,1.4855375338326249,0.9939282711814431,2,51,0.0017462426202801092,0.3343678342884985,2,80
38,0.7964901354900948,0.9903698218496222,2,57
39,1.8268116622730521,0.7587928905298835,2,38
40,1.4423292204810978,1.0246008841887764,2,23
