1,0.001452391931262351,0.09150255605196342,2,39,1.2763334130859376,0.9932920079339634,2,127
2,0.44084874206030833,1.2099152344923754,2,26,0.0035037979937979275,0.05278432343975972,2,144,0.5583674502338853,1.0058392116001673,2,200
3,8.109079862796206,0.13609072672469275,2,56,0.002500716584225071,0.08915038365456793,2,92,0.49078998012689495,0.8257778680201658,2,189,0.007350626013694385,0.32398067143830384,2,200
4,4.451626142087387,0.27193049639463424,2,80,0.03684918101489359,0.45723231409381077,2,162,2.770876572214279,0.2616031632611626,2,200
5,1.0192194861195965,1.0654435438268326,2,17,0.002114135410194188,0.04153635981795076,2,94,0.4559503761900038,0.9171259953425481,2,120,0.003895296742328839,0.093737250007689,2,200
6,0.939973850606296,1.0695965983744324,2,116,2.41109311936163,0.17087646797299386,2,136,23.302666885542028,0.06307147350162268,2,184,0.002220717137993141,0.5508463051584032,2,193,69.55929411710895,0.8489609786442348,2,200
7,0.8946875961165368,0.6704542722020831,2,49,36.780428166492584,0.11959433029095332,2,199
8,1.6363496208014363,0.9332042474325012,2,147,0.0017050965337521728,0.15781146383031885,2,194,2.857057217206657,0.5933158348004023,2,200
9,1.0949180718693914,0.9882653172199543,2,130
10,0.006576030201559605,0.3099912409041379,2,37
11,0.585511430089673,1.030625548362732,2,200
12,1.0536093272203584,0.7267027443105524,2,22
13,0.5713394385850665,1.1131223695618766,2,28
14,0.6667365780650268,0.9168093928268978,2,98
15,0.9267972531352737,1.099272762495896,2,145
16,0.6937499223121721,0.8083252429962158,2,10,0.0019059534972103442,0.06965235012178203,2,141,1.6835729089524862,0.7607396093465514,2,200
17,0.8931348643614854,0.7446648884903301,2,22
18,1.1103543369943485,1.1015226986350082,2,41
19,1.473054152099841,1.177714477111767,2,154,0.003243681468986805,0.11208244121592978,2,200
20,0.9821493816741658,0.5454770223847751,2,29
21,0.7341130962051314,1.084841317252109,2,38
22,3.9895592180082677,0.18746920343902376,2,126,47.32479519872852,0.13045427183041702,2,200
23,1.7310583079775492,0.5148870402574539,2,50,0.0023603980316008076,1.1788743734359741,2,58,4.144505993019022,0.44729693450479424,2,175
24,0.993291656840119,0.8041615119347205,2,65
25,0.5848959812214827,0.5940481963611784,2,21
26,1.8590962524891044,0.8929474532604218,2,30,0.003622005499905758,0.09623586456291378,2,94,1.2096078982026541,0.9477990697015006,2,200
27,1.0965956439039901,0.8661063813111362,2,136
28,0.8331889125062067,0.9242231351988656,2,70
29,0.8640493655090625,1.062136637687683,2,125
30,1.6265834027069213,0.8477454012440097,2,31
31,1.1069394695137595,0.6997988402843476,2,20
32,1.1152946928919318,1.2562779003176197,2,58
33,1.3302459491185918,0.9873144853682745,2,21
34,1.2941285176825215,1.0922383835066611,2,67,0.004098799339142821,0.07676809567671555,2,93
35,0.7100948787508639,1.1604970872402192,2,20
36,0.0037208584285530364,0.08389015978490802,2,71
37,0.8225526577824996,1.0752031236886979,2,40
38,1.1574193402022537,1.3242407173945987,2,29
39,2.816093584323602,1.2819290104366483,2,21
