1,1.17777826864121,1.0212949022002842,2,46,0.01569884609412873,0.16120623903615133,2,88,3.1074404855725715,0.6541572283022106,2,152
2,3.5871223324843884,0.7234525141119957,2,200
3,0.917098414433493,1.0735649816573611,2,63
4,1.3018585808681429,1.0234859330313546,2,28,0.00332733056203872,0.05991778158126993,2,75,1.0768832865639493,0.9576703824996948,2,200
5,1.106704377442965,0.8499431198025927,2,81,0.00273905474827884,0.2149590873404553,2,100,1.1412394702157456,0.9275915050506591,2,150,0.004448375760735801,0.37732216467459995,2,162,1.0075524410894956,0.9336759981356169,2,200
6,0.847077933321978,1.1763456690311431,2,200
7,0.550279787217483,0.9943262203365353,2,141
8,1.026140102899642,0.9484505227633885,2,70,0.0029699621795478896,0.06697812441148256,2,127,1.1663504042391395,0.923684445962514,2,200
9,1.2085448104963106,1.0283503448754026,2,57,0.0024583343377255072,0.0590051636620835,2,200
10,0.7899640133467426,0.7566412836313248,2,44
11,1.0681278217304604,0.9378614661097526,2,200
12,0.8979322911561224,1.0192012423422279,2,82
13,1.481922252744746,0.9217936385761608,2,55
14,0.7335997529399704,1.1972114510006375,2,18,0.0031061591891818844,0.07065036325227647,2,81,0.6217212782779501,0.4112384163198017,2,102,0.011068269464749054,0.22543919625981101,2,160,1.3905424414700784,0.2841301865875721,2,200
15,0.7466376535101269,0.974739822474393,2,22
16,0.03599976541166796,0.4738754088941373,2,19,1.218147184572434,0.7865746890746274,2,122,43.11506348101395,0.1503663880702777,2,200
17,1.053826441883791,0.7514869159460068,2,200
18,0.0049231148008385146,0.07760730385780334,2,52,1.2329025529590958,1.23629629611969,2,124
19,0.6396292797319144,0.7779676988720894,2,24
20,0.6895580400471131,0.9688131323567143,2,27,0.0014833228490807528,0.0763084464154001,2,86,1.2504617050209887,1.0098277298750076,2,199
21,0.765078317101294,0.8875669270753861,2,200
22,0.8709716895783898,1.0999671418463166,2,199
23,0.7430889780200987,1.0354307352327834,2,51
24,1.0572282815031906,0.9150152114248767,2,194
25,0.9739814583744342,1.0756341536839804,2,30
26,1.2530403618420902,0.8811363194669996,2,28
27,0.8239820707739236,0.947167548640021,2,29
28,1.2615109731065983,1.0794911174213184,2,68
29,1.5894318483101708,0.7331587667182341,2,118
30,0.9345051089282677,0.7254240044525692,2,28
31,0.5185819425494672,0.9879773381244705,2,83
32,2.4891471913175254,1.2016147424777348,2,24,0.004320163221923048,0.6241081040352583,2,56,1.5449318719044476,0.9806546592712402,2,81
33,0.9172780117953745,1.0997501662436953,2,47
34,1.0577820176851116,0.9677884175227238,2,65
35,1.3211644678023122,1.3187699894751272,2,31
36,0.704671327543635,1.108864422639211,2,30
