1,0.7779325233960344,0.9382158088684082,2,200
2,1.6667629198605993,0.9674826455566118,2,53,0.001740527587690261,0.09602957060842802,2,86,2.2002675940730096,1.3459017475446065,2,98,0.002623806796474141,0.2804769236933101,2,109,1.3938942463390986,0.8822660700728496,2,157
3,0.5314766694457236,1.154811720053355,2,12,0.0002552943958863457,1.2111938148736954,2,20
4,0.7911280703884892,1.0456158697605134,2,40,9.943035752036172,0.14293165613085992,2,164,0.25656627058854586,0.32052218445709774,2,199
5,0.8534007760421295,1.0135493338108064,2,200
6,6.477873548470193,0.27637332790161495,2,199
7,0.9252211563083461,0.9274489084879557,2,15,0.0002885479547958052,1.1697721481323242,2,20
8,1.062090868152816,1.0026248726351508,2,145
9,0.03663487405477388,0.5360940946982458,2,26
10,1.6945814690713719,0.7082440813000386,2,26,32.17350331016109,1.378267720680345,2,114,1.3009238573752682,1.0008945035379986,2,200
11,0.6279397620357873,1.2371268556231545,2,21
12,0.7415567082582117,0.8738426521420479,2,40
13,1.2094834734606918,1.1312866274550644,2,171,0.0031569418821628375,0.48700469104867233,2,190,1.243729462830671,1.38342444896698,2,200
14,1.5355641621801586,0.9989714183305439,2,171
15,1.4383900249508457,0.95754251571802,2,52
16,7.3066788805721234,0.21167904687555214,2,76,0.002815748830934357,0.6387962807308544,2,87,3.3636132647799246,0.2147242111655382,2,113,0.0015436471488003178,0.6704981327056885,2,122,19.76981957751336,0.32497479518254596,2,128,0.0024252154681872503,0.9938344955444336,2,141,0.37218562482519635,0.4111841166928663,2,200
17,1.6644133680972926,0.764086521588839,2,26,0.001322315378117577,0.1903884679079056,2,51,1.440150059394838,0.9274440068337653,2,195
18,0.5965997316291936,0.915853420065509,2,36,8.907953348790652,0.14769497681409122,2,116,0.002986281325222319,0.09950842315500433,2,171,6.347560453260599,0.13601889178670687,2,200
19,2.1520751016890034,0.6832036657864788,2,83,32.677071275685414,0.11490803498488206,2,200
20,1.0633244190877398,0.7260218501826863,2,162
21,0.6022228297692608,1.1062710472706998,2,89
22,1.2224926680002448,1.2120724143981934,2,125
23,0.5482912287360876,0.9995021138872419,2,14,0.0005551939284006241,1.197047472000122,2,20
24,1.3305520500717456,1.113359327117602,2,24
25,1.3230828617424775,1.20994217445453,2,48
26,0.2847059125193074,1.4568522771199544,2,6,3.4433937876981034e-05,1.1600139907428197,2,20
27,1.0267030722365074,1.0086044316942042,2,44,0.005801492942943296,0.07530866508130674,2,125,3.184013666219626,0.3599891169203652,2,170,0.005287170278288078,0.1815999441820642,2,193,2.3571150357957307,1.5190787145069666,2,200
28,1.960670396076119,0.8848283922570384,2,117
29,1.130748916474191,1.1595297853151958,2,30,0.0032936416388446837,0.05025702489996856,2,83,0.13126955588682945,0.48976845666766167,2,115,23.81064936412406,0.047093847349508486,2,182,0.20601909305312985,0.20553329255845812,2,200
30,1.594345151624964,0.930454941635782,2,88
31,1.5761407476259541,0.8627689884554955,2,31
32,1.0369281884275694,0.38138590854677284,2,88,68.8177059634755,1.8600036818930443,2,135,0.01062878346828625,1.2025249004364014,2,140,50.18960086375638,1.8065196469023421,2,177,0.0026638823393344137,1.2863146236964635,2,184,267.9270236055185,1.9750219464302063,3,194,0.011430986008779438,1.0264543890953064,2,200
33,2.100804120972493,0.5526978373527527,2,67
34,0.6589256834047963,1.2616721918416578,2,43,0.0021397425199242994,0.33040629954714523,2,62,1.4894278044964218,0.19282186177431368,2,113,0.001573064996090555,0.2437726085384687,2,137,15.686998533780185,0.26850098073482515,2,142,0.0005900236528282718,0.8294823825359344,2,152,9.97236545184175,0.1995822991485949,2,179
35,1.055211781445606,0.5357083448996911,2,13,0.0021924933347308396,0.06707207351615749,2,110
36,0.30642254203768815,0.9052673486562876,2,13,0.004168220869054908,0.05009577344445621,2,98
37,1.0934908938877086,0.9427553919454416,2,60
38,1.3064860401764853,1.3078330584934779,2,14,0.001982612855097502,0.03085754004617532,2,62
