1,2.000207813513089,0.6571718537807465,2,200
2,0.7041192293595029,1.0352689504623414,2,200
3,1.1957806609808725,0.9314887874266681,2,85,0.0021211208550376594,0.10320447583993277,2,130,1.0792790671848553,0.923827578340258,2,200
4,1.5407299233460212,1.1146917306832251,2,197
5,0.4828522735182473,0.9573738557100296,2,200
6,10.167140924528526,0.2367558029201842,2,194,0.008449135427368193,0.9914302031199137,2,200
7,1.3304770862996982,0.9331945000302713,2,151,11.146336265496338,0.3276361646700878,2,200
8,0.48381310256804655,0.8577067057291666,2,9,0.0016600872143052454,0.10031205670613992,2,85,0.8435620974515158,0.865308954165532,2,111
9,8.403010784659882,0.17535428429832894,2,131,0.13052466155375472,0.3920264144738515,2,137,0.002039620949711519,1.0284397204717,2,146,1.94438202274478,1.327440697234124,2,178
10,0.783055760638821,0.8392741024494171,2,20
11,0.6571333963739266,0.9605789089959765,2,126
12,16.52287807384613,0.13389663606882096,2,200
13,0.9310315646306725,0.3908979409351582,2,123,11.803596313277575,0.12062975783626755,2,200
14,0.8282024283156659,1.0692780637001806,2,129
15,0.5460072999131391,1.0392011404037476,2,26
16,0.5105284039328197,1.0982061054395593,2,23
17,1.5094234150691932,0.914901586373647,2,30
18,0.7010877441075817,0.7775602549314499,2,20
19,1.2722417945678055,0.9621438539191468,2,73
20,4.0044765848247605,0.2501150627791042,2,71,0.05518632925900096,0.7193179844933397,2,105
21,0.8966667031973334,0.9779647369133798,2,38
22,0.6903606935896826,1.1083642163059928,2,44
23,0.04519171739374381,1.3195673525333405,2,4,3.447010171741593e-05,1.0571478381752968,2,20
24,0.011045273376106697,0.07984357646533422,2,21,1.3224513440014252,0.8683718155931544,2,75,0.002045795057908363,0.1358876184505575,2,126,1.0404401062509372,1.0173591668789204,2,191
25,1.7217193067073582,1.2871000634299383,2,9,0.0013305265012687891,0.0682216458595716,2,87,1.4433654136050809,0.9202490997786569,2,188
26,0.5915121621356718,0.8206727582475414,2,23
27,0.5663143493179315,1.1646721859773,2,36
28,0.8447909473315294,1.0318082955878551,2,127
29,1.5115777362002416,1.0137319341301918,2,16,0.0012746357998240864,0.20753313924955286,2,39,1.025452317383097,0.6053437411785125,2,49,0.0022264265896165905,0.037324055563658476,2,113
30,1.0115604406207401,1.0926584136355055,2,91,89.54119101470444,1.1045188361948186,2,102
31,0.530208090711628,1.4793452207858746,2,13,0.0003045257697225973,1.3451002495629447,2,20
32,0.8616388222944312,1.0719583708307017,2,92
33,0.7461108746502647,1.0828684998113056,2,86
34,1.1602473658844172,1.0411953322092693,2,75
35,1.0389744312630056,1.0593887925148011,2,60
36,0.9004969744000058,1.0092830228805543,2,50
