1,1.0817292019440994,1.22780639856634,2,71
2,0.8003590241437251,1.0410309046344028,2,183,0.009311798526465218,0.25175269912270937,2,200
3,1.4077671552264954,1.0620015827955398,2,113,0.002034923378786539,0.11791562708629959,2,200
4,0.5344681044712319,0.8513897478580474,2,10,0.00010880054817353537,1.0367156863212585,2,20
5,1.5631101401096408,0.6960161438584328,2,200
6,4.034358069623749,0.7525830515499773,2,58,349.5893940889791,1.9018758194787162,3,72,0.004020765510780389,0.0627262980259698,2,188,2.3124008224568238,0.23236196488142014,2,200
7,0.9733137578289478,0.9614729949685393,2,122
8,1.445988069291731,0.8950769752264023,2,108,0.0033914660919617885,0.05809220785032148,2,200
9,0.49825881857374993,0.7693569362163544,2,12,0.0003581272700257134,0.9793041199445724,2,20
10,0.3588753412072745,0.8718395075578799,2,87,2.439985887257909,0.16007931196243963,2,194,0.006551139134428331,0.584698498249054,2,200
11,0.6833650866950511,1.0792404838970728,2,14,0.00020634075258656192,1.0779361128807068,2,20
12,2.4138629121976583,0.8266554060909483,2,54,0.0015073617495190007,0.3309307970382549,2,81,109.67378692289653,1.5863493978977203,2,85,0.0017091095180186225,0.25598782988694996,2,98,184.39435378165106,1.9475757479667664,3,108,0.0010935674141849838,0.26084388250654394,2,119,133.70605800879926,1.8786392509937286,2,127,0.0020545066124114534,0.25367724150419235,2,143,24.591831367573192,1.3987076637290774,2,185
13,0.9516717654125304,0.9926245432832966,2,92
14,0.5121569297564229,1.0452094013626512,2,74
15,0.1226466009250318,1.5815448760986328,2,4,3.130885744330049e-05,1.1544132381677628,2,20
16,1.4021040187872444,0.8981876293225075,2,67,0.0026874704620456977,0.33465309362662465,2,143,1.8544147230085113,0.8551693705090305,2,200
17,0.613214347336352,1.1518460889557498,2,199
18,0.40302391645676494,0.9790734299799291,2,82
19,1.8611365931696375,0.7485053156103406,2,56,18.424030772160492,0.10094662031365766,2,200
20,0.7252430142782457,1.0397944886197326,2,93
21,1.4590300665711111,1.0195434206410459,2,190,0.014072211778824605,0.3438657596707344,2,200
22,1.259714171904544,0.7392391431867407,2,178
23,1.1365823972542637,1.1395811265874132,2,107,0.003988634128789211,0.055801290818440014,2,200
24,1.384916387019385,0.87096810066837,2,87
25,1.3295419486454105,0.9008180239926213,2,23
26,0.9534320811862281,1.0274688425389202,2,176
27,2.8323955684867843,0.5997859090566635,2,4,0.0003937736761341197,1.0646502089997132,2,28
28,0.5679148495483589,0.8514635264873505,2,12,0.0037388872744696746,0.04047909332800281,2,141
29,1.165917982868961,1.4943324375152587,2,25
30,1.830481691391019,0.9141949319839477,2,125
31,2.2183111323960234,0.8673479308684667,2,108
32,2.6587328288665484,0.4838908814835822,2,87
33,0.941669298639417,0.6628798047701517,2,30
34,6.734527546284995,0.4022286715714828,2,46
