1,0.7107530818624807,0.9148823183774948,2,200
2,2.1095721193461827,0.3494987944599058,2,61,39.624768532938376,0.12232727198292026,2,200
3,2.02106031293006,0.9649554413366825,2,188
4,1.0944422032448726,1.1306084290794705,2,46
5,0.0021307311744958625,0.18585217460280373,2,42,1.304237010733363,1.0127597590824504,2,153
6,0.8159371188124355,1.1026111245155334,2,74
7,3.207100555081579,0.4414474671849838,2,52,0.002168893994621945,0.11933912860380637,2,89,0.7865347022088008,0.8789762911772487,2,188
8,0.8298353147086126,1.0524412746782656,2,27
9,0.7003093598244456,1.032287871837616,2,200
10,2.1490111608139078,0.8250340579284562,2,108
11,5.508618599368085,0.2213715870678425,2,200
12,0.3477095486704867,1.5577257004651157,2,11,0.00014662467926309657,1.2195612059699164,2,20
13,1.3798059762924457,1.2897855401039124,2,40
14,0.762157725674931,1.1239655375480653,2,10,0.003081984368186273,0.11663021665552388,2,56,6.72862269416641,0.2062378843418426,2,200
15,1.098278358914015,1.378162403901418,2,12,0.00012467919578087046,1.03682991117239,2,20
16,1.16409579293237,0.7545696850121021,2,200
17,1.1391132065162295,1.0282477290330532,2,167,18.40810387891539,0.28623050225503516,2,200
18,2.4817119421042855,1.4540054869651795,2,50,0.0008427450352242531,0.0899193382688931,2,106,1.9195041829303703,1.061531686120563,2,142
19,0.6045895513139076,0.8934419880742612,2,46
20,0.7726443179641874,1.1984178898009388,2,88
21,1.1896159726819915,1.0430676687595457,2,129
22,2.885982999684276,0.6873884998616718,2,105,0.02039982072343662,0.6405157918731371,2,117,11.757627375643636,0.7451103854585778,2,161,0.0002798891218980418,1.136439934372902,2,169,2.7282366151561472,0.945901342060255,2,192
23,1.7384921658485655,0.9481185959733051,2,23,0.0058477932905860374,0.2502563426891963,2,38,2.289530755417811,0.9501113133665956,2,200
24,1.5909223402258392,1.0503250932693482,2,25
25,0.002905698321383701,0.21437042183242738,2,64,2.6947976946777734,0.8765726089477539,2,69
26,0.8634900761436985,1.0294702791649362,2,92,10.666991431971086,0.2125745059715377,2,200
27,0.8408120702164913,1.0096983466472926,2,191
28,3.576361015516853,0.18193646601951904,2,137,36.26036587487922,0.09890544604747853,2,184
29,1.090292700158172,0.8388498280681459,2,177
30,0.784463588921791,1.1446106523837682,2,53,11.42933611976836,0.10545028763255854,2,140
31,0.9821565205036417,0.858101504499262,2,55
32,0.5549788481299859,0.8652030795812606,2,40
33,0.5425352498140885,0.9098521520694097,2,24
