1,0.09503778708185102,0.9134407428305918,2,127,1.3276289231316039,0.7009169524663115,2,200
2,1.7618936569255246,0.8915696412324905,2,20
3,0.7013281954976981,0.9503169179561749,2,199
4,0.5225535030081669,1.0356887109944077,2,61,0.003585966375661119,0.07202710297245246,2,113,0.5637062076581922,1.1252564328840409,2,200
5,0.005325707870343763,0.06270142334900546,2,89,0.8904006470073857,0.9475028079909247,2,200
6,1.184003483881935,1.1072501990530226,2,45
7,1.3288814517070249,0.9283584983725297,2,38
8,3.960758822548491,0.38991938131275,2,108
9,1.0116315178372894,0.881602872274593,2,167
10,1.528040161865569,0.9561291999287076,2,63
11,2.6131430981061334,0.49181390583515167,2,200
12,1.4841543244953663,1.0411425245051482,2,49
13,1.8781959943776938,1.1360338866710662,2,20
14,3.8330219413260362,0.22730605743825436,2,200
15,2.020146501801078,0.8745184987783432,2,48
16,1.7992086295683356,0.7646467814594508,2,200
17,1.2988663347733973,0.8334598904070647,2,23,0.0025907994143337457,0.1158795489506288,2,78,1.9759955306110117,1.1593938643733661,2,126,0.0018471479866164614,0.06592579266509495,2,200
18,1.0487638741901995,1.2692663917001688,2,53
19,1.5355299678384073e-06,0.7214338897448506,2,197,0.04110591569065019,1.045157551765442,2,200
20,0.6688881498631406,0.8707828347881635,2,24
21,0.6868744624849005,0.6532006344748932,2,103
22,2.289310231989425,1.0765106890882765,2,28
23,0.019951774539712006,0.416244176402688,2,40,7.0241521828993765,0.13534203033756326,2,94,66.19877243230228,0.08662035667671347,2,200
24,0.7849365487587873,0.9222853935283163,2,46
25,3.0477034050144236,0.6880260164436606,2,194
26,0.9791008126050011,1.0962863258413367,2,37
27,1.4579518126915396,0.6220734550417224,2,158,20.962312994626345,0.3728412183977309,2,200
28,1.3118214854018486,0.9137470811402717,2,147,0.00557259625173301,0.23819469341209956,2,161,0.6497503654675955,0.4948382278283437,2,200
29,1.1603623496575368,1.0354521035170945,2,122
30,1.4108151191216682,0.8004632470282641,2,88,0.0025468074332928923,0.11573059593929964,2,190,0.923386000763217,0.6030660673975945,2,200
31,1.8485332260263667,0.649332306567748,2,199
32,1.176748276353969,0.8722807552133288,2,28
33,1.0820568563326516,0.9944382850513902,2,172
34,0.9146856244527003,0.9867795174380383,2,166
35,0.8925114623675442,1.1001730901854379,2,42
36,0.7824904642482118,1.088479123181767,2,72
37,0.9368954000147863,1.0524007807607236,2,46
38,2.456705263156589,0.8266485499553993,2,61
39,1.0478518426857402,0.925273196619065,2,61
40,1.1549632995132533,0.7594463427861532,2,21
41,0.8490956635396744,1.122687507558752,2,27
42,0.7785993445111666,1.0353334491903132,2,22
