1,0.6390443911361386,1.4330200950304668,2,12,0.00042241404767896925,1.1756089180707932,2,20
2,1.011216275270286,0.9996438168344044,2,84,0.006434738423619032,0.2119618725370277,2,128,7.781900184034445,0.21619652770459652,2,200
3,4.855781329206438,0.4295166227966547,2,80
4,2.0427754402192555,0.9758880037562292,2,133
5,2.4925430152266195,0.7124605390429497,2,200
6,1.152423304032157,0.813246734288274,2,49
7,1.0321050401232155,1.064158537387848,2,200
8,1.237321499271347,0.7437020258236957,2,93,0.022415628596046303,0.620143510602616,2,130,2.187887469048492,0.4076062632458551,2,200
9,0.7547013818369432,0.9703295063972474,2,200
10,0.6277262539628979,0.7652775157581676,2,11,0.0039897877955150235,0.0737466479456702,2,54,1.0357134985350291,0.953030183707198,2,200
11,1.0036530626787687,1.0429371476173401,2,20,0.002730765597200244,0.054768346642193044,2,58,0.6815074274682549,1.1595793128013612,2,78
12,1.3450675315215288,0.8244132834672928,2,200
13,0.630196551762654,1.2336318956481085,2,18,0.001819187925631262,0.22317480776045057,2,63,1.2404442793958368,0.9851596507159146,2,118
14,0.4314472560902797,1.0895531177520752,2,14,0.0003987940756143377,1.0062515338261921,2,20
15,0.5889012397685196,1.0063272297382355,2,20
16,0.3964272845838581,0.9848917722702026,2,8,0.0001336091476833161,1.1535605788230896,2,20
17,7.7540553744776775,0.48692807850117487,2,96,0.005776696727281515,0.07340353612716381,2,200
18,1.3406019855455784,0.6311613520485672,2,199
19,1.2947818310047514,0.5562459578116735,2,18,0.0029910509667562973,0.054215039077558015,2,94,1.9733193605460093,1.2009013341023371,2,107,0.0012751303758408755,0.2676920626651157,2,129,1.339380368512402,0.7399584743338572,2,200
20,1.762452561959421,0.765811852302896,2,83
21,0.37439915872527424,1.1813646640096391,2,14,0.0003455259575463696,1.2140736977259319,2,20
22,6.44165161186199,0.2532287183459158,2,108,0.0006355196998309122,0.5616689957678318,2,116,12.059116638743056,0.2460554036356154,2,200
23,1.1603334493262805,0.9594167955219746,2,96
24,1.4701993761280636,0.8330803848384472,2,178,64.79845788365327,1.4117360006679187,2,200
25,0.7632256392449002,1.180084427849191,2,61
26,0.9530407494213741,1.0757967472076415,2,10,8.250260597174445e-05,1.1181891679763794,2,20
27,0.7313963695542341,0.8629814311861992,2,8,0.00011401857347681873,1.0391891300678253,2,20
28,1.035269389681359,1.12553828060627,2,40
29,5.825261436536003,0.41444344227683955,2,58,0.002289190636622002,0.13260078812256837,2,97,1.149894266274051,0.8917014591003719,2,173
30,4.532226926149097,0.31556033112108706,2,200
31,1.3517407023921117,0.864807308614254,2,200
32,1.656621344900024,0.8348993885366223,2,79,46.92479257237462,1.442562345510874,2,118,1.1235362203715726,0.9822755964790902,2,159
33,0.5992547772403705,1.0105446577072144,2,22
34,1.4738969637684831,1.0159088510733385,2,26
35,0.6519036424047199,1.2570824793406896,2,14,0.001248119593803145,0.4797833584822141,2,27,3.234152844897734,1.0775544237006793,2,115
36,2.0622456624119914,0.8602872742157356,2,102
37,0.009114919611726788,0.42491379752755165,2,8,2.1836134503038114e-05,0.7337366913755735,2,32,8.828241869264007,0.14623639732599258,2,52,7.381853627152841e-05,1.3351417938868204,2,67,1.194532634846138,0.7928896397352219,2,71
38,0.7194782517911887,0.6841816059474287,2,29
39,0.5130425149952454,1.0364113209095407,2,47
40,0.849485370248328,0.8196055631379824,2,37
