1,0.8501128334020777,0.8950506493449211,2,80
2,6.174762836588166,0.2825285432667568,2,116,21.849311618269386,1.450449037246215,2,155,217.26031180972274,1.9089524719450208,3,200
3,0.48223263829383317,1.1606428623199463,2,20
4,0.4166564200597236,1.0440657123923303,2,80,0.003428349419292738,0.1009414138818028,2,179,0.9901013510156078,1.2225428649357386,2,200
5,1.9425638545543251,1.0117332565784454,2,200
6,1.0874590510616637,0.9703282928466797,2,25,0.004396292034598391,0.207433504493613,2,44,0.9305045626681054,0.9373635639909839,2,166,0.0021906858636417128,0.18511181982124553,2,200
7,1.043096734517415,0.8834664659202098,2,200
8,1.1351365639056226,0.805105512180636,2,124,0.003460501633939822,0.09607941108314615,2,200
9,1.2620203230712732,0.9970345134320466,2,69,0.0013086087943742115,0.04756444951762324,2,138,1.4527001082433042,0.9913982402893805,2,200
10,1.2211543408385204,0.8472818328488257,2,31,0.0014242758835460276,0.08274548014868861,2,77,2.924975164664649,0.5149777138775046,2,132,54.125715498397554,1.2707360700393717,2,180,0.8048317493724211,0.7626209691166878,2,200
11,0.8208781707488961,0.8760350030480009,2,132
12,1.4957102350870566,1.0318262713650863,2,144
13,1.380621751305418,1.1172634065151215,2,32
14,19.212769784913768,0.14492873889657687,2,106,1.3416898654072544,1.1589065922631159,2,142
15,3.552597439393278,0.6429818397015333,2,200
16,0.5743942347079918,1.0085817390634109,2,129
17,13.192306225056651,0.21852602316318331,2,148,0.001916895754340796,0.4336234927177429,2,157,79.86423165413565,0.2984772639912228,2,200
18,0.8964014619219889,0.9079750830476935,2,22
19,0.9947014243543542,1.0194227462527397,2,87
20,0.6076233647497495,1.0466793793620486,2,66,1.0858935872540205,0.34633091943604605,2,73,10.035215166009072,0.16991993808370875,2,200
21,1.3618679030498413,0.9681663398038257,2,88,0.0024404129852919855,0.07309739695767224,2,147,1.683138219256176,1.2969795366128285,2,195
22,1.5306690437247592,0.8653456358853435,2,191
23,0.6450948512494817,0.8538450726440975,2,28
24,2.2759118770674194,0.8408984045187632,2,6,0.00012365144312020317,1.2800679206848145,2,20
25,1.1718495065622085,1.2499865108245127,2,148
26,18.477406354704637,0.3686133899415533,2,48,1.2813282370688999,1.032895106227458,2,167
27,1.1897890975907994,1.0495549004811506,2,52
28,1.1490870186751763,1.1367131752126358,2,51,0.005386708329607797,0.10645564107431306,2,87,1.4542854525108737,1.0072129875421525,2,167
29,1.326304333314669,1.0361061472159165,2,130
30,1.0496205426541934,1.253312321809622,2,26
31,0.8939498485604236,0.9346063792705536,2,20
32,1.7555236414533981,1.0239066804448764,2,96
33,0.8979966531823073,0.6735672544349324,2,22
34,0.6364134104449399,0.9149705404820649,2,69
35,0.7610257906360172,1.0912507192508594,2,37
36,1.929091013881097e-06,0.7626285927240238,2,43
37,1.0035049623840573,1.0703275694566614,2,34
38,0.978922982416164,1.120606559164384,2,34
