1,1.136027544263325,1.0763034443060557,2,120,0.0025744032988723195,0.18336586692394355,2,159,1.4711788342847247,0.9225338668358035,2,200
2,0.8986534876144626,0.9578506054022373,2,195
3,21.91859636861128,0.24930087598887357,2,110,0.00300794447699838,1.260186447037591,2,119,27.056778201608697,0.35660500327746075,2,200
4,1.2237187984361435,1.0271607410340082,2,21
5,0.40631959827146386,0.7600912243127823,2,20,0.006748683319121365,0.0488634613053552,2,78,18.53427400196725,0.42745369996713556,2,101,0.001850988124375473,0.8940660431981087,2,109,67.55102942000208,1.6793714008833234,2,128,0.008649404105611791,0.5148841738700867,2,134,20.616480715293697,0.43152327677517227,2,200
6,1.2199141780946139,0.9001752881705761,2,200
7,1.601402202448979,0.9411090827650495,2,72
8,0.6843352178894696,1.059870086312294,2,200
9,0.5929905012349659,0.9149824900286538,2,70
10,1.2844569552628484,0.5428078358556018,2,81
11,0.939456172462279,0.7074541650809251,2,77
12,0.9755387125726055,0.8953283839467643,2,138,13.257483622749989,0.4166206897747132,2,200
13,1.7796887797613934,1.1287383220412515,2,22,0.002499045159187259,0.062128234053811716,2,84,0.9595900466658237,0.9774506585351352,2,113
14,0.8614972700247281,0.8658006122479072,2,26,0.003979865364228802,0.039197707998341526,2,200
15,0.9310548262891362,1.013423714307275,2,101,0.002354530884663603,0.16868037845079714,2,127,1.0277237709093086,0.8705890808786665,2,162
16,0.5795123730901389,0.9360207010959757,2,29
17,1.0425395990970225,0.9223797996487237,2,113
18,1.2439034107433202,1.0584051685948526,2,31,0.004990717905799424,0.20904554737110934,2,55,1.0941107976447335,0.9613120810738925,2,200
19,0.2241075894881596,0.6063653055900409,2,81,0.0015987771628265246,0.3200659106175105,2,90,15.672329840395943,1.53145098480685,2,119,0.019135697109658588,0.8869222849607468,2,127,38.6809141678066,1.7997075669905718,2,144,0.3089340296542533,0.31677020633859293,2,200
20,1.5377772310421867,1.1213816435713517,2,38
21,0.662491529330037,0.9546831130981446,2,45,14.554966672800848,0.15835543363182633,2,72,0.005059356520331179,0.6795557091633478,2,78,61.028447141232014,0.27656017065048216,2,103,1.389188430954973,1.0285699309841279,2,165,0.0027032387095744,0.13839613497257233,2,200
22,0.5556383731570202,1.1089702499540228,2,114,0.0014863637478090175,0.045991077605221004,2,186,0.691241668510342,1.3204855152538844,2,200
23,0.20472613149414168,1.123582899570465,2,6,7.775836215814535e-05,1.0751570633479528,2,20
24,0.9438613808244505,0.6885370473066966,2,30
25,2.078133198982915,0.6590167243480682,2,125,30.904523502184336,0.14202465116977692,2,193
26,0.9893405125777427,0.8732733471052987,2,56
27,0.8429751513753622,0.9306897500465656,2,29
28,1.717928833398471,0.986565093199412,2,24
29,0.05679759303142787,0.03501491941196818,2,71,2.239960140076052,0.7352166590483292,2,94
30,0.6456079019665522,1.183491942703083,2,93
31,1.0005402307148685,0.800156095513591,2,54
32,1.1968475694388576,0.7675617463660963,2,33
