0,10.508266702626207,0.9170290930196643,2,64
11,10.054132901387119,0.6938921146246851,2,98
21,1.725416342470958,0.508669713139534,2,20
27,3.6473502026682696,0.545699266488092,2,57,690.4237080653743,1.6791413259506225,2,82,1.7246531510538698,1.2038532334069412,2,178,41.64487285332077,1.4536080387505619,2,200
30,2.048060041471855,1.004990350116383,2,22,62.66215780763997,0.44094105034826264,2,146,0.965045839071843,1.04451764954461,2,200
31,2.912397482597975,1.3483564474365928,2,22
41,10.941620745615023,0.4304293170571327,2,86,213.41682161310425,0.5955000556158748,2,174,5.10213105988783,0.7476125497084397,2,200
46,23.205199059547255,0.7049542403582371,2,33,0.26217512721435704,1.2000015497207641,2,68,11.823213230220535,1.1664145213106405,2,114
49,12.292335703341632,0.6242833587557378,2,198
57,8.05532315949215,1.3737095991770427,2,3,7.020090386381199e-05,0.8296677189714768,2,20
