4,3.4561396716097286,0.7474990443140268,2,200
5,1.6420970024665893,1.1617589990297954,2,6,3.653667466269819e-05,1.0288147372858865,2,20
14,0.9944926176151425,1.5498781495624119,2,45
29,7.807109995009978,0.6093004339271122,2,45
38,1.3988741859105844e-05,0.8956495732069015,2,20
46,0.18808972585003428,0.08856963105499745,2,20,174.50290942387173,1.5306901192026479,2,76,3.3588338762394803,0.8098728316170829,2,90
50,12.325728293365295,0.872465094551444,2,32
57,5.872992430836022,0.2545168006748665,2,127
62,14.684216985724,0.42654759287834165,2,10,0.0002024310853223417,0.7929515659809112,2,20
66,2.611390627962723,0.8028023334649893,2,13,9.566572893028842e-05,1.0062162790979658,2,20
