4,0.48467646932051217,0.9747228618297312,2,72
12,111.33582752361113,1.361708186353956,2,35,2.7881411443342508,0.8312752875414762,2,200
21,8.697197696120195,1.1227933937503445,2,31
29,1.164976600113973,1.2698161855340004,2,200
33,0.6787758951813418,0.9331534534692765,2,20
36,10.423050326945415,1.3507754988968372,2,48
37,2.96326307466826,0.6591725235367999,2,81
38,4.116152089729394,0.8284026263281703,2,64,40.69176851896274,0.8701965987213015,2,191,0.25904582638691753,0.9509348273277283,2,200
44,18.42997197678458,0.4762941515621017,2,34
45,0.26492563725029367,0.44672480704528944,2,56
