1,13.029805377137162,0.6288859558602174,2,48
3,0.2416056427387761,1.2624692528746848,2,43,10.092012970069524,0.7742669057408604,2,152,0.2599214927121799,1.1756160177033523,2,181,99.82613506930001,0.397873779660777,2,200
16,9.266991380333973,0.946783583480995,2,143
20,5.089481106149838,0.49634510139792654,2,118
23,8.336107131992675,0.40422225424221586,2,133
25,8.682854007186572,0.13369671147316695,2,200
28,10.469619421669803,0.16136726906532964,2,189
33,1.6067735806900656,0.36374718298514686,2,180,657.6841181906867,1.6367997348308563,2,200
43,3.2373100037474054,0.627202989012003,2,200
47,2.3801385764347294,0.37490540701482034,2,108
