2,16.61730892591374,1.1158651113510132,2,5,3.9579041881611516e-05,0.8316837032636006,2,20
9,21.258596077616588,1.7003722190856934,2,20,1521.8862718178075,1.8804210027058919,3,74,18.79513080004314,1.3778660808290755,2,102
12,2.2199555647802303,0.6963706025481224,2,200
13,11.849785426268161,1.2414769977331161,2,8,0.00011715352712988258,1.0713395178318024,2,20
18,43.359348005179285,0.804974764585495,2,43,0.5007888563413633,1.8885793545666862,3,60
25,0.713438613949759,1.1575971643129985,2,39,59.04178055129447,0.9069100201129914,2,59,0.32227161706094176,1.339207743343554,2,78
41,2.4765993969197466,0.3935885639751659,2,34
45,0.7383703361004894,0.386550893386205,2,51,26.41159209964419,0.5372843066851298,2,66,223.59298379711504,1.6001503041812353,2,115,5.539991132866308,1.4915450362598195,2,200
46,12.15837416022085,0.48948568602403003,2,12,0.00010560350495512852,1.0517675504088402,2,20
51,1.9380021330472195,1.695302778482437,2,20
