1,12.532666420631209,0.8852221137139855,2,82
2,11.771224139849165,0.19009399143132297,2,22
10,10.179720565339698,0.4325052707032724,2,110
11,15.885398993047813,0.4474191019932429,2,6,8.797262862961855e-05,0.912765988281795,2,20
31,6.368684682280089,1.3346781827308036,2,37
33,6.520756665452102,1.1278156240781148,2,6,8.642072778724948e-05,0.8813512793609074,2,20
39,3.2988818959962334,0.4319639096282563,2,53,348.83649528984006,1.9601667483647665,3,83,1.257720731385267,0.3206031728298106,2,130,31.51201618158701,1.2722574308000762,2,188
40,0.3824153241241717,1.0522366817607436,2,43,313.7227764521575,1.745124605394179,2,74,0.4025603908567913,0.7437025570869445,2,124
41,20.411670068712617,0.9620142305483583,2,61
43,8.196435292511437,0.6199919320877243,2,159
