1,7.72252424062602,0.13090046638001998,2,120
8,1.893611786664151,0.6770711129473657,2,97
9,11.862974070798888,1.318874397298746,2,114,157.29456718022013,1.8451345410457878,2,200
11,15.737483860021117,0.6184143185512059,2,72
14,22.301492256561048,0.5831452751601184,2,27,0.7703239071214841,0.8920631196239207,2,128,1002.2801878332968,0.47401162981987,2,137,0.6631820300480139,1.0797648373104276,2,200
15,11.31868127237749,0.1671607220172882,2,100
22,6.539432927663365,0.30043856483517273,2,66,105.18537299604235,1.7870033963847516,2,200
26,18.71190166614086,0.38671886691680324,2,13,7.454101654176952e-05,1.1727146761757987,2,20
39,3.2959800118484393,0.4538573110103607,2,200
44,34.21279633328061,1.44696742565112,2,133
