0,8.306327921216361,0.8305265575647354,2,20
1,2.0124460041497723,0.20803283881080353,2,118,84.37294042106109,0.6897581175521568,2,145
12,9.07207394762872,1.408751364549001,2,30
13,1.1675908518056377,1.6573543548583984,2,6,4.10147005490175e-05,1.0109662413597107,2,20
14,3.045775541494509,1.4791897773742675,2,15,0.00023482195371381522,1.2494873046875,2,20
17,4.783284506907443,1.9804895466024226,3,22
18,9.84797601565648,0.5621293752357878,2,58
33,9.82265895615833,0.6363100112336022,2,175
40,3.287013914872511,0.7196830867702125,2,117
47,0.5675855562335207,0.2755910065770149,2,25
