0,2.8884495878316403,0.48358174441037355,2,54
1,1.8700356673115313,0.08174446089121394,2,188
2,2.149909570817532,0.6807327560335398,2,200
8,0.31483939928453586,0.5195903132359186,2,6,3.2847930811986325e-05,0.8820616858346122,2,20
12,10.49259368029022,1.1362268067242807,2,57
16,3.7929582694564226,1.6624945766395993,2,72
17,6.30288366064236,0.5881680662815387,2,78,109.9191814623567,0.7968309896963613,2,132,5.597981182793979,0.7038015260625241,2,199
18,0.14293610574095375,1.4274379988511403,2,30
25,2.185415462806527,0.5957503449171782,2,32,90.99213171644844,0.16138432423273721,2,200
32,7.531504781764997,1.4397778378592596,2,27
