8,20.265511478378325,1.4028741518656414,2,3,5.868526804509855e-05,0.7400546617367688,2,20
9,10.969740715467424,0.5205068911824907,2,35
12,14.944001531193564,0.20422285947116833,2,103,244.1484779738519,0.17231380920281114,2,200
16,1.3988741859105844e-05,0.8956495732069015,2,20
18,6.491005500412782,0.8289027273654938,2,10,9.341300495719925e-05,1.3867494463920593,2,20
30,19.80221199988302,0.704412829167772,2,101
35,17.27697158945632,0.6296738936350896,2,13,8.203233659211578e-05,1.1746719649859838,2,20
39,32.26247224069747,0.6573780244216323,2,32
40,13.144102899846335,0.3355971892674764,2,45
46,65.54682284197399,0.3946569482485453,2,75
