14,7.7722581319321975,0.5323113661545974,2,26
25,0.04051424352094315,0.8668491542339325,2,10,368.8360494482838,0.9323257356882095,2,37
26,3.174538767536415,0.5099870776230434,2,106
27,6.160063549425259,0.2755847459156362,2,126,258.13157844299633,1.8089361940111433,2,161,3.3620965375683163,1.2002984988383758,2,200
28,16.950009459925578,0.6693622569243113,2,6,9.80363758275716e-05,0.9943439577307019,2,20
29,11.055923343276891,0.41618467512584867,2,21
31,48.55799269342393,0.318103147726506,2,200
34,8.454403362994347,0.8127014466694423,2,7,8.702249595659945e-05,1.0806223704264715,2,20
35,4.9861607327690605,0.48978516161441804,2,20
40,2.4202757411563063,0.8058806824974898,2,82
