2,6.851711077687069e-05,1.0273636668920516,2,20
3,3.622247276518387,0.5805895099736224,2,99
11,7.0212605921069,0.5897148251533508,2,40
17,29.436636785712146,1.538763981461525,2,100,8.77329565372125,0.6867584252748826,2,199
24,1.0087817918349284,0.8918735782802105,2,200
29,0.09296229131942545,1.1836684147516887,2,3,2.48840626689069e-05,1.0096678839010351,2,20
37,9.31764539064718,0.6843805155122137,2,83
41,30.054439115799312,0.4540599118817497,2,185,0.7589227723113395,0.9212744196256002,2,200
44,4.52153780190539,0.6325896054506301,2,20
45,4.7167403653830435,0.8835191171048051,2,118
