4,7.180353077447946,1.27677538624981,2,57
10,6.705500336498544,0.7111149939095102,2,41
23,22.564061529517,0.7409014807641506,2,200
27,0.42713311919125685,0.427487251162529,2,10,471.5393568898185,1.7456659762947648,2,37,11.304633302022145,0.3538889041968754,2,72,0.13385339525182433,0.26670358564172475,2,107,11.001804703093539,0.7213282407941045,2,181
34,5.23459175729813,0.21527626333886354,2,189
35,17.578597185420506,1.2450721070573136,2,37
37,4.579847265896084,0.7867962169647217,2,25
40,5.272435838758952,0.3361107400721974,2,108,6.08391295521381,1.2497743361598843,2,199
42,9.858156644166296,1.4549039398751609,2,41
48,1.2832881728719547,0.2449943105811658,2,23,159.58540921968998,0.3225978749493758,2,200
