0,4.030152059573258,1.181186933775206,2,37,612.5938103111757,1.930555798113346,3,69,1.2022206087615352,0.5285669851059817,2,118,347.67132533015666,1.0025134774354787,2,131,0.6112480325215133,0.6777627687705191,2,169
16,11.633220525140196,0.6631770082142042,2,23
18,1.5253476485839734,0.12760924216773775,2,63
19,2.333582011832649,0.3737696719520232,2,170
35,2.1607367335113357,0.47181713267376546,2,38,92.94293682388573,0.2292388414527163,2,200
38,19.65767603391753,0.9474290453470671,2,65
42,6.1687336144480405,1.2550627538136074,2,35,112.20817648249655,1.7289359128381323,2,162
43,9.230646997579235,0.879679611325264,2,20
47,1.237731360285999,1.1090573397549717,2,33
48,10.43618307665773,0.27066560318836796,2,13,7.9843398848049e-05,1.2077108536447798,2,20
